c ./output/rectangle/uniform/uniform-rectangle-9-1000
p rectangle 1000 720.00000 1080.00000
e 280.63233 549.64934 12
e 387.17656 947.29489 6
e 222.77607 272.04892 9
e 127.52410 455.49407 12
e 220.24868 389.88748 11
e 508.76847 207.89860 10
e 688.22485 423.24442 9
e 338.62579 992.49588 10
e 658.32990 371.89638 9
e 29.02341 576.69201 6
e 290.87947 680.49720 7
e 390.71176 790.50025 10
e 123.33166 1025.72536 4
e 540.99676 957.70188 8
e 348.12192 818.26877 9
e 12.19009 799.89367 6
e 264.44275 194.37343 5
e 526.79957 97.29882 10
e 330.91840 1038.84704 10
e 536.83868 1017.74497 13
e 530.76358 624.71771 15
e 80.67187 423.73577 6
e 317.84072 279.50832 6
e 122.64423 531.26379 5
e 29.19108 771.50439 13
e 562.28179 741.45104 5
e 141.29218 158.01909 9
e 44.18419 830.87215 4
e 413.76667 539.66777 11
e 524.67510 23.34259 11
e 20.88130 600.19966 5
e 650.44099 778.57017 10
e 370.33521 31.21807 9
e 302.96967 389.57117 6
e 137.09959 672.92193 10
e 636.58747 813.97389 8
e 98.30711 293.71057 10
e 465.62903 62.49319 8
e 49.61479 882.47075 9
e 174.63712 389.31130 9
e 533.91904 505.60251 9
e 645.95254 159.63463 11
e 43.06611 1024.28334 11
e 23.87242 350.71086 9
e 54.47587 360.67721 12
e 343.68990 490.28281 10
e 542.31488 1009.17701 7
e 690.81511 676.13788 10
e 118.28683 592.70931 9
e 189.80452 691.62417 9
e 551.59682 123.02146 4
e 60.63936 481.29300 3
e 465.22390 1038.81790 12
e 633.13088 872.95236 15
e 514.87196 677.78226 11
e 270.13723 239.74029 6
e 693.98094 1064.86341 14
e 531.01140 694.72220 8
e 132.25402 57.54952 9
e 439.52014 1055.95690 7
e 592.18696 729.93210 13
e 402.44749 916.73066 10
e 469.19133 998.79321 7
e 626.59899 183.53813 9
e 20.15301 628.59468 8
e 326.74029 481.43022 14
e 707.37822 949.13524 10
e 681.65248 434.75336 12
e 528.76544 772.20265 7
e 362.76681 912.79102 11
e 633.92880 99.14465 16
e 196.32788 367.87585 10
e 68.58556 686.11927 7
e 31.23439 736.94769 7
e 705.92526 77.99360 10
e 320.45177 113.98056 6
e 366.48943 407.52102 5
e 461.98630 915.86104 11
e 225.36604 908.82239 10
e 548.63718 123.85810 7
e 350.56438 157.62070 9
e 40.30815 578.76915 10
e 272.43957 458.47969 10
e 75.30114 371.82900 6
e 118.99849 447.57740 10
e 42.46496 214.58842 10
e 243.56482 1064.84806 9
e 352.08722 746.03149 15
e 550.36010 57.43538 9
e 530.73776 508.97718 4
e 74.80592 834.21998 8
e 392.39606 545.22910 7
e 612.35794 939.79764 11
e 447.15016 587.46044 9
e 632.58317 382.88595 19
e 177.61070 580.57298 10
e 260.89803 520.43006 5
e 628.83234 312.79717 5
e 707.40897 448.09435 6
e 596.23012 848.44649 8
e 359.73285 117.33435 9
e 665.15109 1050.21110 9
e 586.96615 775.66952 9
e 161.12007 198.45534 11
e 171.88243 652.45187 8
e 508.17682 755.50981 10
e 531.28176 124.03623 13
e 363.46185 916.38950 6
e 688.14584 202.85569 9
e 575.53590 208.01866 13
e 703.22165 693.40127 12
e 213.34987 850.96238 4
e 597.99360 358.06182 6
e 316.58795 275.72123 4
e 348.56753 204.20691 8
e 153.12240 748.38189 9
e 630.31285 229.34424 5
e 217.58941 223.71522 4
e 328.02597 227.04957 5
e 679.32809 299.87863 7
e 344.03980 758.67022 6
e 593.09641 437.53715 8
e 545.90383 916.79248 7
e 627.25421 794.23593 15
e 287.09737 863.62122 7
e 382.05299 1016.45888 10
e 520.14139 891.50886 13
e 371.69832 490.62477 6
e 79.24543 199.53244 7
e 53.31026 924.61466 9
e 557.49788 447.76679 5
e 462.33465 416.41398 7
e 344.17144 580.92602 11
e 541.03052 228.91399 9
e 414.44388 881.81782 12
e 675.63680 56.61476 7
e 358.40882 89.97719 10
e 485.29318 685.15662 7
e 305.44712 75.34324 11
e 210.57683 847.84256 12
e 532.95648 415.20964 13
e 71.99067 591.64060 9
e 210.73966 404.78479 16
e 699.56304 367.19230 6
e 689.49839 600.63134 9
e 438.96766 772.65829 11
e 548.67332 142.06399 17
e 272.31031 954.55198 9
e 62.74932 840.59367 6
e 296.55172 503.45089 11
e 23.00812 881.97325 6
e 545.43502 895.89233 8
e 621.79113 279.97363 9
e 607.35397 98.54876 10
e 178.25374 646.70444 5
e 636.61449 848.35127 8
e 328.14637 790.98043 10
e 177.03675 404.00825 12
e 212.53404 1052.24834 13
e 463.35124 1053.00214 14
e 509.13456 646.99641 10
e 217.26865 994.43768 11
e 308.78385 1064.55263 5
e 274.67685 818.76700 15
e 421.32823 762.26121 9
e 704.24613 318.88822 10
e 316.69732 132.74071 15
e 693.91328 962.11565 7
e 166.66941 262.99158 9
e 505.87707 724.22308 13
e 527.93312 637.68005 8
e 266.96898 36.44722 9
e 29.20280 1026.67670 4
e 303.35914 817.30328 11
e 238.97228 716.08167 7
e 13.17905 803.46877 7
e 426.47340 161.79498 14
e 104.35054 145.47863 8
e 118.06203 707.35454 8
e 670.25593 81.37175 4
e 30.38859 504.68882 12
e 268.49300 534.84909 8
e 186.57398 780.96607 9
e 188.99191 504.66606 10
e 83.89242 305.88498 6
e 628.41884 557.75377 11
e 681.47413 275.28290 9
e 26.88377 550.92417 10
e 525.38453 282.38808 6
e 195.48515 903.94699 6
e 662.37694 16.48350 9
e 86.91768 925.58881 10
e 514.39933 172.29312 13
e 330.18904 412.04238 11
e 387.41369 335.40044 5
e 500.14852 23.06655 8
e 297.97021 1031.16039 11
e 657.57932 701.03990 8
e 603.25222 282.10723 11
e 348.50204 384.75828 7
e 14.64188 445.94856 10
e 332.72717 128.56934 10
e 78.47516 77.61744 11
e 171.65392 1046.98233 10
e 459.87815 634.75598 5
e 94.30932 45.81433 8
e 323.58799 711.54886 7
e 541.76865 649.20795 11
e 396.93191 169.65830 10
e 173.47286 686.49530 9
e 300.84857 1034.06665 11
e 148.42621 330.74441 13
e 589.96080 543.93367 6
e 292.63022 70.48827 3
e 539.87462 860.34200 7
e 51.53963 240.31013 15
e 247.43648 464.12602 8
e 82.17895 248.21586 10
e 82.62356 526.49923 9
e 670.77472 248.05889 12
e 660.34258 477.69521 11
e 447.32918 564.00947 8
e 482.26510 165.46049 6
e 240.63758 529.44801 15
e 566.11979 593.09846 10
e 609.42379 436.18518 7
e 592.45141 621.82557 6
e 631.66250 181.21949 9
e 601.87854 837.79845 8
e 312.17779 17.80140 9
e 353.25723 21.76452 6
e 342.60618 462.27612 12
e 474.09027 595.21730 8
e 39.42776 257.06050 8
e 699.06069 572.64831 12
e 565.49950 186.51314 7
e 229.58980 479.82612 4
e 605.64508 1056.07514 10
e 88.42892 522.47995 9
e 166.51007 973.19120 10
e 277.88032 569.63687 9
e 421.91135 1063.70276 9
e 284.37213 590.69314 7
e 594.22465 398.74108 9
e 677.34656 387.17240 10
e 97.34311 591.02587 9
e 471.95535 687.33798 10
e 450.89043 240.49479 10
e 512.72261 414.19769 8
e 34.43360 625.11610 10
e 437.52038 806.98560 7
e 422.31270 827.41829 9
e 629.49336 906.64148 8
e 156.06849 651.71319 7
e 559.63619 727.92863 11
e 262.35552 264.37904 14
e 45.19259 675.45513 5
e 566.07154 651.84193 6
e 459.87365 26.68609 13
e 219.76126 256.92439 11
e 461.33739 48.58275 6
e 536.83753 972.38456 6
e 498.62197 448.95549 7
e 634.24457 418.88368 7
e 471.78605 704.05364 8
e 396.51063 10.95301 8
e 203.31047 476.23877 6
e 624.75310 796.58629 10
e 93.32155 437.24587 6
e 666.96633 628.94420 13
e 667.51128 577.01928 11
e 683.13214 506.47283 11
e 32.43222 159.17160 12
e 143.15269 371.73251 9
e 275.33201 241.80306 8
e 131.15105 716.00541 7
e 280.34144 241.63403 13
e 299.56063 338.95977 13
e 533.54486 703.61148 4
e 19.04646 348.04785 12
e 196.14139 679.40537 10
e 544.05775 480.16293 8
e 21.51186 306.67909 15
e 451.19460 222.97585 4
e 259.11454 983.23128 11
e 32.44421 103.12891 6
e 702.56437 889.58649 10
e 593.16016 615.87825 13
e 64.12504 729.33909 5
e 205.46434 541.75562 11
e 572.62537 270.62119 16
e 54.05927 104.74367 8
e 59.93876 936.82593 5
e 319.76710 891.90141 11
e 403.34059 810.48594 9
e 605.43378 1027.60576 8
e 375.40895 775.96029 8
e 645.62581 822.60631 9
e 630.16504 669.96793 6
e 54.38332 672.15598 10
e 316.80999 765.35589 14
e 595.35197 958.87195 4
e 548.56744 686.24374 10
e 568.80058 394.52741 7
e 665.75386 537.29112 10
e 477.78668 565.22002 15
e 283.63584 703.87244 9
e 670.69774 257.14261 13
e 663.00022 334.41702 6
e 498.84529 965.12288 5
e 652.56641 818.24629 8
e 486.16292 143.53094 11
e 331.09300 107.00843 10
e 690.25378 140.70484 8
e 298.27751 729.04349 5
e 344.42443 162.97650 6
e 384.57034 1017.83601 5
e 112.25689 816.65727 12
e 274.67578 905.43015 13
e 491.11540 566.88992 4
e 435.99660 500.99811 10
e 97.01827 333.14827 11
e 525.29852 283.82384 13
e 47.62563 558.74005 7
e 112.23844 260.38209 10
e 453.52170 749.26800 8
e 358.42151 368.82090 10
e 168.77758 286.62358 6
e 440.45294 394.75769 7
e 393.67017 387.30658 9
e 319.09476 574.16246 11
e 435.80512 387.33858 11
e 305.22223 901.86940 11
e 481.09356 957.37736 17
e 383.87688 433.35339 9
e 542.49383 392.14890 6
e 201.63416 505.69007 8
e 74.82181 359.56666 7
e 24.83197 662.61520 11
e 431.64094 77.38786 5
e 597.53960 333.30202 9
e 129.82362 974.06488 11
e 108.04014 243.26292 9
e 262.76655 250.35585 11
e 564.42859 542.48297 5
e 236.55545 162.32480 13
e 442.81742 899.26071 7
e 467.75071 798.98117 9
e 402.85241 609.07547 7
e 130.57381 425.41443 9
e 202.72939 649.35279 7
e 154.13500 751.46968 9
e 643.37069 1035.22676 8
e 387.28649 377.16281 14
e 603.25922 798.63627 12
e 31.42354 777.15819 14
e 368.05784 206.26212 6
e 598.85151 156.35728 11
e 207.72810 1043.95343 12
e 97.30079 66.76879 10
e 613.43169 1049.70887 8
e 203.49523 404.08577 11
e 459.15224 893.13861 14
e 683.85209 75.44161 10
e 123.50726 282.51166 16
e 522.96927 559.04031 13
e 527.24672 594.03579 12
e 470.96429 274.18478 4
e 583.06393 700.89792 7
e 283.76319 790.83467 7
e 330.96051 268.17762 7
e 176.32415 731.97018 12
e 436.93375 1008.21983 14
e 523.10129 1066.16638 9
e 117.03783 807.10131 6
e 353.28388 930.46455 5
e 377.75637 687.35614 9
e 475.61966 656.89421 5
e 19.81885 662.18304 7
e 19.74998 883.43071 9
e 599.61425 155.86365 8
e 220.40332 944.24829 5
e 417.75996 439.00096 8
e 336.84196 1005.87796 11
e 573.82660 403.15890 6
e 686.66822 625.82445 4
e 547.46799 10.75935 12
e 355.35654 203.96831 7
e 618.07875 30.64592 10
e 176.78814 1065.88304 10
e 43.62163 634.52867 11
e 345.18889 56.58537 19
e 76.98144 37.65531 8
e 64.21435 781.26858 5
e 563.03660 329.70283 10
e 264.00524 560.18938 9
e 614.69606 166.46609 13
e 250.92638 280.88724 8
e 484.82778 487.53922 9
e 80.76713 633.99107 13
e 181.40943 398.79626 5
e 10.26407 226.76694 8
e 371.14572 552.42371 11
e 243.43585 70.60634 8
e 24.78618 960.83942 8
e 602.55242 563.96892 11
e 476.72302 762.29347 11
e 495.23530 296.70205 9
e 513.01570 485.27740 11
e 583.73177 152.50299 7
e 407.38713 1051.27305 9
e 37.90355 545.84244 11
e 263.18062 418.67672 6
e 24.12686 22.38781 11
e 690.18009 680.80091 9
e 639.86160 1042.94775 8
e 362.29915 595.29926 9
e 709.55095 798.25164 10
e 461.71741 688.38857 7
e 452.55524 114.42876 8
e 566.54872 861.37175 9
e 20.88591 113.07341 9
e 337.56665 1050.32103 8
e 142.19549 454.00545 7
e 263.42773 321.34994 11
e 429.10646 501.57467 9
e 27.78087 111.62143 8
e 354.63282 869.17449 6
e 629.13020 58.76656 9
e 705.92881 23.18444 9
e 288.59890 71.34256 4
e 122.98559 955.93795 10
e 257.02435 17.29980 11
e 320.98711 1054.35904 11
e 16.86250 68.48815 6
e 614.06608 443.16224 11
e 114.89580 204.19048 7
e 452.27717 370.17717 8
e 314.85155 253.88264 7
e 262.08050 267.55440 8
e 465.98143 372.54299 4
e 243.99988 655.23452 9
e 487.08767 722.51003 7
e 79.40791 1046.40425 6
e 235.49321 1035.99156 15
e 15.25332 683.13078 10
e 218.75818 309.03313 10
e 660.93348 609.49502 7
e 143.58117 711.96174 8
e 538.38691 73.29330 8
e 638.22505 269.13434 8
e 586.57604 804.77152 12
e 522.72676 604.49292 14
e 359.40914 778.23967 7
e 360.46584 385.83372 9
e 562.45833 531.57509 11
e 592.09537 664.21938 7
e 669.14396 924.04898 8
e 381.24089 899.84069 11
e 222.39485 950.19489 11
e 176.21713 576.80151 7
e 576.62356 499.66110 11
e 622.45227 457.82540 9
e 659.31092 618.75522 8
e 400.37086 999.14675 4
e 274.65212 122.05381 8
e 346.62165 283.24625 7
e 657.38332 215.10253 12
e 10.41035 898.19419 8
e 376.03923 435.80521 8
e 64.32561 1019.83541 10
e 612.97824 75.69826 13
e 158.61540 580.19519 10
e 89.37630 140.76863 11
e 368.30305 234.26748 12
e 264.71724 562.70461 8
e 291.49223 424.60269 7
e 495.85987 871.74786 8
e 156.19582 1060.94954 5
e 260.67733 157.00773 13
e 43.63935 666.69243 7
e 600.70349 473.26428 10
e 163.83617 614.57276 12
e 424.53648 723.87371 8
e 613.98910 349.21089 8
e 64.82154 389.93861 5
e 267.15273 641.08614 11
e 570.28019 372.75859 7
e 135.67858 912.87957 11
e 568.81378 116.41244 10
e 191.73098 376.09083 9
e 413.26151 978.46938 10
e 655.19548 199.28834 9
e 511.28138 126.73308 8
e 48.02650 207.29061 10
e 503.18995 137.46877 8
e 188.29526 375.94858 5
e 151.61687 479.47975 8
e 322.91512 1004.54312 10
e 77.39702 145.91631 6
e 102.22693 917.70479 15
e 198.87837 816.65687 7
e 556.93689 110.14536 11
e 276.51777 330.15733 7
e 275.30409 661.78019 10
e 224.77225 229.54696 10
e 114.08164 728.53602 9
e 647.79670 713.62574 5
e 482.54277 826.84939 5
e 57.46239 716.73502 9
e 513.20088 306.18402 7
e 638.25288 373.74293 8
e 410.32447 461.24342 11
e 333.46564 326.03324 12
e 177.98926 651.11359 9
e 257.19528 507.97540 9
e 464.38880 240.16692 10
e 690.51255 445.19075 12
e 321.90038 271.19435 6
e 397.43517 209.60631 13
e 354.83571 763.09258 14
e 409.44325 630.55980 5
e 237.93887 201.02818 5
e 647.62386 724.48026 8
e 677.81322 856.42055 14
e 218.79187 61.93656 14
e 566.81341 397.93002 7
e 589.36954 804.68586 12
e 65.30089 145.15803 10
e 597.09447 361.13419 6
e 43.78665 281.39627 8
e 423.19324 895.48285 6
e 402.66207 899.87987 6
e 197.95273 676.31139 11
e 363.84238 949.44964 7
e 296.25578 837.20603 9
e 617.81955 353.77281 6
e 41.86393 553.28775 11
e 440.18309 233.90776 13
e 331.90929 761.32450 8
e 261.40610 662.58005 11
e 579.38413 1058.19276 15
e 186.44646 407.60048 10
e 649.20104 773.35564 13
e 339.98303 403.77404 13
e 187.17216 181.12365 11
e 76.17533 756.19468 6
e 283.69258 530.11114 5
e 509.11876 252.27405 12
e 266.65955 592.78188 4
e 699.72091 876.94310 9
e 507.10034 422.78520 4
e 671.01435 521.14221 10
e 562.77634 276.21994 9
e 610.79766 583.07654 8
e 161.95747 614.60397 5
e 234.23483 353.21605 13
e 663.75956 824.83996 7
e 569.09088 680.22856 9
e 279.41905 728.72558 9
e 94.57125 951.91219 11
e 21.32599 48.44456 6
e 588.89053 15.74031 9
e 233.70416 741.23856 13
e 227.76406 241.86918 8
e 306.44811 767.34971 8
e 191.38102 938.23480 15
e 311.06458 958.68343 4
e 274.53785 75.35134 9
e 364.00191 1015.91096 11
e 227.04061 393.36370 10
e 73.74120 182.68344 5
e 110.14016 143.60313 12
e 343.66235 753.36678 9
e 192.17710 868.46828 8
e 15.14627 284.71201 12
e 649.52917 560.15908 6
e 480.94525 975.44848 11
e 442.06546 1020.32015 7
e 449.34669 737.94792 12
e 367.77918 683.97549 2
e 542.79962 826.02543 9
e 140.75248 267.95360 6
e 341.16486 851.45308 11
e 82.18401 390.79050 5
e 581.18419 849.33567 14
e 683.98661 371.15830 6
e 204.11726 409.12591 3
e 42.02693 382.94458 8
e 610.51139 488.35271 12
e 250.61785 221.37036 8
e 187.46734 829.27769 10
e 650.69643 879.75695 11
e 273.12153 962.69432 8
e 56.25160 57.17568 9
e 223.70477 925.41425 7
e 435.59974 105.98508 12
e 119.98759 206.37525 10
e 196.36416 1066.35681 9
e 60.22295 372.94446 9
e 447.76101 990.55792 13
e 679.46832 633.82221 13
e 645.86136 1047.69440 9
e 273.75578 353.14487 8
e 209.75894 795.73574 11
e 100.31040 336.54501 5
e 266.48639 484.34646 10
e 507.10022 1012.21163 8
e 676.30635 767.17816 9
e 219.53129 363.88709 6
e 494.75442 1068.46812 10
e 466.73679 365.46232 10
e 293.83391 333.43423 5
e 59.29203 616.09204 13
e 640.17582 801.06579 7
e 507.65002 360.49453 8
e 589.23871 866.11425 9
e 593.78520 599.79264 13
e 89.86872 551.11998 7
e 140.87565 884.07253 9
e 449.24410 725.80956 13
e 253.24358 693.75104 10
e 671.47087 1006.57834 8
e 250.82446 850.96982 9
e 134.60797 368.33567 12
e 30.74107 334.56870 8
e 433.43866 562.41294 9
e 617.38207 666.80511 14
e 561.53484 238.25023 9
e 161.23982 908.48638 14
e 369.46554 910.22778 15
e 193.07491 474.45025 7
e 530.28501 743.74304 7
e 227.51145 852.10466 9
e 384.63948 396.01153 10
e 102.82360 291.75864 10
e 217.41410 248.48309 7
e 240.63944 937.02778 12
e 629.34628 641.05787 15
e 625.86905 921.32654 7
e 142.45106 433.53155 15
e 196.35005 71.29474 7
e 168.28671 286.43442 12
e 593.79070 545.55428 3
e 82.35409 405.56340 7
e 227.73840 724.08264 7
e 195.31243 584.82081 10
e 361.21323 512.64853 9
e 68.08991 792.04966 10
e 644.29824 583.12658 7
e 498.44560 424.07250 9
e 188.92471 96.90187 9
e 43.10283 381.77356 9
e 43.47666 1027.05300 12
e 564.15763 884.64779 9
e 669.77448 924.88893 10
e 65.23782 339.75699 14
e 409.99981 179.58856 9
e 707.22254 889.24752 15
e 335.28591 689.88291 8
e 111.43866 688.03106 13
e 64.77949 451.74845 5
e 403.67347 987.33105 4
e 125.51222 133.14690 4
e 338.46894 52.16360 6
e 504.78873 1007.48630 12
e 557.55279 695.70364 11
e 569.28205 998.44036 9
e 109.68103 611.02094 11
e 601.16898 185.64720 16
e 391.61881 141.85930 7
e 13.58809 247.42715 14
e 271.66811 975.80326 8
e 26.58116 757.39087 5
e 143.41731 854.48058 15
e 296.53830 119.42771 7
e 217.70438 816.37233 6
e 430.14924 186.37744 8
e 454.72794 47.96311 5
e 483.62894 438.65799 10
e 109.17780 429.60324 7
e 364.06537 561.76396 6
e 34.27600 238.07406 6
e 47.71995 703.57579 9
e 232.42568 771.21039 16
e 439.34845 140.34157 11
e 251.55698 296.93652 11
e 16.67443 648.38049 7
e 290.63094 799.78171 8
e 420.29368 1035.92061 8
e 639.33950 300.99222 12
e 219.94769 685.97128 10
e 336.04388 433.33797 7
e 532.97623 307.72049 11
e 588.00285 815.19746 5
e 632.03673 1063.83385 7
e 77.58942 972.65644 8
e 250.12875 756.54987 8
e 159.66454 381.35488 7
e 561.65230 274.68331 6
e 352.54690 37.38425 8
e 396.77633 445.18105 11
e 483.22510 577.87498 8
e 352.30325 313.17523 10
e 76.45910 216.19285 11
e 548.79697 100.71929 12
e 635.88585 66.21188 7
e 241.37084 1028.89352 11
e 150.68046 1026.88181 9
e 678.00992 254.51649 7
e 398.57095 638.57969 6
e 74.20860 848.42102 10
e 460.14729 431.72626 13
e 180.96615 631.27982 12
e 61.82821 73.15644 7
e 14.22755 275.31685 8
e 657.90579 288.36316 10
e 225.93655 920.51285 12
e 493.42881 876.53284 6
e 129.23309 654.53641 4
e 378.49243 806.63782 9
e 609.65484 1064.54482 14
e 12.13009 921.96414 15
e 586.39454 196.36474 9
e 631.22299 50.10318 8
e 477.01924 152.67985 8
e 361.70946 918.80332 8
e 613.52886 157.35198 8
e 561.76535 889.29381 11
e 343.50533 293.94657 9
e 499.68152 272.43025 10
e 640.56649 794.43477 7
e 557.70651 406.65234 8
e 289.94980 179.60150 9
e 339.46582 247.28978 5
e 456.41566 621.74631 8
e 278.04973 1063.04671 7
e 54.20890 170.39511 9
e 240.10278 633.28146 7
e 458.44390 149.84430 15
e 359.26583 259.76356 8
e 292.88156 409.25393 5
e 199.65792 172.74868 9
e 608.71983 96.49844 10
e 396.19372 716.00454 4
e 291.56169 449.75968 10
e 155.58258 880.15931 11
e 44.01133 89.07978 6
e 394.79460 744.32690 10
e 100.24488 257.00432 9
e 580.22388 959.60180 9
e 37.83081 382.54303 7
e 177.94913 38.13393 10
e 68.74596 851.83386 10
e 290.34442 89.77091 18
e 705.61404 776.43965 7
e 558.74674 961.54747 7
e 38.73746 340.37306 6
e 146.79909 963.66190 12
e 676.87967 1048.17889 9
e 233.58028 317.11390 10
e 261.18100 165.85773 6
e 538.25855 853.21097 8
e 703.96721 841.62263 6
e 250.40646 948.45158 6
e 214.09763 327.23617 9
e 411.81397 1067.85475 11
e 266.36339 366.77344 15
e 694.59656 808.07983 10
e 200.41480 66.16672 6
e 219.04409 210.93413 12
e 226.11594 284.08858 9
e 461.52900 122.08056 12
e 101.48243 253.37891 7
e 99.36075 874.45123 4
e 272.65371 77.31439 10
e 359.00199 742.79928 5
e 609.78937 680.96077 10
e 621.54444 438.98945 7
e 142.10836 244.32385 11
e 56.05730 726.42265 12
e 24.49731 116.56169 6
e 113.56646 650.68147 7
e 235.87823 520.67252 14
e 280.72697 848.76530 10
e 648.35355 763.33369 5
e 479.31149 419.89288 5
e 455.98183 908.33784 6
e 211.68834 88.23317 18
e 490.62160 25.40709 11
e 330.36206 955.13222 13
e 183.85371 745.83191 8
e 323.94783 846.85684 11
e 178.47351 845.22192 10
e 320.68403 422.92402 3
e 257.97077 535.60927 9
e 379.22283 1012.82412 8
e 587.10923 929.55277 10
e 218.34929 250.65447 5
e 44.62054 43.94842 9
e 287.10933 71.14966 9
e 104.63281 832.05874 9
e 609.34646 794.45694 18
e 294.48970 810.37535 10
e 284.14655 1059.94804 6
e 685.62659 1014.18268 10
e 334.17136 238.74986 9
e 577.73405 848.82362 14
e 320.40930 712.88767 8
e 366.39748 202.18846 5
e 210.70575 1026.97556 4
e 368.66816 962.46254 7
e 496.64665 526.31691 11
e 361.02997 469.00767 7
e 23.26850 913.02293 9
e 245.72363 121.32750 15
e 101.61725 392.18599 9
e 685.46369 14.16489 9
e 613.54947 439.99811 11
e 341.80146 983.90546 11
e 57.85027 31.92352 8
e 208.68721 824.70567 9
e 131.12435 505.13341 13
e 397.03903 544.00319 8
e 19.42014 105.23903 11
e 488.07248 490.39231 9
e 233.36802 497.24124 9
e 292.50692 634.77785 9
e 570.54229 404.08667 8
e 425.48911 821.67406 13
e 677.77487 979.96417 11
e 691.87004 218.18121 4
e 459.24886 731.46550 7
e 262.69804 500.19905 7
e 653.05349 561.19618 10
e 694.22768 933.62252 9
e 34.16958 809.38743 8
e 42.15625 114.47007 4
e 556.92417 847.65320 7
e 221.03358 636.99915 11
e 292.76645 14.65489 7
e 564.07728 37.93101 8
e 281.14308 267.77497 13
e 116.72982 118.82293 12
e 443.09616 432.52289 10
e 284.10216 929.96414 8
e 242.30829 751.16516 6
e 684.23225 877.27456 13
e 365.53897 108.48782 4
e 274.69329 188.85388 15
e 555.25299 244.03622 10
e 326.58789 531.11089 8
e 356.40901 930.73472 14
e 348.08190 106.21224 15
e 208.15502 485.50068 9
e 501.51571 184.25884 8
e 200.75603 684.28510 6
e 210.59096 46.97599 7
e 225.92789 129.17617 10
e 345.11912 297.91570 8
e 570.14753 247.40848 9
e 523.99511 325.19166 10
e 105.60221 395.83028 9
e 518.72258 752.58426 9
e 624.25272 46.30692 9
e 476.85751 45.36599 10
e 304.78891 449.08503 9
e 283.02043 648.86609 4
e 523.60121 87.74930 11
e 207.72463 516.23497 9
e 603.01944 216.83371 9
e 204.38205 252.98269 13
e 649.83227 12.86456 9
e 641.82906 737.48594 9
e 527.84350 595.40685 7
e 290.53334 391.26046 4
e 190.17364 399.78243 10
e 171.12619 909.36391 11
e 576.96375 1067.22001 14
e 471.94723 41.14758 15
e 680.11875 60.96514 11
e 672.16116 447.10665 10
e 479.32747 745.93013 9
e 382.28608 198.67641 11
e 258.29315 714.51454 7
e 380.57562 677.37850 11
e 554.30909 255.70852 6
e 417.86124 553.31372 10
e 317.37255 1031.92109 9
e 221.62848 329.69919 14
e 366.21395 616.36930 9
e 202.15074 209.07240 11
e 604.85234 905.24255 7
e 511.11045 992.81809 7
e 463.47778 303.11414 5
e 633.51366 676.34849 8
e 561.43687 341.62773 5
e 483.73058 698.87166 7
e 187.91326 320.32070 6
e 694.01334 262.33096 7
e 320.23241 44.33202 8
e 269.55793 116.97790 10
e 593.45021 231.56058 16
e 243.69631 961.59124 12
e 669.08045 101.72096 7
e 328.64035 1007.10973 13
e 327.22664 861.17089 7
e 464.32211 96.87281 14
e 243.56805 712.92100 7
e 250.47399 767.53995 9
e 244.54388 524.68154 10
e 642.36439 124.62983 7
e 486.62198 297.72594 5
e 654.09370 483.14616 11
e 597.44947 669.16991 10
e 387.35678 1008.02247 6
e 409.16317 489.37771 5
e 363.34277 689.29849 4
e 395.68159 649.30220 15
e 106.60255 339.30051 6
e 341.17558 642.08224 7
e 160.97736 836.64385 9
e 63.35305 509.69008 14
e 171.56306 1037.60348 7
e 36.64671 889.83440 13
e 606.66481 210.23386 5
e 591.82383 712.49877 9
e 657.48723 397.34150 6
e 541.65896 220.67666 13
e 182.88945 372.55318 8
e 221.37784 237.79763 11
e 220.33741 46.27158 8
e 309.23507 408.32525 13
e 302.94969 937.51375 7
e 109.01633 574.24296 11
e 182.80810 60.63810 7
e 366.82936 336.82506 6
e 426.85831 622.61970 5
e 310.89652 457.81336 15
e 619.43856 1000.18069 4
e 261.47776 864.43028 3
e 377.65673 766.95777 9
e 263.95056 546.65197 6
e 408.67974 156.77021 10
e 289.85987 1008.91973 12
e 401.21090 107.08199 8
e 156.49617 308.07836 10
e 690.62887 624.12697 8
e 697.76398 817.86151 14
e 561.59329 510.87176 14
e 276.55685 83.43288 15
e 694.02098 361.80370 12
e 236.14783 785.89216 16
e 219.16688 703.64701 7
e 13.77656 203.45367 9
e 137.91240 318.91110 9
e 543.78539 63.61698 6
e 41.07161 790.67031 7
e 237.28777 687.35902 10
e 465.71645 945.51200 8
e 341.72683 171.81533 7
e 667.87210 1052.27413 10
e 124.50977 80.16251 14
e 17.31651 747.54299 6
e 383.98564 866.51898 11
e 665.34203 855.11173 10
e 418.96070 234.16736 9
e 151.42043 295.95111 5
e 621.51006 783.43062 12
e 601.76936 634.77725 8
e 378.30737 689.92993 8
e 178.80220 987.60652 8
e 359.04388 1047.40687 11
e 49.69046 44.07527 11
e 250.36656 863.52836 12
e 370.85064 867.54097 8
e 483.02394 890.21521 8
e 444.70864 467.60715 12
e 528.30525 456.93351 11
e 602.82755 978.99903 11
e 396.06283 912.86007 7
e 677.49502 847.15753 8
e 480.67775 965.63196 5
e 36.82323 497.20473 16
e 15.16620 256.23159 7
e 97.94354 806.30997 12
e 73.82109 988.03775 8
e 646.29163 199.91841 9
e 317.73314 295.24524 8
e 492.95460 768.42737 7
e 311.16122 293.43702 11
e 413.34798 21.71918 5
e 644.88023 566.05806 8
e 176.26756 942.89723 8
e 356.34020 468.23907 9
e 700.99561 180.15487 10
e 698.15368 204.49780 10
e 148.11358 388.03767 10
e 18.36820 970.88784 9
e 224.21499 234.85592 4
