c ./output/rectangle/uniform/uniform-rectangle-4-4000
p rectangle 4000 720.00000 1080.00000
e 60.91164 733.12582 8
e 450.55482 938.31377 11
e 488.40382 203.89927 10
e 643.99400 501.07662 12
e 306.59016 531.18081 7
e 118.71453 212.14913 9
e 63.13772 603.72953 8
e 541.96251 936.71357 8
e 554.84296 24.52479 8
e 110.28145 235.22674 8
e 137.15869 937.78054 7
e 237.07872 144.12001 12
e 354.84724 686.99587 7
e 550.12270 505.54874 13
e 238.28881 31.22493 9
e 428.43764 71.07886 6
e 503.89619 459.05146 12
e 302.54165 873.44481 16
e 372.03245 446.48078 6
e 11.23738 184.12124 7
e 154.25628 813.88932 11
e 412.66286 586.93648 11
e 664.19570 672.34429 7
e 20.83276 1007.01019 10
e 92.53170 89.63436 11
e 302.12067 149.25253 10
e 370.88938 245.41720 8
e 297.60995 452.40229 10
e 609.25031 229.56944 21
e 200.39857 616.29578 11
e 376.02389 672.53918 12
e 657.16099 806.92938 11
e 124.54297 766.09628 10
e 471.30770 148.42357 11
e 216.43274 882.82183 10
e 124.61713 363.30427 5
e 101.12496 394.25391 7
e 252.34972 584.49133 11
e 491.13923 571.74262 7
e 225.96901 416.52050 11
e 289.25770 781.80355 12
e 259.88733 573.97712 5
e 225.37589 128.41482 10
e 253.88686 866.19676 6
e 130.35199 681.60835 8
e 268.90199 59.00509 14
e 337.93160 467.06799 8
e 334.68704 635.29772 7
e 622.60582 896.73422 9
e 331.50708 729.62536 9
e 545.98121 855.59111 9
e 351.21189 83.43195 15
e 555.35081 389.99519 12
e 136.42670 94.26303 10
e 402.77054 116.90163 6
e 243.95314 249.71467 12
e 16.91526 689.30818 12
e 281.99388 113.30979 11
e 488.66420 979.77568 9
e 472.48745 243.55571 4
e 536.95747 588.59960 9
e 227.71633 622.40012 12
e 573.03536 111.74277 13
e 302.65085 222.29019 15
e 676.95499 1009.21124 8
e 536.68203 963.90935 9
e 431.42034 943.70284 7
e 642.05563 873.00371 10
e 329.22491 36.51754 10
e 685.27330 922.33931 11
e 232.60688 849.85664 9
e 216.08725 710.91706 12
e 312.76289 595.59227 9
e 429.30482 21.50714 8
e 231.00220 766.20036 6
e 642.41583 427.71280 6
e 81.12939 1053.43376 7
e 87.65751 176.73405 12
e 29.12818 325.89720 5
e 483.73920 102.75340 6
e 473.39940 1049.15707 7
e 612.85944 584.59849 10
e 340.87205 377.37977 8
e 691.20955 544.71263 9
e 629.48056 275.47159 11
e 222.56291 279.31428 6
e 102.58953 631.03353 8
e 460.59329 862.68473 14
e 579.55713 72.56234 13
e 138.01565 575.56955 8
e 682.69114 195.98499 8
e 348.90024 654.28015 10
e 411.17601 465.68880 12
e 12.19086 1053.56375 8
e 625.95901 262.73869 8
e 236.49284 86.26987 7
e 144.45151 959.93316 6
e 464.55533 227.50635 11
e 26.63414 140.94495 9
e 114.23346 288.25728 14
e 116.70377 11.15843 9
e 252.09137 871.22989 7
e 132.81473 575.55689 12
e 329.30432 25.31419 9
e 171.78949 1045.76146 8
e 168.97012 983.23773 6
e 45.64078 461.66253 12
e 206.79852 796.40686 6
e 100.11119 96.88123 4
e 69.16902 144.72768 11
e 254.80661 156.70835 13
e 229.68492 914.80473 9
e 594.69773 79.69994 4
e 708.95873 971.31608 14
e 357.03766 91.19323 8
e 510.85945 535.21008 7
e 175.14898 395.98657 10
e 403.57403 522.42889 7
e 452.74984 730.25721 7
e 702.32236 793.04594 7
e 698.75954 807.51329 14
e 156.27264 958.43848 10
e 187.85435 335.36240 8
e 551.19212 17.35489 8
e 108.02611 882.96399 7
e 276.54621 823.50025 13
e 447.18746 366.54588 10
e 666.75053 499.38652 8
e 114.17273 597.25981 6
e 181.19250 138.78974 13
e 355.99796 993.32700 8
e 209.98602 961.24957 15
e 153.08480 739.43504 7
e 544.49715 343.85736 8
e 239.16159 362.91259 9
e 166.03046 347.43920 6
e 654.32326 702.60409 10
e 413.83922 736.35703 9
e 331.54106 883.11443 9
e 655.12068 771.00655 8
e 261.93689 956.44921 11
e 600.28154 594.28654 8
e 147.16850 715.30263 6
e 261.78944 983.52003 9
e 238.32888 280.87526 7
e 666.69454 484.13411 15
e 499.19700 171.54259 10
e 191.24407 73.62627 7
e 648.09251 690.35684 7
e 533.08985 17.98829 14
e 462.08631 169.72543 8
e 53.32171 985.80349 10
e 103.83881 339.04670 13
e 330.39027 567.73541 10
e 367.14759 114.44929 5
e 95.50756 721.21212 9
e 578.90673 227.49152 4
e 659.64320 711.39670 11
e 388.10695 152.25596 10
e 312.95525 321.79362 4
e 128.70149 629.02718 12
e 266.26287 379.52183 7
e 159.29438 597.04167 12
e 39.53243 1049.39441 8
e 457.45048 320.42778 5
e 617.91462 631.50616 9
e 400.91001 269.77538 8
e 137.40559 968.69789 12
e 701.55225 740.37252 5
e 93.27154 322.87822 7
e 61.09727 272.43072 7
e 456.17528 328.73973 8
e 690.63320 115.96168 11
e 585.93495 489.80445 11
e 367.64443 857.71196 8
e 167.47244 546.93277 7
e 337.27509 498.33980 10
e 667.13623 881.54164 9
e 292.89522 946.74854 13
e 643.12268 606.76486 6
e 317.09149 1054.13381 4
e 629.10087 613.35149 12
e 353.29946 847.12549 13
e 336.72833 1006.52623 11
e 686.22489 844.76093 11
e 273.65947 448.89844 12
e 413.15619 696.68942 4
e 322.19285 723.97065 8
e 413.66147 1062.30725 7
e 579.84760 639.13756 5
e 154.35855 496.46402 10
e 527.22952 1005.89636 8
e 695.26715 681.75956 16
e 701.44784 604.54483 5
e 87.22731 106.41243 10
e 578.29483 257.84845 10
e 390.18575 32.74472 7
e 450.88286 740.51703 10
e 117.69901 722.04562 10
e 259.28466 191.16317 10
e 491.68196 660.62452 9
e 689.70061 266.55570 10
e 617.19676 41.62004 13
e 131.07529 256.71809 11
e 278.93877 581.86266 5
e 504.86435 441.37669 10
e 560.15217 160.10878 9
e 90.37935 808.22036 8
e 156.04770 717.72359 8
e 473.65981 208.43051 10
e 134.72122 413.91946 18
e 161.43590 581.95293 8
e 377.00105 775.37449 8
e 131.19179 954.02092 13
e 413.30262 1053.59989 6
e 433.76738 682.03969 11
e 699.68599 144.10193 11
e 428.63051 823.67976 12
e 373.72197 793.24913 6
e 162.44553 483.35616 4
e 686.44372 443.68112 8
e 429.12498 150.25061 12
e 25.24333 92.59522 7
e 311.47155 142.33901 12
e 665.60297 282.92569 16
e 454.55009 441.94077 8
e 163.17618 211.31825 7
e 320.44759 301.95738 8
e 599.51382 548.38743 8
e 118.01635 296.56177 11
e 329.81192 224.62484 11
e 470.22268 1069.35888 20
e 380.10294 237.18254 5
e 90.24283 641.48491 4
e 472.22471 1058.51234 5
e 659.64251 476.63274 8
e 110.60494 963.74007 10
e 320.89651 1021.47635 10
e 695.46231 1037.07624 15
e 498.02334 42.21710 7
e 660.98488 459.15867 9
e 689.20106 388.25607 15
e 80.13468 209.79711 11
e 124.06837 223.98142 6
e 276.24528 410.85128 8
e 156.06949 1065.44183 6
e 367.04525 727.08939 10
e 424.57064 371.57810 7
e 428.01738 839.43642 9
e 67.33074 252.57335 9
e 288.42436 856.10119 13
e 76.47800 398.20717 9
e 226.35222 527.24936 6
e 476.24302 375.60565 13
e 512.03657 954.50779 13
e 456.12784 116.50824 4
e 91.69726 787.52567 6
e 649.51966 842.35865 15
e 496.54890 1027.52829 14
e 279.77306 489.93829 8
e 493.37792 1062.88902 11
e 624.04053 179.32317 10
e 412.11068 718.12731 11
e 78.87474 448.96793 10
e 237.09702 385.37748 10
e 151.77362 600.92434 8
e 677.30489 735.57844 6
e 253.07639 850.39571 4
e 292.61018 777.43807 8
e 165.13770 1034.88261 8
e 103.08708 892.10968 5
e 395.63738 82.66216 8
e 173.73490 1020.53392 7
e 651.49487 281.87347 3
e 567.10628 346.54839 5
e 475.43249 834.81321 9
e 347.44975 209.98223 11
e 622.85768 203.22837 12
e 600.59724 941.31651 6
e 411.12448 349.48924 7
e 354.12523 1014.03556 6
e 449.35976 540.46985 12
e 33.21219 543.79719 7
e 694.40839 918.42339 10
e 380.56988 750.15778 9
e 293.70844 655.41567 5
e 562.46472 478.32729 17
e 639.11882 132.27715 10
e 359.06050 949.54897 11
e 400.24729 876.57402 9
e 703.14818 953.90745 8
e 249.79466 114.43483 15
e 424.82768 67.79929 9
e 258.64747 447.89750 19
e 89.82144 378.61450 9
e 200.74988 845.33929 7
e 497.19792 566.49665 11
e 154.72897 897.97638 10
e 333.17620 969.43150 7
e 645.67426 107.49904 13
e 493.84893 86.45208 12
e 128.87296 352.95478 16
e 418.83421 433.02876 8
e 571.58303 39.19982 9
e 372.76462 808.49162 7
e 640.56645 674.16039 13
e 533.41795 65.53756 5
e 382.82365 467.22358 8
e 449.38053 1017.00014 7
e 650.83227 69.31276 10
e 190.30735 1060.43800 7
e 118.03816 769.99659 11
e 24.14774 632.75439 9
e 516.65643 30.52873 9
e 688.36900 429.24410 7
e 686.57864 248.63232 9
e 16.25994 222.63621 13
e 255.44502 282.05797 7
e 555.49623 957.54456 9
e 361.75886 924.34060 13
e 433.78462 432.72604 10
e 433.13572 296.52300 11
e 74.71701 813.77313 10
e 62.50017 89.65783 10
e 594.11352 104.54436 7
e 536.07250 959.99820 6
e 405.80866 639.80498 11
e 370.91908 238.79401 8
e 382.00452 212.78498 14
e 51.76892 107.54614 6
e 491.29298 107.15753 9
e 326.21370 696.55476 5
e 589.75762 658.98138 6
e 232.04067 744.59820 12
e 491.91894 906.31967 6
e 400.12647 112.22266 12
e 412.30694 988.92012 7
e 10.13280 514.71897 6
e 672.33890 677.92230 11
e 457.92652 1011.56533 11
e 667.90506 315.14922 10
e 152.39067 501.05300 4
e 237.50557 621.72298 8
e 331.51808 291.61104 6
e 315.70440 288.74916 7
e 414.37527 1055.90604 11
e 164.09092 694.07867 9
e 16.85953 154.83905 5
e 353.30484 283.15856 9
e 632.42604 936.95586 8
e 245.18812 185.31779 8
e 565.72373 511.16964 7
e 157.22337 513.57468 13
e 377.90937 973.73966 13
e 40.25165 569.52189 6
e 79.31124 1018.60042 13
e 405.24898 765.38506 11
e 276.96481 452.40268 10
e 463.40159 67.01891 4
e 43.04242 129.49181 8
e 242.04256 920.98580 7
e 64.74458 52.72189 14
e 193.87906 289.30797 11
e 445.94044 860.93247 5
e 113.09535 574.02595 8
e 48.42359 185.60710 9
e 98.37466 373.53200 6
e 551.74335 245.22557 9
e 230.26719 822.59538 6
e 618.68498 1024.16911 9
e 419.51529 375.54145 9
e 108.62937 304.51389 9
e 80.66054 209.20242 12
e 41.28144 415.38861 9
e 609.19017 56.54834 7
e 579.10003 141.41179 10
e 170.91111 600.96924 12
e 459.52798 940.58829 6
e 153.77634 324.06000 8
e 421.88860 875.42073 11
e 207.43426 338.10639 7
e 182.05011 138.73313 10
e 608.97958 816.38536 6
e 629.01085 769.74924 10
e 75.74902 658.80088 8
e 357.88109 143.65885 7
e 57.96940 974.63491 14
e 549.67071 978.32646 10
e 180.81139 746.84342 9
e 462.85669 977.22057 9
e 517.20209 649.07197 8
e 199.00182 831.67878 11
e 195.90023 621.03624 11
e 121.50253 290.90867 11
e 118.59070 446.50657 12
e 411.87537 60.22460 6
e 301.20782 829.56909 2
e 158.46150 82.50129 3
e 185.18193 774.41504 13
e 383.17053 517.88064 7
e 38.11858 980.88965 12
e 107.22611 885.39954 6
e 587.30852 732.34361 10
e 41.24525 1017.43495 9
e 338.44201 357.37956 9
e 385.21054 187.62135 11
e 200.15751 487.89900 11
e 354.45643 816.21788 10
e 148.65794 693.24534 7
e 129.45745 733.71359 12
e 496.91646 345.23083 14
e 444.67494 256.45134 9
e 164.13782 379.52035 8
e 397.83677 122.97101 5
e 687.93675 933.80569 14
e 703.77985 181.88325 8
e 259.45783 308.07436 8
e 27.23684 458.10515 7
e 476.67808 524.03332 12
e 700.74350 447.68463 7
e 437.78897 495.59117 4
e 345.30987 741.06750 8
e 598.94603 944.42677 14
e 112.76511 594.49771 16
e 296.21481 1061.95530 9
e 610.10872 959.76879 6
e 268.36534 100.12586 9
e 244.74778 96.65917 6
e 202.73325 469.90813 13
e 447.99439 289.99062 5
e 460.92981 432.86255 10
e 691.35740 1008.15634 17
e 51.80788 124.70370 16
e 637.17442 712.42177 17
e 605.80746 762.61084 5
e 121.10266 303.78414 7
e 473.78681 705.91736 9
e 582.61221 864.89565 11
e 511.76657 318.38543 15
e 361.07187 73.44702 8
e 664.81471 988.79307 5
e 603.11349 31.21189 10
e 228.61750 153.95610 7
e 446.68592 1056.46545 7
e 374.89092 665.56424 14
e 403.05339 41.24116 12
e 536.20715 52.00842 10
e 99.29044 648.46652 9
e 330.69085 243.84321 13
e 626.63697 38.46506 6
e 186.06752 38.04385 10
e 394.39340 198.34416 4
e 520.53026 809.81684 9
e 338.31652 101.91114 6
e 349.72608 419.34456 12
e 231.32345 351.58720 7
e 353.00725 99.66440 4
e 458.12284 227.80606 8
e 398.65648 101.43019 10
e 631.67807 879.96830 12
e 324.73144 905.13133 10
e 473.14695 218.05120 11
e 153.52186 300.93885 13
e 495.45143 87.15994 10
e 326.71797 319.76715 16
e 630.97699 920.23541 4
e 183.23528 816.19303 17
e 487.19108 333.10900 9
e 461.41581 118.49820 8
e 581.28860 768.42986 9
e 396.92678 430.59066 11
e 497.03938 131.98829 12
e 705.96561 247.01331 11
e 262.16826 764.44216 9
e 630.12553 700.19265 5
e 641.94063 448.24897 15
e 209.76093 888.90865 11
e 229.03617 797.60738 12
e 492.23890 425.25495 6
e 184.48695 384.53280 11
e 286.48064 606.60742 8
e 639.79929 580.55205 6
e 365.20079 231.04594 13
e 330.57358 148.63584 5
e 651.00643 681.97296 10
e 653.76229 809.75833 6
e 258.08375 427.24954 5
e 563.79328 326.38846 9
e 211.00039 206.63052 6
e 233.37929 573.89892 11
e 483.59480 726.82987 11
e 172.43766 963.06181 14
e 219.47099 900.19767 7
e 598.63882 1063.22302 11
e 544.21048 467.78703 7
e 397.99664 673.83261 14
e 61.24217 175.64298 9
e 685.70764 541.33316 15
e 602.26176 463.29132 6
e 273.52802 665.68999 13
e 621.29354 506.46141 15
e 326.71498 1036.67047 7
e 113.93212 229.49032 9
e 134.35578 159.83320 9
e 411.95410 682.83667 8
e 95.19481 878.65916 10
e 700.55086 240.17882 7
e 466.78729 160.22779 13
e 88.45572 752.00861 9
e 119.24589 627.68638 13
e 105.32430 872.29025 5
e 343.41732 950.76726 4
e 191.97656 220.39428 5
e 31.55166 601.70532 6
e 616.98438 538.39905 10
e 406.34263 894.24906 7
e 274.02581 463.14098 13
e 568.11036 764.35630 5
e 415.68247 890.71385 3
e 610.75283 809.91416 10
e 482.76817 733.79677 11
e 547.81741 465.16297 13
e 43.09303 89.01586 8
e 382.25748 757.86868 13
e 12.71434 342.43712 11
e 239.17959 581.15255 12
e 10.33215 903.09734 10
e 559.27174 502.16356 10
e 619.06338 840.91222 13
e 327.58158 163.81936 8
e 554.29115 939.81642 11
e 241.57766 410.83496 10
e 570.31679 78.08549 10
e 547.22158 408.30410 7
e 697.90961 984.36557 18
e 497.32070 1065.40933 7
e 520.35973 882.04372 7
e 629.29281 427.51511 9
e 607.12120 534.16078 7
e 64.40635 805.92653 11
e 175.91877 245.77562 7
e 32.51933 638.91498 8
e 176.15560 722.98177 12
e 564.02823 68.35782 8
e 709.58854 788.89617 10
e 119.41449 1007.54902 11
e 478.26792 858.22316 8
e 399.12832 897.59612 6
e 523.79367 24.26375 6
e 337.88336 701.01727 6
e 607.77251 541.03887 8
e 172.69967 128.80051 11
e 115.24577 774.57713 6
e 558.26223 828.50923 11
e 90.58119 382.31036 8
e 50.35518 568.22861 9
e 304.67890 511.11279 11
e 306.82926 888.20171 13
e 563.22093 40.80273 9
e 13.24602 1064.67836 8
e 703.66235 252.05990 6
e 385.23644 283.62645 8
e 208.34276 1025.48781 6
e 182.53849 182.08147 9
e 61.97309 251.49991 7
e 449.13799 655.24086 7
e 373.15742 499.72214 9
e 381.07139 860.43858 12
e 59.35048 320.27463 12
e 668.43611 255.28414 7
e 206.43728 382.60643 7
e 31.85405 136.67215 16
e 694.84404 702.71164 11
e 210.73885 339.12035 9
e 691.25773 79.96056 6
e 13.68590 606.10747 6
e 17.77790 526.18017 14
e 130.51773 522.30221 21
e 609.62738 669.20486 10
e 161.32702 1056.96875 11
e 295.98770 143.64097 8
e 369.10061 628.14328 15
e 326.20914 1016.67645 15
e 459.65136 109.84623 10
e 691.45022 10.44811 9
e 216.12943 650.23987 8
e 219.25118 479.06950 7
e 512.91229 800.97698 6
e 669.06119 56.62450 8
e 230.26400 54.43972 8
e 194.67981 886.00830 10
e 337.82189 1028.94151 19
e 131.26160 535.91723 12
e 378.51684 168.37016 11
e 701.03940 123.63875 12
e 546.93850 183.38244 14
e 522.54543 826.98539 9
e 18.53748 35.78976 15
e 321.71421 513.15266 10
e 614.53087 400.13353 10
e 179.11653 733.87096 8
e 506.93200 953.03731 11
e 205.95122 26.79967 12
e 125.43683 556.49691 7
e 678.12963 777.54472 10
e 549.54546 31.35375 5
e 418.58214 694.14735 7
e 207.01233 735.14590 7
e 156.40703 947.73767 7
e 396.07580 800.25856 8
e 210.25776 578.98463 9
e 599.16350 831.20550 17
e 631.04095 215.10977 5
e 300.61932 235.75872 7
e 303.48135 46.25118 7
e 60.19312 579.46478 8
e 695.41602 19.73789 7
e 377.13636 734.09572 6
e 704.02277 229.70610 7
e 324.19583 878.67893 13
e 323.95596 395.39122 10
e 598.77401 1057.02277 9
e 301.62191 898.73339 7
e 654.80929 541.99487 7
e 51.33300 840.37244 6
e 551.61330 774.85966 11
e 179.57178 953.85511 7
e 499.83978 421.61160 7
e 434.66123 184.52885 7
e 654.07139 609.11844 9
e 589.17255 766.68665 14
e 459.83757 261.26503 10
e 683.09927 751.98680 13
e 304.86326 916.82025 6
e 518.36299 551.19008 8
e 697.63057 165.67372 5
e 664.30669 407.18150 11
e 166.68576 671.36167 4
e 634.75469 83.28428 13
e 11.10524 51.66575 10
e 628.47716 783.79403 9
e 331.73385 670.67092 10
e 463.37132 855.54113 13
e 255.39637 70.77095 6
e 401.08805 302.03310 13
e 589.78678 464.08822 5
e 330.23864 427.33803 9
e 523.73386 771.01847 6
e 694.62050 323.38422 4
e 187.58763 1066.01962 8
e 156.38352 110.89444 10
e 362.43908 272.94121 6
e 65.52594 102.62104 6
e 238.73685 1013.29305 5
e 351.97769 972.82703 7
e 653.81270 222.42853 10
e 646.77361 1014.08621 11
e 628.11616 977.38745 9
e 477.23583 591.38904 11
e 404.32980 501.79992 21
e 336.20229 281.52855 7
e 306.81828 107.20239 5
e 148.16584 885.83409 9
e 35.78759 604.75126 10
e 16.80740 666.67396 13
e 254.71270 184.23380 9
e 663.25288 1059.69768 8
e 103.15137 204.73974 6
e 281.82413 563.53416 7
e 91.89721 548.95680 9
e 209.66435 260.35584 7
e 323.35532 875.66686 7
e 668.16135 248.87629 10
e 179.45582 301.50172 14
e 613.24795 784.71725 13
e 309.36462 980.27428 7
e 150.33853 548.58661 6
e 139.04822 429.58734 8
e 525.15634 754.56694 8
e 154.77923 509.74709 7
e 211.20087 625.90843 7
e 628.51006 543.97880 4
e 607.88763 949.14951 7
e 342.81139 64.66154 11
e 525.75992 621.40509 13
e 678.68288 167.89833 14
e 557.95297 381.87412 9
e 360.89254 886.35063 8
e 140.78827 678.91643 8
e 34.52532 1032.41364 10
e 407.57695 86.64124 4
e 382.99447 516.65590 8
e 556.55375 467.67912 6
e 20.62725 629.10218 12
e 200.84488 456.15394 4
e 374.14723 568.09772 9
e 397.67772 157.65679 8
e 206.31588 253.30833 8
e 392.71811 990.24300 6
e 513.64294 917.19466 7
e 284.40396 873.73665 8
e 94.43673 746.30865 7
e 212.00128 790.27854 8
e 662.78003 250.36225 10
e 187.43022 783.40031 11
e 634.18401 773.71520 8
e 428.03236 371.31514 13
e 537.56698 153.21121 8
e 449.49902 793.52512 8
e 609.57265 559.60093 9
e 268.09903 763.08215 14
e 92.32007 593.29117 8
e 509.07602 1019.87701 7
e 184.01432 402.25605 12
e 187.63129 210.15671 11
e 410.98745 520.15452 5
e 438.61999 685.26398 11
e 162.77443 539.38697 11
e 403.97461 95.62322 12
e 688.82199 398.36146 8
e 354.79786 765.64255 5
e 78.30980 578.64773 12
e 491.29956 340.90390 14
e 159.00138 833.63505 15
e 228.25151 990.95307 7
e 29.80272 867.17241 7
e 520.55866 579.18163 10
e 402.43224 235.24229 8
e 212.52374 10.35471 8
e 311.39755 679.24877 11
e 191.24186 956.92197 8
e 181.01665 96.78537 13
e 623.51477 949.56057 5
e 502.20045 777.20570 12
e 145.14730 626.21047 7
e 255.17614 303.17180 8
e 383.04316 948.26982 10
e 658.84194 980.53326 14
e 143.40903 134.77338 9
e 70.46230 477.28180 12
e 382.64428 106.52856 5
e 476.44010 1069.93053 11
e 208.61976 778.18240 8
e 379.65603 392.30933 11
e 66.30251 228.13617 10
e 570.16891 202.66069 7
e 292.24077 853.28237 4
e 554.50159 810.78272 11
e 433.16946 725.55127 3
e 578.55173 152.66845 11
e 241.98505 86.83897 8
e 155.74389 129.77182 5
e 47.89751 850.96079 13
e 426.03518 1025.53159 9
e 57.71668 407.35806 8
e 563.48543 749.64752 4
e 590.57916 749.38262 7
e 557.90866 647.04961 8
e 653.45029 210.57815 12
e 661.93695 625.62239 9
e 699.44953 887.68449 10
e 445.38836 390.55207 10
e 638.33280 1026.82262 10
e 522.67900 64.02761 10
e 469.90566 129.73383 8
e 634.62801 395.95720 8
e 685.54795 319.80738 6
e 132.10507 864.03097 9
e 498.80983 791.99367 8
e 291.50389 1043.01954 10
e 540.85399 900.87009 12
e 571.91909 648.54954 13
e 49.97306 789.57833 9
e 177.66467 353.83224 9
e 263.37655 852.17523 11
e 641.98131 1004.36895 13
e 621.29682 497.43154 8
e 649.58298 78.23143 4
e 345.87404 113.11671 8
e 557.72046 429.96084 12
e 168.71611 428.63141 8
e 679.83930 254.52647 13
e 474.72300 852.53540 8
e 244.51929 588.81132 4
e 206.33865 852.90662 7
e 170.39986 173.99633 6
e 432.16627 92.31419 7
e 221.79592 603.60875 9
e 703.24113 120.40635 9
e 313.47660 1006.52142 9
e 533.03952 123.11185 8
e 152.48730 741.02861 10
e 134.25500 596.86008 9
e 37.05698 931.67912 5
e 158.56308 981.55212 5
e 295.28076 1058.39795 8
e 366.96186 655.69030 8
e 608.14646 1068.99300 14
e 581.02399 359.69702 8
e 10.52945 276.38286 7
e 618.01261 318.04731 12
e 528.38177 720.57537 9
e 206.83979 543.77325 12
e 28.31482 303.63906 11
e 177.29354 116.23822 11
e 260.47733 687.40817 13
e 188.48793 391.19782 10
e 234.13013 366.92128 8
e 639.59932 521.32787 9
e 511.07445 878.30001 5
e 242.65373 964.38778 12
e 121.48137 966.80963 9
e 520.52230 910.26112 10
e 493.72543 323.77684 6
e 207.93570 227.61522 11
e 332.46674 255.81400 8
e 573.89061 93.13883 6
e 689.64916 208.63586 9
e 528.79151 157.20512 4
e 169.79644 431.15771 9
e 131.05977 170.96210 5
e 164.45519 881.40080 7
e 700.60514 202.70995 3
e 134.41613 135.26017 7
e 499.62692 449.11127 12
e 56.64820 49.76682 13
e 650.69903 694.88777 8
e 221.16667 198.36327 8
e 489.41052 48.77242 9
e 101.64405 680.11203 11
e 610.69721 354.07763 8
e 284.71939 117.35059 7
e 67.66492 206.20022 4
e 643.51917 911.52252 7
e 301.93429 161.08922 9
e 515.15085 561.98969 5
e 342.43687 481.57483 6
e 118.54149 162.86302 10
e 211.79427 386.80842 11
e 364.33200 609.91643 5
e 240.68428 632.96305 6
e 379.40202 155.74663 9
e 271.60030 863.09903 5
e 249.47502 823.21904 5
e 209.39202 840.92079 12
e 645.88950 535.34763 10
e 561.36173 488.49366 9
e 363.67759 327.89099 9
e 263.81011 417.45919 12
e 627.83599 31.50317 9
e 37.32059 13.10283 8
e 539.31955 645.12431 7
e 42.83462 962.50805 11
e 531.70544 743.78873 15
e 76.27316 887.38329 8
e 311.55581 338.55873 7
e 335.54370 551.39134 10
e 149.16644 229.96464 12
e 341.30623 608.71547 10
e 495.81539 618.50471 14
e 48.38857 133.37468 9
e 515.32658 103.79276 9
e 494.45661 523.85550 8
e 650.15994 954.34831 9
e 217.25955 290.79420 4
e 140.75044 928.62020 10
e 601.92452 258.47475 7
e 338.78352 722.31809 8
e 80.21458 559.66311 11
e 417.71743 359.75944 7
e 11.65023 384.58100 10
e 279.85523 52.75849 13
e 521.60796 126.61394 7
e 209.50764 319.25201 7
e 330.47085 734.25389 10
e 111.69267 40.73425 12
e 218.15663 786.91612 13
e 82.26897 1013.89722 13
e 707.23893 195.66440 16
e 608.60147 332.09578 8
e 246.59771 136.28047 8
e 292.81283 471.97220 11
e 64.86827 1015.65550 7
e 316.18317 506.31919 12
e 54.05781 224.32314 10
e 212.69676 717.52179 13
e 161.12220 457.37410 7
e 247.15432 380.94017 7
e 392.00958 724.20720 13
e 491.73422 961.76652 9
e 496.40892 19.98494 10
e 466.04741 839.97971 13
e 74.63281 205.54427 11
e 290.33158 129.05054 9
e 426.85385 332.51679 12
e 241.30331 347.09189 6
e 65.90443 193.45272 8
e 381.05106 992.62854 7
e 237.78530 1038.32709 6
e 543.84715 327.93486 9
e 468.68048 167.09135 12
e 407.05914 392.55410 11
e 552.71160 105.18195 5
e 437.75652 757.94522 11
e 74.23021 20.61232 5
e 267.67624 528.00530 7
e 197.26025 1053.90605 12
e 217.36871 551.86721 12
e 259.50016 760.22901 12
e 440.40974 504.54588 5
e 628.55273 678.55969 14
e 565.18420 514.46220 9
e 246.87292 512.72958 12
e 295.25558 788.90699 3
e 527.65633 408.66714 10
e 571.70184 690.37817 14
e 120.65424 741.08493 5
e 97.41276 790.20605 4
e 215.90576 448.08289 5
e 414.81234 1039.82939 12
e 429.22133 841.16382 9
e 484.82149 417.61631 14
e 113.02617 352.33442 10
e 175.18734 266.92737 13
e 432.48655 754.19787 11
e 27.59956 212.61078 8
e 237.26855 1001.27367 10
e 380.82238 22.20453 10
e 516.22794 615.80247 10
e 691.66269 794.50589 8
e 599.52926 631.02595 10
e 333.32619 1020.82744 9
e 503.14896 507.63357 9
e 322.03799 784.42890 15
e 361.94107 415.73798 8
e 664.27285 846.56205 8
e 518.49858 512.82324 8
e 397.54624 642.68265 9
e 359.71929 171.05052 9
e 42.54449 387.15932 5
e 80.75075 393.61048 13
e 157.60407 1015.42640 9
e 80.35977 719.56221 11
e 111.47952 53.28693 9
e 706.03326 1009.86272 13
e 583.12437 625.97764 6
e 575.37640 921.22905 6
e 301.98886 1054.09015 7
e 588.91570 299.92262 8
e 109.43905 213.04366 9
e 543.66439 822.18021 9
e 51.10399 191.80889 6
e 102.68895 586.13475 14
e 203.41172 173.41361 7
e 312.07866 385.13478 5
e 402.50196 1043.97291 9
e 353.79958 332.68670 16
e 518.66742 462.23193 5
e 81.58920 303.46145 6
e 143.96768 417.62216 13
e 114.19635 820.31245 17
e 145.97035 175.21130 7
e 19.37497 378.53758 9
e 86.99875 954.79584 8
e 484.72984 1032.96195 11
e 634.66369 712.94300 8
e 325.66800 250.90864 14
e 526.67416 646.83564 20
e 241.10497 58.54737 11
e 56.06866 1019.58189 10
e 513.56087 599.77124 15
e 134.83674 727.54951 7
e 670.45924 335.11714 10
e 134.11152 798.44218 8
e 403.59272 538.66705 4
e 529.06471 444.55037 6
e 300.96983 415.37966 13
e 415.89909 221.29296 8
e 309.68561 914.05517 9
e 53.75838 778.04858 11
e 624.67624 40.34022 8
e 622.82874 238.11440 5
e 162.86282 321.82275 10
e 82.59981 269.81846 7
e 128.86463 887.54440 4
e 91.56007 170.72253 7
e 272.86911 469.28877 8
e 462.36219 587.33064 4
e 315.28364 715.51595 11
e 603.07937 900.84213 8
e 38.54659 875.41532 5
e 509.31117 724.40035 13
e 674.78172 436.60530 9
e 106.89724 394.15444 6
e 480.79333 721.56381 15
e 616.77098 832.45072 9
e 261.45506 101.37122 10
e 592.11129 808.42857 9
e 96.17007 183.41473 6
e 271.73763 569.58856 9
e 195.29592 164.53179 7
e 98.82511 750.26797 8
e 615.92163 602.05336 10
e 344.24204 1000.51745 4
e 121.17982 500.58105 6
e 495.88022 883.13275 7
e 254.61579 215.44386 6
e 514.52419 615.46425 10
e 387.81428 584.16264 7
e 244.10326 955.96022 7
e 608.91506 889.71328 7
e 311.32720 703.57401 5
e 229.07091 266.16919 8
e 71.28367 377.62303 10
e 427.07374 549.43731 9
e 552.75987 351.17794 5
e 112.95228 569.69387 13
e 598.52843 513.75633 15
e 505.33754 104.16392 13
e 348.12552 1042.64679 8
e 135.21965 870.40687 9
e 396.37671 619.99824 12
e 644.58740 346.48925 10
e 57.55586 506.57115 8
e 547.63565 664.84258 9
e 319.01490 809.53614 10
e 429.86106 731.98422 10
e 678.88259 246.26839 13
e 211.86874 997.67203 17
e 29.23891 578.91119 12
e 79.58888 574.76370 8
e 310.66661 1015.87247 14
e 72.44344 669.53157 8
e 364.70776 212.83448 5
e 166.19800 152.11303 10
e 69.00377 837.41691 8
e 609.34430 812.17627 11
e 83.23479 34.75525 12
e 350.86865 54.46734 11
e 404.83844 123.95397 13
e 282.11018 424.86160 6
e 576.17982 1050.51585 8
e 644.61776 809.92339 9
e 683.66857 543.66632 7
e 689.05558 348.80090 6
e 541.79933 221.71608 8
e 649.65061 355.82048 14
e 159.99770 332.68723 13
e 705.94283 882.91171 6
e 288.65609 196.31781 8
e 142.09768 673.64463 9
e 148.62966 189.92793 8
e 327.56470 710.74483 13
e 306.02511 82.62357 12
e 447.48384 99.39657 9
e 221.88866 49.64240 7
e 328.74560 85.56843 6
e 420.14801 456.29661 7
e 618.60234 694.77718 15
e 589.40272 55.49844 7
e 123.66490 262.41849 4
e 54.85218 312.90008 17
e 520.47146 141.42413 14
e 134.03483 455.48164 14
e 576.31067 733.40033 18
e 19.73297 702.73476 7
e 88.11820 962.69112 7
e 706.84022 491.90797 6
e 358.82585 126.03562 14
e 122.77263 89.35183 11
e 323.45275 1009.28764 6
e 205.77792 650.74886 9
e 591.37198 527.29351 8
e 682.78651 777.28571 6
e 13.18984 1048.06904 8
e 484.21907 957.34399 12
e 367.87367 543.98160 10
e 301.97835 663.77353 8
e 602.13660 470.71461 7
e 231.91405 895.32774 10
e 229.03658 819.17619 7
e 579.39510 211.36418 4
e 649.96642 863.71893 15
e 412.54600 254.44092 11
e 668.60889 978.39354 14
e 460.92211 408.60139 9
e 347.86604 202.43470 8
e 418.59104 343.63877 9
e 282.04374 262.67708 9
e 116.40594 887.46278 6
e 583.59607 84.12007 10
e 52.70417 160.60788 10
e 84.33717 882.45982 10
e 561.09922 753.97205 9
e 102.20937 651.10066 6
e 180.64924 1021.58234 6
e 524.66378 835.77637 5
e 348.01455 546.40457 12
e 138.08306 399.87809 10
e 458.62752 573.38917 11
e 590.76994 186.26147 7
e 87.86326 52.34625 8
e 251.49546 384.69895 8
e 514.42005 301.33523 6
e 549.69212 290.81323 10
e 492.98698 791.33240 10
e 270.60059 816.16890 8
e 293.10827 922.43907 11
e 392.31498 345.81348 12
e 486.74143 412.20154 8
e 88.38739 268.51471 6
e 314.41467 255.81126 7
e 223.44753 939.24323 12
e 282.76722 1028.58790 11
e 630.43325 970.41002 10
e 291.73043 516.66834 8
e 454.37805 658.50476 14
e 419.33550 233.69156 7
e 66.85855 1007.59659 8
e 197.78953 970.61417 7
e 545.36946 360.50417 9
e 446.72205 521.49680 9
e 453.83468 452.99548 15
e 12.11598 349.06413 6
e 154.35026 26.69495 9
e 339.38746 265.13440 10
e 630.25194 834.51792 13
e 139.14875 504.42050 10
e 121.92702 780.97685 15
e 68.14478 969.06574 9
e 642.25548 50.49297 8
e 176.50850 1043.93994 12
e 569.87789 651.41767 11
e 367.43302 990.44697 9
e 364.32048 476.48825 11
e 611.60566 1061.70735 9
e 697.26696 973.94311 8
e 483.50198 465.83819 13
e 219.34448 904.10457 8
e 653.05763 318.82043 9
e 521.31966 916.21048 12
e 291.86036 388.73306 8
e 504.85853 489.77059 12
e 414.05501 78.26435 9
e 574.00936 53.20617 8
e 240.54072 392.76792 7
e 155.60595 236.46701 14
e 175.12777 980.80413 11
e 472.52686 618.70450 9
e 695.95698 297.92287 11
e 122.30304 380.16519 10
e 246.19890 99.80589 9
e 166.96364 597.97195 11
e 36.90566 131.75346 9
e 196.48498 190.42416 5
e 443.97062 668.42644 9
e 222.37808 553.08156 10
e 532.45695 488.19128 8
e 280.43135 178.89184 13
e 146.20590 119.22590 7
e 689.07729 179.86082 9
e 86.10509 397.56334 9
e 671.04322 296.95655 10
e 144.27638 839.40892 16
e 238.38164 221.49523 9
e 289.21180 246.71978 11
e 377.08489 77.01110 5
e 174.86366 1032.32572 11
e 190.27177 624.31112 10
e 158.98825 699.96730 10
e 317.04256 629.79973 11
e 150.51558 455.31834 11
e 335.82496 403.41770 7
e 237.39231 21.36145 6
e 42.66692 711.61396 8
e 452.42791 75.90609 4
e 463.19864 877.40560 3
e 260.41005 182.98098 6
e 575.79670 991.17782 6
e 170.66258 929.31376 9
e 386.31810 700.15476 8
e 312.69245 716.05819 6
e 344.25433 164.41020 10
e 431.70926 798.29542 14
e 521.13756 428.48117 6
e 670.80144 427.14802 3
e 269.56418 936.12852 8
e 31.53794 128.20790 9
e 708.21017 627.28369 10
e 323.81577 622.24794 10
e 444.34879 363.52023 9
e 272.01353 565.50590 12
e 645.14766 121.41453 14
e 436.37645 389.90106 10
e 580.54694 40.28043 8
e 471.89184 159.27265 8
e 126.47756 130.23762 4
e 397.15227 850.33442 5
e 537.52377 766.04536 14
e 467.27050 941.21911 9
e 47.68769 704.42454 7
e 100.81504 250.46704 7
e 383.67905 564.28303 8
e 228.28342 938.45220 8
e 109.41314 802.42516 11
e 212.25540 92.95197 11
e 124.12803 528.87906 14
e 384.38706 757.93816 13
e 341.31002 618.64771 7
e 350.48372 547.67728 6
e 275.80300 838.56680 8
e 510.89104 490.89099 8
e 521.30431 661.80015 8
e 298.29086 167.99870 10
e 629.46712 39.60245 10
e 215.87594 363.16320 7
e 82.49191 709.26684 6
e 609.69790 851.90315 12
e 550.75675 452.48827 7
e 161.82484 32.44418 10
e 104.77864 949.64275 5
e 19.83757 651.81974 12
e 380.23216 119.69031 5
e 39.96040 807.82430 8
e 29.70510 864.40454 6
e 30.90196 1022.44210 11
e 518.44485 112.76809 7
e 115.24846 1019.37608 4
e 664.02443 331.07236 5
e 681.91843 951.67038 8
e 567.11673 905.47328 10
e 114.42209 319.50125 7
e 84.27269 307.18992 9
e 669.14226 521.71463 9
e 95.55776 321.15050 10
e 604.82672 1030.69514 7
e 297.21289 439.21074 6
e 499.68178 708.00593 6
e 577.76422 18.23455 17
e 72.41540 58.05897 10
e 413.80586 329.54496 8
e 175.74016 488.00833 7
e 144.67008 293.16289 12
e 371.71053 769.21153 16
e 32.82179 200.19342 8
e 23.71629 89.47020 4
e 439.70769 608.83492 7
e 472.81375 387.96665 7
e 210.52961 455.68976 7
e 14.79067 480.41005 7
e 580.40808 107.71210 10
e 258.68196 110.65239 9
e 295.78818 405.36904 9
e 46.33225 931.64388 12
e 461.14770 263.88721 10
e 379.06226 1004.59889 9
e 109.85038 752.83683 8
e 617.03575 94.25498 12
e 231.65570 52.13667 4
e 612.79131 1008.76056 9
e 297.51275 999.65821 5
e 150.70200 499.29424 12
e 338.22712 523.04275 7
e 679.75332 838.40753 7
e 532.98834 288.28961 8
e 267.56448 314.24093 7
e 137.87668 874.50647 5
e 691.61954 608.77518 7
e 62.99288 199.55674 11
e 348.58607 225.81193 15
e 293.38819 405.70313 6
e 366.54335 199.18973 13
e 247.17631 964.10674 14
e 371.95952 106.31793 8
e 279.57916 721.23673 14
e 625.48093 266.34825 8
e 492.70892 347.82997 7
e 348.87535 346.83056 11
e 357.54357 917.04553 10
e 549.82054 198.29742 11
e 249.05614 416.05628 7
e 246.18835 65.19564 10
e 541.03155 961.91045 10
e 139.62564 794.35300 8
e 484.83058 256.69166 7
e 318.39720 873.72751 14
e 477.43103 638.91484 9
e 427.47911 831.20216 11
e 231.09081 291.88858 7
e 514.14047 1049.35059 7
e 165.35520 648.45259 8
e 75.75342 890.32646 8
e 703.27146 459.68810 7
e 550.48778 1033.18569 7
e 199.60489 656.73062 8
e 88.23346 744.64205 7
e 640.24225 624.58156 10
e 429.01166 590.73706 7
e 423.72346 280.79337 9
e 111.06892 210.89428 7
e 277.18397 568.63464 10
e 234.89259 906.48379 10
e 516.12980 336.63773 8
e 404.20507 638.91816 12
e 627.64061 1062.96798 10
e 114.77579 782.50283 8
e 635.80552 507.40490 5
e 467.31420 375.15007 5
e 255.90161 268.02454 6
e 405.30069 636.54849 11
e 236.55613 941.21277 12
e 396.49687 118.00548 13
e 356.59071 440.13323 11
e 411.22572 245.91743 8
e 548.68215 915.44786 7
e 522.48643 15.18907 7
e 655.11245 349.55438 8
e 119.89524 531.51707 6
e 580.31915 299.88324 10
e 576.07402 853.58192 9
e 582.43602 638.76066 11
e 229.10516 883.20333 15
e 546.69228 45.17216 5
e 29.64396 874.36938 8
e 565.64268 841.12058 7
e 345.54299 192.40115 9
e 205.75961 236.22889 7
e 74.15229 201.19638 3
e 87.47964 435.25636 12
e 43.32621 803.25437 7
e 352.98492 742.13862 11
e 107.47234 486.13236 15
e 62.62338 909.47649 10
e 551.77420 150.95187 4
e 84.46870 567.79100 16
e 522.67299 617.27876 9
e 502.70582 964.17461 9
e 111.01279 749.66061 14
e 696.21868 463.75710 7
e 321.73897 516.98799 13
e 213.55974 466.85009 10
e 123.01995 691.20004 11
e 470.53178 474.45640 6
e 93.69064 805.70704 9
e 157.05809 241.73676 7
e 594.60183 75.73666 12
e 236.49895 490.21671 9
e 459.30698 315.73869 9
e 326.69430 120.16814 9
e 172.86641 706.38104 6
e 456.57187 429.70492 8
e 190.10398 537.85099 9
e 694.25670 618.98231 16
e 257.96427 550.65389 13
e 381.76893 931.19868 12
e 60.62139 893.57172 12
e 177.24594 789.64067 9
e 408.12863 372.26822 10
e 450.75336 475.20706 9
e 13.56658 1021.32101 12
e 113.04929 389.37281 9
e 596.39794 677.34595 3
e 277.50575 921.78506 5
e 557.83664 324.53416 8
e 64.28960 164.52114 9
e 549.55742 991.69657 8
e 318.24231 829.59046 12
e 259.78518 470.70132 9
e 149.06230 753.10242 9
e 306.00898 751.79140 8
e 278.87785 325.21894 12
e 54.62593 106.18607 8
e 342.89690 116.53893 9
e 546.44537 438.06359 5
e 545.52013 890.67101 10
e 42.23404 272.32845 7
e 104.63703 63.74181 5
e 350.42627 176.95047 8
e 494.64696 53.87601 9
e 330.69171 428.19308 14
e 200.25609 600.25730 15
e 544.46693 91.65166 9
e 196.66921 261.56350 7
e 352.47551 484.22310 9
e 139.44774 415.35298 11
e 49.74676 959.52008 11
e 619.83284 243.90313 11
e 208.89820 659.40420 10
e 471.13245 978.83804 9
e 542.19241 673.49587 8
e 420.20253 14.62083 8
e 589.99000 672.09177 3
e 278.89669 546.15243 9
e 18.96445 461.19040 11
e 591.38679 85.46622 9
e 277.16684 759.26795 10
e 238.64266 951.07693 4
e 709.08255 945.82609 6
e 557.14933 488.97964 7
e 146.12545 99.88002 6
e 641.76997 321.70628 12
e 168.38008 38.88846 12
e 363.61886 566.97116 8
e 673.63878 628.21307 8
e 580.56892 70.76119 11
e 401.26285 346.04278 5
e 288.33030 753.99714 12
e 474.45119 241.98754 8
e 39.67473 962.57495 6
e 71.39471 234.31249 14
e 522.36388 580.42888 10
e 87.15965 144.56044 9
e 144.25959 1006.81231 6
e 249.78208 87.67095 9
e 577.36175 298.21457 13
e 593.03011 226.59624 12
e 527.23320 437.43543 7
e 14.36088 699.57600 11
e 305.66616 624.45682 8
e 580.12192 535.74519 7
e 540.27206 236.39068 8
e 642.18528 667.22357 10
e 268.32362 621.80254 15
e 143.51975 313.06589 11
e 147.62436 147.99441 8
e 455.95116 952.98777 10
e 228.77935 897.05883 9
e 394.01934 244.19548 11
e 539.18514 662.13480 8
e 657.57312 1064.66597 9
e 514.22849 96.76940 7
e 233.57430 28.31711 9
e 513.59367 967.48415 11
e 566.13838 632.98059 8
e 581.97154 286.55764 9
e 380.77250 282.05307 6
e 203.87799 867.04105 10
e 46.91907 159.77032 13
e 498.55167 525.22266 9
e 473.96217 685.38037 9
e 216.74556 883.40613 7
e 125.10202 1031.07479 3
e 535.93051 544.83491 7
e 241.90573 345.34908 11
e 671.03159 85.29508 14
e 552.81242 86.72220 19
e 521.47937 372.69174 6
e 567.64458 956.73586 13
e 369.01476 105.80910 16
e 415.29733 331.81231 10
e 595.81820 81.92550 11
e 633.89853 480.60419 9
e 528.59716 389.02364 14
e 409.42606 55.97796 6
e 693.17813 193.05832 11
e 137.64181 1040.39155 8
e 529.16092 589.76896 9
e 357.27430 793.83211 5
e 67.29991 131.79786 8
e 238.91776 849.32522 6
e 80.26446 231.05156 9
e 16.52300 527.04408 6
e 399.74732 55.98310 10
e 219.68880 561.69780 10
e 557.96047 738.14428 8
e 166.51123 989.79450 8
e 141.89436 831.82249 6
e 126.81147 162.16386 5
e 335.30372 13.58081 11
e 73.79201 441.36700 7
e 512.47439 334.69536 9
e 247.31973 951.90269 9
e 433.33897 496.94989 8
e 351.93888 548.76810 7
e 236.43503 672.69980 9
e 307.69479 448.57035 9
e 664.71857 750.39844 15
e 628.87011 45.92912 12
e 610.99535 1048.75234 5
e 281.23204 396.05511 9
e 94.21929 955.59249 7
e 102.11777 872.32425 6
e 477.15319 393.34097 8
e 503.63712 81.03686 9
e 631.38388 684.09714 9
e 287.30339 682.04642 11
e 321.39480 650.48729 7
e 257.12206 915.48805 7
e 595.18449 1045.87484 9
e 181.62212 68.78700 9
e 402.60299 825.21624 11
e 55.57240 858.41870 20
e 124.04227 293.14145 8
e 24.20886 51.32314 7
e 625.97897 37.71218 10
e 160.46589 806.04092 13
e 463.43023 986.18274 11
e 70.50204 586.35346 12
e 348.07446 394.87227 7
e 664.03175 120.23685 10
e 45.27542 535.79861 10
e 28.08656 536.49290 13
e 19.85935 126.97178 12
e 454.58130 676.96033 9
e 108.80530 221.75029 7
e 133.97720 880.71009 11
e 154.19367 426.93444 10
e 377.95486 571.63336 7
e 228.63974 389.26675 7
e 262.97915 744.67828 11
e 533.73906 1025.73524 8
e 465.98077 758.57764 8
e 626.19543 83.23940 9
e 165.16660 867.38868 11
e 147.76754 188.44181 8
e 664.46528 792.01806 10
e 507.86203 777.97025 7
e 76.46822 1005.82228 9
e 195.37986 720.64176 7
e 613.88083 856.69522 9
e 533.45601 341.05024 6
e 452.28805 826.78520 6
e 22.44485 477.13092 13
e 212.15456 96.63900 15
e 695.39756 942.16501 10
e 13.70225 658.95184 4
e 56.29497 882.95314 10
e 394.62129 170.30376 7
e 639.14862 894.35356 10
e 649.89468 64.02441 15
e 498.10494 685.73903 10
e 391.98490 550.24342 10
e 410.68762 178.60267 7
e 379.25711 242.96371 10
e 537.28217 358.01881 8
e 67.51820 336.54829 4
e 661.31149 603.56123 13
e 487.10505 847.41820 10
e 586.34519 851.33617 13
e 620.67975 695.92389 8
e 110.94183 419.64171 9
e 648.03973 512.64559 13
e 411.63266 374.52968 4
e 433.55689 769.42104 4
e 407.60360 213.28628 16
e 301.04746 192.83435 9
e 99.22445 987.85394 8
e 634.13724 67.06405 6
e 671.57962 639.51330 6
e 371.91690 92.27486 14
e 177.08644 392.47253 9
e 469.25281 367.83184 9
e 44.13675 818.49800 11
e 266.63566 617.11780 6
e 376.88457 271.74071 10
e 483.06154 343.52784 15
e 359.21001 190.32189 11
e 347.83999 134.02758 13
e 687.81776 920.24704 15
e 245.79666 905.82279 10
e 16.71553 363.89958 9
e 558.39387 267.56656 11
e 566.88110 461.44633 13
e 702.32546 435.55451 8
e 77.73638 788.98304 6
e 501.47652 343.11666 13
e 566.20402 112.74027 12
e 701.73004 767.48359 13
e 572.69099 1058.04250 16
e 598.64486 228.05618 13
e 164.33677 204.55621 14
e 258.13533 104.39221 7
e 674.38266 624.15716 7
e 473.72268 182.28489 9
e 326.28073 761.96565 16
e 553.83231 131.96258 16
e 120.19984 408.83156 10
e 582.79444 997.12543 11
e 123.43633 564.80061 11
e 99.95118 978.31232 5
e 252.48928 630.40058 15
e 398.05317 440.60616 10
e 533.33857 680.42844 8
e 606.45200 31.02449 11
e 603.86316 750.56832 12
e 177.81188 324.85393 10
e 356.56896 176.34926 12
e 387.25064 463.85627 10
e 204.45028 1021.64321 11
e 298.27832 779.20220 9
e 321.58728 773.53998 10
e 266.93012 664.22085 12
e 111.64103 991.26563 13
e 459.55930 739.81610 6
e 555.38189 581.34147 7
e 142.92483 617.18929 7
e 128.31876 646.22258 15
e 378.88439 91.35845 7
e 386.21351 372.79764 8
e 515.87712 287.65527 11
e 248.19267 84.19604 9
e 111.70914 310.32879 6
e 680.40027 85.20466 5
e 578.94194 913.75829 12
e 447.20088 813.11688 3
e 640.70534 143.67243 7
e 278.46938 712.39100 7
e 643.52182 21.11762 10
e 671.34870 1038.76649 14
e 140.18478 54.10524 5
e 19.98814 973.19783 9
e 130.41098 249.76431 7
e 697.57577 246.67556 9
e 390.25829 143.31936 4
e 124.34094 659.36751 9
e 52.71468 618.49114 13
e 131.61302 792.61619 6
e 20.15712 35.52846 7
e 47.06499 413.68636 12
e 365.67311 923.67262 6
e 45.88978 71.38617 16
e 557.01998 609.94090 7
e 279.27967 54.06448 8
e 225.24338 1036.19570 8
e 267.53195 295.61187 11
e 548.46479 258.08218 10
e 667.91930 278.89792 8
e 76.94275 406.91599 10
e 378.87292 263.99825 4
e 644.67465 567.28321 10
e 501.83287 879.71339 10
e 675.61692 440.25180 6
e 151.86745 550.14784 4
e 652.22806 569.24183 10
e 321.19509 1008.93415 5
e 584.01106 56.81383 7
e 516.85960 859.93231 9
e 183.49611 660.83024 4
e 40.72183 214.68539 10
e 17.65434 186.59377 10
e 166.91459 942.02387 14
e 512.48679 955.65453 8
e 427.60483 84.86072 15
e 407.50071 694.61043 12
e 139.69216 757.25911 12
e 406.44738 710.85073 7
e 342.66524 476.50953 8
e 469.31716 915.84279 7
e 534.77519 561.22210 9
e 344.22814 973.50348 7
e 675.82127 808.93165 6
e 217.86066 660.24575 11
e 366.24505 411.30143 9
e 290.63475 841.43536 6
e 103.27459 676.19487 9
e 656.63562 1063.71662 6
e 305.25022 527.80244 9
e 404.69960 674.37390 5
e 314.66299 630.72800 15
e 448.96538 625.73489 7
e 557.81845 1040.59333 5
e 656.57356 1058.42725 8
e 27.66381 720.86799 6
e 164.33886 489.14994 12
e 269.46824 839.39715 8
e 423.09988 407.93340 10
e 71.70425 101.55812 15
e 514.46170 1003.78276 11
e 506.58558 122.39973 10
e 497.77588 240.32411 10
e 67.44220 772.31479 11
e 61.48497 189.07289 11
e 343.41457 285.57626 11
e 123.39458 470.47453 10
e 406.96354 417.36170 6
e 357.28300 280.16029 11
e 250.67676 1050.28604 5
e 10.86254 866.61440 12
e 703.24847 836.87288 9
e 505.22782 710.15245 8
e 312.06750 480.55777 6
e 93.00634 346.57633 11
e 400.16500 1011.54045 10
e 444.05546 325.56729 9
e 439.75909 778.74535 7
e 260.35824 793.72619 8
e 265.53015 609.39750 8
e 553.18177 867.69137 7
e 41.21240 443.45160 12
e 365.25111 464.65209 6
e 706.35752 898.41557 8
e 527.81258 1016.55414 8
e 104.11646 284.87315 12
e 291.15089 1002.96288 8
e 544.11977 897.97336 6
e 33.79520 162.55704 8
e 677.84667 111.54032 12
e 72.12743 582.04886 10
e 33.38786 386.12313 8
e 470.13004 685.27055 9
e 545.17505 468.54654 10
e 657.85602 258.05607 9
e 79.44336 703.61931 14
e 489.47986 381.11587 5
e 563.23618 548.20617 7
e 480.64483 905.49059 13
e 535.21458 61.04138 13
e 167.75842 175.20433 7
e 113.52722 419.86576 9
e 339.99668 210.17918 9
e 638.59216 388.13180 13
e 480.15532 921.38336 12
e 55.60654 968.53270 9
e 421.00442 84.85253 7
e 38.60707 294.20014 10
e 316.16357 883.83645 10
e 288.13520 885.14220 8
e 319.27603 974.41924 10
e 71.62629 356.03219 11
e 233.09987 1045.10565 12
e 217.35788 335.46026 12
e 447.93820 876.48952 7
e 158.77658 1016.76172 15
e 641.60842 31.08527 8
e 58.32001 748.00562 6
e 391.78169 121.37000 16
e 538.37206 145.33959 12
e 491.28283 706.21838 9
e 461.94274 442.18090 9
e 542.35985 730.70179 11
e 567.04079 1039.47234 12
e 416.80143 350.75067 7
e 680.73091 672.58485 8
e 569.24603 324.83946 8
e 360.27891 1040.13120 9
e 373.80606 131.27588 5
e 645.79391 139.16541 10
e 293.83705 363.09826 8
e 392.71181 1029.86646 9
e 236.88248 941.18938 11
e 295.17345 1058.67209 8
e 666.93786 673.04561 12
e 402.17498 60.55809 17
e 525.20768 552.97325 8
e 488.71517 102.20402 7
e 203.49656 872.76787 4
e 583.37476 702.82212 8
e 338.11605 949.80059 12
e 532.26837 403.94726 12
e 413.07131 547.62495 7
e 80.86882 751.05234 6
e 594.82935 76.91469 9
e 165.33010 1055.82129 5
e 601.20971 133.85245 9
e 301.05616 575.94124 14
e 593.65959 771.79607 9
e 486.40927 753.08890 5
e 255.10741 184.40764 7
e 484.61412 610.41456 12
e 187.32433 781.32210 7
e 248.53918 1008.81225 14
e 703.39231 398.58639 11
e 647.74029 765.14065 15
e 683.56387 123.14145 12
e 322.02096 344.59823 5
e 676.23146 786.57710 6
e 665.63770 758.12999 10
e 583.36598 797.94038 11
e 226.62539 402.79200 8
e 597.89740 947.02029 14
e 444.25182 906.57369 13
e 393.64994 871.38932 9
e 492.83218 277.72481 8
e 11.50082 523.84694 9
e 10.48553 131.76587 10
e 566.89695 819.34204 4
e 467.81946 436.02743 6
e 36.67969 501.00713 10
e 311.17884 583.57981 9
e 526.10029 975.76828 9
e 434.48892 739.79963 7
e 325.11171 909.87318 12
e 423.35914 275.64423 17
e 91.09877 551.20113 13
e 496.94775 44.34055 8
e 298.48859 466.36459 8
e 546.92231 55.77763 12
e 549.31802 297.96202 9
e 638.57925 1068.49596 7
e 364.43242 565.57140 4
e 162.55247 816.82899 9
e 593.21898 693.84193 9
e 211.21543 435.24214 5
e 356.13818 695.58900 7
e 231.59400 666.89128 6
e 69.14273 24.26709 9
e 627.16852 48.16608 7
e 147.79450 561.14899 12
e 421.91538 754.04465 4
e 174.40909 279.34312 9
e 491.89825 515.68724 10
e 165.28312 607.23179 7
e 223.67795 952.80880 10
e 489.05638 976.80151 10
e 567.36451 205.96739 8
e 338.73387 843.27120 9
e 28.68910 484.77004 7
e 429.76005 711.23550 12
e 89.26376 791.38284 10
e 462.23448 71.48354 11
e 179.88150 435.61674 8
e 349.70956 273.08392 8
e 292.57690 328.06984 10
e 290.83076 576.22264 9
e 376.87045 711.55337 7
e 340.89332 387.17275 5
e 111.77699 329.74720 19
e 329.01500 753.16385 12
e 505.95716 211.35846 8
e 613.81560 665.75674 7
e 591.98929 694.55015 11
e 142.76755 377.61437 7
e 611.06718 343.32193 6
e 573.13551 1062.45119 4
e 615.84680 230.14538 10
e 198.78124 482.81138 9
e 68.94033 119.88207 10
e 584.22521 887.23232 15
e 281.51964 393.36194 13
e 236.02823 685.78898 14
e 87.71193 57.16161 7
e 193.17781 24.80562 10
e 474.77536 1049.77759 9
e 519.20785 176.00412 9
e 682.75178 888.80713 7
e 603.09368 824.43094 10
e 527.36501 143.95335 11
e 649.25836 735.77456 7
e 268.51665 490.97806 11
e 195.86176 441.69739 9
e 75.81334 1037.55952 11
e 509.07292 890.20076 14
e 660.39478 178.78306 5
e 541.66492 722.42478 10
e 436.80302 279.61626 10
e 247.54580 542.94273 12
e 125.83106 793.97851 8
e 156.40113 896.14684 9
e 226.18508 325.96695 7
e 137.95832 881.80987 6
e 346.18818 778.78715 9
e 87.09244 802.93112 15
e 235.55637 618.44362 13
e 497.36204 551.92509 12
e 532.28787 72.28401 6
e 490.59218 678.02613 9
e 392.62111 576.41529 12
e 664.72837 730.91257 10
e 675.99791 716.24408 15
e 242.94321 698.43890 7
e 399.14867 466.48699 7
e 202.62822 206.53958 6
e 116.59047 441.28568 9
e 247.04953 579.14196 9
e 132.01985 47.84712 5
e 337.90971 171.94475 10
e 143.08554 567.30593 10
e 117.82468 479.70580 7
e 404.68339 544.62932 9
e 518.70111 637.69706 8
e 593.36820 882.30376 9
e 264.00812 803.63268 10
e 448.36781 933.16844 10
e 119.41723 813.70271 8
e 374.08127 199.75340 8
e 632.52458 626.48190 7
e 82.61857 65.37523 11
e 37.08527 719.39450 6
e 575.54618 493.71838 8
e 680.41834 1021.80779 10
e 254.46051 769.65716 8
e 586.02604 785.50104 8
e 700.16533 809.52758 6
e 41.39285 402.52734 15
e 298.18366 29.84833 4
e 386.64447 467.18031 9
e 709.90339 753.89721 7
e 38.86854 653.07904 12
e 347.93563 839.21648 10
e 605.50195 385.42290 10
e 256.67435 877.97472 10
e 659.47401 812.64097 9
e 193.29641 798.99297 12
e 252.07097 584.02693 7
e 361.27360 626.58205 13
e 585.31844 117.99699 11
e 211.15020 746.78738 13
e 685.31620 379.13418 17
e 128.67698 26.38216 5
e 602.83972 1006.18905 9
e 366.01783 1053.02991 11
e 213.18233 291.45837 13
e 592.20342 826.70241 12
e 637.70769 1008.08686 10
e 527.75399 910.35262 9
e 43.55582 89.02072 8
e 348.93993 684.32249 4
e 502.78087 302.51298 8
e 93.57763 479.25769 7
e 156.46661 977.67845 10
e 15.25874 601.12066 9
e 384.52948 869.83371 8
e 140.14456 773.79213 10
e 423.34451 453.93231 3
e 373.46561 16.96648 6
e 137.79824 165.94733 9
e 595.36261 434.20789 6
e 444.49506 684.35047 7
e 307.27084 18.08435 5
e 116.26068 384.44331 9
e 549.35323 724.88754 8
e 332.67003 623.67313 9
e 588.31822 349.90688 14
e 344.84290 65.50075 11
e 512.50108 846.92739 15
e 406.15054 665.73096 14
e 562.82559 271.02906 13
e 695.66230 748.01571 14
e 308.35077 235.50066 7
e 516.79833 563.76712 9
e 372.44382 124.29899 7
e 611.97651 704.86903 13
e 478.56888 921.68379 10
e 439.42405 587.63372 9
e 215.76330 611.58053 15
e 32.47457 605.96038 7
e 446.10918 631.68661 9
e 224.73057 712.34518 14
e 269.65634 294.20833 21
e 474.26243 197.13842 9
e 525.99379 719.30964 13
e 570.26588 192.43038 10
e 576.22700 696.98792 12
e 74.45450 333.00194 9
e 385.12216 412.43661 10
e 527.90647 1069.93570 15
e 73.65845 87.69540 8
e 623.57066 666.10013 11
e 393.89084 709.03287 7
e 611.23437 1014.39082 11
e 86.67095 17.58512 6
e 691.06694 142.45244 15
e 703.70191 242.99299 8
e 459.54223 46.04051 9
e 447.86022 503.89229 13
e 623.95572 489.56081 9
e 361.18843 623.20270 7
e 239.37216 845.39598 5
e 501.74758 206.84811 12
e 16.52988 1011.79377 8
e 18.54416 132.55393 12
e 166.46835 511.11495 5
e 322.81541 383.50148 13
e 625.98442 941.51366 4
e 186.21618 755.65445 8
e 571.95214 813.89994 11
e 448.51947 576.16709 6
e 183.38444 762.22668 9
e 443.29942 559.29369 9
e 453.92577 336.26591 8
e 650.69020 916.04181 16
e 590.43219 201.80579 9
e 147.69335 383.91528 9
e 563.94151 949.56497 17
e 76.70812 981.32020 6
e 466.76731 477.46115 8
e 347.89935 131.26376 10
e 142.33049 800.46396 10
e 89.98506 815.17016 11
e 272.71001 463.02603 11
e 573.92925 696.14514 8
e 556.43409 106.66486 14
e 313.62158 429.82883 13
e 612.83926 448.08758 7
e 232.73027 591.49630 9
e 495.70191 786.26458 8
e 397.22354 236.46826 4
e 486.53210 1005.98448 6
e 26.05292 169.85417 13
e 604.44947 243.06596 11
e 169.57860 169.91268 10
e 561.62781 678.62687 10
e 367.23602 779.67170 14
e 588.62275 534.25051 7
e 485.65147 646.39313 8
e 690.79908 398.96287 13
e 289.85068 779.88029 11
e 421.76407 655.42094 4
e 704.63887 727.59433 21
e 398.54550 704.05698 7
e 107.49412 379.26605 7
e 343.55259 835.55275 17
e 28.65307 437.87474 9
e 249.67719 950.67259 8
e 83.54642 756.02672 6
e 608.27914 649.49328 11
e 168.05954 739.49739 6
e 549.58534 171.89451 8
e 364.76106 20.41006 9
e 337.59247 309.09465 8
e 490.59692 152.57754 4
e 349.02160 64.71241 14
e 674.43824 1048.64351 7
e 406.20375 315.32755 12
e 523.33635 495.42208 9
e 680.95216 17.93387 13
e 158.79769 456.14313 5
e 633.82941 577.98125 8
e 324.12394 136.25587 10
e 391.81124 595.94759 10
e 105.63843 514.28297 8
e 251.74509 628.71513 10
e 489.08277 543.83400 6
e 366.64524 322.54424 8
e 320.26096 949.47538 17
e 268.01244 81.39455 11
e 103.24578 422.06189 11
e 280.88454 291.52362 7
e 371.57687 663.12207 6
e 32.06577 351.34978 12
e 140.15142 654.00794 11
e 680.64056 854.01302 5
e 536.27908 38.37549 7
e 401.05294 274.66172 12
e 386.02536 33.09321 10
e 356.26444 408.09971 8
e 244.72053 428.10712 8
e 111.41858 63.63330 9
e 456.46017 189.97190 8
e 373.53228 197.11908 6
e 66.35323 149.67956 6
e 532.74800 219.07581 21
e 503.28621 640.69777 8
e 66.54013 139.54007 11
e 28.27121 461.50113 7
e 693.85531 835.79013 12
e 518.40592 1044.56925 9
e 581.42845 85.57728 14
e 554.63954 373.05693 8
e 697.73173 97.99001 6
e 631.58995 378.43792 12
e 150.21893 204.60735 7
e 22.32912 631.83293 4
e 204.23773 1016.33291 11
e 344.35573 254.13255 7
e 575.55190 444.34468 16
e 537.19956 878.28721 14
e 312.08586 1003.13097 10
e 660.99244 676.84469 11
e 635.14494 692.71203 9
e 357.95712 316.70595 8
e 298.97001 37.54791 5
e 640.32461 550.51076 12
e 671.80896 249.39013 6
e 282.59647 702.80966 9
e 542.86496 590.83774 8
e 698.76412 592.07936 7
e 612.96099 279.85932 15
e 182.45008 985.79738 11
e 133.10572 374.59522 5
e 437.96986 236.12922 16
e 142.41002 346.29029 8
e 185.60660 512.56040 11
e 531.11806 630.69751 7
e 326.79130 509.96638 6
e 545.65304 809.96589 10
e 617.84638 870.70612 7
e 94.43113 498.12516 5
e 321.18996 724.64444 10
e 80.78358 544.84002 12
e 288.81749 712.46329 6
e 336.34156 131.58460 8
e 76.03400 545.72903 8
e 201.99705 497.01551 8
e 487.61572 1024.28779 12
e 47.34928 235.68879 4
e 220.59323 154.61690 11
e 455.65135 516.59570 7
e 242.83927 884.19325 11
e 190.51011 249.64340 12
e 315.16526 419.32222 8
e 316.11422 659.35535 11
e 391.13469 996.07347 16
e 303.71573 336.35933 9
e 196.83952 390.27021 8
e 479.89764 285.89038 8
e 53.11601 102.53225 10
e 690.43893 623.48930 9
e 180.48584 564.49354 11
e 545.52054 421.04465 16
e 169.64945 686.47319 11
e 182.74479 401.02415 12
e 617.52975 683.94135 9
e 377.20414 552.43823 7
e 503.40313 945.10674 10
e 521.48283 91.67375 6
e 500.37166 819.44627 15
e 29.36063 581.05471 9
e 693.27809 985.15675 12
e 120.30000 19.29466 11
e 611.09038 814.77969 12
e 490.43993 324.01279 11
e 160.40118 847.43631 10
e 349.09837 999.91916 7
e 638.31550 430.44198 8
e 518.02361 481.78300 10
e 93.99005 243.81804 10
e 379.38996 737.00061 7
e 227.14172 507.49223 7
e 452.75152 362.48261 13
e 535.43258 554.44902 9
e 100.45444 871.04082 6
e 337.63585 401.44905 10
e 588.10542 746.59829 11
e 521.75450 871.78784 7
e 103.34641 929.21247 5
e 414.10685 313.34858 15
e 282.22083 510.38265 7
e 182.86420 113.86728 8
e 307.32207 229.65410 9
e 411.16709 305.65670 8
e 432.47951 105.49916 8
e 454.45072 348.15656 13
e 442.39118 490.38255 8
e 542.97038 572.58261 14
e 447.86945 622.64116 9
e 709.14552 576.19256 8
e 386.95068 772.10604 8
e 515.89088 67.52249 7
e 68.67971 15.76005 12
e 467.62110 712.44109 9
e 498.46856 567.31444 15
e 558.77778 339.10980 9
e 556.79197 762.24165 8
e 351.74905 12.44022 10
e 479.33968 488.47476 12
e 263.03356 964.19705 9
e 338.00082 467.15876 8
e 217.96441 713.46306 14
e 513.89992 290.69101 4
e 390.87550 470.91596 12
e 670.80793 182.60260 8
e 161.82048 982.67887 5
e 82.54432 957.80629 9
e 595.72719 28.65618 6
e 429.85749 732.52914 8
e 217.10289 808.66775 14
e 673.32310 447.84975 7
e 160.98672 605.97671 13
e 39.76778 935.74525 5
e 465.65171 70.76855 8
e 651.48142 578.63556 9
e 335.75348 55.84861 6
e 12.38372 152.82514 10
e 100.88066 686.76721 5
e 506.78915 718.73386 11
e 125.86124 838.46089 8
e 466.05499 104.36844 10
e 484.77273 859.40589 16
e 650.51192 107.77520 9
e 200.78152 583.57366 15
e 650.35367 659.65125 10
e 695.55899 928.02661 15
e 638.71851 896.79267 7
e 606.66642 710.95934 7
e 239.06256 523.92106 8
e 367.20355 358.82410 7
e 358.76322 146.22893 8
e 404.02771 95.75723 10
e 283.72318 178.07130 10
e 325.56147 764.36620 6
e 360.60906 652.90084 8
e 672.26843 418.72268 9
e 666.92762 1047.24551 6
e 296.67528 446.68365 7
e 525.41062 863.77713 20
e 336.72718 426.85573 4
e 429.94593 533.86790 16
e 372.31622 392.81961 8
e 180.37902 671.26808 8
e 133.91755 159.00947 7
e 581.14083 665.44291 16
e 658.47439 144.86652 15
e 407.79405 266.29797 10
e 328.71635 318.13972 6
e 93.61230 573.60457 17
e 124.57565 733.00117 5
e 402.23069 1023.10957 13
e 336.62797 89.73280 5
e 505.71434 160.80305 14
e 55.24865 245.41151 16
e 395.43693 829.53366 9
e 411.65810 748.22986 12
e 100.82515 625.21793 6
e 317.70095 911.53115 6
e 361.83637 819.95046 9
e 580.63367 801.09356 8
e 590.53708 43.88803 8
e 51.97464 89.90634 8
e 327.06480 454.44679 13
e 261.58233 803.12809 11
e 177.22645 1019.70537 8
e 540.82970 571.86520 9
e 608.89743 853.01433 5
e 162.63647 888.29232 11
e 130.47827 387.73412 8
e 648.15064 368.25609 12
e 648.32740 989.20462 8
e 431.91034 912.02022 9
e 627.62448 948.32163 13
e 600.34072 1041.26466 6
e 344.62217 894.73291 8
e 445.46306 784.57745 10
e 587.92143 121.66189 14
e 245.12062 1023.68379 12
e 670.13677 617.79314 6
e 132.16220 329.21099 5
e 267.47451 262.81062 5
e 675.15396 188.00783 11
e 661.03840 433.59646 5
e 251.88867 854.17584 9
e 13.25236 188.80834 10
e 685.58635 582.70104 6
e 585.67089 1028.40039 12
e 520.85656 191.97653 10
e 694.62093 807.43437 7
e 105.91619 561.54212 6
e 478.70563 959.26303 8
e 426.92099 343.01448 9
e 337.91773 1056.67553 9
e 571.05863 672.89923 9
e 380.26280 822.45304 6
e 400.33377 577.29003 5
e 210.28713 679.70125 10
e 58.49315 653.32644 20
e 368.44374 189.57235 6
e 509.87980 309.65351 11
e 32.31366 917.72687 5
e 237.10631 1005.30449 9
e 306.26940 142.76069 10
e 465.83446 208.80491 12
e 492.95274 994.40482 5
e 564.02269 976.18309 6
e 556.56292 870.26233 9
e 351.01164 64.73011 9
e 252.48677 471.72476 9
e 398.98601 295.19213 9
e 10.79587 616.70036 15
e 566.61228 515.55905 9
e 692.72292 269.49938 9
e 633.99847 1059.40943 8
e 325.86914 741.64966 7
e 457.89546 223.54296 6
e 199.88689 312.25629 14
e 443.04546 956.57414 9
e 197.16980 954.13122 12
e 452.20048 970.75650 13
e 19.27763 880.64707 9
e 419.13129 319.53883 9
e 242.16276 821.00685 7
e 652.12853 327.34146 6
e 416.18885 227.66309 7
e 475.24423 322.70374 8
e 292.49732 741.08181 8
e 616.64002 331.62587 10
e 549.67446 611.96886 13
e 339.54147 639.26311 11
e 327.75240 286.20686 9
e 476.11462 776.86492 17
e 305.13414 137.85472 8
e 353.00502 350.14653 8
e 185.99598 1051.47435 18
e 492.57786 620.23541 7
e 111.26672 222.52629 8
e 566.10875 133.97552 11
e 598.53012 698.26426 5
e 263.57334 382.49954 7
e 625.84076 660.28918 9
e 437.39477 763.84445 10
e 157.50645 440.14398 9
e 177.45982 427.66654 9
e 117.56866 989.63160 11
e 18.66897 427.33325 9
e 283.45468 409.07356 11
e 59.59556 113.17768 3
e 266.96048 451.39736 13
e 562.68221 381.98289 14
e 629.48473 335.73725 8
e 213.46906 756.80812 7
e 298.71644 376.55161 11
e 373.38258 310.42210 10
e 72.79983 71.32284 10
e 536.03996 682.75763 10
e 263.17182 101.17945 13
e 111.58522 37.99900 8
e 376.98153 288.61625 8
e 108.88180 14.60131 6
e 628.25609 952.46408 10
e 178.96279 789.01186 10
e 367.05766 88.58212 7
e 237.81901 671.59679 10
e 358.54800 585.57426 10
e 89.31160 675.13957 10
e 275.38542 833.92185 7
e 487.12421 523.61227 8
e 438.48285 498.91802 8
e 462.49906 22.04094 17
e 148.34631 318.01984 10
e 415.17410 26.34706 11
e 499.79669 392.68502 7
e 621.11260 894.12074 11
e 429.43121 875.33118 9
e 238.07702 969.67274 5
e 462.83020 609.14471 8
e 293.43794 519.93226 10
e 665.59717 746.36410 16
e 446.50965 923.97174 6
e 221.37237 633.21875 6
e 467.61114 795.97904 3
e 251.15676 27.04942 6
e 475.76474 515.97861 8
e 313.71262 1059.76760 10
e 347.81983 703.93777 12
e 577.18625 383.72394 12
e 130.37634 874.37021 9
e 598.17502 91.73246 5
e 18.10650 754.02041 11
e 48.20933 832.04645 11
e 401.53881 488.76197 4
e 364.87565 666.33735 8
e 34.31895 663.01315 11
e 235.92647 402.35613 5
e 132.30079 217.10733 11
e 663.89050 1061.07313 13
e 448.09558 804.14513 5
e 672.83081 623.34211 9
e 631.07689 721.36508 6
e 575.66523 494.25062 13
e 256.50591 840.35902 10
e 250.51707 764.36526 10
e 538.41258 978.34947 14
e 319.63772 644.86712 12
e 53.68735 119.07289 12
e 60.69549 110.90637 9
e 275.70003 874.43184 9
e 84.78627 325.31228 7
e 612.29822 683.70450 14
e 86.83613 974.10019 12
e 386.19057 671.15291 13
e 670.54593 638.61466 6
e 499.10856 278.23121 9
e 84.18319 665.82859 10
e 468.38191 18.43236 11
e 34.10020 703.91528 7
e 412.57262 90.40066 13
e 201.57026 467.46981 4
e 278.62327 879.16616 7
e 183.38096 791.53853 8
e 376.39797 615.67480 11
e 385.97565 101.74276 12
e 627.55406 631.59795 10
e 28.43814 523.30175 10
e 95.82716 80.12240 6
e 346.65794 1000.92959 10
e 397.97744 723.70718 8
e 392.19623 188.48810 11
e 436.93071 344.29792 17
e 237.06890 538.24506 6
e 378.21261 790.30819 7
e 55.19967 787.55402 15
e 356.80930 69.53250 10
e 413.44292 881.42545 10
e 412.26224 752.69823 15
e 139.02786 913.02746 6
e 25.43250 772.93763 6
e 52.88442 890.93352 10
e 128.28638 732.87561 12
e 224.23747 498.67175 9
e 615.90263 780.40025 4
e 250.14544 566.04290 15
e 383.12301 191.95165 11
e 238.97456 471.36924 5
e 423.54152 959.10382 11
e 486.96060 70.40494 11
e 63.04156 214.87325 13
e 567.55751 122.01192 10
e 434.00210 507.32290 11
e 574.21318 235.21246 10
e 148.17604 824.25729 11
e 80.76680 222.16419 7
e 41.68496 133.38383 9
e 200.62241 934.08944 7
e 384.22906 135.93298 4
e 372.50452 157.06071 11
e 248.78865 709.40810 9
e 376.31885 469.09445 10
e 499.73788 1064.86571 13
e 39.49232 121.91410 9
e 521.19687 192.81273 3
e 690.17269 255.79609 8
e 676.77715 730.57708 10
e 523.10877 627.46883 9
e 368.43628 320.93903 9
e 505.68116 691.55810 9
e 684.30757 679.91505 10
e 159.20936 339.91741 7
e 330.20718 553.59361 12
e 401.01258 635.35954 9
e 425.92824 173.75622 7
e 176.26683 32.90702 11
e 109.76647 815.81344 8
e 169.84304 145.17208 8
e 415.51218 27.98116 12
e 178.75235 342.86579 13
e 680.79512 70.39708 9
e 409.08136 157.63382 8
e 415.74540 975.25256 11
e 140.44037 586.60551 3
e 577.71989 804.68005 10
e 15.70467 847.79757 11
e 465.52034 738.86980 8
e 147.77231 722.95058 8
e 633.78844 151.71666 6
e 29.97747 336.41102 13
e 369.13082 368.11139 8
e 675.79394 24.58941 6
e 361.89655 35.83782 13
e 73.75362 685.51967 10
e 593.92392 1012.47101 12
e 345.33357 379.81821 7
e 291.30427 359.47057 18
e 457.25838 633.78397 5
e 480.76488 264.19373 14
e 332.01068 573.97444 10
e 324.19929 411.46404 6
e 453.55235 463.58710 7
e 384.27141 700.95562 8
e 28.71623 160.82755 8
e 121.43452 472.04867 10
e 11.91860 776.24536 12
e 129.01230 585.55025 9
e 356.85587 611.21178 6
e 273.11865 292.13693 8
e 460.76694 217.90309 10
e 125.62415 850.24641 4
e 284.17637 976.43239 11
e 473.17623 157.30087 11
e 359.74782 759.18450 6
e 104.69456 388.76464 8
e 601.60672 679.63478 4
e 634.66378 294.45763 6
e 92.86126 255.30945 6
e 221.43563 906.92381 6
e 418.31237 78.62283 8
e 268.10833 755.77213 8
e 582.41150 935.87416 5
e 375.38124 646.80832 9
e 422.03866 64.64818 14
e 409.15698 920.16513 11
e 331.76084 99.04510 9
e 592.98850 942.73999 8
e 409.84943 202.14659 7
e 39.23786 598.26868 12
e 351.19744 913.33643 13
e 61.12975 48.79590 14
e 671.10562 808.98532 17
e 581.21829 553.05580 8
e 178.88316 1068.83713 8
e 154.56675 977.20914 14
e 408.90841 548.93117 11
e 580.25677 580.94687 10
e 500.30127 266.52761 6
e 412.74525 667.75770 8
e 167.64921 314.83189 10
e 44.11229 257.57885 12
e 669.64948 592.25493 4
e 253.16526 891.95238 7
e 453.37382 262.91159 15
e 446.94825 581.77436 11
e 242.28523 346.33710 8
e 191.10663 809.92934 9
e 651.69917 598.81489 10
e 544.39438 899.06793 8
e 78.65837 267.53540 9
e 410.58023 808.05472 13
e 380.30422 946.11743 13
e 666.40081 729.72245 11
e 590.41869 778.08110 6
e 224.01878 39.33789 4
e 30.59368 361.75463 7
e 426.23661 803.14582 16
e 687.17427 888.18864 5
e 454.78860 492.40386 13
e 557.06480 352.31100 10
e 589.40448 25.58503 9
e 674.85597 287.62970 12
e 284.66298 771.11189 12
e 18.47283 174.32425 11
e 213.70814 950.71956 7
e 637.04117 808.27851 9
e 55.51344 75.15507 4
e 400.97991 839.86624 8
e 43.40058 619.86935 9
e 293.76577 571.70306 8
e 583.42273 849.70548 6
e 447.41560 814.86316 10
e 439.47835 73.92985 10
e 220.62896 819.89860 7
e 278.31967 1064.19849 11
e 464.31770 724.76824 8
e 506.96806 910.51317 10
e 600.64394 584.86632 11
e 41.93414 375.81824 7
e 548.94422 18.67261 6
e 172.19139 1052.44739 7
e 122.66388 126.01455 11
e 58.41887 323.29381 8
e 165.75632 773.15944 9
e 470.28488 879.02121 10
e 485.26508 463.63279 10
e 513.60214 874.64809 7
e 292.02927 710.86260 12
e 392.49826 123.56667 7
e 629.29263 577.13953 8
e 33.33232 433.95228 7
e 479.69360 98.12382 10
e 595.72579 301.46161 8
e 602.54666 853.00680 21
e 477.50965 1019.30442 9
e 214.53083 569.96411 13
e 64.45394 516.27976 9
e 419.20391 585.98979 15
e 238.64423 894.18564 7
e 169.27619 314.59958 17
e 580.80383 934.58736 6
e 470.39466 968.50034 8
e 228.65725 186.94834 9
e 153.69284 769.71626 10
e 361.95348 948.58127 9
e 601.59908 275.78293 12
e 565.92255 964.10328 7
e 217.57544 621.98119 14
e 99.29849 791.34219 9
e 707.40534 71.98119 13
e 339.91552 429.02897 7
e 475.92681 314.21074 6
e 406.25630 413.50516 5
e 18.10088 992.17912 8
e 593.78508 188.60017 13
e 287.45768 931.60641 15
e 373.44383 554.34808 5
e 502.83223 1060.95827 6
e 629.09082 555.13158 10
e 73.79679 17.18140 4
e 356.55113 659.04258 12
e 260.76602 490.78874 5
e 32.19152 760.80351 8
e 442.54337 22.75383 13
e 580.88826 934.35664 10
e 54.31977 874.54774 10
e 286.42204 389.00165 11
e 352.33064 566.77091 9
e 113.52857 438.25226 13
e 631.10147 855.25348 6
e 87.89245 404.61269 12
e 83.80278 952.42038 7
e 10.32753 839.12223 6
e 150.70512 323.53619 16
e 680.62581 768.20991 13
e 418.72087 1051.54342 11
e 78.02989 109.89460 8
e 435.20108 10.73917 9
e 399.10236 946.08894 12
e 466.21970 1010.25279 11
e 78.46486 1017.29391 8
e 72.27267 447.70214 8
e 81.37056 110.70103 7
e 405.12078 106.31616 8
e 659.68422 841.48975 6
e 80.85964 992.75159 5
e 419.23953 649.98323 6
e 240.22901 923.84378 5
e 122.49169 633.67842 9
e 455.62350 532.89178 11
e 328.69390 440.12001 2
e 608.64861 960.57378 13
e 564.75577 639.56457 11
e 632.45481 1033.05704 10
e 188.07612 202.83003 8
e 488.14553 621.86388 13
e 413.82888 581.32222 6
e 203.59954 764.01019 12
e 631.21663 326.85987 11
e 463.28365 29.05863 7
e 333.78505 667.84841 12
e 673.15789 673.21612 8
e 181.43411 654.39090 10
e 108.91487 809.58257 7
e 204.26918 771.48184 13
e 79.04971 66.51088 7
e 528.75066 820.95728 8
e 556.21319 433.69489 6
e 20.42142 576.72903 11
e 664.28417 767.93544 6
e 174.67583 460.92493 6
e 92.70957 204.66481 9
e 222.25299 562.30247 5
e 613.22941 49.10531 6
e 233.43455 971.04781 20
e 23.56541 339.60635 8
e 604.69708 1040.52109 9
e 543.87017 721.06767 13
e 606.39653 230.90832 10
e 640.61899 340.87032 7
e 705.54349 999.94382 10
e 638.69648 626.34661 13
e 433.06323 111.17252 9
e 399.74657 431.79085 15
e 513.45279 653.13952 12
e 377.74184 464.48915 10
e 681.79583 89.39621 7
e 695.69402 844.59593 13
e 433.07407 587.73045 14
e 148.20554 341.19796 9
e 221.91405 217.41058 7
e 289.08035 884.27825 9
e 294.25375 527.38304 15
e 602.50854 666.01983 14
e 339.76057 782.39624 21
e 407.76706 127.05782 6
e 709.16627 752.65681 11
e 623.92977 727.54872 12
e 96.28485 715.35014 7
e 296.80783 974.28897 12
e 538.27596 69.00306 8
e 213.12487 527.97852 6
e 177.13992 412.85072 11
e 443.66131 897.06903 13
e 667.32164 400.21294 9
e 514.23650 766.67561 8
e 166.68981 948.76749 8
e 372.09369 675.23295 8
e 187.19419 363.37722 6
e 385.21989 616.27040 9
e 638.87184 306.96296 11
e 601.34991 681.44642 12
e 649.09683 764.71594 11
e 161.65684 102.20936 10
e 153.36277 977.69296 10
e 333.00470 47.21277 8
e 187.99651 507.40984 8
e 199.22967 87.23626 7
e 584.17810 585.68372 8
e 631.38188 552.43615 14
e 633.99996 478.20285 11
e 347.90542 212.23612 8
e 222.21987 807.86945 8
e 68.44984 821.37425 5
e 381.85412 412.90554 7
e 493.25089 916.52383 7
e 286.50298 324.11045 15
e 636.41385 296.15442 7
e 283.65742 38.39043 7
e 512.36556 368.41331 11
e 494.75971 740.61279 11
e 313.23213 144.09515 16
e 616.78056 811.50215 10
e 217.07340 732.59003 4
e 362.07066 238.63341 9
e 260.78888 722.07957 10
e 470.16915 898.07585 10
e 596.90171 236.66765 13
e 544.11396 656.82141 9
e 316.74113 436.93564 16
e 224.45914 328.73185 9
e 228.54635 23.42954 9
e 169.39104 408.20294 8
e 642.73534 1041.11609 8
e 574.25128 837.05365 11
e 542.66329 920.27399 8
e 631.35075 49.87186 9
e 268.42414 205.47296 7
e 605.80871 398.29248 9
e 392.49557 320.22463 9
e 155.66236 359.67325 10
e 402.75861 700.62535 12
e 69.02629 194.16054 10
e 417.30128 124.24798 15
e 249.38737 710.40397 5
e 238.35583 860.92256 10
e 508.33777 172.83364 6
e 430.96993 589.00722 7
e 19.10021 645.47284 9
e 395.73360 344.02497 8
e 21.01484 364.23696 13
e 308.97382 733.40238 9
e 52.09494 593.28953 10
e 13.13047 928.36251 10
e 591.08484 777.38785 13
e 51.57397 443.25090 14
e 230.15817 738.95047 12
e 295.90059 538.71481 11
e 520.10293 385.17404 8
e 669.04257 897.45092 10
e 480.54473 627.96800 10
e 495.89112 806.56710 13
e 521.81456 852.75499 4
e 442.58664 896.65145 17
e 427.79417 610.30632 9
e 313.12855 750.44731 17
e 119.96475 111.34870 4
e 66.12260 720.55380 9
e 323.24461 473.36363 9
e 332.74844 488.06643 13
e 492.78177 868.93882 14
e 28.87298 454.06150 12
e 653.91030 187.25622 6
e 640.82585 548.54868 11
e 290.16380 434.54705 4
e 37.34668 820.31033 10
e 663.37466 805.36352 10
e 442.11067 476.20479 8
e 380.72956 745.24626 4
e 238.99955 163.19789 12
e 155.27594 1001.31052 16
e 418.93122 993.45718 12
e 183.41906 107.99993 15
e 490.88433 267.58953 7
e 414.30838 673.32193 11
e 206.75149 469.79497 9
e 402.44727 430.62080 8
e 300.74061 627.30774 6
e 284.05519 586.29356 7
e 709.95313 241.82426 11
e 666.05094 230.17428 9
e 634.17769 635.35841 10
e 530.75235 238.51031 10
e 142.41793 732.18425 12
e 190.48003 67.46334 11
e 568.96826 733.71979 5
e 311.94768 1014.56352 11
e 444.26456 555.48204 10
e 626.32597 223.57386 7
e 26.06155 534.79178 16
e 484.28368 157.28906 11
e 241.36452 535.40296 10
e 121.87043 221.82929 12
e 616.81827 345.55805 9
e 114.85306 276.39114 9
e 617.92597 549.44457 9
e 246.01556 491.07794 8
e 339.81475 265.15599 8
e 240.32284 947.06594 6
e 692.59274 634.38537 14
e 453.90728 240.10661 13
e 49.91911 255.62245 8
e 317.61733 538.67486 6
e 489.49811 927.22939 16
e 496.28319 780.64725 9
e 407.58250 171.16375 6
e 598.73880 1048.94564 8
e 293.59837 415.47833 8
e 664.64136 921.44994 11
e 301.58415 466.13057 11
e 210.94733 1024.04618 10
e 14.76653 263.72547 4
e 34.82302 558.28912 7
e 572.79762 608.42416 9
e 173.02290 474.23639 13
e 401.17316 579.14333 8
e 492.66797 565.68158 9
e 417.58169 863.23169 8
e 44.18957 67.62190 8
e 189.58711 928.98136 10
e 427.03571 671.62181 11
e 349.12814 314.68496 6
e 13.53324 519.70462 12
e 573.92475 1008.94833 5
e 554.25799 446.06485 13
e 443.62014 861.66601 12
e 518.01509 131.32550 8
e 465.48360 128.71068 8
e 464.32046 665.10457 9
e 659.28795 923.13208 6
e 132.29876 526.67922 6
e 231.24742 851.49975 9
e 43.17656 243.60257 13
e 52.67871 654.37229 12
e 229.32267 1069.41500 9
e 235.49818 183.23073 12
e 298.30913 192.02679 10
e 162.93549 882.44821 12
e 169.29755 912.29438 13
e 31.09169 27.02534 10
e 593.83279 466.19358 8
e 264.21354 567.84139 9
e 162.91768 755.25290 8
e 309.82663 421.10248 17
e 487.65666 403.67054 7
e 273.11505 554.74605 9
e 34.19056 760.40211 7
e 530.43744 851.46758 8
e 92.16272 937.15956 10
e 86.22204 253.44267 10
e 457.11090 863.14182 9
e 596.92777 456.26796 7
e 306.43851 997.73761 11
e 72.25720 1014.27316 11
e 197.38456 969.61538 8
e 556.34666 310.34388 5
e 493.68340 478.18818 4
e 621.02533 295.66295 9
e 110.90517 235.42116 8
e 89.59688 722.48589 6
e 193.42049 765.25262 10
e 391.93944 276.54588 10
e 160.98790 185.74056 8
e 314.14173 374.00850 12
e 653.77672 698.57507 9
e 153.95777 252.88785 8
e 525.31929 749.50471 15
e 233.08452 515.50171 6
e 115.99745 442.48095 14
e 214.27946 105.70077 9
e 61.62486 776.17336 16
e 243.13767 174.75326 13
e 318.26541 936.86088 11
e 296.28278 944.69142 7
e 682.01288 437.76915 8
e 276.41679 975.71459 16
e 385.64084 525.73481 9
e 512.46890 1018.97152 10
e 499.46821 461.23623 9
e 41.07213 1050.45883 12
e 239.00705 271.76001 7
e 343.63846 1001.62938 8
e 437.55852 354.36184 9
e 499.76897 688.46177 8
e 25.29899 78.52614 8
e 70.89127 954.57866 13
e 157.59929 209.37266 9
e 583.66561 677.29685 10
e 414.18953 57.66316 7
e 152.19622 337.40950 7
e 584.72394 233.12635 12
e 199.61317 913.12428 8
e 13.65272 302.52302 10
e 574.77529 489.27785 7
e 621.54641 416.23471 6
e 107.40735 406.80310 11
e 179.25623 448.89515 12
e 444.14424 519.24027 8
e 573.98582 287.95574 8
e 355.37658 626.59145 7
e 586.90777 785.47632 9
e 546.51992 569.09342 5
e 567.77773 161.52099 12
e 525.96377 313.83267 11
e 60.12592 596.02694 11
e 45.76868 132.38281 13
e 668.69778 766.52672 12
e 228.61811 876.90109 9
e 270.61544 976.40671 13
e 188.90688 253.17381 12
e 441.36476 265.11732 11
e 123.53666 1019.56712 8
e 116.50858 26.30216 8
e 251.02868 259.91237 11
e 96.88803 492.22671 7
e 372.17597 906.83841 13
e 468.93280 171.03279 10
e 622.98644 571.28874 7
e 574.36157 1034.26395 9
e 68.88932 1034.15396 8
e 252.76641 842.23613 18
e 164.05764 411.76425 14
e 361.36880 1023.19841 10
e 215.33619 1055.91400 12
e 347.16174 937.74947 5
e 233.45425 1007.31292 9
e 250.27824 641.00435 9
e 270.63629 927.65541 5
e 287.77110 338.41058 6
e 263.32591 646.60026 13
e 600.84261 351.59926 7
e 547.27298 840.69833 7
e 239.10090 19.81602 11
e 132.47467 626.11768 12
e 150.36836 1028.54218 8
e 694.07882 632.78022 10
e 153.49784 94.74837 8
e 178.37479 70.58573 8
e 167.23785 918.92407 15
e 499.68597 413.14375 8
e 191.79665 701.99330 8
e 648.52085 751.05895 13
e 531.79452 1046.13816 8
e 471.58548 371.18571 9
e 490.76835 331.56745 7
e 138.82188 926.81037 9
e 351.38653 669.44368 7
e 372.94594 664.09661 5
e 329.31883 327.94701 8
e 341.80030 687.63761 13
e 539.57712 597.65418 8
e 194.07391 485.37223 7
e 391.97679 817.07011 8
e 447.18138 113.15934 12
e 689.96459 1068.99427 6
e 180.67226 527.38573 7
e 254.03747 446.13992 12
e 604.69374 75.47096 10
e 171.60127 57.20072 7
e 92.49657 665.67273 6
e 475.77504 811.56793 9
e 161.88697 773.72258 18
e 132.34650 397.91194 13
e 603.22784 351.71048 11
e 167.30030 598.80311 14
e 402.57916 636.69730 7
e 161.79606 223.05536 9
e 328.45060 1002.98400 9
e 248.29076 995.21395 10
e 245.49424 1047.48069 7
e 669.58265 964.32182 5
e 339.80877 817.25315 9
e 307.50174 132.53604 14
e 437.77397 144.86928 6
e 156.43523 976.69011 9
e 645.78393 1024.23094 8
e 327.16577 671.41515 8
e 332.53759 66.85986 8
e 504.40854 288.28180 12
e 72.91751 572.65247 14
e 278.05384 329.95215 12
e 672.01789 706.03820 9
e 409.24807 813.24131 10
e 383.22393 1022.20745 14
e 16.24699 59.98399 10
e 475.51997 514.24996 8
e 134.89868 860.86642 7
e 282.32041 466.71204 9
e 299.28261 683.02051 8
e 478.84365 357.29946 8
e 384.12304 807.19784 11
e 147.94075 442.98332 8
e 691.86415 978.83650 9
e 617.65320 122.80283 15
e 52.99922 584.84018 6
e 473.01648 643.06913 9
e 575.67689 963.89919 14
e 556.68466 928.95560 10
e 407.27225 433.50457 13
e 700.18051 64.47232 10
e 570.33751 237.79119 12
e 490.84134 723.71437 10
e 626.92906 694.74137 14
e 583.17555 680.67606 9
e 158.08195 512.48369 10
e 253.67853 38.57212 9
e 438.83219 162.20289 10
e 184.55582 958.21777 7
e 380.78288 117.33156 8
e 382.64729 323.59974 8
e 343.20103 969.63129 8
e 435.17196 36.00150 8
e 351.77787 252.39403 8
e 292.55936 717.35307 10
e 150.64144 229.84243 5
e 470.40438 462.31009 11
e 121.08569 238.20374 11
e 539.56746 962.61229 10
e 40.84263 888.18116 9
e 30.40084 811.20204 7
e 17.11779 361.95404 11
e 594.80378 729.74082 12
e 385.85009 521.96664 7
e 313.81205 921.50643 14
e 588.57356 777.89945 5
e 222.05884 137.17312 10
e 310.21391 518.41313 12
e 509.65323 552.61305 10
e 38.93218 186.95461 10
e 440.78392 688.67710 8
e 116.68538 998.48280 11
e 38.62521 790.54867 10
e 588.18671 19.10972 8
e 376.04944 598.54980 5
e 163.34450 376.51371 6
e 123.04712 439.03435 14
e 49.65334 908.18473 11
e 598.39645 572.19616 19
e 629.40347 501.64092 9
e 628.76649 380.59689 9
e 498.63937 134.73993 15
e 34.36445 550.83311 8
e 615.86551 62.44893 9
e 432.35346 373.82005 6
e 282.16021 811.38498 7
e 454.16699 1024.38319 8
e 14.01943 826.26497 6
e 407.69160 921.44771 6
e 562.37243 738.80283 11
e 665.74073 1048.69895 8
e 294.51420 811.56329 11
e 35.34221 571.12214 13
e 156.90112 332.32836 6
e 290.96771 279.21559 5
e 118.67185 869.39379 8
e 618.24991 165.49267 9
e 283.94671 347.15586 14
e 390.72630 823.59791 10
e 531.14767 281.32664 12
e 423.76873 295.25696 10
e 61.76768 965.62339 6
e 406.40528 1065.91474 11
e 547.56693 36.16362 6
e 358.31782 505.42082 12
e 319.61637 732.63330 5
e 333.38551 51.47600 10
e 83.84559 946.32843 10
e 524.67416 456.12739 10
e 24.68431 177.88769 11
e 134.31886 351.81339 9
e 393.40325 279.14996 5
e 542.99745 609.80497 9
e 613.75650 916.61949 13
e 453.45838 400.38073 9
e 349.99333 291.50826 7
e 507.28127 128.53409 10
e 54.82350 146.84749 8
e 564.59979 203.87397 8
e 95.31587 476.65628 11
e 217.02516 844.28505 3
e 687.78256 235.52762 7
e 251.45105 737.82108 15
e 131.33469 72.17972 6
e 628.93540 342.33624 10
e 150.64207 904.33970 7
e 654.54362 251.76578 11
e 132.27558 957.89383 10
e 462.48774 667.85104 9
e 183.81096 838.68527 8
e 197.40516 109.61635 7
e 498.76174 133.97610 6
e 227.85800 738.42719 13
e 333.82238 159.83843 6
e 673.30305 186.90132 6
e 451.50761 855.80615 8
e 139.99332 531.81445 10
e 191.96560 959.96425 8
e 207.27446 792.44562 11
e 225.38644 640.65243 13
e 177.25057 508.37975 12
e 269.89387 85.46874 8
e 206.87806 1054.17827 10
e 525.19829 229.64977 7
e 256.42776 436.47848 10
e 209.40165 321.55142 8
e 140.91811 244.59897 9
e 405.41186 548.51785 9
e 194.08876 90.85007 8
e 446.42584 658.43160 9
e 475.66868 248.27899 9
e 515.27356 225.39150 12
e 373.09223 700.75340 11
e 426.56406 761.20321 11
e 631.78105 121.85268 9
e 533.95663 230.33356 9
e 307.12767 955.81741 6
e 351.73073 106.19653 11
e 557.80104 866.65712 5
e 138.59673 661.80085 13
e 195.60709 742.99411 7
e 551.74050 955.19914 9
e 65.71047 203.60069 16
e 444.65671 1012.22182 7
e 115.94139 291.09100 10
e 244.31620 69.98664 5
e 345.36433 947.10556 13
e 450.58825 938.59980 10
e 92.27042 869.03334 13
e 304.07509 1019.25242 14
e 142.14278 799.39602 6
e 528.68576 901.48572 6
e 420.45167 336.89735 13
e 163.62610 19.24164 5
e 487.84264 903.47273 12
e 381.28623 713.05007 6
e 630.28855 63.96430 9
e 689.08890 387.68958 11
e 19.47363 356.12759 10
e 66.51723 93.21827 5
e 252.46694 678.02181 7
e 201.93477 328.72173 11
e 385.61216 12.61352 12
e 76.69579 188.51932 9
e 467.85284 1016.66602 7
e 469.35738 300.69515 15
e 87.68259 306.61152 14
e 57.55403 983.77384 7
e 675.30034 906.33701 11
e 229.79229 90.46575 6
e 288.59195 530.73576 9
e 14.36272 880.29652 8
e 702.29383 871.80005 8
e 527.96450 813.64103 11
e 606.59138 890.44289 8
e 160.10322 914.38806 8
e 214.49888 526.72970 6
e 507.30112 482.26988 17
e 577.30455 919.23923 5
e 426.93705 892.95809 9
e 134.20481 688.36997 7
e 171.28679 23.17617 12
e 71.53070 239.77707 8
e 305.10712 497.36977 11
e 534.23922 613.71005 12
e 675.67764 923.39558 8
e 477.54112 789.41501 12
e 516.47864 169.45369 18
e 395.39412 81.43342 10
e 511.28551 799.09091 12
e 58.92956 889.47630 7
e 592.39391 178.07819 10
e 14.23075 775.72688 8
e 509.50222 213.64821 5
e 12.64692 52.40106 8
e 474.12611 662.27529 7
e 453.47521 645.99010 9
e 445.83905 114.79512 5
e 428.50017 35.33135 10
e 325.93586 579.22459 8
e 589.37831 204.08503 7
e 310.54800 879.16252 10
e 162.05532 550.76778 10
e 552.94622 396.42550 9
e 255.36598 865.80419 9
e 537.13242 948.77310 6
e 417.07284 301.43692 7
e 354.37872 847.67444 10
e 315.23387 597.55734 8
e 530.66242 446.63932 10
e 343.79464 343.42326 10
e 187.49695 1001.15475 10
e 383.88706 658.69318 15
e 66.59091 711.47432 10
e 318.75012 1066.76673 7
e 626.46166 234.36199 10
e 696.26475 214.67827 9
e 516.40351 646.63557 13
e 629.55085 514.76340 8
e 161.07203 240.70043 13
e 11.32784 117.11096 7
e 658.21239 56.60290 9
e 418.17140 892.64098 8
e 654.12781 445.64835 9
e 147.76626 635.15714 15
e 687.00965 76.26413 4
e 627.38864 301.85642 9
e 412.26076 556.44531 5
e 505.49769 882.66015 5
e 294.18721 209.23699 11
e 595.64290 941.70700 12
e 345.96660 841.64112 12
e 404.86689 726.52691 10
e 673.17740 197.89604 10
e 241.82540 661.80318 10
e 638.99163 922.70125 9
e 558.47117 458.49218 10
e 583.88568 524.58478 6
e 279.89367 573.23985 10
e 140.41491 577.34155 4
e 345.36889 170.42235 9
e 97.58988 295.20629 13
e 177.37780 365.23440 10
e 388.42308 743.97145 11
e 430.79499 872.92899 8
e 25.51410 787.98005 8
e 540.38308 164.05102 7
e 658.10415 614.07359 9
e 45.70222 658.36358 12
e 390.70813 968.01922 10
e 200.56010 398.72272 12
e 585.11457 400.63505 10
e 165.35823 545.91145 7
e 136.42857 1068.02575 10
e 141.35937 318.32470 12
e 26.94271 557.12631 8
e 141.04214 16.11370 11
e 452.63672 989.20226 11
e 601.18542 401.75328 10
e 141.30254 323.33871 10
e 174.22166 184.20475 8
e 692.07391 662.06671 11
e 544.69594 1061.54263 7
e 367.78818 619.20883 7
e 415.38595 491.83624 7
e 654.22710 337.55191 11
e 210.87759 481.17313 5
e 138.20924 821.98136 8
e 665.76635 569.58329 8
e 233.23886 885.77056 13
e 683.62591 626.79690 7
e 556.88403 133.84796 10
e 52.99466 789.77293 13
e 588.50985 49.00041 13
e 169.89371 958.49293 7
e 513.58443 690.68072 12
e 94.37801 534.22193 9
e 361.62120 993.58223 13
e 563.11030 845.55242 9
e 498.91883 233.36360 4
e 709.21936 903.81175 10
e 91.07914 514.11760 14
e 70.77640 877.80466 7
e 470.30591 789.32554 14
e 535.81659 537.61478 7
e 656.74014 926.85652 7
e 498.67033 303.86565 12
e 483.88121 489.60692 10
e 12.45745 499.14965 6
e 398.92672 949.31759 13
e 333.73160 898.74326 14
e 561.46947 113.38456 4
e 583.96814 176.77428 13
e 674.88257 549.43906 11
e 282.44931 349.37467 7
e 404.50546 539.49369 15
e 370.38382 147.24920 12
e 475.37145 140.57735 15
e 361.78879 118.24463 11
e 36.63443 62.60057 9
e 458.66517 641.38035 4
e 169.67785 606.07424 11
e 349.20642 338.90433 12
e 221.75493 520.55132 6
e 83.55240 317.88004 15
e 330.95086 486.31820 6
e 62.53476 502.21873 4
e 84.67391 573.03731 7
e 509.68010 1051.35578 6
e 259.81995 753.62853 8
e 539.67964 1040.52241 6
e 377.94063 17.12444 8
e 346.93529 1041.96790 7
e 137.95374 103.89704 10
e 28.59627 1007.44209 16
e 332.41802 524.72225 12
e 99.81214 1028.28353 12
e 218.91417 790.84648 6
e 262.57379 447.49778 10
e 463.90697 772.95433 6
e 445.21120 533.44078 8
e 175.21411 715.82976 12
e 391.10252 289.78560 12
e 338.81418 472.75858 20
e 495.32990 944.42388 9
e 176.07927 980.48558 8
e 136.48167 57.88791 11
e 666.33922 159.36110 13
e 434.77713 1029.04604 10
e 236.91388 271.22683 15
e 266.66580 765.92340 10
e 23.74131 902.40276 10
e 524.66652 267.33905 8
e 446.62532 678.39208 11
e 492.82592 385.33613 8
e 223.87917 670.25816 12
e 344.56871 52.38989 10
e 667.34422 343.41663 9
e 335.74287 211.34163 8
e 676.33539 751.28521 13
e 465.64724 296.46673 13
e 29.18770 335.51905 12
e 432.16439 631.26995 9
e 485.45511 255.14822 11
e 204.83032 659.96472 9
e 124.72622 604.05521 8
e 91.57554 294.19348 16
e 218.64223 151.94857 8
e 325.21687 17.38955 9
e 297.67388 506.47694 7
e 609.76564 467.20433 11
e 189.19754 639.07886 9
e 393.19431 808.41504 9
e 510.84221 862.16730 5
e 187.00808 185.11492 8
e 196.57808 253.00762 8
e 509.66303 938.82350 6
e 134.00484 962.56285 5
e 697.31417 317.56177 9
e 352.48992 962.40535 11
e 59.37592 652.06384 7
e 585.52354 112.07077 5
e 213.30489 823.30185 7
e 619.53504 498.05487 9
e 688.91583 801.84722 8
e 24.39655 357.59595 4
e 236.70140 200.89404 5
e 328.62938 952.59225 13
e 436.62615 1014.39032 10
e 339.60704 417.79119 9
e 381.79798 237.04646 9
e 388.07057 572.94154 11
e 49.17113 317.30001 7
e 384.37053 361.17652 8
e 200.11439 989.18668 9
e 692.40589 951.54490 8
e 561.47719 1015.13480 13
e 278.01408 645.24725 9
e 698.42253 819.80184 9
e 312.83368 543.24337 13
e 218.36805 118.19751 6
e 155.12593 902.26655 11
e 232.58485 631.35032 8
e 535.38649 427.62813 14
e 163.39272 590.29768 6
e 394.42399 881.25403 8
e 210.33160 929.70829 8
e 346.19090 746.48857 8
e 597.49509 1052.99934 13
e 352.77164 418.24690 6
e 440.39527 388.75476 8
e 359.78864 18.25142 14
e 147.02588 96.51809 7
e 530.59910 976.21791 7
e 594.20728 349.16640 12
e 527.97828 168.69746 7
e 300.23967 575.97858 7
e 44.30892 204.69613 12
e 427.13783 199.52008 10
e 150.16800 786.09549 9
e 438.02145 266.45447 7
e 223.89588 635.66398 9
e 647.93449 224.75516 19
e 670.46155 136.47754 9
e 199.89565 269.67587 10
e 563.48006 152.60035 9
e 607.06332 332.25404 9
e 360.91571 230.77276 7
e 219.00488 200.51242 6
e 422.36316 19.98612 18
e 100.56570 1056.34175 13
e 653.66523 475.81009 8
e 519.75913 71.96640 6
e 206.15126 719.33952 11
e 85.86892 436.28876 8
e 208.82780 892.32115 8
e 320.35534 668.94161 10
e 177.64444 1039.00899 14
e 75.40611 48.91129 7
e 360.63482 255.84255 9
e 310.84499 768.08030 8
e 217.03974 950.83733 8
e 448.56332 574.07662 7
e 285.96454 713.11243 7
e 249.38558 755.75154 9
e 491.45933 721.19638 7
e 691.32959 134.64687 10
e 676.96462 101.22908 12
e 613.62786 811.77533 7
e 253.31147 941.71660 11
e 540.97611 132.63343 8
e 286.60163 370.16008 19
e 371.35031 728.28645 9
e 673.04638 845.46733 12
e 47.63731 1025.49834 8
e 20.93288 421.31737 10
e 249.66814 26.78139 8
e 477.31927 1003.43985 8
e 219.37889 515.74012 10
e 598.59047 964.41619 7
e 589.32121 547.53054 12
e 550.60530 371.88219 6
e 696.94902 122.96171 8
e 291.31595 884.15784 11
e 136.52239 553.57751 10
e 282.42792 144.44844 11
e 321.00181 1040.76754 11
e 391.58945 32.72575 5
e 398.58885 260.64657 8
e 252.33385 843.56292 8
e 503.35197 789.18970 11
e 368.00930 308.02814 12
e 259.88691 299.34608 8
e 257.03687 610.26989 12
e 517.12095 1000.89027 8
e 532.22985 244.17381 9
e 67.02431 603.75928 8
e 390.41460 432.99950 15
e 507.84712 108.55205 7
e 418.76419 952.57009 7
e 210.27944 1009.45633 5
e 232.82716 226.86995 11
e 29.38324 277.93964 3
e 552.71550 575.28905 9
e 697.39909 136.96756 11
e 619.00567 744.88756 8
e 136.97998 166.06826 9
e 365.67000 649.34121 11
e 33.43733 754.52624 7
e 369.19396 634.23911 8
e 572.47017 736.06775 11
e 569.30750 835.93685 9
e 361.20040 229.61346 12
e 27.61107 549.09055 10
e 122.06484 219.90433 6
e 432.41855 772.43904 7
e 209.58299 165.60811 7
e 577.50348 412.81170 11
e 130.73859 598.80849 6
e 476.26639 711.06979 8
e 523.07767 332.14375 12
e 568.43789 467.45236 11
e 595.10267 1008.97222 7
e 688.07539 444.39940 7
e 398.27569 753.74246 7
e 596.54434 141.79449 10
e 299.85843 757.74774 13
e 297.84655 613.75358 11
e 513.51501 942.81009 9
e 348.00556 11.78659 8
e 24.29015 302.88638 10
e 467.37805 954.17830 7
e 693.65714 507.64510 11
e 36.32279 848.15770 7
e 61.45514 807.80696 9
e 189.60952 578.78539 6
e 578.69814 659.59679 13
e 32.81883 609.83509 11
e 196.05368 528.18562 11
e 667.31146 269.22497 4
e 109.84038 852.62645 18
e 636.21830 964.13350 9
e 63.56008 733.50385 10
e 505.54304 983.71204 7
e 231.01657 254.52108 9
e 571.45775 89.71359 9
e 207.38976 280.21018 12
e 80.59937 1063.46992 5
e 372.53105 987.66767 9
e 659.84194 507.59643 15
e 144.14663 364.59882 4
e 445.34659 481.66965 14
e 510.62281 1040.28549 6
e 677.73119 170.63123 13
e 199.22311 491.69010 13
e 64.79688 445.89779 9
e 427.75138 904.09111 9
e 488.84755 757.54270 8
e 91.02353 761.14213 9
e 487.98810 763.92012 5
e 203.92177 31.66181 6
e 74.44005 869.08752 9
e 674.58773 384.19046 7
e 103.89422 664.20827 12
e 308.80756 232.66642 13
e 67.68798 497.46815 7
e 355.24469 823.42056 5
e 542.59353 148.20548 13
e 583.35978 691.69526 7
e 577.50011 957.38163 8
e 126.80928 685.95837 10
e 364.76963 551.01837 10
e 66.32484 561.48183 9
e 89.54792 289.56815 9
e 504.30381 471.84804 4
e 548.71155 730.93821 7
e 376.08394 639.89100 4
e 404.64533 375.51384 10
e 340.77538 915.73613 8
e 232.02658 1002.26184 7
e 199.70950 637.53902 12
e 137.97878 232.07385 8
e 315.92500 876.06984 11
e 458.98519 195.77593 12
e 573.29403 126.07514 9
e 526.60886 31.78007 8
e 68.03952 75.87774 9
e 461.50390 523.96502 9
e 149.49771 80.50848 11
e 608.96737 273.28119 7
e 121.64786 550.94787 14
e 96.61694 1051.83128 10
e 678.15836 649.34577 5
e 394.09909 1053.16476 9
e 101.36384 491.95965 13
e 642.70740 269.88431 9
e 517.66418 156.57745 8
e 385.55389 532.34833 8
e 471.39576 211.05054 7
e 280.29670 237.04123 7
e 498.84009 968.11134 10
e 645.37257 391.43382 6
e 544.71685 179.68920 12
e 194.15476 752.60338 10
e 311.77014 12.15897 8
e 218.37459 512.72270 10
e 527.13430 447.24120 6
e 233.91812 172.15903 7
e 350.77758 372.79953 8
e 378.95269 920.29116 10
e 683.73327 508.18556 11
e 88.31926 374.11705 10
e 490.42051 617.07282 12
e 653.44585 585.75662 10
e 528.25068 604.57441 13
e 355.27884 65.68669 12
e 84.35056 72.07911 17
e 447.94306 721.07578 12
e 501.59787 1057.78848 10
e 12.14336 134.19244 7
e 346.16829 950.66060 9
e 340.87918 969.78469 12
e 223.86880 806.30724 11
e 221.27424 744.36800 14
e 673.84747 237.59038 9
e 169.34618 1032.91075 5
e 461.01668 288.54870 8
e 501.43386 1028.09891 7
e 180.90993 1056.18617 15
e 659.14352 911.39433 12
e 440.59203 626.74570 10
e 689.54128 340.20874 8
e 139.51059 221.63633 11
e 23.78330 147.76666 11
e 269.02011 930.43939 12
e 442.71176 188.60716 9
e 408.08565 667.54970 7
e 601.48994 131.31103 10
e 304.08870 785.39541 13
e 669.66675 210.54917 6
e 16.71816 201.10537 15
e 614.73471 843.15029 7
e 429.31341 699.63685 10
e 277.27311 486.55836 5
e 306.14252 533.27447 7
e 480.94068 786.84420 8
e 284.03778 409.39938 7
e 219.66298 176.82545 8
e 546.70069 551.88910 6
e 555.18282 467.05660 8
e 198.99799 232.11761 7
e 664.60717 621.30400 12
e 582.56702 149.02263 6
e 146.13951 242.68016 7
e 634.07198 834.33208 10
e 96.77365 15.30389 7
e 140.77163 569.62662 10
e 154.11979 209.03874 7
e 115.51234 173.93145 11
e 41.30246 353.62287 9
e 63.74582 860.68195 7
e 191.54371 724.49233 11
e 514.26182 198.68588 9
e 655.59555 357.32545 11
e 705.36652 714.79094 8
e 87.19315 156.16473 16
e 97.25785 801.05765 17
e 443.42412 281.48291 6
e 607.75630 730.21547 9
e 667.32904 122.57750 9
e 505.82197 540.36153 11
e 61.48046 638.37878 7
e 397.47652 664.54281 6
e 279.57190 606.39473 7
e 454.72734 407.45089 12
e 362.78507 388.22479 8
e 377.70183 726.24486 5
e 566.29025 126.20195 12
e 664.10013 811.29660 9
e 675.79989 944.72960 5
e 389.16046 347.13260 8
e 137.72253 926.24687 9
e 253.81262 932.43777 8
e 268.66531 565.54871 7
e 231.09598 630.25547 6
e 304.71448 117.18738 9
e 530.55713 216.60888 7
e 564.45777 489.29592 10
e 126.20972 123.63085 4
e 346.10024 87.21422 3
e 570.78106 1059.38926 13
e 148.76349 258.21872 8
e 636.95278 659.30688 13
e 19.53251 1023.75610 8
e 180.21092 381.23363 8
e 617.91412 967.96625 7
e 441.76506 590.81919 12
e 156.82100 685.26189 11
e 530.20347 533.91274 11
e 159.20756 384.34283 12
e 186.89337 896.34717 9
e 692.48241 618.60240 8
e 209.22939 263.05012 8
e 391.11410 990.72257 12
e 36.27987 754.10282 9
e 388.91246 473.72684 7
e 629.21074 812.23752 8
e 90.51235 258.82297 11
e 206.22416 295.71501 12
e 101.48049 437.81397 12
e 561.08546 718.17593 10
e 469.69412 579.66807 6
e 410.75698 727.89146 9
e 362.21814 99.59149 12
e 365.14693 966.56908 12
e 191.85500 586.83861 13
e 48.95423 496.73059 9
e 521.95965 639.43856 6
e 305.85653 586.81456 11
e 637.49312 846.29563 7
e 121.27474 492.82441 9
e 278.67599 576.36440 13
e 643.65851 183.81155 10
e 436.82215 476.55866 10
e 576.61185 143.83870 9
e 528.70110 694.36770 8
e 100.17481 633.50379 11
e 651.34501 558.88055 6
e 270.76336 505.28753 4
e 430.61927 833.80372 9
e 612.83187 515.59066 6
e 101.64333 397.92637 9
e 520.54748 571.00735 10
e 478.29707 631.60252 13
e 578.78895 643.11875 12
e 211.12500 841.27940 12
e 159.01445 775.37531 6
e 330.23850 461.81474 11
e 90.99811 786.39333 15
e 95.42248 335.39051 9
e 251.51734 966.25286 10
e 481.13521 1046.61011 7
e 269.66143 696.92554 8
e 20.68333 41.69325 7
e 20.68858 941.95637 6
e 496.29571 798.91119 9
e 324.79804 337.96317 6
e 73.92875 960.89075 11
e 398.40435 668.43748 6
e 661.67842 737.04201 9
e 622.45195 471.09303 7
e 274.42817 100.55526 15
e 661.72509 992.72839 9
e 47.10741 230.53121 12
e 159.03648 440.47672 13
e 108.78846 1030.97925 14
e 530.82652 574.10213 9
e 424.80872 1023.84707 7
e 419.60186 826.15378 9
e 68.94915 632.16404 12
e 34.13072 915.24737 12
e 584.72661 70.36823 7
e 313.55587 133.99049 6
e 152.14204 751.35675 9
e 133.93274 258.87587 12
e 664.78705 974.30223 7
e 686.86613 201.23444 7
e 452.12171 348.82354 6
e 393.31699 410.68486 7
e 49.60399 546.00581 8
e 82.12827 820.19021 9
e 554.29447 73.84633 11
e 238.76030 617.27442 10
e 25.47463 965.77565 13
e 90.10054 132.29089 12
e 326.82451 972.04209 10
e 606.18815 228.57250 7
e 479.72817 307.87517 9
e 307.86971 965.72044 18
e 555.49376 124.06723 8
e 259.37079 308.69205 8
e 411.78465 267.48110 8
e 707.11777 287.29736 5
e 81.35492 596.32722 6
e 87.11790 210.25286 8
e 451.92600 961.48115 5
e 467.50269 697.78426 6
e 426.91782 121.04232 7
e 188.82022 342.98203 7
e 196.69954 13.95639 6
e 674.70218 577.22431 5
e 112.47542 858.70497 12
e 45.10962 453.73672 13
e 500.18882 421.44255 10
e 481.87144 238.12105 12
e 309.97299 186.67864 4
e 69.67397 67.32726 15
e 57.68858 717.06622 6
e 147.02229 170.93158 14
e 452.14624 265.93416 14
e 488.75534 634.56687 10
e 396.33854 269.70601 7
e 42.67908 1022.02871 4
e 89.34832 540.92767 8
e 107.84711 171.85046 12
e 677.95664 761.93980 9
e 559.82018 715.10910 5
e 45.86977 837.92746 10
e 237.22084 1022.17443 10
e 251.04540 364.26563 8
e 676.63719 1003.24615 16
e 659.02243 706.57971 8
e 59.25318 31.14836 11
e 33.23604 264.54262 6
e 113.11125 655.53838 6
e 399.50614 35.93045 13
e 302.43451 615.91349 9
e 330.60093 518.53870 7
e 437.95048 977.64716 11
e 36.68315 502.56517 7
e 155.88577 878.24746 8
e 140.99444 64.29039 7
e 512.65334 908.56356 6
e 447.50490 31.71466 10
e 642.24798 563.43422 8
e 493.67356 115.96781 10
e 216.10682 209.56188 10
e 151.92039 475.78804 9
e 387.84416 402.92994 5
e 249.36463 339.44916 8
e 246.95699 203.66813 18
e 60.76037 1051.15281 9
e 693.86798 614.16465 12
e 584.36914 383.47553 9
e 510.41397 631.46297 7
e 219.17566 417.38095 14
e 540.13358 633.77250 10
e 561.30640 653.55194 8
e 225.80276 318.29009 3
e 453.51916 958.18369 6
e 643.77433 846.35517 9
e 327.70027 1065.78918 10
e 520.66053 880.47013 8
e 487.03374 423.78495 7
e 692.32828 635.15665 8
e 302.63376 167.30190 5
e 296.88628 958.23158 7
e 685.37608 949.91584 6
e 402.63212 643.39861 11
e 94.49636 621.20906 7
e 428.36110 385.59682 7
e 233.02846 894.20937 14
e 467.21522 334.78686 12
e 312.79503 1063.17995 8
e 147.34224 600.90744 10
e 317.92174 320.41710 8
e 330.69686 251.41147 10
e 257.11673 33.08354 8
e 501.94133 701.71187 8
e 638.92932 31.96001 15
e 175.50420 32.00635 11
e 41.51298 470.46195 5
e 556.82545 877.96243 4
e 664.21341 771.44382 12
e 452.01892 512.69420 14
e 578.17385 973.16071 7
e 238.73113 957.37155 8
e 463.41606 1003.12017 7
e 383.10237 1011.19417 8
e 631.32055 143.02105 6
e 440.49783 533.74239 9
e 349.45987 878.15400 12
e 194.77440 422.61684 13
e 643.49457 978.51243 11
e 163.57623 668.28981 16
e 459.35091 126.77568 9
e 58.71813 320.16911 12
e 676.59919 573.52461 8
e 378.47446 457.81626 10
e 293.77743 927.55005 13
e 606.97579 777.22335 11
e 645.28694 768.13076 11
e 130.91326 69.01301 13
e 120.78955 223.52992 12
e 487.68679 441.80103 10
e 640.42053 713.87605 10
e 293.46430 764.02587 13
e 209.72760 422.04278 8
e 684.89396 947.64976 14
e 420.65085 68.89413 14
e 409.86835 254.18918 10
e 77.30586 861.21558 8
e 641.82744 1039.40492 9
e 461.64908 83.35530 5
e 125.26408 660.66433 8
e 341.19516 794.58325 7
e 709.81001 104.05018 10
e 55.66567 409.87218 18
e 240.47928 74.69881 18
e 624.03399 156.27618 6
e 282.66096 236.34624 6
e 206.81534 837.35051 6
e 246.04025 331.06733 14
e 179.85972 885.12493 8
e 502.27975 945.28501 12
e 147.91097 876.88839 6
e 506.41949 1060.89569 9
e 663.76974 767.47892 15
e 373.25960 379.50774 8
e 129.75144 960.74815 10
e 664.68548 851.99329 10
e 166.16603 1054.16805 5
e 559.93831 429.27712 10
e 364.37531 1054.30764 9
e 372.40261 472.63094 8
e 405.27765 975.51836 9
e 386.74138 296.64770 13
e 489.74532 313.81588 8
e 330.14777 100.24117 11
e 617.73738 914.03841 15
e 339.14846 206.09312 7
e 53.21596 15.10599 13
e 673.38923 295.70197 10
e 223.30434 571.82643 5
e 78.69731 623.09446 10
e 589.69817 788.40158 11
e 157.49267 964.79788 7
e 396.74671 141.42511 10
e 88.77281 251.06164 8
e 207.96465 122.02377 10
e 361.54272 951.98446 13
e 395.97309 540.76370 7
e 193.63828 588.70848 12
e 686.71827 594.27015 10
e 463.60799 1006.66580 9
e 443.04845 911.31126 11
e 225.13607 289.36012 11
e 453.08286 869.70168 7
e 548.48789 476.36973 13
e 372.27477 947.31461 10
e 222.36662 612.50522 8
e 68.73169 79.21274 11
e 71.15722 663.38646 7
e 91.66774 519.36767 10
e 644.67252 980.41675 6
e 386.63405 914.75322 14
e 223.99248 531.88133 5
e 72.03263 851.85502 14
e 339.12059 703.72743 16
e 91.15203 22.87993 11
e 162.27613 672.20330 10
e 629.44989 911.63636 12
e 527.07734 372.33357 8
e 655.12352 68.42066 10
e 450.43414 759.78212 8
e 453.15496 471.73554 11
e 176.58659 877.22004 8
e 536.10485 464.18548 13
e 372.88154 692.50189 10
e 439.67290 463.29800 10
e 659.96638 213.80555 17
e 133.42320 240.44518 9
e 542.98431 424.11027 8
e 77.81849 628.83275 10
e 217.31815 1046.67369 6
e 349.76352 169.20621 8
e 143.81170 667.96973 9
e 135.90302 945.78554 9
e 291.02543 903.28530 10
e 158.86255 73.81739 12
e 36.24604 554.53592 5
e 238.46348 34.04698 9
e 633.52088 17.32405 4
e 32.95914 45.86891 14
e 27.44944 630.24465 7
e 186.06198 563.52456 6
e 536.39531 983.36983 8
e 264.05114 1068.68169 5
e 325.24432 982.80696 10
e 417.56868 486.07239 4
e 553.54405 663.12459 7
e 626.89405 458.64138 6
e 262.35101 439.29352 4
e 640.70259 591.93307 8
e 45.81893 1060.70172 11
e 180.46842 527.44500 8
e 299.57676 720.77899 6
e 382.81538 709.46374 5
e 446.84095 446.57238 8
e 93.53992 92.16369 11
e 371.59759 179.56790 7
e 190.99398 635.92195 13
e 604.50943 24.21980 7
e 103.91058 500.42784 10
e 343.15952 245.90220 7
e 166.20019 159.64779 15
e 180.59009 642.83199 9
e 24.73487 886.68151 13
e 24.86149 955.12590 9
e 459.95835 303.83322 5
e 213.27751 239.13721 6
e 212.75629 59.20048 17
e 83.77317 610.23665 10
e 254.60389 374.01779 16
e 606.89077 385.39299 6
e 10.45995 742.74993 9
e 157.87690 729.95908 5
e 557.70776 609.91832 8
e 263.75258 789.37351 9
e 137.28258 612.29089 6
e 618.58430 15.49547 10
e 670.39023 1051.85418 16
e 554.18738 292.23679 7
e 291.20936 646.80549 10
e 494.54489 500.30340 10
e 666.15313 660.91228 4
e 238.61631 416.18209 8
e 321.01865 289.93217 9
e 495.94975 346.49181 12
e 610.77049 425.81345 12
e 368.42708 251.28183 11
e 339.06534 531.95639 16
e 311.03184 19.32517 3
e 483.08019 932.52018 12
e 23.56764 342.49214 9
e 496.76382 477.31578 6
e 333.38794 135.89815 14
e 187.16140 345.25586 6
e 447.29367 1003.30789 12
e 692.33721 630.29560 12
e 426.32901 730.74705 4
e 558.51346 200.78285 6
e 104.61278 82.89372 6
e 561.76183 98.44297 9
e 317.65685 506.34738 11
e 180.81845 772.93566 8
e 708.96457 468.97279 11
e 121.11419 520.21720 10
e 320.46929 1003.89219 10
e 497.63108 798.77947 4
e 21.16542 567.98523 8
e 122.88953 936.35376 11
e 322.92819 878.56979 11
e 124.41585 228.01514 5
e 137.69095 850.50000 10
e 105.14693 906.27587 6
e 205.36886 951.69541 7
e 259.13953 307.69536 11
e 637.76143 979.79957 9
e 169.56333 762.97424 9
e 381.27360 890.49672 7
e 207.57299 416.46337 6
e 686.31313 733.22061 8
e 693.70171 193.54096 16
e 609.35930 586.92255 9
e 383.05415 406.70729 7
e 575.43624 567.77626 11
e 218.28471 538.42244 10
e 222.84188 565.44413 7
e 175.47765 346.69178 11
e 29.83125 152.09500 9
e 24.26480 832.29095 8
e 127.63412 332.99133 8
e 194.53017 999.36083 7
e 540.46685 741.43782 6
e 589.54266 170.27152 8
e 241.94352 161.47079 8
e 105.66405 504.47904 9
e 693.31187 432.32325 9
e 437.69396 1048.86399 8
e 578.17687 133.04889 12
e 371.82640 302.18440 15
e 59.90196 278.94487 9
e 613.05620 397.87175 5
e 562.85106 704.66066 8
e 482.03965 95.34640 11
e 61.93145 487.09914 8
e 152.65956 1043.78880 11
e 156.72661 687.71543 11
e 162.16154 459.75816 10
e 654.74594 244.19717 8
e 578.57561 701.06965 10
e 698.11620 919.04842 12
e 569.93471 639.08811 12
e 472.55913 1028.13643 6
e 372.01375 1041.27929 15
e 289.55387 522.12090 10
e 66.97658 1048.19159 8
e 114.68511 552.06056 6
e 472.68467 388.60926 9
e 39.43238 335.76790 8
e 658.04052 411.71666 5
e 701.13072 136.45474 10
e 630.15397 1048.38295 6
e 109.08184 323.22062 7
e 687.44628 197.85069 9
e 123.94332 307.67989 10
