c ./output/rectangle/uniform/uniform-rectangle-9-2000
p rectangle 2000 720.00000 1080.00000
e 280.63233 549.64934 12
e 387.17656 947.29489 6
e 222.77607 272.04892 9
e 127.52410 455.49407 12
e 220.24868 389.88748 11
e 508.76847 207.89860 10
e 688.22485 423.24442 9
e 338.62579 992.49588 10
e 658.32990 371.89638 9
e 29.02341 576.69201 6
e 290.87947 680.49720 7
e 390.71176 790.50025 10
e 123.33166 1025.72536 4
e 540.99676 957.70188 8
e 348.12192 818.26877 9
e 12.19009 799.89367 6
e 264.44275 194.37343 5
e 526.79957 97.29882 10
e 330.91840 1038.84704 10
e 536.83868 1017.74497 13
e 530.76358 624.71771 15
e 80.67187 423.73577 6
e 317.84072 279.50832 6
e 122.64423 531.26379 5
e 29.19108 771.50439 13
e 562.28179 741.45104 5
e 141.29218 158.01909 9
e 44.18419 830.87215 4
e 413.76667 539.66777 11
e 524.67510 23.34259 11
e 20.88130 600.19966 5
e 650.44099 778.57017 10
e 370.33521 31.21807 9
e 302.96967 389.57117 6
e 137.09959 672.92193 10
e 636.58747 813.97389 8
e 98.30711 293.71057 10
e 465.62903 62.49319 8
e 49.61479 882.47075 9
e 174.63712 389.31130 9
e 533.91904 505.60251 9
e 645.95254 159.63463 11
e 43.06611 1024.28334 11
e 23.87242 350.71086 9
e 54.47587 360.67721 12
e 343.68990 490.28281 10
e 542.31488 1009.17701 7
e 690.81511 676.13788 10
e 118.28683 592.70931 9
e 189.80452 691.62417 9
e 551.59682 123.02146 4
e 60.63936 481.29300 3
e 465.22390 1038.81790 12
e 633.13088 872.95236 15
e 514.87196 677.78226 11
e 270.13723 239.74029 6
e 693.98094 1064.86341 14
e 531.01140 694.72220 8
e 132.25402 57.54952 9
e 439.52014 1055.95690 7
e 592.18696 729.93210 13
e 402.44749 916.73066 10
e 469.19133 998.79321 7
e 626.59899 183.53813 9
e 20.15301 628.59468 8
e 326.74029 481.43022 14
e 707.37822 949.13524 10
e 681.65248 434.75336 12
e 528.76544 772.20265 7
e 362.76681 912.79102 11
e 633.92880 99.14465 16
e 196.32788 367.87585 10
e 68.58556 686.11927 7
e 31.23439 736.94769 7
e 705.92526 77.99360 10
e 320.45177 113.98056 6
e 366.48943 407.52102 5
e 461.98630 915.86104 11
e 225.36604 908.82239 10
e 548.63718 123.85810 7
e 350.56438 157.62070 9
e 40.30815 578.76915 10
e 272.43957 458.47969 10
e 75.30114 371.82900 6
e 118.99849 447.57740 10
e 42.46496 214.58842 10
e 243.56482 1064.84806 9
e 352.08722 746.03149 15
e 550.36010 57.43538 9
e 530.73776 508.97718 4
e 74.80592 834.21998 8
e 392.39606 545.22910 7
e 612.35794 939.79764 11
e 447.15016 587.46044 9
e 632.58317 382.88595 19
e 177.61070 580.57298 10
e 260.89803 520.43006 5
e 628.83234 312.79717 5
e 707.40897 448.09435 6
e 596.23012 848.44649 8
e 359.73285 117.33435 9
e 665.15109 1050.21110 9
e 586.96615 775.66952 9
e 161.12007 198.45534 11
e 171.88243 652.45187 8
e 508.17682 755.50981 10
e 531.28176 124.03623 13
e 363.46185 916.38950 6
e 688.14584 202.85569 9
e 575.53590 208.01866 13
e 703.22165 693.40127 12
e 213.34987 850.96238 4
e 597.99360 358.06182 6
e 316.58795 275.72123 4
e 348.56753 204.20691 8
e 153.12240 748.38189 9
e 630.31285 229.34424 5
e 217.58941 223.71522 4
e 328.02597 227.04957 5
e 679.32809 299.87863 7
e 344.03980 758.67022 6
e 593.09641 437.53715 8
e 545.90383 916.79248 7
e 627.25421 794.23593 15
e 287.09737 863.62122 7
e 382.05299 1016.45888 10
e 520.14139 891.50886 13
e 371.69832 490.62477 6
e 79.24543 199.53244 7
e 53.31026 924.61466 9
e 557.49788 447.76679 5
e 462.33465 416.41398 7
e 344.17144 580.92602 11
e 541.03052 228.91399 9
e 414.44388 881.81782 12
e 675.63680 56.61476 7
e 358.40882 89.97719 10
e 485.29318 685.15662 7
e 305.44712 75.34324 11
e 210.57683 847.84256 12
e 532.95648 415.20964 13
e 71.99067 591.64060 9
e 210.73966 404.78479 16
e 699.56304 367.19230 6
e 689.49839 600.63134 9
e 438.96766 772.65829 11
e 548.67332 142.06399 17
e 272.31031 954.55198 9
e 62.74932 840.59367 6
e 296.55172 503.45089 11
e 23.00812 881.97325 6
e 545.43502 895.89233 8
e 621.79113 279.97363 9
e 607.35397 98.54876 10
e 178.25374 646.70444 5
e 636.61449 848.35127 8
e 328.14637 790.98043 10
e 177.03675 404.00825 12
e 212.53404 1052.24834 13
e 463.35124 1053.00214 14
e 509.13456 646.99641 10
e 217.26865 994.43768 11
e 308.78385 1064.55263 5
e 274.67685 818.76700 15
e 421.32823 762.26121 9
e 704.24613 318.88822 10
e 316.69732 132.74071 15
e 693.91328 962.11565 7
e 166.66941 262.99158 9
e 505.87707 724.22308 13
e 527.93312 637.68005 8
e 266.96898 36.44722 9
e 29.20280 1026.67670 4
e 303.35914 817.30328 11
e 238.97228 716.08167 7
e 13.17905 803.46877 7
e 426.47340 161.79498 14
e 104.35054 145.47863 8
e 118.06203 707.35454 8
e 670.25593 81.37175 4
e 30.38859 504.68882 12
e 268.49300 534.84909 8
e 186.57398 780.96607 9
e 188.99191 504.66606 10
e 83.89242 305.88498 6
e 628.41884 557.75377 11
e 681.47413 275.28290 9
e 26.88377 550.92417 10
e 525.38453 282.38808 6
e 195.48515 903.94699 6
e 662.37694 16.48350 9
e 86.91768 925.58881 10
e 514.39933 172.29312 13
e 330.18904 412.04238 11
e 387.41369 335.40044 5
e 500.14852 23.06655 8
e 297.97021 1031.16039 11
e 657.57932 701.03990 8
e 603.25222 282.10723 11
e 348.50204 384.75828 7
e 14.64188 445.94856 10
e 332.72717 128.56934 10
e 78.47516 77.61744 11
e 171.65392 1046.98233 10
e 459.87815 634.75598 5
e 94.30932 45.81433 8
e 323.58799 711.54886 7
e 541.76865 649.20795 11
e 396.93191 169.65830 10
e 173.47286 686.49530 9
e 300.84857 1034.06665 11
e 148.42621 330.74441 13
e 589.96080 543.93367 6
e 292.63022 70.48827 3
e 539.87462 860.34200 7
e 51.53963 240.31013 15
e 247.43648 464.12602 8
e 82.17895 248.21586 10
e 82.62356 526.49923 9
e 670.77472 248.05889 12
e 660.34258 477.69521 11
e 447.32918 564.00947 8
e 482.26510 165.46049 6
e 240.63758 529.44801 15
e 566.11979 593.09846 10
e 609.42379 436.18518 7
e 592.45141 621.82557 6
e 631.66250 181.21949 9
e 601.87854 837.79845 8
e 312.17779 17.80140 9
e 353.25723 21.76452 6
e 342.60618 462.27612 12
e 474.09027 595.21730 8
e 39.42776 257.06050 8
e 699.06069 572.64831 12
e 565.49950 186.51314 7
e 229.58980 479.82612 4
e 605.64508 1056.07514 10
e 88.42892 522.47995 9
e 166.51007 973.19120 10
e 277.88032 569.63687 9
e 421.91135 1063.70276 9
e 284.37213 590.69314 7
e 594.22465 398.74108 9
e 677.34656 387.17240 10
e 97.34311 591.02587 9
e 471.95535 687.33798 10
e 450.89043 240.49479 10
e 512.72261 414.19769 8
e 34.43360 625.11610 10
e 437.52038 806.98560 7
e 422.31270 827.41829 9
e 629.49336 906.64148 8
e 156.06849 651.71319 7
e 559.63619 727.92863 11
e 262.35552 264.37904 14
e 45.19259 675.45513 5
e 566.07154 651.84193 6
e 459.87365 26.68609 13
e 219.76126 256.92439 11
e 461.33739 48.58275 6
e 536.83753 972.38456 6
e 498.62197 448.95549 7
e 634.24457 418.88368 7
e 471.78605 704.05364 8
e 396.51063 10.95301 8
e 203.31047 476.23877 6
e 624.75310 796.58629 10
e 93.32155 437.24587 6
e 666.96633 628.94420 13
e 667.51128 577.01928 11
e 683.13214 506.47283 11
e 32.43222 159.17160 12
e 143.15269 371.73251 9
e 275.33201 241.80306 8
e 131.15105 716.00541 7
e 280.34144 241.63403 13
e 299.56063 338.95977 13
e 533.54486 703.61148 4
e 19.04646 348.04785 12
e 196.14139 679.40537 10
e 544.05775 480.16293 8
e 21.51186 306.67909 15
e 451.19460 222.97585 4
e 259.11454 983.23128 11
e 32.44421 103.12891 6
e 702.56437 889.58649 10
e 593.16016 615.87825 13
e 64.12504 729.33909 5
e 205.46434 541.75562 11
e 572.62537 270.62119 16
e 54.05927 104.74367 8
e 59.93876 936.82593 5
e 319.76710 891.90141 11
e 403.34059 810.48594 9
e 605.43378 1027.60576 8
e 375.40895 775.96029 8
e 645.62581 822.60631 9
e 630.16504 669.96793 6
e 54.38332 672.15598 10
e 316.80999 765.35589 14
e 595.35197 958.87195 4
e 548.56744 686.24374 10
e 568.80058 394.52741 7
e 665.75386 537.29112 10
e 477.78668 565.22002 15
e 283.63584 703.87244 9
e 670.69774 257.14261 13
e 663.00022 334.41702 6
e 498.84529 965.12288 5
e 652.56641 818.24629 8
e 486.16292 143.53094 11
e 331.09300 107.00843 10
e 690.25378 140.70484 8
e 298.27751 729.04349 5
e 344.42443 162.97650 6
e 384.57034 1017.83601 5
e 112.25689 816.65727 12
e 274.67578 905.43015 13
e 491.11540 566.88992 4
e 435.99660 500.99811 10
e 97.01827 333.14827 11
e 525.29852 283.82384 13
e 47.62563 558.74005 7
e 112.23844 260.38209 10
e 453.52170 749.26800 8
e 358.42151 368.82090 10
e 168.77758 286.62358 6
e 440.45294 394.75769 7
e 393.67017 387.30658 9
e 319.09476 574.16246 11
e 435.80512 387.33858 11
e 305.22223 901.86940 11
e 481.09356 957.37736 17
e 383.87688 433.35339 9
e 542.49383 392.14890 6
e 201.63416 505.69007 8
e 74.82181 359.56666 7
e 24.83197 662.61520 11
e 431.64094 77.38786 5
e 597.53960 333.30202 9
e 129.82362 974.06488 11
e 108.04014 243.26292 9
e 262.76655 250.35585 11
e 564.42859 542.48297 5
e 236.55545 162.32480 13
e 442.81742 899.26071 7
e 467.75071 798.98117 9
e 402.85241 609.07547 7
e 130.57381 425.41443 9
e 202.72939 649.35279 7
e 154.13500 751.46968 9
e 643.37069 1035.22676 8
e 387.28649 377.16281 14
e 603.25922 798.63627 12
e 31.42354 777.15819 14
e 368.05784 206.26212 6
e 598.85151 156.35728 11
e 207.72810 1043.95343 12
e 97.30079 66.76879 10
e 613.43169 1049.70887 8
e 203.49523 404.08577 11
e 459.15224 893.13861 14
e 683.85209 75.44161 10
e 123.50726 282.51166 16
e 522.96927 559.04031 13
e 527.24672 594.03579 12
e 470.96429 274.18478 4
e 583.06393 700.89792 7
e 283.76319 790.83467 7
e 330.96051 268.17762 7
e 176.32415 731.97018 12
e 436.93375 1008.21983 14
e 523.10129 1066.16638 9
e 117.03783 807.10131 6
e 353.28388 930.46455 5
e 377.75637 687.35614 9
e 475.61966 656.89421 5
e 19.81885 662.18304 7
e 19.74998 883.43071 9
e 599.61425 155.86365 8
e 220.40332 944.24829 5
e 417.75996 439.00096 8
e 336.84196 1005.87796 11
e 573.82660 403.15890 6
e 686.66822 625.82445 4
e 547.46799 10.75935 12
e 355.35654 203.96831 7
e 618.07875 30.64592 10
e 176.78814 1065.88304 10
e 43.62163 634.52867 11
e 345.18889 56.58537 19
e 76.98144 37.65531 8
e 64.21435 781.26858 5
e 563.03660 329.70283 10
e 264.00524 560.18938 9
e 614.69606 166.46609 13
e 250.92638 280.88724 8
e 484.82778 487.53922 9
e 80.76713 633.99107 13
e 181.40943 398.79626 5
e 10.26407 226.76694 8
e 371.14572 552.42371 11
e 243.43585 70.60634 8
e 24.78618 960.83942 8
e 602.55242 563.96892 11
e 476.72302 762.29347 11
e 495.23530 296.70205 9
e 513.01570 485.27740 11
e 583.73177 152.50299 7
e 407.38713 1051.27305 9
e 37.90355 545.84244 11
e 263.18062 418.67672 6
e 24.12686 22.38781 11
e 690.18009 680.80091 9
e 639.86160 1042.94775 8
e 362.29915 595.29926 9
e 709.55095 798.25164 10
e 461.71741 688.38857 7
e 452.55524 114.42876 8
e 566.54872 861.37175 9
e 20.88591 113.07341 9
e 337.56665 1050.32103 8
e 142.19549 454.00545 7
e 263.42773 321.34994 11
e 429.10646 501.57467 9
e 27.78087 111.62143 8
e 354.63282 869.17449 6
e 629.13020 58.76656 9
e 705.92881 23.18444 9
e 288.59890 71.34256 4
e 122.98559 955.93795 10
e 257.02435 17.29980 11
e 320.98711 1054.35904 11
e 16.86250 68.48815 6
e 614.06608 443.16224 11
e 114.89580 204.19048 7
e 452.27717 370.17717 8
e 314.85155 253.88264 7
e 262.08050 267.55440 8
e 465.98143 372.54299 4
e 243.99988 655.23452 9
e 487.08767 722.51003 7
e 79.40791 1046.40425 6
e 235.49321 1035.99156 15
e 15.25332 683.13078 10
e 218.75818 309.03313 10
e 660.93348 609.49502 7
e 143.58117 711.96174 8
e 538.38691 73.29330 8
e 638.22505 269.13434 8
e 586.57604 804.77152 12
e 522.72676 604.49292 14
e 359.40914 778.23967 7
e 360.46584 385.83372 9
e 562.45833 531.57509 11
e 592.09537 664.21938 7
e 669.14396 924.04898 8
e 381.24089 899.84069 11
e 222.39485 950.19489 11
e 176.21713 576.80151 7
e 576.62356 499.66110 11
e 622.45227 457.82540 9
e 659.31092 618.75522 8
e 400.37086 999.14675 4
e 274.65212 122.05381 8
e 346.62165 283.24625 7
e 657.38332 215.10253 12
e 10.41035 898.19419 8
e 376.03923 435.80521 8
e 64.32561 1019.83541 10
e 612.97824 75.69826 13
e 158.61540 580.19519 10
e 89.37630 140.76863 11
e 368.30305 234.26748 12
e 264.71724 562.70461 8
e 291.49223 424.60269 7
e 495.85987 871.74786 8
e 156.19582 1060.94954 5
e 260.67733 157.00773 13
e 43.63935 666.69243 7
e 600.70349 473.26428 10
e 163.83617 614.57276 12
e 424.53648 723.87371 8
e 613.98910 349.21089 8
e 64.82154 389.93861 5
e 267.15273 641.08614 11
e 570.28019 372.75859 7
e 135.67858 912.87957 11
e 568.81378 116.41244 10
e 191.73098 376.09083 9
e 413.26151 978.46938 10
e 655.19548 199.28834 9
e 511.28138 126.73308 8
e 48.02650 207.29061 10
e 503.18995 137.46877 8
e 188.29526 375.94858 5
e 151.61687 479.47975 8
e 322.91512 1004.54312 10
e 77.39702 145.91631 6
e 102.22693 917.70479 15
e 198.87837 816.65687 7
e 556.93689 110.14536 11
e 276.51777 330.15733 7
e 275.30409 661.78019 10
e 224.77225 229.54696 10
e 114.08164 728.53602 9
e 647.79670 713.62574 5
e 482.54277 826.84939 5
e 57.46239 716.73502 9
e 513.20088 306.18402 7
e 638.25288 373.74293 8
e 410.32447 461.24342 11
e 333.46564 326.03324 12
e 177.98926 651.11359 9
e 257.19528 507.97540 9
e 464.38880 240.16692 10
e 690.51255 445.19075 12
e 321.90038 271.19435 6
e 397.43517 209.60631 13
e 354.83571 763.09258 14
e 409.44325 630.55980 5
e 237.93887 201.02818 5
e 647.62386 724.48026 8
e 677.81322 856.42055 14
e 218.79187 61.93656 14
e 566.81341 397.93002 7
e 589.36954 804.68586 12
e 65.30089 145.15803 10
e 597.09447 361.13419 6
e 43.78665 281.39627 8
e 423.19324 895.48285 6
e 402.66207 899.87987 6
e 197.95273 676.31139 11
e 363.84238 949.44964 7
e 296.25578 837.20603 9
e 617.81955 353.77281 6
e 41.86393 553.28775 11
e 440.18309 233.90776 13
e 331.90929 761.32450 8
e 261.40610 662.58005 11
e 579.38413 1058.19276 15
e 186.44646 407.60048 10
e 649.20104 773.35564 13
e 339.98303 403.77404 13
e 187.17216 181.12365 11
e 76.17533 756.19468 6
e 283.69258 530.11114 5
e 509.11876 252.27405 12
e 266.65955 592.78188 4
e 699.72091 876.94310 9
e 507.10034 422.78520 4
e 671.01435 521.14221 10
e 562.77634 276.21994 9
e 610.79766 583.07654 8
e 161.95747 614.60397 5
e 234.23483 353.21605 13
e 663.75956 824.83996 7
e 569.09088 680.22856 9
e 279.41905 728.72558 9
e 94.57125 951.91219 11
e 21.32599 48.44456 6
e 588.89053 15.74031 9
e 233.70416 741.23856 13
e 227.76406 241.86918 8
e 306.44811 767.34971 8
e 191.38102 938.23480 15
e 311.06458 958.68343 4
e 274.53785 75.35134 9
e 364.00191 1015.91096 11
e 227.04061 393.36370 10
e 73.74120 182.68344 5
e 110.14016 143.60313 12
e 343.66235 753.36678 9
e 192.17710 868.46828 8
e 15.14627 284.71201 12
e 649.52917 560.15908 6
e 480.94525 975.44848 11
e 442.06546 1020.32015 7
e 449.34669 737.94792 12
e 367.77918 683.97549 2
e 542.79962 826.02543 9
e 140.75248 267.95360 6
e 341.16486 851.45308 11
e 82.18401 390.79050 5
e 581.18419 849.33567 14
e 683.98661 371.15830 6
e 204.11726 409.12591 3
e 42.02693 382.94458 8
e 610.51139 488.35271 12
e 250.61785 221.37036 8
e 187.46734 829.27769 10
e 650.69643 879.75695 11
e 273.12153 962.69432 8
e 56.25160 57.17568 9
e 223.70477 925.41425 7
e 435.59974 105.98508 12
e 119.98759 206.37525 10
e 196.36416 1066.35681 9
e 60.22295 372.94446 9
e 447.76101 990.55792 13
e 679.46832 633.82221 13
e 645.86136 1047.69440 9
e 273.75578 353.14487 8
e 209.75894 795.73574 11
e 100.31040 336.54501 5
e 266.48639 484.34646 10
e 507.10022 1012.21163 8
e 676.30635 767.17816 9
e 219.53129 363.88709 6
e 494.75442 1068.46812 10
e 466.73679 365.46232 10
e 293.83391 333.43423 5
e 59.29203 616.09204 13
e 640.17582 801.06579 7
e 507.65002 360.49453 8
e 589.23871 866.11425 9
e 593.78520 599.79264 13
e 89.86872 551.11998 7
e 140.87565 884.07253 9
e 449.24410 725.80956 13
e 253.24358 693.75104 10
e 671.47087 1006.57834 8
e 250.82446 850.96982 9
e 134.60797 368.33567 12
e 30.74107 334.56870 8
e 433.43866 562.41294 9
e 617.38207 666.80511 14
e 561.53484 238.25023 9
e 161.23982 908.48638 14
e 369.46554 910.22778 15
e 193.07491 474.45025 7
e 530.28501 743.74304 7
e 227.51145 852.10466 9
e 384.63948 396.01153 10
e 102.82360 291.75864 10
e 217.41410 248.48309 7
e 240.63944 937.02778 12
e 629.34628 641.05787 15
e 625.86905 921.32654 7
e 142.45106 433.53155 15
e 196.35005 71.29474 7
e 168.28671 286.43442 12
e 593.79070 545.55428 3
e 82.35409 405.56340 7
e 227.73840 724.08264 7
e 195.31243 584.82081 10
e 361.21323 512.64853 9
e 68.08991 792.04966 10
e 644.29824 583.12658 7
e 498.44560 424.07250 9
e 188.92471 96.90187 9
e 43.10283 381.77356 9
e 43.47666 1027.05300 12
e 564.15763 884.64779 9
e 669.77448 924.88893 10
e 65.23782 339.75699 14
e 409.99981 179.58856 9
e 707.22254 889.24752 15
e 335.28591 689.88291 8
e 111.43866 688.03106 13
e 64.77949 451.74845 5
e 403.67347 987.33105 4
e 125.51222 133.14690 4
e 338.46894 52.16360 6
e 504.78873 1007.48630 12
e 557.55279 695.70364 11
e 569.28205 998.44036 9
e 109.68103 611.02094 11
e 601.16898 185.64720 16
e 391.61881 141.85930 7
e 13.58809 247.42715 14
e 271.66811 975.80326 8
e 26.58116 757.39087 5
e 143.41731 854.48058 15
e 296.53830 119.42771 7
e 217.70438 816.37233 6
e 430.14924 186.37744 8
e 454.72794 47.96311 5
e 483.62894 438.65799 10
e 109.17780 429.60324 7
e 364.06537 561.76396 6
e 34.27600 238.07406 6
e 47.71995 703.57579 9
e 232.42568 771.21039 16
e 439.34845 140.34157 11
e 251.55698 296.93652 11
e 16.67443 648.38049 7
e 290.63094 799.78171 8
e 420.29368 1035.92061 8
e 639.33950 300.99222 12
e 219.94769 685.97128 10
e 336.04388 433.33797 7
e 532.97623 307.72049 11
e 588.00285 815.19746 5
e 632.03673 1063.83385 7
e 77.58942 972.65644 8
e 250.12875 756.54987 8
e 159.66454 381.35488 7
e 561.65230 274.68331 6
e 352.54690 37.38425 8
e 396.77633 445.18105 11
e 483.22510 577.87498 8
e 352.30325 313.17523 10
e 76.45910 216.19285 11
e 548.79697 100.71929 12
e 635.88585 66.21188 7
e 241.37084 1028.89352 11
e 150.68046 1026.88181 9
e 678.00992 254.51649 7
e 398.57095 638.57969 6
e 74.20860 848.42102 10
e 460.14729 431.72626 13
e 180.96615 631.27982 12
e 61.82821 73.15644 7
e 14.22755 275.31685 8
e 657.90579 288.36316 10
e 225.93655 920.51285 12
e 493.42881 876.53284 6
e 129.23309 654.53641 4
e 378.49243 806.63782 9
e 609.65484 1064.54482 14
e 12.13009 921.96414 15
e 586.39454 196.36474 9
e 631.22299 50.10318 8
e 477.01924 152.67985 8
e 361.70946 918.80332 8
e 613.52886 157.35198 8
e 561.76535 889.29381 11
e 343.50533 293.94657 9
e 499.68152 272.43025 10
e 640.56649 794.43477 7
e 557.70651 406.65234 8
e 289.94980 179.60150 9
e 339.46582 247.28978 5
e 456.41566 621.74631 8
e 278.04973 1063.04671 7
e 54.20890 170.39511 9
e 240.10278 633.28146 7
e 458.44390 149.84430 15
e 359.26583 259.76356 8
e 292.88156 409.25393 5
e 199.65792 172.74868 9
e 608.71983 96.49844 10
e 396.19372 716.00454 4
e 291.56169 449.75968 10
e 155.58258 880.15931 11
e 44.01133 89.07978 6
e 394.79460 744.32690 10
e 100.24488 257.00432 9
e 580.22388 959.60180 9
e 37.83081 382.54303 7
e 177.94913 38.13393 10
e 68.74596 851.83386 10
e 290.34442 89.77091 18
e 705.61404 776.43965 7
e 558.74674 961.54747 7
e 38.73746 340.37306 6
e 146.79909 963.66190 12
e 676.87967 1048.17889 9
e 233.58028 317.11390 10
e 261.18100 165.85773 6
e 538.25855 853.21097 8
e 703.96721 841.62263 6
e 250.40646 948.45158 6
e 214.09763 327.23617 9
e 411.81397 1067.85475 11
e 266.36339 366.77344 15
e 694.59656 808.07983 10
e 200.41480 66.16672 6
e 219.04409 210.93413 12
e 226.11594 284.08858 9
e 461.52900 122.08056 12
e 101.48243 253.37891 7
e 99.36075 874.45123 4
e 272.65371 77.31439 10
e 359.00199 742.79928 5
e 609.78937 680.96077 10
e 621.54444 438.98945 7
e 142.10836 244.32385 11
e 56.05730 726.42265 12
e 24.49731 116.56169 6
e 113.56646 650.68147 7
e 235.87823 520.67252 14
e 280.72697 848.76530 10
e 648.35355 763.33369 5
e 479.31149 419.89288 5
e 455.98183 908.33784 6
e 211.68834 88.23317 18
e 490.62160 25.40709 11
e 330.36206 955.13222 13
e 183.85371 745.83191 8
e 323.94783 846.85684 11
e 178.47351 845.22192 10
e 320.68403 422.92402 3
e 257.97077 535.60927 9
e 379.22283 1012.82412 8
e 587.10923 929.55277 10
e 218.34929 250.65447 5
e 44.62054 43.94842 9
e 287.10933 71.14966 9
e 104.63281 832.05874 9
e 609.34646 794.45694 18
e 294.48970 810.37535 10
e 284.14655 1059.94804 6
e 685.62659 1014.18268 10
e 334.17136 238.74986 9
e 577.73405 848.82362 14
e 320.40930 712.88767 8
e 366.39748 202.18846 5
e 210.70575 1026.97556 4
e 368.66816 962.46254 7
e 496.64665 526.31691 11
e 361.02997 469.00767 7
e 23.26850 913.02293 9
e 245.72363 121.32750 15
e 101.61725 392.18599 9
e 685.46369 14.16489 9
e 613.54947 439.99811 11
e 341.80146 983.90546 11
e 57.85027 31.92352 8
e 208.68721 824.70567 9
e 131.12435 505.13341 13
e 397.03903 544.00319 8
e 19.42014 105.23903 11
e 488.07248 490.39231 9
e 233.36802 497.24124 9
e 292.50692 634.77785 9
e 570.54229 404.08667 8
e 425.48911 821.67406 13
e 677.77487 979.96417 11
e 691.87004 218.18121 4
e 459.24886 731.46550 7
e 262.69804 500.19905 7
e 653.05349 561.19618 10
e 694.22768 933.62252 9
e 34.16958 809.38743 8
e 42.15625 114.47007 4
e 556.92417 847.65320 7
e 221.03358 636.99915 11
e 292.76645 14.65489 7
e 564.07728 37.93101 8
e 281.14308 267.77497 13
e 116.72982 118.82293 12
e 443.09616 432.52289 10
e 284.10216 929.96414 8
e 242.30829 751.16516 6
e 684.23225 877.27456 13
e 365.53897 108.48782 4
e 274.69329 188.85388 15
e 555.25299 244.03622 10
e 326.58789 531.11089 8
e 356.40901 930.73472 14
e 348.08190 106.21224 15
e 208.15502 485.50068 9
e 501.51571 184.25884 8
e 200.75603 684.28510 6
e 210.59096 46.97599 7
e 225.92789 129.17617 10
e 345.11912 297.91570 8
e 570.14753 247.40848 9
e 523.99511 325.19166 10
e 105.60221 395.83028 9
e 518.72258 752.58426 9
e 624.25272 46.30692 9
e 476.85751 45.36599 10
e 304.78891 449.08503 9
e 283.02043 648.86609 4
e 523.60121 87.74930 11
e 207.72463 516.23497 9
e 603.01944 216.83371 9
e 204.38205 252.98269 13
e 649.83227 12.86456 9
e 641.82906 737.48594 9
e 527.84350 595.40685 7
e 290.53334 391.26046 4
e 190.17364 399.78243 10
e 171.12619 909.36391 11
e 576.96375 1067.22001 14
e 471.94723 41.14758 15
e 680.11875 60.96514 11
e 672.16116 447.10665 10
e 479.32747 745.93013 9
e 382.28608 198.67641 11
e 258.29315 714.51454 7
e 380.57562 677.37850 11
e 554.30909 255.70852 6
e 417.86124 553.31372 10
e 317.37255 1031.92109 9
e 221.62848 329.69919 14
e 366.21395 616.36930 9
e 202.15074 209.07240 11
e 604.85234 905.24255 7
e 511.11045 992.81809 7
e 463.47778 303.11414 5
e 633.51366 676.34849 8
e 561.43687 341.62773 5
e 483.73058 698.87166 7
e 187.91326 320.32070 6
e 694.01334 262.33096 7
e 320.23241 44.33202 8
e 269.55793 116.97790 10
e 593.45021 231.56058 16
e 243.69631 961.59124 12
e 669.08045 101.72096 7
e 328.64035 1007.10973 13
e 327.22664 861.17089 7
e 464.32211 96.87281 14
e 243.56805 712.92100 7
e 250.47399 767.53995 9
e 244.54388 524.68154 10
e 642.36439 124.62983 7
e 486.62198 297.72594 5
e 654.09370 483.14616 11
e 597.44947 669.16991 10
e 387.35678 1008.02247 6
e 409.16317 489.37771 5
e 363.34277 689.29849 4
e 395.68159 649.30220 15
e 106.60255 339.30051 6
e 341.17558 642.08224 7
e 160.97736 836.64385 9
e 63.35305 509.69008 14
e 171.56306 1037.60348 7
e 36.64671 889.83440 13
e 606.66481 210.23386 5
e 591.82383 712.49877 9
e 657.48723 397.34150 6
e 541.65896 220.67666 13
e 182.88945 372.55318 8
e 221.37784 237.79763 11
e 220.33741 46.27158 8
e 309.23507 408.32525 13
e 302.94969 937.51375 7
e 109.01633 574.24296 11
e 182.80810 60.63810 7
e 366.82936 336.82506 6
e 426.85831 622.61970 5
e 310.89652 457.81336 15
e 619.43856 1000.18069 4
e 261.47776 864.43028 3
e 377.65673 766.95777 9
e 263.95056 546.65197 6
e 408.67974 156.77021 10
e 289.85987 1008.91973 12
e 401.21090 107.08199 8
e 156.49617 308.07836 10
e 690.62887 624.12697 8
e 697.76398 817.86151 14
e 561.59329 510.87176 14
e 276.55685 83.43288 15
e 694.02098 361.80370 12
e 236.14783 785.89216 16
e 219.16688 703.64701 7
e 13.77656 203.45367 9
e 137.91240 318.91110 9
e 543.78539 63.61698 6
e 41.07161 790.67031 7
e 237.28777 687.35902 10
e 465.71645 945.51200 8
e 341.72683 171.81533 7
e 667.87210 1052.27413 10
e 124.50977 80.16251 14
e 17.31651 747.54299 6
e 383.98564 866.51898 11
e 665.34203 855.11173 10
e 418.96070 234.16736 9
e 151.42043 295.95111 5
e 621.51006 783.43062 12
e 601.76936 634.77725 8
e 378.30737 689.92993 8
e 178.80220 987.60652 8
e 359.04388 1047.40687 11
e 49.69046 44.07527 11
e 250.36656 863.52836 12
e 370.85064 867.54097 8
e 483.02394 890.21521 8
e 444.70864 467.60715 12
e 528.30525 456.93351 11
e 602.82755 978.99903 11
e 396.06283 912.86007 7
e 677.49502 847.15753 8
e 480.67775 965.63196 5
e 36.82323 497.20473 16
e 15.16620 256.23159 7
e 97.94354 806.30997 12
e 73.82109 988.03775 8
e 646.29163 199.91841 9
e 317.73314 295.24524 8
e 492.95460 768.42737 7
e 311.16122 293.43702 11
e 413.34798 21.71918 5
e 644.88023 566.05806 8
e 176.26756 942.89723 8
e 356.34020 468.23907 9
e 700.99561 180.15487 10
e 698.15368 204.49780 10
e 148.11358 388.03767 10
e 18.36820 970.88784 9
e 224.21499 234.85592 4
e 471.18630 247.09678 11
e 237.31058 136.48441 6
e 454.20678 981.85084 10
e 702.43564 1006.37121 6
e 662.29697 829.12683 14
e 146.00392 914.65747 4
e 276.16241 960.59493 7
e 628.19426 615.32913 10
e 389.54341 34.45184 10
e 676.87868 584.38146 10
e 532.50365 684.46312 7
e 500.22745 445.91143 8
e 417.29591 698.83715 9
e 475.12687 188.73733 4
e 484.18603 917.50676 9
e 252.56136 1042.71910 5
e 80.43267 166.46225 8
e 379.95964 67.45679 12
e 492.44708 26.14464 13
e 16.88981 89.31057 8
e 641.68735 559.61649 7
e 583.55893 1027.62081 14
e 470.89527 334.23868 5
e 612.42695 1034.12683 5
e 154.80400 888.10036 9
e 619.01851 761.12936 7
e 370.67661 797.22916 16
e 107.53371 886.25822 6
e 367.96101 723.87270 11
e 552.96027 552.16588 13
e 167.65539 1016.17281 11
e 96.09878 387.94847 10
e 593.82040 284.28511 8
e 26.11815 518.55514 7
e 353.64373 1047.71911 15
e 296.32121 738.13638 8
e 129.57393 298.95304 6
e 311.89366 507.32207 7
e 508.03533 725.53414 17
e 202.22102 437.00317 12
e 311.95250 874.32135 10
e 681.28820 715.71529 4
e 571.38636 906.88621 12
e 114.46654 665.87361 7
e 52.29922 271.53170 6
e 563.16024 708.21084 7
e 198.16299 577.11784 14
e 172.66731 836.25671 4
e 675.77681 522.24146 8
e 75.14562 485.67803 14
e 32.11517 162.30649 9
e 652.80882 606.49660 6
e 257.68690 78.24842 10
e 317.32159 759.06362 14
e 305.14350 389.37978 12
e 675.58145 1030.28757 12
e 39.37921 26.95554 9
e 366.94090 811.53437 9
e 487.44387 1027.61755 6
e 407.70877 773.01846 6
e 442.55272 715.10436 13
e 643.89990 788.99065 8
e 482.50785 462.01603 9
e 518.62781 559.73230 8
e 303.13934 710.78111 10
e 117.83389 227.90470 9
e 405.24761 751.23835 11
e 234.75395 136.90988 10
e 172.89139 164.29354 13
e 216.08432 307.46722 5
e 181.18371 1023.62723 9
e 252.77378 155.61990 7
e 588.81912 930.33376 8
e 349.21072 1003.05479 7
e 61.83884 286.17020 13
e 649.82642 417.33137 12
e 208.91782 819.92490 5
e 483.31193 956.12997 10
e 541.25583 99.03453 16
e 127.39198 121.85852 8
e 691.90953 757.62189 10
e 577.47352 175.69177 9
e 397.48077 168.59959 12
e 12.17457 787.17118 10
e 185.70078 83.55762 12
e 625.20599 306.49312 9
e 460.22082 10.68442 11
e 116.23471 21.04821 11
e 542.62315 365.25720 10
e 433.18104 645.16948 10
e 204.58514 201.38278 10
e 11.55320 62.60311 10
e 71.12294 310.43053 10
e 657.43851 250.10275 21
e 639.16561 408.89509 8
e 400.86333 206.20849 12
e 94.02788 699.49336 9
e 486.58701 161.30301 7
e 627.81655 742.23436 8
e 353.31240 1026.52482 11
e 259.31662 551.47324 9
e 354.63822 328.48329 14
e 314.74554 617.71589 9
e 170.56277 885.21881 9
e 409.43301 711.25260 9
e 381.08402 765.70021 8
e 404.33867 839.54945 14
e 401.88111 648.78257 5
e 178.03330 225.26107 5
e 588.17648 810.28414 8
e 195.28077 340.23699 10
e 557.84455 700.89062 12
e 549.17336 1044.56790 13
e 458.93383 547.06112 7
e 202.70800 414.23842 9
e 230.74469 60.21155 9
e 281.71482 54.34950 8
e 690.35422 337.62923 6
e 413.73105 962.09643 9
e 569.68961 201.74803 12
e 489.03093 828.03442 9
e 697.36183 745.86442 5
e 146.61614 65.21519 9
e 548.38485 183.11207 4
e 191.12735 248.64503 4
e 635.24561 267.35353 8
e 508.97518 1040.15964 8
e 701.52309 939.09363 9
e 217.47328 547.48155 9
e 552.22569 699.75233 8
e 136.98547 70.43728 7
e 545.79985 127.34547 9
e 67.02664 430.71797 6
e 476.77217 200.32694 11
e 266.80731 942.63907 5
e 114.22808 228.12860 9
e 207.65738 191.40756 7
e 135.97287 600.66484 7
e 606.62180 724.65352 10
e 693.81101 366.82148 15
e 367.77649 504.36362 11
e 571.59545 431.02784 8
e 441.79754 140.40749 19
e 162.84323 252.74699 11
e 163.87028 836.66015 7
e 140.23445 85.47000 15
e 656.18947 946.45351 9
e 126.05137 941.27857 9
e 172.60607 364.53863 6
e 467.65283 66.00391 13
e 176.61523 576.47529 13
e 391.62448 97.26810 10
e 638.95015 691.65217 9
e 448.70484 673.81806 7
e 283.60611 941.75319 9
e 627.93390 140.75192 9
e 623.66518 221.22507 10
e 158.80073 874.67725 12
e 554.84104 419.20409 8
e 18.51241 796.99255 5
e 608.95802 367.79647 13
e 133.61612 449.91731 15
e 454.16032 187.09880 11
e 435.95219 1043.28533 10
e 464.04266 459.30829 6
e 432.49612 48.39858 10
e 172.16010 854.26141 5
e 653.67858 504.17839 9
e 316.74864 95.63100 13
e 343.29258 641.84506 12
e 367.84098 609.26599 5
e 205.69653 982.67391 10
e 145.48361 956.66170 8
e 82.48696 388.08214 10
e 246.44695 365.67548 10
e 448.15275 826.83635 10
e 671.66126 440.63254 7
e 281.24030 849.83618 6
e 161.33590 598.18677 13
e 349.25843 975.84658 5
e 47.95770 720.29390 7
e 95.44445 843.37804 15
e 662.81872 870.33620 6
e 69.95599 859.71183 3
e 565.31703 188.01197 16
e 614.85403 467.60556 6
e 616.93413 335.53322 8
e 119.57381 187.69232 13
e 451.53962 419.05925 12
e 393.07655 163.26021 15
e 164.13925 296.73647 6
e 657.46092 519.49074 11
e 77.29266 704.75662 8
e 138.95060 169.13613 8
e 300.83654 428.44312 14
e 335.40067 977.57788 11
e 409.70022 923.88076 10
e 550.49873 556.58945 10
e 38.48497 836.33437 9
e 502.16513 501.59496 8
e 81.88277 857.26187 15
e 214.21263 388.43670 7
e 125.41648 43.19412 10
e 536.47626 544.01133 9
e 301.58943 477.26323 9
e 256.88699 604.27901 7
e 388.49627 734.16020 13
e 585.66210 1023.24899 7
e 565.45096 308.70931 9
e 263.58778 957.02665 10
e 100.51608 375.39034 9
e 122.25004 66.46055 11
e 306.34658 86.27485 14
e 380.59990 217.79726 12
e 98.74905 838.56855 13
e 343.50770 722.20421 6
e 335.74812 530.10364 8
e 313.35666 161.50538 15
e 282.13433 694.76521 10
e 50.27198 954.51798 12
e 617.75974 596.92689 10
e 556.96058 511.88126 10
e 105.90649 969.09746 7
e 421.40943 926.82362 9
e 391.21755 231.25975 8
e 516.95254 768.29875 12
e 595.36758 24.28074 13
e 651.03448 701.67804 6
e 393.66221 573.77671 11
e 257.99705 750.65735 8
e 82.22573 417.71783 7
e 197.03111 875.63648 10
e 667.60557 598.11626 9
e 117.46752 449.84385 13
e 598.47788 182.36472 4
e 206.53961 867.12924 8
e 88.57719 156.73735 9
e 397.57734 262.38333 12
e 408.19887 365.85208 13
e 217.20095 127.30672 11
e 123.07593 831.78859 12
e 494.37745 396.31636 12
e 696.37950 375.36701 10
e 442.88305 947.54447 16
e 220.51818 83.45778 9
e 353.13323 173.73717 10
e 684.27740 1065.39944 10
e 79.57034 369.98338 9
e 177.58217 844.07972 10
e 53.20136 67.37821 10
e 267.33080 1056.68312 8
e 24.13252 154.79581 8
e 124.60131 632.81905 7
e 189.39596 578.52678 8
e 422.91000 417.57004 10
e 573.60172 81.97463 6
e 403.64562 919.00149 6
e 210.51645 1060.36556 19
e 359.71641 271.75598 11
e 438.02767 849.97014 8
e 294.53801 317.39635 6
e 432.86196 855.77592 13
e 424.85347 835.20842 6
e 159.74619 254.28093 11
e 11.05900 10.50601 8
e 268.80747 322.06591 7
e 374.47613 1057.85757 12
e 634.62726 478.17606 10
e 619.77640 824.52749 6
e 631.30795 220.14694 18
e 151.59505 694.45877 7
e 675.52393 279.14311 9
e 123.42820 930.54358 8
e 17.60194 467.69016 9
e 331.13418 148.46852 10
e 300.32851 1056.89078 7
e 108.71778 875.55907 12
e 663.97687 595.59629 9
e 449.32486 608.51071 7
e 133.45480 771.69361 8
e 646.83991 1005.86940 11
e 387.13900 24.81757 9
e 547.50054 778.34713 9
e 93.72559 757.92379 14
e 562.21003 304.50587 6
e 371.28023 387.97565 9
e 104.77072 482.25396 7
e 451.49536 247.32746 8
e 469.55135 357.03409 7
e 52.06817 921.56259 11
e 60.60899 1003.44760 12
e 399.99051 598.61112 8
e 338.07751 1046.17718 12
e 401.34314 346.05211 6
e 559.72064 309.69124 8
e 597.85294 533.05824 12
e 354.61140 294.23305 15
e 475.66174 668.57495 10
e 47.06746 365.29304 13
e 358.53485 589.01238 8
e 61.83716 652.83972 6
e 74.51726 876.60143 5
e 553.97144 745.99785 8
e 461.85138 416.96586 11
e 42.64741 782.14802 8
e 649.78748 509.33835 3
e 621.15130 345.46457 10
e 319.77558 694.28438 5
e 427.13983 583.04414 19
e 702.03674 733.38862 12
e 111.62124 803.24384 7
e 290.88827 937.14163 5
e 165.33132 143.27798 8
e 378.37879 1045.21656 6
e 285.64659 564.29954 7
e 225.36768 985.78656 10
e 32.42242 147.55280 7
e 556.18699 917.47969 6
e 112.60255 32.16061 6
e 214.54847 694.78704 12
e 205.53536 181.26532 10
e 495.57429 945.11569 5
e 235.43594 901.18060 10
e 640.12086 587.84305 9
e 436.29640 576.19748 14
e 160.71522 670.41501 11
e 58.53217 43.09008 9
e 524.46447 68.87982 7
e 414.10439 88.16556 11
e 562.69149 513.14392 8
e 143.54256 326.56689 10
e 436.89843 712.39674 6
e 684.13955 875.29553 12
e 128.64770 589.64065 4
e 86.61964 519.09273 12
e 674.53617 726.23159 7
e 345.35283 581.88514 7
e 199.54817 390.77810 8
e 550.48301 476.56984 15
e 62.58016 967.18694 4
e 527.48016 593.94188 15
e 563.23914 286.07790 12
e 23.19538 53.21371 12
e 574.08657 1032.82116 10
e 19.18347 606.39761 8
e 608.21156 991.22162 10
e 657.84782 827.37653 10
e 41.24806 155.97342 11
e 414.75262 109.40168 9
e 511.60184 410.26560 14
e 31.23966 376.52157 7
e 579.28817 842.55230 9
e 16.08778 250.89282 5
e 473.60901 203.47988 8
e 657.48655 925.24507 13
e 304.03138 418.26397 3
e 120.23312 51.07405 9
e 706.33218 827.65466 8
e 449.06487 877.96690 7
e 219.02646 586.95086 7
e 547.34302 820.76290 8
e 240.88202 747.32526 14
e 219.60446 1062.38335 7
e 692.76053 997.95024 11
e 583.56430 656.10651 8
e 176.04058 48.87992 17
e 640.40025 472.30730 9
e 124.21062 720.84999 8
e 528.28421 388.86853 11
e 635.96511 444.61974 11
e 157.29695 152.58839 10
e 149.51471 127.84809 7
e 279.27041 92.60156 16
e 456.78099 70.84801 9
e 272.52587 779.54513 7
e 599.15300 1002.15237 7
e 153.82220 192.11420 8
e 13.45894 360.76036 15
e 646.56437 237.03702 9
e 462.87440 168.29254 9
e 498.15878 815.70072 4
e 99.38384 872.46349 16
e 427.62897 147.59594 5
e 280.31049 493.91592 12
e 576.13472 827.91637 9
e 287.14730 488.75687 6
e 437.11642 822.45337 12
e 689.46659 415.70824 6
e 134.55446 100.70860 5
e 105.51921 1019.79673 11
e 145.88025 55.19021 7
e 495.55300 432.50094 6
e 77.25068 627.79449 6
e 190.25772 569.49067 4
e 347.26509 959.72342 11
e 112.38881 429.06805 7
e 548.08573 534.59242 10
e 81.00990 1030.95928 11
e 330.86391 445.59594 8
e 496.99427 472.23589 7
e 112.99999 955.85149 6
e 362.83083 529.69110 8
e 333.20315 72.75913 10
e 319.83321 722.72731 8
e 226.72077 825.78355 9
e 263.91972 941.22406 10
e 140.77936 749.46312 9
e 574.50820 888.68162 16
e 395.98179 576.39955 7
e 515.30829 710.78304 10
e 502.37350 795.47264 9
e 391.25254 378.23748 10
e 113.10301 639.48097 6
e 243.02673 63.51557 13
e 192.98259 841.77523 6
e 517.18567 615.99914 5
e 27.82689 43.62911 7
e 449.28343 87.75119 8
e 99.57749 669.78249 17
e 625.81243 998.95697 7
e 203.11586 585.47375 12
e 605.66159 376.36831 8
e 372.22334 865.39154 15
e 497.22272 831.49211 5
e 535.19999 263.27271 12
e 646.60093 200.63316 11
e 435.14403 881.83792 9
e 650.45383 234.83260 9
e 633.30519 968.11014 9
e 231.99213 711.64419 8
e 177.34508 532.48515 9
e 269.90220 283.94232 9
e 336.29757 583.16226 10
e 633.36337 122.22191 6
e 261.00384 319.91935 11
e 306.57061 819.19781 6
e 271.86478 314.30626 11
e 437.13810 977.31234 5
e 243.46560 466.61144 17
e 204.89648 349.17495 15
e 707.36100 684.00017 9
e 595.69324 18.85289 6
e 530.71365 479.85071 8
e 398.41463 109.70755 9
e 234.85731 773.43789 20
e 681.78530 683.47243 13
e 300.27118 796.93970 13
e 553.46626 718.73147 9
e 575.21708 104.61323 6
e 570.23575 750.20570 8
e 126.84242 11.94220 10
e 289.75939 635.50493 13
e 610.19342 411.87244 10
e 388.29345 901.24940 4
e 521.72302 396.46010 6
e 664.08742 793.79592 9
e 126.42194 206.11228 7
e 468.08075 946.14210 5
e 312.81363 450.18220 9
e 595.95302 156.61103 12
e 198.96326 404.64768 10
e 55.60677 751.44532 8
e 170.76085 174.17488 8
e 348.15381 459.00106 9
e 316.98942 654.85566 5
e 591.30688 511.71132 6
e 511.18424 598.82613 9
e 153.24394 928.10052 19
e 91.09082 1026.51256 8
e 675.81499 340.31003 12
e 32.37502 464.63791 11
e 276.96988 952.14117 2
e 286.61984 490.45490 14
e 620.60069 986.43018 5
e 346.28693 603.07042 8
e 452.24245 639.76393 6
e 171.77007 388.39925 8
e 72.20915 337.92469 7
e 291.57861 74.02321 14
e 364.35766 81.61767 11
e 577.19059 239.68420 7
e 109.20012 405.52009 8
e 333.99150 125.56124 10
e 664.65573 259.35945 6
e 213.86773 842.22841 11
e 696.79642 195.67654 16
e 483.94066 1006.27067 7
e 270.56123 691.87792 6
e 198.57246 366.64558 8
e 46.06233 276.92257 15
e 563.52825 479.95007 5
e 186.51680 863.83885 13
e 477.82154 921.39435 12
e 571.57344 45.56098 12
e 551.76969 545.52736 6
e 298.78619 853.98566 9
e 502.49298 105.76939 13
e 217.67881 543.00925 17
e 43.25018 297.64681 13
e 56.59261 935.30722 8
e 208.32671 63.96017 10
e 698.15680 32.92478 6
e 491.35832 683.09473 5
e 340.91933 249.73150 5
e 218.47249 109.94812 8
e 122.54140 330.75704 6
e 455.76016 724.15640 8
e 556.75986 42.88640 12
e 229.57365 996.35750 15
e 483.47794 588.76469 11
e 471.79116 924.57397 6
e 229.92048 475.80010 9
e 436.07152 1006.97280 10
e 628.73768 1063.19762 9
e 531.47376 338.70908 9
e 351.97256 1066.32652 3
e 671.48940 99.43727 9
e 371.14685 182.12066 11
e 410.14396 1055.97797 9
e 40.94583 189.33924 5
e 117.33620 162.41710 11
e 582.93544 905.14548 8
e 579.79315 863.89447 12
e 574.12083 204.79124 7
e 226.90272 895.19013 10
e 194.55164 153.17987 9
e 150.26869 572.89021 5
e 645.83948 322.88791 10
e 553.27840 18.45692 10
e 532.57181 281.80325 10
e 274.80577 189.44655 8
e 373.51895 786.06896 7
e 319.59951 955.16167 16
e 226.69529 562.05730 11
e 266.47658 561.32622 10
e 350.30258 88.52125 15
e 664.46730 804.06823 6
e 367.59741 569.99534 7
e 339.84438 251.24273 7
e 326.45797 915.70201 6
e 41.76044 741.36616 10
e 59.00755 1051.21159 6
e 476.64480 775.49694 5
e 605.56573 155.57224 11
e 497.16619 494.56912 9
e 703.30769 967.85671 11
e 376.93738 643.00957 8
e 364.06077 614.32028 12
e 166.34892 997.88108 5
e 397.59820 289.23876 8
e 487.96693 396.94872 8
e 62.88040 851.44333 12
e 516.03161 93.77288 11
e 623.46751 409.72700 12
e 640.73592 712.32183 10
e 582.95401 27.96005 13
e 204.12741 130.71038 6
e 700.42682 562.64326 5
e 486.55185 582.57985 7
e 59.76727 327.53271 11
e 281.55378 749.77637 13
e 580.18966 539.10834 11
e 376.82871 234.71327 12
e 168.12831 195.78162 9
e 12.74863 568.08812 8
e 233.45111 481.82493 5
e 271.81788 926.70286 7
e 678.74485 919.18243 5
e 545.18554 499.22656 9
e 420.98331 891.46470 11
e 151.68271 781.82066 7
e 252.89792 733.98429 9
e 273.45876 91.91793 4
e 155.44904 40.47569 9
e 231.60450 262.82633 7
e 697.58906 668.11396 9
e 349.68644 599.88886 14
e 550.83729 258.23837 5
e 101.67716 99.12512 4
e 591.55274 140.42912 10
e 73.36591 623.73299 6
e 662.49287 1025.93385 7
e 504.74408 796.13074 11
e 90.99123 591.64494 11
e 528.91687 840.42296 4
e 451.29403 379.59162 6
e 483.25687 407.27953 12
e 83.41556 1007.87016 8
e 586.78679 365.19772 9
e 246.39053 813.03178 13
e 623.05947 794.09242 6
e 566.23466 966.86394 20
e 231.34730 103.39827 10
e 157.65792 79.50440 7
e 271.73446 871.68645 6
e 623.12798 841.23442 11
e 585.69311 421.15003 8
e 550.20929 559.24260 18
e 112.59729 91.52087 7
e 71.25862 701.24248 8
e 571.68851 273.58685 8
e 570.95972 306.67272 9
e 594.72518 354.13280 11
e 677.77565 180.89087 8
e 652.57477 771.99334 9
e 269.06789 24.59375 6
e 490.71012 250.98644 14
e 515.50532 300.91645 9
e 503.95082 991.99109 9
e 634.04014 1062.80540 4
e 432.54422 197.51615 10
e 584.71297 819.76427 5
e 564.51205 20.76229 9
e 554.24987 766.19699 11
e 63.06761 482.94072 8
e 134.40686 705.59963 9
e 709.43791 290.81776 8
e 192.29230 346.06160 18
e 666.34025 509.99264 13
e 52.63949 872.26210 7
e 317.30798 669.04617 6
e 500.91988 1046.06478 6
e 281.35803 803.24440 10
e 289.79024 71.05157 8
e 388.30252 758.73301 5
e 307.87958 273.98919 15
e 73.60805 387.83408 4
e 12.51203 604.45513 7
e 160.40236 71.02475 6
e 698.37621 691.18270 10
e 76.96740 261.57718 12
e 596.32890 590.71296 8
e 515.96207 405.91108 14
e 95.73270 494.69152 13
e 213.74444 464.16878 10
e 322.90623 891.06342 7
e 191.33411 820.88061 8
e 315.94752 1008.10806 13
e 275.58980 205.17753 12
e 628.20128 793.46286 11
e 513.64304 209.76593 16
e 613.69037 575.50683 10
e 168.07986 57.95431 9
e 227.05813 762.86112 4
e 397.74554 211.73980 9
e 701.88443 1028.91138 7
e 296.90401 136.06092 8
e 538.50812 210.71672 7
e 662.85932 193.83834 15
e 518.08245 512.85125 11
e 320.63265 402.16169 8
e 399.98279 656.52390 10
e 439.76825 170.48425 7
e 45.18011 361.57368 6
e 268.06356 961.97296 10
e 372.77504 1013.17825 7
e 62.29191 468.34923 7
e 670.10476 179.77028 11
e 609.47377 96.46221 13
e 103.53622 102.71337 5
e 218.96316 737.60255 10
e 672.28825 145.73290 5
e 198.69533 816.59379 10
e 110.78039 375.61447 15
e 36.16769 1056.05853 10
e 358.95957 198.94688 10
e 237.62357 893.64646 3
e 378.81355 625.93881 8
e 145.84067 337.13712 17
e 705.58494 871.24486 8
e 45.10386 226.77487 8
e 153.42988 50.33744 7
e 410.49042 874.31501 6
e 159.26827 462.53834 5
e 252.02985 653.60603 8
e 653.99550 646.37430 8
e 188.45416 533.79642 4
e 273.56666 178.44037 12
e 661.20432 160.16776 11
e 440.82635 22.44014 6
e 33.43338 453.14380 16
e 148.63009 403.58327 7
e 87.76865 132.67434 5
e 296.56948 608.72450 21
e 634.79236 526.88232 8
e 126.71675 925.94676 11
e 264.78701 35.80719 12
e 278.32873 1064.01213 7
e 233.59451 363.38202 12
e 377.08741 483.78318 8
e 332.79994 839.62648 7
e 321.42452 773.52224 4
e 170.77139 726.68794 8
e 501.75378 962.57224 6
e 226.24311 1052.16543 8
e 88.80815 640.60919 11
e 698.77217 870.86646 8
e 67.99627 311.23394 9
e 619.61209 854.61841 6
e 458.61034 736.45552 10
e 646.97788 763.63427 7
e 61.54163 302.44870 7
e 473.59213 805.91408 9
e 459.82943 617.25078 10
e 400.39002 914.05816 7
e 38.39529 662.16089 9
e 48.09586 894.18571 7
e 454.42010 271.79592 13
e 357.11143 1035.48849 4
e 69.63607 873.90480 9
e 167.04290 308.31162 14
e 404.81899 94.02173 15
e 317.89106 262.25885 9
e 657.76607 193.61203 10
e 422.97167 900.42825 8
e 531.53135 471.56626 6
e 422.72121 424.89059 8
e 218.09040 350.50037 8
e 500.97070 1019.40928 8
e 125.16635 298.43214 9
e 593.62009 681.80971 11
e 186.61255 513.38324 7
e 268.45157 527.13222 9
e 385.16869 955.25845 5
e 652.33840 452.84165 19
e 644.84576 392.13385 10
e 413.70116 422.03202 8
e 34.03679 1030.22446 7
e 705.92541 309.29749 14
e 361.44782 364.80359 5
e 417.58890 850.27637 8
e 577.85748 773.01334 7
e 294.17669 911.06223 4
e 107.42341 594.36096 10
e 428.60450 236.29383 8
e 55.84638 1040.93591 8
e 562.89664 593.41282 7
e 501.55259 908.73528 12
e 435.70505 562.21320 13
e 313.39934 369.56820 14
e 645.28565 98.72194 13
e 197.07641 69.11752 10
e 276.75632 966.14596 10
e 562.16690 259.60711 8
e 256.84004 681.42107 7
e 11.85974 192.59415 10
e 580.48009 688.26128 7
e 319.92716 615.54525 12
e 25.40680 488.81599 6
e 146.64824 398.08744 15
e 124.15798 520.33071 12
e 591.04510 31.63602 11
e 267.20937 1030.60455 15
e 634.65083 662.34454 7
e 665.49889 166.53727 7
e 374.34941 261.13839 19
e 36.08249 17.81889 7
e 165.72811 144.24633 11
e 327.15331 426.25546 9
e 289.81612 602.21327 11
e 343.89280 1000.18926 12
e 570.26565 499.97001 4
e 140.35490 852.75149 11
e 321.75199 38.01050 8
e 536.97393 783.30813 9
e 156.29387 903.50699 7
e 125.52650 601.56764 10
e 376.62076 576.13477 8
e 153.49101 813.35715 9
e 681.09085 501.91900 8
e 331.77927 202.36691 7
e 485.32644 532.52257 13
e 109.04634 901.76231 4
e 151.33636 17.54632 6
e 225.20326 186.40097 11
e 79.32890 1045.24846 10
e 92.43685 145.10339 8
e 55.55660 586.16454 8
e 101.36445 883.35470 5
e 81.94584 935.71346 8
e 557.23338 405.53960 7
e 100.57309 407.42008 8
e 129.45131 868.62893 7
e 205.68595 1069.00484 14
e 554.75806 963.29654 14
e 136.54942 705.44828 14
e 192.83157 39.17758 6
e 673.06081 246.90691 11
e 345.91898 63.30346 10
e 505.71693 132.40714 8
e 170.71474 990.30251 8
e 216.11561 305.91267 8
e 197.60660 710.28307 15
e 143.57605 690.46810 12
e 363.75599 211.42681 9
e 302.66769 311.95858 12
e 31.22143 560.22188 7
e 153.53596 422.54867 13
e 582.59896 436.01259 13
e 580.67111 642.31077 9
e 121.63771 612.10985 6
e 389.80790 338.20514 6
e 122.64585 594.76488 7
e 573.01745 420.85390 7
e 203.64107 1056.09015 14
e 279.53130 473.75997 7
e 429.07920 191.65813 10
e 265.79910 459.69232 13
e 377.44858 714.00556 10
e 309.07938 405.96436 9
e 380.93804 455.34711 9
e 345.76319 610.23663 7
e 403.08820 694.58205 11
e 379.53530 359.67350 9
e 622.09911 1005.38140 6
e 22.84617 539.23810 19
e 573.07484 811.10353 15
e 350.85544 487.57174 13
e 282.37052 287.06127 10
e 612.07805 609.99545 8
e 311.05525 696.32842 5
e 707.15012 23.10001 20
e 453.96964 421.10131 6
e 530.44917 139.91013 10
e 417.71402 391.06669 11
e 407.39853 945.32643 9
e 276.76716 137.98766 10
e 468.88098 73.46896 8
e 554.85246 612.35025 8
e 500.54859 565.92136 15
e 173.95798 432.47947 9
e 460.76822 394.34480 11
e 380.82358 10.51834 4
e 449.51557 584.34957 6
e 548.59197 447.86582 9
e 549.47750 477.64733 11
e 496.97137 926.96050 11
e 299.70688 82.05454 10
e 385.15549 395.86541 13
e 340.57792 835.99573 9
e 151.15433 326.72612 8
e 106.81361 228.45668 10
e 243.91880 770.41117 9
e 674.09428 739.31746 11
e 125.58777 831.87694 8
e 25.79752 110.93756 12
e 695.88496 745.77126 4
e 23.22413 1049.04852 10
e 316.17813 821.89121 8
e 199.89451 678.38881 12
e 526.63038 479.63529 9
e 213.13599 911.40996 8
e 649.72384 556.37327 6
e 452.90522 91.12122 13
e 80.88624 687.57254 7
e 405.55947 316.38562 7
e 257.89617 1025.48484 14
e 549.57989 688.06088 11
e 628.64460 501.77370 13
e 347.85682 591.66914 5
e 103.24963 243.32709 5
e 238.96192 1053.55307 7
e 100.75934 207.36234 10
e 518.71989 478.06642 13
e 253.59836 594.39918 4
e 12.38965 411.45639 6
e 168.04212 936.28980 14
e 58.80974 928.64084 14
e 593.40299 347.11943 8
e 422.69887 672.40400 8
e 54.88000 476.98497 20
e 364.63794 920.31109 13
e 241.34324 447.57505 8
e 160.85791 772.58852 11
e 563.21891 244.01592 8
e 431.02242 667.66267 14
e 171.59868 139.58869 7
e 422.13647 83.84833 9
e 267.79988 520.26915 7
e 262.30914 591.29137 9
e 424.44907 196.99451 10
e 97.87286 147.68557 5
e 193.05179 524.60556 11
e 130.92097 809.01957 7
e 554.23687 1039.42968 10
e 374.42010 808.86245 8
e 308.01429 506.21160 9
e 428.68747 24.35109 7
e 204.52426 688.70489 5
e 623.44455 513.66951 13
e 549.46616 813.13907 11
e 133.42261 723.20134 10
e 132.43857 127.96884 15
e 239.25469 444.49505 13
e 100.87451 918.88960 9
e 183.13520 554.37205 6
e 676.90904 406.74217 6
e 312.06565 787.30231 9
e 125.67420 773.27733 10
e 661.43452 1029.85413 15
e 462.26137 385.35104 5
e 592.80719 867.61433 12
e 11.95121 383.33008 5
e 701.93963 815.96329 6
e 325.65615 272.97243 5
e 230.34965 311.89535 12
e 88.92524 843.08108 10
e 577.48061 944.77981 6
e 215.26369 975.85522 15
e 262.93255 457.59626 13
e 143.14013 77.90304 9
e 262.85239 53.55075 7
e 86.20868 859.55976 8
e 466.57636 728.65431 10
e 574.71013 789.19656 7
e 693.33745 130.27485 13
e 483.96279 427.49497 7
e 683.46090 436.73065 7
e 489.58315 764.58945 8
e 180.87825 657.22092 13
e 611.68736 579.76945 8
e 107.68401 115.87444 6
e 316.33606 353.77618 5
e 465.37836 719.08536 11
e 290.74414 72.97374 13
e 227.58292 487.79443 7
e 81.46314 257.74232 9
e 377.24870 810.89291 8
e 571.24480 177.92545 12
e 374.62704 559.66863 5
e 546.21227 958.42036 13
e 600.40232 788.28517 5
e 574.07335 221.65476 17
e 259.23591 88.65372 5
e 644.50870 263.19701 8
e 30.87102 872.48710 12
e 114.57652 599.38353 6
e 38.76765 970.29464 6
e 14.48345 311.37602 10
e 79.30651 628.90979 10
e 582.56855 401.36458 10
e 366.22917 839.90195 11
e 151.76375 626.15424 8
e 468.18284 524.10696 6
e 487.29142 991.68146 16
e 704.19848 222.32531 6
e 610.61797 160.29893 11
e 206.14857 506.87421 9
e 231.95787 94.46668 8
e 582.28316 759.42074 8
e 316.84900 908.20632 9
e 32.52534 221.87683 7
e 507.85020 130.54593 7
e 90.23132 261.51580 9
e 121.67198 424.83886 10
e 324.63268 949.66837 9
e 10.91595 900.53289 4
e 336.96084 781.09361 13
e 79.03829 422.79906 6
e 479.57772 848.66128 7
e 405.94461 974.11197 4
e 193.93313 484.20288 9
e 414.79506 385.85890 4
e 434.23512 1040.39107 10
e 641.77286 425.36571 10
e 652.93767 1010.95750 5
e 705.95691 45.17373 8
e 64.39703 977.38137 12
e 691.25716 781.17907 8
e 37.01671 755.88051 8
e 51.58719 435.14406 11
e 411.61009 671.24973 15
e 533.61077 215.49183 7
e 517.88872 70.36621 6
e 523.12853 1021.97765 11
e 73.94174 373.28971 13
e 692.15469 184.44282 8
e 517.98485 926.15100 9
e 595.53279 978.94785 8
e 382.97394 346.18353 7
e 347.58172 711.36596 9
e 495.78877 976.41811 12
e 318.07678 824.44865 12
e 616.12261 350.47142 7
e 80.51509 704.53454 15
e 200.56887 563.52151 13
e 247.63268 941.60574 11
e 346.13833 489.45336 10
e 380.16878 871.99576 8
e 506.34433 452.61988 6
e 398.03593 706.53834 11
e 138.25299 997.75918 8
e 468.06982 687.19693 17
e 497.16377 241.39795 9
e 412.30675 492.91750 7
e 444.67935 853.95723 8
e 669.53701 139.86431 12
e 601.16851 269.20939 8
e 195.65867 953.80875 6
e 392.23311 384.72613 5
