c ./output/rectangle/uniform/uniform-rectangle-0-2000
p rectangle 2000 720.00000 1080.00000
e 653.32936 737.63656 12
e 110.91184 536.70910 10
e 459.62819 1007.76857 8
e 188.85964 43.38823 7
e 195.42130 720.73851 12
e 71.58828 777.41948 8
e 621.86461 449.25448 8
e 469.98883 135.53490 8
e 122.41869 717.04903 6
e 195.74648 357.59514 9
e 571.80786 243.59764 9
e 136.69119 514.74262 11
e 49.43778 507.25446 9
e 370.32679 390.37637 6
e 504.79781 508.52055 7
e 369.55046 860.42877 7
e 385.61342 967.71882 8
e 382.98154 840.65511 7
e 150.12727 49.28360 13
e 663.75329 426.73555 10
e 96.14027 1054.68441 6
e 294.51722 1005.60557 10
e 222.55698 24.65452 8
e 173.71248 929.17090 10
e 326.19138 738.48704 5
e 162.35053 939.08262 15
e 517.17750 797.97160 10
e 639.71870 125.97137 10
e 575.54918 778.91420 9
e 684.75763 869.32055 8
e 154.73597 782.67461 8
e 123.64822 116.54864 14
e 182.68117 349.00853 4
e 213.67875 1004.33509 10
e 197.95880 663.67079 13
e 88.33860 977.28417 5
e 346.29664 272.86640 4
e 256.73251 377.02503 16
e 475.15353 37.40710 9
e 546.82171 274.54489 13
e 592.22671 686.70858 7
e 324.35439 954.47045 12
e 618.21347 846.04039 13
e 548.77321 1032.22745 5
e 151.65211 401.96573 4
e 350.74498 683.79490 10
e 580.87363 701.61533 7
e 705.74260 1041.48942 9
e 233.42567 528.25179 8
e 571.08250 145.35408 9
e 298.71950 926.05702 7
e 154.32015 698.67867 11
e 247.44768 735.24162 13
e 26.95655 1049.00274 13
e 47.47880 1009.74656 9
e 338.45645 760.24784 6
e 392.13004 812.11107 8
e 322.30765 997.55219 7
e 561.69645 135.29611 15
e 509.09053 832.50299 10
e 490.48535 716.40878 7
e 150.27123 1013.63469 10
e 511.38062 370.19292 9
e 708.45370 440.59623 7
e 92.12607 375.94196 11
e 323.27602 762.32857 6
e 567.22157 852.37251 8
e 222.73855 300.83315 5
e 172.76553 47.66454 8
e 647.54375 763.49529 6
e 16.97388 93.11885 16
e 454.31223 1022.73758 9
e 24.25574 398.01677 6
e 693.17255 906.63062 9
e 371.47760 522.15768 13
e 187.36119 908.89212 9
e 403.19528 90.98997 11
e 502.17606 615.73314 8
e 181.34173 584.68118 5
e 313.67767 156.39591 8
e 694.60231 299.29140 5
e 377.49921 590.72501 4
e 278.06543 58.10712 11
e 427.31260 429.99475 11
e 605.53218 951.68474 9
e 700.69711 830.98418 7
e 483.02747 780.73263 9
e 163.43351 901.38624 14
e 529.27487 939.73657 10
e 464.50823 987.00544 9
e 31.68105 370.60600 11
e 225.45947 761.43623 7
e 669.03508 998.88061 12
e 471.74357 449.96423 15
e 412.03629 328.80832 7
e 173.70231 14.62228 7
e 550.84018 656.16034 9
e 600.70178 121.82933 10
e 466.81838 25.33793 5
e 444.84457 264.32141 13
e 181.53964 18.41229 10
e 505.99652 313.50669 12
e 222.51455 951.46630 9
e 186.89457 627.93198 10
e 521.74668 645.71387 9
e 250.36025 621.13795 13
e 68.45569 1015.20282 7
e 554.56052 11.16239 13
e 521.66885 583.15351 8
e 591.90907 1021.48186 2
e 517.82224 630.15422 8
e 298.46064 311.19676 10
e 705.53771 702.04974 9
e 185.71643 922.84982 7
e 236.99162 689.80270 8
e 595.93310 185.53208 9
e 327.14214 1027.85763 6
e 352.87768 475.22831 10
e 355.40842 940.28523 7
e 480.39746 992.99387 11
e 466.39646 925.55228 7
e 215.67959 526.90142 11
e 18.22763 357.08442 12
e 553.14087 319.86924 6
e 487.68547 19.85219 11
e 178.34457 486.41579 11
e 25.84060 76.46996 7
e 414.20321 134.35670 11
e 34.53672 38.69966 7
e 419.67968 729.32416 10
e 539.97990 113.09296 9
e 446.19204 623.30094 12
e 542.69344 59.06614 11
e 221.99785 904.22649 9
e 441.27221 51.49466 11
e 697.56620 258.26662 7
e 493.96680 869.88362 13
e 669.21971 472.63482 11
e 226.34777 825.57642 11
e 392.16397 769.12734 12
e 251.21870 539.32975 11
e 438.44330 788.08416 12
e 297.18407 380.77914 16
e 302.40729 546.68105 3
e 32.18942 417.14101 8
e 407.34676 826.29994 8
e 510.48745 68.68385 6
e 691.61398 917.04604 8
e 90.79592 399.93355 8
e 21.56753 961.65836 8
e 192.31859 444.84407 8
e 275.50380 46.14341 11
e 203.91763 571.31670 8
e 534.19846 12.36508 4
e 427.58957 228.57864 8
e 513.84997 953.56227 7
e 539.89197 364.02180 12
e 449.65362 22.16781 11
e 27.00701 46.45336 8
e 352.01564 605.39975 7
e 15.71550 1060.50171 9
e 693.75991 1026.52368 9
e 105.90917 31.73049 9
e 85.31827 393.74563 9
e 91.47389 236.82845 9
e 16.11606 653.34630 10
e 542.18908 715.73852 12
e 191.46389 251.58026 7
e 134.47833 307.45747 4
e 705.87962 98.25478 6
e 539.37180 916.29782 14
e 193.70214 937.16582 9
e 677.02392 876.13386 13
e 272.31300 197.18302 8
e 405.13035 375.19036 9
e 483.30490 571.25594 9
e 13.15658 797.68186 6
e 654.47125 786.97910 9
e 489.39961 317.24530 6
e 676.62038 869.19715 6
e 534.67639 553.07386 6
e 518.34360 52.57675 5
e 191.03751 248.12081 13
e 249.67072 590.99251 8
e 381.62050 503.44459 10
e 603.24426 15.69869 4
e 281.46957 691.47082 11
e 480.13236 22.33855 8
e 257.19727 628.66672 9
e 598.34854 1031.13264 9
e 426.31444 286.85317 10
e 341.15992 203.30697 6
e 532.38637 847.56544 6
e 154.69497 816.97951 10
e 345.22985 251.12433 14
e 178.01958 169.98547 11
e 552.85708 186.31601 8
e 128.90059 11.05551 9
e 188.09134 466.36410 9
e 653.82891 289.02507 9
e 339.58392 849.82264 10
e 455.43036 886.64431 6
e 564.40003 211.75517 6
e 532.10410 401.92302 12
e 469.89872 930.56931 9
e 641.33103 1069.25541 9
e 38.96828 479.26477 10
e 44.20174 121.70915 8
e 430.38480 668.88898 16
e 581.44074 620.47198 8
e 110.19633 81.38985 8
e 501.01584 666.64767 12
e 374.11837 474.30499 8
e 256.24176 781.53913 12
e 530.13444 664.32930 10
e 454.15708 937.46068 10
e 131.05044 324.17781 12
e 499.17625 761.30270 8
e 46.35408 1014.58344 11
e 231.28537 893.88928 15
e 220.86800 92.76849 8
e 420.69266 571.40977 9
e 379.59999 328.81775 7
e 62.97207 551.89122 10
e 521.57343 378.10354 6
e 106.75354 226.36751 7
e 316.88418 581.57178 13
e 703.65747 523.59524 8
e 141.59156 244.65512 6
e 311.29872 451.39242 6
e 621.68442 33.47704 8
e 503.51796 1035.85685 11
e 365.71947 338.49761 8
e 152.51845 985.53370 8
e 338.45873 91.75979 9
e 635.60074 279.30108 9
e 251.19746 433.86649 8
e 78.37123 78.57542 6
e 259.52639 466.95874 11
e 396.64176 587.89211 10
e 332.06418 204.75463 9
e 116.86809 409.28540 8
e 345.76701 307.93092 15
e 572.29633 290.18996 4
e 22.57301 705.58892 6
e 613.66710 412.55675 7
e 106.73156 686.14436 15
e 188.66967 672.62034 15
e 549.36565 230.88430 13
e 284.41121 447.18689 7
e 219.33972 13.77187 4
e 405.53403 762.03246 8
e 247.04803 46.87595 6
e 698.98493 996.01145 8
e 664.36909 409.06966 9
e 381.35854 974.40154 8
e 501.80392 357.06128 14
e 202.05759 961.50171 10
e 48.27260 520.22047 9
e 441.42491 503.04870 6
e 149.91391 364.00861 10
e 405.22474 73.65514 9
e 638.45005 678.19143 9
e 319.73596 783.80468 9
e 199.13080 1049.66748 8
e 696.33174 61.41354 4
e 154.64914 294.30377 10
e 407.06885 402.07554 7
e 609.85627 22.10268 11
e 327.15236 234.72363 7
e 648.10225 242.97985 15
e 356.10200 643.89252 13
e 263.29576 633.27205 9
e 474.07423 71.99397 10
e 662.46624 715.39956 13
e 109.68676 576.92168 17
e 351.14079 679.80105 12
e 354.40286 803.86359 12
e 28.31118 359.83739 13
e 391.96197 13.22815 8
e 625.13731 920.86735 9
e 633.84540 597.78646 8
e 170.11299 681.04443 6
e 624.11988 640.82172 7
e 631.43160 1051.63015 6
e 288.41604 605.41382 8
e 705.62507 27.53444 9
e 57.19130 480.60417 10
e 412.49847 1033.47582 7
e 515.11397 586.98661 6
e 611.64290 621.49144 10
e 287.90538 191.28318 13
e 359.35546 448.01388 9
e 610.66333 483.91186 9
e 629.14532 81.75292 9
e 250.66314 52.08657 11
e 629.98648 718.58783 8
e 92.72817 1020.27306 10
e 20.94756 750.13412 3
e 301.43176 413.73474 10
e 559.90490 721.50863 7
e 505.19618 54.41180 8
e 55.10192 866.39403 10
e 303.49029 417.68826 9
e 258.19245 36.12868 10
e 615.37064 962.58364 10
e 531.28813 877.95144 10
e 264.83188 101.73840 12
e 390.46332 234.25719 5
e 562.92717 464.66323 9
e 436.16252 15.16809 10
e 259.56312 762.19756 9
e 535.33326 297.22033 6
e 434.59216 945.23802 5
e 25.60785 635.19538 4
e 370.65619 78.55140 7
e 396.50532 819.28397 7
e 401.81634 728.42937 8
e 327.52195 192.74163 14
e 284.15555 247.94809 5
e 19.84363 136.02586 13
e 204.49326 884.79391 7
e 414.19258 373.26682 7
e 647.96325 169.30131 4
e 660.85037 824.56394 10
e 256.83990 754.24305 6
e 402.51342 346.13547 13
e 434.72369 713.71382 9
e 405.68906 253.09268 9
e 659.60371 1010.39675 6
e 494.74807 277.08687 9
e 685.98932 474.59263 7
e 538.50018 624.85623 6
e 146.46949 73.22391 8
e 370.58569 632.92036 4
e 122.86442 745.34329 10
e 586.68756 879.26882 13
e 379.66569 65.80346 8
e 190.82189 565.78292 12
e 468.78355 169.86265 7
e 112.88757 511.10068 9
e 528.51103 342.42604 9
e 233.52446 465.16818 10
e 186.22419 213.20275 13
e 467.84975 260.88924 13
e 78.28684 697.29738 14
e 172.98966 160.34318 11
e 276.42323 1041.67739 8
e 433.05361 750.55501 11
e 31.80739 275.45118 10
e 645.58512 338.13641 9
e 436.07798 913.21230 4
e 365.57657 16.06668 6
e 290.33514 839.53708 7
e 138.22358 689.45986 5
e 409.92016 146.21741 13
e 570.71262 444.06904 8
e 564.66918 777.06884 8
e 264.88037 446.66943 5
e 383.08065 915.40505 8
e 241.29583 567.91144 8
e 535.17914 396.60696 12
e 449.15406 92.85018 7
e 114.03491 673.33618 10
e 637.30326 115.15092 10
e 181.62702 888.51927 9
e 640.34846 184.54351 7
e 113.49651 229.86228 6
e 681.17890 321.09445 8
e 640.83902 551.37151 10
e 30.42483 226.31570 10
e 615.70389 409.61570 7
e 535.17417 372.08434 15
e 687.60363 916.69391 8
e 531.68674 197.88541 12
e 53.42394 239.32458 8
e 238.73667 848.02161 11
e 147.80661 933.32155 8
e 332.09908 1052.00737 16
e 702.33430 460.22628 10
e 207.04401 760.13787 10
e 703.40003 548.94717 11
e 233.06696 111.86601 8
e 621.07738 933.57209 5
e 492.99561 994.03666 7
e 163.25557 512.95266 11
e 339.40639 857.75539 11
e 416.89191 364.79617 7
e 467.11031 282.54884 9
e 349.15490 773.93524 15
e 418.15115 24.54727 5
e 133.11849 728.78789 15
e 613.04689 246.19467 7
e 607.72543 862.67284 8
e 513.71221 376.87160 8
e 708.68886 347.28314 14
e 424.43874 74.18800 10
e 65.51367 67.16165 14
e 331.93282 499.53318 7
e 350.40793 485.50744 4
e 46.54415 266.92518 10
e 494.12826 467.35004 10
e 290.61660 343.03002 9
e 464.24331 177.94498 10
e 75.18522 168.86986 10
e 688.60354 997.62038 6
e 182.27620 466.55780 5
e 427.31000 503.37737 10
e 506.98350 812.71014 11
e 97.00390 231.09766 6
e 282.52733 472.05810 5
e 182.60726 646.72749 8
e 645.88519 357.07229 10
e 516.86601 39.86377 6
e 654.10157 272.11502 11
e 628.57739 1024.84581 12
e 261.83048 870.96499 4
e 620.64587 487.89480 5
e 482.11594 931.36072 11
e 180.65975 814.62534 9
e 650.38763 645.12804 10
e 433.98125 602.14724 10
e 501.40000 84.41027 10
e 707.81421 935.53670 11
e 489.11186 82.63355 15
e 683.60975 979.71876 6
e 259.28035 759.77186 5
e 357.48092 769.16250 12
e 172.74555 61.76231 6
e 245.23860 472.93020 7
e 300.82937 863.31657 10
e 686.45832 768.52705 9
e 361.85191 459.86759 7
e 190.68731 229.63499 10
e 55.31820 990.72467 8
e 511.26505 514.11271 10
e 700.52587 199.13821 7
e 452.92422 939.05113 7
e 302.67476 423.33432 16
e 49.42480 531.01407 7
e 357.53398 697.26775 8
e 241.60149 38.44942 10
e 373.11815 42.20911 15
e 525.90484 379.74090 19
e 694.44789 394.11684 5
e 464.02081 41.66850 9
e 482.81443 78.64604 6
e 639.62759 678.35203 14
e 33.98765 555.67876 8
e 106.72676 491.78389 10
e 159.54174 391.09719 7
e 696.20519 798.73002 7
e 566.21856 910.68345 14
e 131.91740 961.56806 11
e 382.77643 555.21659 11
e 295.26576 372.63312 6
e 264.61855 1007.90965 11
e 618.55575 458.87740 8
e 350.70841 1068.69781 10
e 334.79950 442.76440 9
e 358.57126 481.56255 5
e 367.75405 1007.50646 10
e 17.04373 383.98369 7
e 645.83117 936.63210 11
e 221.93001 678.52508 10
e 526.38936 74.00314 11
e 551.68955 336.57500 11
e 614.78323 365.28905 14
e 427.98496 272.15514 6
e 648.09765 62.02771 12
e 289.26329 683.66059 7
e 42.79559 822.23967 16
e 83.35639 412.52141 8
e 659.67195 72.63881 11
e 470.66486 508.04422 8
e 314.65443 383.73270 13
e 48.88354 343.00242 9
e 148.69766 708.53228 10
e 117.78608 696.80718 10
e 451.12613 566.50928 6
e 598.09189 911.88584 9
e 266.14889 55.69988 6
e 149.10278 645.19045 9
e 395.28187 896.27992 7
e 701.48760 788.46181 8
e 485.19135 731.49201 9
e 644.41404 536.49226 11
e 442.27261 263.86665 5
e 430.99340 217.39781 11
e 352.84300 783.01409 4
e 340.85134 370.46499 11
e 534.29987 69.27572 11
e 183.34045 974.87523 10
e 153.58354 862.44249 8
e 696.51265 49.69670 4
e 493.62179 867.88803 12
e 126.70245 556.30367 7
e 511.91638 488.30632 5
e 637.01978 539.63490 10
e 51.63229 232.32749 13
e 245.86878 356.60001 14
e 140.62716 918.07659 10
e 691.24227 92.51920 6
e 194.75666 545.68122 6
e 40.67839 280.83592 9
e 605.59165 748.26239 11
e 589.56742 1061.50188 11
e 298.14495 807.13331 20
e 675.63960 394.87498 7
e 136.08357 269.12651 11
e 174.14187 921.84281 7
e 570.71643 786.21897 14
e 196.14249 632.42641 13
e 302.11585 130.22730 6
e 467.65054 938.71684 7
e 25.89902 404.36738 10
e 504.35980 988.92263 9
e 363.08736 258.08292 13
e 628.03825 835.88076 13
e 619.91625 653.30957 9
e 480.16122 499.78711 8
e 687.33779 798.24520 7
e 28.51233 321.46894 9
e 276.48766 444.48542 8
e 234.54076 984.56497 4
e 361.05063 249.43439 8
e 34.51725 539.23365 9
e 583.95921 615.72903 14
e 396.40788 194.65528 9
e 519.21559 255.53089 7
e 312.42058 846.55620 9
e 529.96657 830.49334 12
e 272.28438 1048.89285 13
e 429.57521 274.07971 10
e 26.27567 296.30051 13
e 429.32018 992.21679 7
e 582.73341 182.01991 6
e 436.53893 686.16868 11
e 470.19081 509.91509 11
e 653.89263 101.49763 8
e 244.76932 554.81065 7
e 637.75908 946.16334 10
e 622.43126 177.37574 8
e 122.38219 181.21415 7
e 223.39880 901.24113 11
e 320.33674 1002.64154 5
e 479.23216 569.82570 8
e 236.04705 268.14378 11
e 251.92315 358.14362 6
e 463.12221 645.32714 7
e 24.80389 77.63309 6
e 135.82401 896.71184 11
e 435.86222 573.21135 15
e 671.40720 168.85957 9
e 188.61623 26.09362 13
e 650.93249 895.32234 8
e 603.70357 431.26491 11
e 126.48264 264.66845 16
e 58.45190 777.87152 7
e 401.34318 228.83610 16
e 121.24367 114.00239 7
e 614.75625 631.51386 5
e 33.98499 889.95537 12
e 603.07328 41.92151 8
e 333.73832 623.74409 10
e 417.06383 633.19710 6
e 452.86277 189.07174 10
e 81.99745 21.66304 7
e 548.48858 114.74896 8
e 336.72399 451.96816 14
e 238.26825 479.48620 9
e 523.32643 482.26319 7
e 542.62005 462.67748 7
e 321.72592 41.98769 11
e 606.24317 985.50633 8
e 692.60531 1045.36032 10
e 289.34519 739.63771 14
e 163.32956 104.66992 17
e 142.29135 200.40541 3
e 240.58763 513.31916 13
e 65.74698 270.49182 10
e 291.90476 586.34537 5
e 315.35067 17.16681 11
e 363.55075 599.40689 8
e 247.84707 674.30909 9
e 78.43825 1033.76993 10
e 172.89261 23.79555 11
e 240.27846 538.96927 10
e 281.77696 1000.13942 11
e 569.93995 554.68561 7
e 103.33585 946.64539 13
e 306.33784 81.63878 12
e 708.84005 548.76103 7
e 543.46459 193.05918 11
e 696.64649 258.08207 10
e 589.36001 873.46638 12
e 384.22342 532.53605 10
e 119.48354 402.00103 10
e 498.83197 777.04616 6
e 335.55574 946.01847 11
e 35.51614 891.22791 10
e 623.00726 896.80697 8
e 174.69828 153.56024 10
e 26.82794 34.19471 10
e 641.49351 363.83581 4
e 248.09873 438.07041 4
e 76.79307 587.85200 11
e 489.35976 1056.41043 13
e 158.94365 278.19397 5
e 403.83108 1012.16794 9
e 674.14712 396.89412 9
e 133.37711 374.02685 16
e 261.08744 76.72056 9
e 515.20098 119.04295 13
e 566.18288 1035.85231 11
e 552.27771 732.23393 6
e 341.18945 96.43687 10
e 207.68682 760.78121 8
e 484.26383 307.02654 8
e 107.76044 996.11863 9
e 699.79241 603.04217 10
e 506.72055 573.30465 8
e 30.52557 687.32293 16
e 56.61653 615.89997 7
e 463.81635 722.24003 14
e 331.77705 208.22573 17
e 174.35443 232.47376 5
e 404.83392 753.01413 13
e 132.16627 994.39723 7
e 156.18829 654.72774 7
e 526.47961 630.50634 9
e 480.14190 15.99928 10
e 531.06159 294.48660 10
e 238.90947 407.44118 8
e 578.18506 485.43150 13
e 704.36248 703.10111 6
e 362.74854 485.71087 7
e 455.34008 188.96515 6
e 480.98231 953.24465 9
e 287.27602 136.11715 7
e 459.03933 638.64911 13
e 434.78719 754.29150 6
e 425.65358 290.79939 14
e 390.88729 533.30670 8
e 159.04041 92.88384 8
e 227.10265 1016.11221 8
e 152.97634 127.29325 10
e 571.62758 604.29385 15
e 377.27761 473.54981 13
e 367.79349 419.88882 10
e 56.26026 33.25031 6
e 58.72090 575.62822 7
e 365.84827 450.10822 7
e 315.73861 42.98073 10
e 422.73672 256.24707 9
e 456.42949 956.60412 9
e 199.62759 970.53906 7
e 611.83988 947.69889 11
e 412.75522 170.25865 9
e 635.48329 949.89160 8
e 551.17929 322.26638 16
e 668.39438 814.67304 7
e 227.93022 393.88461 10
e 276.51741 998.74910 7
e 433.44641 835.27494 11
e 668.77815 35.60710 5
e 290.93578 866.75865 7
e 364.43490 672.01065 9
e 635.97582 612.94071 14
e 155.48852 970.44434 7
e 362.31700 966.46255 5
e 653.24049 499.18522 9
e 660.41732 316.46910 9
e 699.56806 263.20651 2
e 114.10985 811.23001 12
e 632.34995 332.83184 11
e 51.56593 1026.62787 10
e 264.04073 495.90478 11
e 625.58870 573.02884 6
e 526.28562 252.38203 6
e 50.17625 930.35057 11
e 83.95223 12.37931 13
e 639.38822 592.63495 11
e 57.99829 193.34954 11
e 501.20338 1012.62929 11
e 276.71864 462.09972 12
e 621.27619 121.68314 12
e 492.87639 1025.79312 4
e 360.71050 92.65639 13
e 570.85565 640.90024 5
e 93.54973 272.05997 8
e 326.92772 512.27164 9
e 577.72498 365.57100 9
e 643.74518 1056.50964 10
e 15.20680 829.83373 5
e 163.93488 945.77909 7
e 569.86341 676.58649 10
e 356.48720 981.17885 8
e 179.99963 368.46092 10
e 11.28534 651.80730 8
e 621.16702 495.28070 4
e 371.97049 426.69780 13
e 397.90710 268.90232 6
e 130.73466 753.66124 6
e 259.20219 72.66255 15
e 551.46377 658.47812 7
e 706.12686 580.45407 9
e 556.51281 346.17502 21
e 494.32055 325.78371 6
e 225.39453 43.63839 7
e 303.48811 859.31656 12
e 470.10602 218.62256 15
e 451.22464 965.69319 8
e 139.34562 672.36194 11
e 625.84961 357.86927 6
e 313.73376 413.25700 10
e 414.43492 829.64921 9
e 187.70481 438.73714 13
e 29.67186 735.89296 7
e 518.33879 103.25238 8
e 207.36068 646.84292 8
e 313.74241 140.26984 8
e 306.72856 663.32697 7
e 24.72410 393.05961 5
e 361.07563 738.04741 10
e 27.10630 497.33280 5
e 12.47732 584.02490 5
e 463.86098 998.31999 14
e 118.40726 293.96963 6
e 488.16738 81.36597 7
e 171.67189 682.56356 13
e 533.96160 216.13815 8
e 333.59444 896.58257 15
e 706.98137 791.54433 11
e 696.67926 540.88302 8
e 247.36704 920.77802 6
e 389.19175 469.52059 8
e 164.85792 799.74839 6
e 408.23407 595.51029 7
e 195.82970 702.71211 10
e 248.61422 294.17192 11
e 67.66655 541.00351 8
e 657.91800 840.66448 9
e 161.46094 49.17755 7
e 278.33768 169.44219 17
e 467.65168 1043.98502 7
e 361.48155 773.41527 8
e 322.31829 18.80786 6
e 357.55879 506.97183 6
e 144.87180 332.49666 8
e 38.24476 938.09456 8
e 21.52317 38.48472 6
e 368.23341 942.38072 11
e 194.67853 1026.21783 9
e 42.17921 863.61094 10
e 96.60912 676.12191 12
e 12.67920 528.93982 7
e 571.27703 903.16994 9
e 533.44145 119.85958 12
e 13.74523 686.38848 11
e 119.01548 814.89678 9
e 545.21415 257.08009 7
e 132.20570 289.29421 11
e 691.17643 187.01865 11
e 182.35052 1003.56571 6
e 577.60343 862.93210 10
e 637.54027 680.56428 11
e 457.07803 288.05632 8
e 62.37126 386.01019 9
e 382.81166 1041.50406 9
e 633.20055 147.76494 8
e 535.86567 516.53986 9
e 303.39176 597.54394 11
e 128.27005 102.45881 10
e 70.20929 769.71148 10
e 658.23973 1045.73488 12
e 325.95992 169.83195 7
e 669.76627 495.90990 16
e 501.42638 632.22937 6
e 650.98966 871.96652 8
e 197.56902 1056.72560 4
e 643.35593 493.00920 9
e 157.29459 821.20419 8
e 204.84253 800.59063 10
e 79.04123 518.70154 9
e 94.76686 280.12972 8
e 578.16802 162.60365 9
e 348.84953 857.81847 5
e 434.06165 323.00485 11
e 559.75677 202.96185 11
e 122.80169 858.15839 8
e 517.74563 622.52779 12
e 366.06024 712.43092 7
e 227.12063 562.33976 10
e 464.87513 423.14042 10
e 665.28267 80.65743 8
e 55.22659 792.92954 10
e 460.68037 626.13123 7
e 487.22233 292.80201 12
e 454.41823 687.66782 8
e 158.88858 607.65631 9
e 312.06781 915.83260 8
e 531.37009 614.44342 10
e 676.49983 753.62555 11
e 677.02315 1059.42652 11
e 396.04260 120.34085 9
e 262.49231 833.63327 8
e 59.95567 370.78469 11
e 513.00015 539.17956 6
e 395.47740 216.53982 7
e 213.58531 729.27104 10
e 652.11512 366.84009 7
e 222.20934 490.26673 12
e 167.24841 952.61890 4
e 477.92470 755.11021 10
e 587.56711 491.94451 7
e 277.10797 748.40484 10
e 576.03558 994.43941 8
e 655.11387 170.72833 5
e 10.24595 123.22097 5
e 654.59754 137.04735 14
e 430.77951 822.87782 6
e 82.30982 517.96072 9
e 59.39040 1023.96251 10
e 583.79331 285.80161 16
e 200.62778 419.30735 11
e 190.14298 398.93856 10
e 133.74799 173.93936 7
e 645.54820 327.62500 12
e 610.90734 411.10143 8
e 98.37438 802.33497 13
e 578.95067 763.16648 9
e 129.83104 296.05843 10
e 416.16870 23.36753 12
e 585.85188 49.76888 14
e 167.12340 524.86032 12
e 293.81014 697.25660 11
e 268.43692 987.66373 10
e 371.91185 756.83433 5
e 510.94537 899.33334 8
e 198.37849 342.27745 5
e 284.21522 886.73779 8
e 589.71994 237.58714 9
e 451.29893 264.29947 5
e 276.64757 341.53760 10
e 324.51331 284.24931 10
e 650.68084 224.74606 11
e 89.74900 512.15687 6
e 220.64117 1016.37999 9
e 525.34005 837.10775 7
e 309.01664 1060.98198 11
e 344.42532 46.97081 4
e 106.90642 783.67100 12
e 93.62782 380.44450 14
e 556.58031 632.36725 8
e 317.16769 748.67051 8
e 571.79511 881.02087 8
e 333.17828 306.75061 9
e 149.27225 450.56897 8
e 438.72968 848.92717 9
e 37.25927 635.15994 14
e 650.75174 549.03837 13
e 336.72564 71.77304 7
e 46.68743 1039.95129 12
e 620.10303 922.49027 8
e 378.12421 876.14335 8
e 632.45990 576.82218 8
e 122.34061 777.19247 5
e 226.10520 68.60512 6
e 539.06812 368.53870 10
e 449.90748 508.85978 5
e 468.94050 100.99639 11
e 341.53811 1030.12106 10
e 537.79116 511.94674 9
e 330.12239 75.66839 4
e 242.20505 714.18078 9
e 97.29479 943.97128 10
e 55.47175 940.52896 9
e 140.29257 465.22798 10
e 216.34399 1030.40900 8
e 604.18495 198.40213 4
e 620.46643 95.36856 10
e 313.18504 735.30394 10
e 508.17554 596.88526 7
e 398.35436 517.75693 10
e 695.40235 818.15604 11
e 190.65426 498.42650 8
e 230.21466 177.57538 8
e 362.14961 1043.96014 8
e 45.45872 428.40187 10
e 242.03491 978.44636 8
e 395.40606 515.78273 11
e 421.93948 18.73909 10
e 226.79818 238.86606 6
e 355.87856 557.97143 10
e 674.50378 88.44561 13
e 118.59651 840.56103 15
e 323.94097 160.65148 12
e 306.76698 23.06985 14
e 130.64761 636.37869 10
e 514.47705 443.66277 10
e 99.42653 456.38648 11
e 623.84122 1040.49330 9
e 145.54721 775.94830 7
e 443.22884 134.40062 16
e 300.23858 73.52856 7
e 584.06848 90.90918 12
e 339.13003 950.55687 15
e 694.74350 865.72089 10
e 520.67298 169.45869 7
e 29.01997 795.63206 7
e 437.72858 177.76491 5
e 218.61819 682.60465 7
e 583.36757 655.14210 9
e 141.99495 419.34051 9
e 319.30928 773.40487 13
e 124.60573 885.99143 9
e 643.11026 863.73216 5
e 162.76507 349.18630 8
e 243.46054 117.82898 12
e 596.47723 667.83578 4
e 384.80165 1043.67991 8
e 243.55586 948.63390 10
e 152.25940 753.53514 10
e 521.78356 54.32857 7
e 89.98260 659.35179 17
e 68.34274 591.04623 6
e 361.99513 650.41656 9
e 158.99623 790.58964 9
e 291.66300 840.86008 6
e 166.58526 337.30331 5
e 144.71408 24.26940 5
e 288.34264 363.82323 9
e 342.02031 138.67598 10
e 108.07430 177.36090 16
e 104.29094 819.40840 13
e 26.30443 504.69726 8
e 606.11922 406.43908 10
e 299.19068 223.86280 11
e 261.49420 56.22571 11
e 338.11022 507.76986 6
e 464.02542 799.15728 10
e 302.30894 602.66102 8
e 338.81472 646.50324 6
e 202.51736 601.69234 6
e 307.14869 449.46422 13
e 56.54077 67.61718 9
e 414.83537 484.89877 12
e 106.72458 69.25681 12
e 104.30554 1045.12635 12
e 556.44236 251.90547 7
e 21.72726 279.76874 15
e 271.94431 816.78276 7
e 45.33510 579.30018 8
e 426.81207 347.54623 8
e 497.77079 789.43524 11
e 691.81222 736.84894 7
e 375.25484 1016.66891 14
e 196.86339 747.49792 6
e 634.82902 338.59189 13
e 671.41169 295.89859 5
e 364.86657 463.82132 9
e 583.99747 113.03623 11
e 52.86414 1062.10809 10
e 211.74397 626.38458 10
e 262.15747 82.38281 11
e 495.10097 292.08884 7
e 88.13242 935.32704 10
e 396.20543 665.33055 7
e 129.39847 833.14386 10
e 492.31433 51.04010 8
e 12.05937 873.33995 6
e 307.08342 499.78766 7
e 277.07222 899.12489 7
e 625.48179 439.90491 14
e 491.73687 254.68800 10
e 351.45021 242.25099 6
e 181.80004 416.07415 6
e 16.07907 183.70828 10
e 268.24245 559.93028 8
e 495.33923 391.14095 8
e 56.69966 914.77584 9
e 398.87936 828.13263 11
e 113.06748 496.51239 10
e 76.45380 276.41591 11
e 262.10488 759.16769 8
e 264.76168 964.11949 15
e 101.21383 136.16049 16
e 668.82974 389.53453 12
e 239.41237 323.30788 12
e 43.59044 555.90176 12
e 459.85155 605.23720 13
e 430.99636 224.86251 9
e 294.54560 543.73402 9
e 551.42729 654.27047 10
e 649.72980 987.54384 12
e 313.87818 30.18103 14
e 619.11070 895.47210 6
e 598.80615 979.24047 6
e 497.13194 126.44765 8
e 597.57191 491.18845 8
e 511.68059 565.20163 5
e 650.53999 1023.40804 12
e 84.73569 281.43646 7
e 107.36865 400.25088 10
e 249.77041 46.87803 7
e 157.87857 176.88341 9
e 229.01483 629.90835 10
e 516.97688 829.26586 11
e 330.81296 34.69400 6
e 155.73688 300.26273 6
e 267.74531 378.02192 10
e 159.46840 538.59943 6
e 101.13576 797.78833 11
e 235.93148 652.66746 10
e 601.06802 526.19064 10
e 45.44867 280.62957 9
e 258.84658 393.24469 10
e 566.04578 854.88095 4
e 239.86815 198.74247 9
e 590.82550 706.75722 11
e 18.06268 29.19057 11
e 403.25936 291.65059 7
e 612.70283 838.88369 7
e 495.90253 606.01143 8
e 690.49528 732.19349 13
e 234.36195 684.69247 15
e 433.73920 960.53229 6
e 225.38457 878.80442 15
e 102.43332 91.36976 6
e 13.51800 569.62246 9
e 514.35416 254.02964 11
e 99.57673 552.21730 7
e 67.15399 595.80908 12
e 285.85065 13.14819 11
e 93.23292 914.09106 5
e 546.42113 25.75446 7
e 611.35033 1006.90540 6
e 181.43519 615.78545 9
e 276.53433 98.48162 6
e 211.71278 1034.60262 9
e 304.39731 1023.26076 9
e 335.42114 338.71263 7
e 265.95844 556.41739 10
e 435.43789 876.75882 10
e 219.68353 257.98010 7
e 653.23036 96.80690 8
e 477.14517 178.07392 10
e 677.90709 645.28513 9
e 192.86797 972.41124 11
e 11.79075 461.85780 7
e 95.55344 171.56206 8
e 475.17378 627.67456 9
e 328.57911 753.36300 6
e 595.64491 899.64361 10
e 160.52592 196.18285 9
e 667.55724 22.00055 7
e 535.61470 898.43949 15
e 529.28723 456.20033 5
e 455.70351 1017.29494 10
e 15.11706 552.22896 5
e 179.32491 864.17979 5
e 396.51950 775.64477 10
e 33.66288 1045.46313 13
e 469.37012 506.07055 11
e 376.98353 568.03347 12
e 556.05302 687.10537 8
e 371.80690 1053.99290 8
e 603.20614 271.52648 2
e 675.38998 729.78171 10
e 352.40183 745.33248 9
e 580.95410 663.58246 9
e 205.19545 17.57252 10
e 114.67949 882.93053 4
e 289.78232 605.30070 8
e 53.03029 403.15153 15
e 241.90992 74.66297 6
e 506.69097 1023.29306 16
e 243.48788 299.57226 11
e 614.35404 399.13489 9
e 425.34738 503.23978 7
e 53.42453 671.25452 11
e 374.70715 636.00524 10
e 346.39123 121.13912 14
e 248.13789 222.86033 10
e 454.75825 674.00378 9
e 445.39870 985.49566 10
e 386.61421 830.38402 10
e 92.96570 409.52796 9
e 484.42348 713.52208 14
e 540.76661 828.23065 8
e 428.93367 307.11936 8
e 225.53534 245.94985 7
e 467.46319 673.88667 9
e 397.50446 147.69372 8
e 10.69634 510.24235 12
e 422.33005 647.49250 12
e 373.85982 1037.10780 10
e 483.54055 451.64811 11
e 22.38955 131.59164 10
e 356.97921 453.45068 11
e 87.34373 826.24686 9
e 360.85880 300.53201 15
e 187.69060 310.53424 9
e 166.71763 1049.28728 10
e 367.50819 288.77015 7
e 650.61852 836.60661 13
e 612.59199 361.14568 6
e 237.72531 158.88933 9
e 217.80636 343.48634 9
e 454.85942 736.08322 13
e 164.80784 438.19971 8
e 428.65683 755.49082 6
e 699.14136 526.00747 14
e 483.63054 207.16261 7
e 253.34041 1059.82800 6
e 122.29885 775.67289 14
e 366.69902 514.25676 15
e 240.75583 101.23880 8
e 415.65137 669.15724 10
e 243.20645 927.34122 9
e 135.19569 287.91302 8
e 255.39481 1016.65431 12
e 216.14589 319.21217 9
e 616.08663 222.11756 10
e 149.07358 921.68885 12
e 491.45101 730.75556 15
e 359.84892 557.99238 5
e 503.40110 525.81978 15
e 125.71958 137.09796 7
e 491.87644 998.26308 11
e 363.80450 36.87363 5
e 160.60387 195.20658 9
e 180.68306 226.52551 11
e 379.94144 827.24247 13
e 301.88626 608.04835 8
e 317.65663 994.21455 11
e 698.71061 79.54178 11
e 512.30773 291.89019 14
e 12.77732 601.18981 9
e 101.84605 982.21181 7
e 366.08194 789.95398 11
e 695.42848 231.18150 5
e 703.07261 287.87985 8
e 135.47065 529.73368 10
e 93.97044 265.63309 7
e 476.85853 109.97963 8
e 622.71755 772.73878 14
e 51.42764 921.68646 7
e 498.77114 839.91604 7
e 359.39010 417.10224 11
e 435.90627 194.14315 11
e 440.84816 602.17546 6
e 648.52111 422.22934 12
e 307.94170 483.76665 15
e 653.28931 1060.16107 7
e 292.50584 705.66742 8
e 201.12246 185.55520 14
e 20.99986 185.94049 9
e 12.87219 247.44587 5
e 302.40771 482.29408 12
e 133.55942 140.57695 9
e 480.71480 489.67641 6
e 489.72440 1000.56173 11
e 400.77835 747.25057 9
e 312.31338 288.60927 5
e 301.42572 773.41761 6
e 635.11149 244.39593 17
e 686.97545 383.72668 11
e 25.23986 990.63397 8
e 422.83137 534.49722 11
e 346.33271 979.45730 9
e 559.18665 899.46769 6
e 264.89148 716.14622 10
e 632.47454 496.61042 6
e 533.95825 995.45197 9
e 576.59722 208.43037 11
e 92.95143 815.89720 6
e 641.43343 36.53349 18
e 311.20038 505.77134 11
e 481.81024 554.50493 11
e 126.53241 232.83216 8
e 225.97710 295.71896 15
e 511.29597 1044.61958 9
e 52.47767 35.73296 4
e 472.78759 417.07783 9
e 36.50892 113.44690 16
e 402.23697 1039.99766 9
e 544.08844 810.88100 7
e 119.99508 777.15751 10
e 460.55064 675.50883 9
e 317.27635 223.50698 7
e 365.27883 34.69030 9
e 447.15254 75.87225 9
e 209.98469 577.10376 6
e 17.88761 856.98221 11
e 137.72706 1001.36394 7
e 664.72133 719.97627 13
e 202.13390 97.97970 12
e 485.20673 986.89040 8
e 269.89516 639.20408 11
e 70.53373 915.14189 13
e 160.79087 824.60369 7
e 208.86358 703.35908 6
e 170.68630 356.78902 4
e 573.78479 466.84401 6
e 191.66079 350.14855 7
e 311.71316 707.68054 6
e 251.15747 565.92258 13
e 110.12122 399.30522 7
e 287.90511 872.37757 16
e 646.68214 926.65940 12
e 408.93390 362.86615 9
e 86.04125 552.64502 11
e 86.38891 208.74578 7
e 439.07143 154.89703 14
e 590.64523 693.01081 11
e 649.75702 852.27381 12
e 46.56380 237.00312 13
e 631.84844 638.19308 16
e 636.01335 802.18053 14
e 100.26490 943.73089 10
e 612.05984 222.81516 8
e 171.72376 635.53540 10
e 675.98919 446.62015 6
e 653.15909 694.14869 11
e 94.23632 550.93372 7
e 228.76390 938.81244 9
e 47.33414 898.76540 11
e 458.10495 271.09998 12
e 57.44493 300.69114 6
e 611.19630 584.61419 10
e 392.34266 416.83298 11
e 410.38283 311.32023 9
e 124.39518 356.57108 16
e 120.98809 875.46213 9
e 333.73923 743.04815 4
e 641.93237 690.98156 10
e 445.32432 566.26666 5
e 637.67652 41.02579 9
e 566.46728 1027.86615 13
e 632.61488 559.96019 6
e 180.64814 714.45355 14
e 677.00438 481.74363 8
e 642.22251 535.26618 8
e 646.86498 1026.10670 6
e 676.14064 297.59091 14
e 363.72676 775.81186 4
e 419.91385 1056.47375 7
e 606.64532 928.70410 10
e 706.94043 857.34273 11
e 486.92289 875.82622 8
e 74.69540 381.26303 12
e 323.36644 832.81266 6
e 551.84741 276.13325 6
e 638.99331 470.17856 6
e 172.52551 617.86741 13
e 648.32992 122.62449 9
e 416.61836 374.18243 7
e 454.88143 940.30441 9
e 107.11692 934.12765 12
e 482.84805 337.00803 7
e 590.34006 470.38237 8
e 371.04763 81.08431 6
e 567.53999 15.23168 9
e 333.63472 936.61499 8
e 106.05064 545.71646 8
e 465.54393 722.63239 15
e 196.79552 658.77518 10
e 228.02605 243.03485 9
e 402.36357 665.86169 10
e 513.00421 566.79790 9
e 696.61873 564.00307 8
e 219.51490 687.26837 10
e 168.43957 986.97605 8
e 371.74550 959.02842 8
e 407.99740 748.34669 5
e 345.70634 720.75215 13
e 594.24253 882.97875 8
e 110.49675 564.03550 15
e 479.74916 267.55383 8
e 27.60811 89.67956 7
e 665.83603 1005.32507 9
e 476.31092 279.10138 8
e 262.30289 13.62821 9
e 603.58348 34.61988 10
e 365.16915 920.22565 6
e 89.74918 59.20721 8
e 234.46829 840.94112 9
e 352.14290 752.34709 15
e 653.88401 473.28581 10
e 406.63972 859.68791 9
e 263.71790 391.12914 6
e 544.81481 62.72322 9
e 280.58856 1056.09347 10
e 503.30142 673.72141 6
e 708.51878 38.45363 8
e 608.20432 894.51695 11
e 409.00357 893.32581 11
e 616.50432 812.38825 7
e 292.64031 418.32303 13
e 291.90432 951.62260 14
e 205.53374 1016.99811 12
e 376.66912 818.33889 13
e 194.05524 1056.77260 8
e 183.22710 891.41651 6
e 218.20263 746.70933 9
e 325.72606 646.59896 13
e 389.46250 105.80086 4
e 587.95671 742.70761 4
e 296.74843 774.58836 9
e 685.39416 572.15978 12
e 610.15381 399.08039 12
e 192.35411 996.81596 9
e 224.41623 124.28929 10
e 332.04814 749.02007 8
e 126.65568 706.93559 8
e 556.26474 883.64312 10
e 94.83307 49.37271 13
e 60.23827 237.80191 10
e 40.40543 672.77295 10
e 334.31559 823.42292 5
e 394.37753 260.37412 6
e 103.35050 490.90607 8
e 318.46755 1010.55672 9
e 570.12861 751.12087 9
e 125.18040 892.47007 4
e 212.44987 403.88785 14
e 23.86618 271.43305 7
e 80.26134 997.74766 8
e 342.28138 713.22834 8
e 468.67514 271.12665 9
e 75.10197 837.46098 10
e 435.78617 203.01722 11
e 263.85699 17.72169 6
e 500.47700 1047.97720 5
e 649.50249 898.84069 14
e 300.85605 887.97735 11
e 11.06441 87.19776 6
e 228.92727 137.16363 9
e 446.70429 1016.13953 9
e 216.79456 910.38025 6
e 151.27340 891.92014 5
e 102.02048 133.12023 4
e 654.36737 790.78922 12
e 537.43324 599.45171 8
e 681.75090 426.23599 4
e 58.14624 940.35556 7
e 304.10048 810.71783 6
e 403.15090 352.50747 8
e 89.99747 354.82708 16
e 586.14661 288.79375 9
e 281.05701 834.08361 9
e 498.79307 612.36562 10
e 630.39067 388.03181 11
e 399.59186 405.89076 6
e 351.90258 553.69279 8
e 453.51324 202.63223 12
e 187.56708 570.68112 9
e 667.31127 187.06171 10
e 213.22701 1001.74377 12
e 251.17614 368.61217 12
e 634.34815 311.70023 7
e 314.36875 488.03835 6
e 594.31754 725.61068 15
e 666.35861 55.91862 7
e 518.49680 316.50903 8
e 370.51147 889.12737 16
e 228.01041 874.53940 10
e 180.50997 36.06556 14
e 646.67446 165.92258 9
e 263.69581 949.80443 11
e 559.32993 427.48582 7
e 459.97997 736.27584 12
e 221.12070 331.62882 10
e 212.61271 954.65443 14
e 93.27080 618.09480 10
e 101.68584 203.33049 8
e 184.47885 533.75963 6
e 272.63297 24.67431 4
e 425.30689 861.23135 8
e 630.81472 378.33507 15
e 495.40749 691.03533 12
e 381.64639 986.85334 7
e 186.34032 113.04759 13
e 35.33468 487.43978 7
e 519.38330 851.94390 8
e 142.93986 58.59931 6
e 173.11086 598.63755 9
e 229.72365 961.65556 17
e 270.20516 1011.50574 9
e 662.82528 53.07186 9
e 298.76490 1021.23921 13
e 572.92230 1043.26634 8
e 393.58835 812.60768 7
e 175.27732 845.58841 8
e 138.51299 103.46353 7
e 350.29120 206.35589 6
e 77.72926 589.19446 9
e 202.29192 748.55041 12
e 402.38583 463.74705 9
e 321.19212 554.80430 11
e 537.35176 765.90946 6
e 692.81507 229.81366 12
e 401.57910 154.41117 10
e 165.44590 154.03913 11
e 498.00397 110.92915 7
e 310.54718 221.12042 9
e 172.53307 531.85355 15
e 705.67368 694.10266 11
e 347.36703 889.03799 8
e 77.63022 243.34234 11
e 327.10187 458.16168 9
e 14.84395 902.28134 9
e 186.67216 843.15431 9
e 191.14927 618.91138 9
e 379.77739 477.25270 5
e 204.24186 379.65704 13
e 441.42443 92.13391 9
e 590.76582 523.87362 11
e 681.63435 643.64483 5
e 641.31871 302.69797 11
e 604.37445 947.75871 7
e 26.63956 856.37334 9
e 258.05196 675.38888 13
e 161.55041 312.61963 4
e 391.47630 1062.51310 12
e 582.76042 1017.48201 15
e 602.96216 731.64937 4
e 27.38098 798.24770 8
e 154.49288 55.38864 6
e 426.26361 615.33011 7
e 612.55916 1009.93607 10
e 619.36348 658.04350 7
e 452.18415 245.29921 10
e 50.89725 799.72574 13
e 245.46714 145.26470 7
e 65.98182 933.19941 6
e 27.28257 601.84531 9
e 312.21167 44.08017 10
e 432.26756 40.92404 8
e 378.32145 1017.46059 12
e 481.52226 1019.18606 6
e 311.73675 379.70896 8
e 67.19684 328.28353 10
e 706.99784 172.74268 15
e 528.87814 869.70669 12
e 370.77708 244.28399 10
e 652.62827 702.16579 8
e 244.42766 826.79457 9
e 643.98694 476.75886 9
e 318.44433 400.65190 9
e 150.98224 253.37747 10
e 560.65106 892.46048 5
e 259.25540 800.31214 10
e 665.37435 647.61529 10
e 197.44314 817.94280 13
e 107.86004 504.09080 5
e 583.83555 327.62891 14
e 200.38776 543.33092 10
e 259.85307 320.38804 6
e 701.44575 587.96742 7
e 618.15563 442.17995 7
e 183.14395 266.10221 7
e 676.73709 830.11823 7
e 545.93749 317.80960 9
e 674.37909 740.34893 8
e 416.77338 1035.43463 8
e 263.43996 306.58978 11
e 122.86384 511.23107 9
e 708.31431 1046.60800 7
e 484.35686 908.72438 9
e 430.27530 76.72042 9
e 168.47444 792.99911 10
e 403.60859 711.75905 10
e 615.37000 770.77364 9
e 290.47612 973.77655 11
e 158.77239 332.34999 7
e 524.28634 295.78278 15
e 93.05707 516.17745 5
e 490.40881 640.30107 10
e 624.33489 23.51392 11
e 466.56844 101.20533 6
e 144.79765 542.34588 11
e 564.67257 432.43934 12
e 486.07402 1032.63099 9
e 464.82632 885.34263 9
e 597.37186 914.16103 8
e 483.67154 1050.60769 6
e 20.41609 1040.55587 6
e 454.22506 767.41643 8
e 512.98223 480.25722 9
e 147.71577 153.68744 13
e 411.76225 503.31272 9
e 676.01495 412.00837 9
e 557.49971 922.18302 12
e 577.25050 945.61212 10
e 465.49729 663.48557 12
e 558.04923 648.75647 12
e 546.63430 557.83140 10
e 296.49690 727.45275 15
e 216.30374 780.29365 9
e 376.40307 561.16572 10
e 445.93750 98.05419 6
e 253.28992 560.58233 7
e 165.17929 220.53456 8
e 98.48372 103.92213 11
e 396.97316 901.86474 6
e 426.28115 336.42355 4
e 76.21400 925.41538 8
e 216.32056 468.21380 9
e 701.73581 661.50739 4
e 413.49397 392.65555 7
e 52.45764 73.76801 11
e 635.96747 623.33432 5
e 190.50196 855.16081 8
e 336.26192 53.67972 9
e 51.46921 682.79345 11
e 439.15321 557.56911 13
e 678.10542 145.77034 6
e 106.74876 299.99844 5
e 18.74469 1026.46162 5
e 102.15672 937.39914 10
e 102.40935 647.39388 12
e 124.39461 743.38427 10
e 28.67636 404.25151 12
e 417.13733 512.00911 15
e 476.10226 1021.32367 10
e 53.38974 696.88145 7
e 88.63857 500.76213 13
e 210.21795 613.36578 15
e 402.18125 637.93557 7
e 212.02179 889.91836 5
e 151.89222 448.70655 5
e 52.14206 646.12544 6
e 120.51978 297.75153 8
e 522.13153 578.71610 14
e 589.70014 958.23040 11
e 142.96530 120.90261 14
e 249.53193 532.19813 9
e 307.64432 171.82201 9
e 439.87998 448.77851 9
e 108.38696 731.98956 10
e 323.18721 758.99891 9
e 631.12903 605.55753 7
e 97.57012 647.81268 6
e 103.31068 463.05450 6
e 25.91763 294.84554 9
e 565.88094 528.03335 10
e 422.62318 333.56817 5
e 492.91686 496.22630 12
e 617.10093 483.39790 8
e 523.18911 268.63579 9
e 699.44778 87.19275 8
e 709.53800 132.42181 11
e 614.32430 763.75052 9
e 58.60085 62.30139 11
e 566.27038 1049.42218 8
e 99.57036 601.60716 9
e 22.25105 279.84782 7
e 627.25948 640.53927 8
e 224.33331 353.77435 11
e 516.44940 358.52855 8
e 412.89322 991.47510 14
e 71.70385 980.43076 9
e 85.18675 932.28515 6
e 588.81302 912.45334 15
e 649.63618 252.46456 11
e 191.12277 866.52032 4
e 290.72657 623.73881 8
e 220.96043 625.72751 6
e 222.99538 100.57643 9
e 537.28719 315.64001 11
e 157.13723 901.88836 5
e 145.49960 953.54267 8
e 63.90983 51.47604 7
e 692.30593 129.54863 10
e 60.53208 145.96672 11
e 243.36181 921.41785 8
e 480.50572 13.36613 10
e 518.18601 281.68551 8
e 663.04551 967.10559 8
e 336.62056 1066.31103 6
e 46.26290 677.89452 9
e 26.21310 257.41458 11
e 540.62484 710.55963 8
e 38.03030 714.77779 12
e 38.37360 558.76477 9
e 69.62276 544.79372 7
e 600.50195 682.61884 8
e 267.25837 280.43764 9
e 597.69647 965.78288 8
e 409.90739 296.75525 13
e 532.79665 598.27802 10
e 94.57978 47.68141 9
e 502.38783 691.28455 11
e 119.65118 804.80539 10
e 186.50770 671.83009 12
e 339.67616 271.07550 8
e 133.04288 645.89006 8
e 618.16759 826.01123 6
e 641.11264 214.70372 9
e 24.69946 741.94692 6
e 266.75592 347.06915 8
e 424.56575 200.70037 15
e 199.09769 752.32949 5
e 409.73890 952.09883 9
e 162.29261 1069.17427 8
e 126.23703 847.47842 11
e 64.10836 859.20178 5
e 128.98938 919.31915 15
e 621.76205 270.64994 5
e 57.17024 675.14455 4
e 470.38273 772.24791 9
e 563.16550 866.05318 8
e 231.95926 403.69143 9
e 100.17974 601.09078 21
e 131.93121 796.52678 6
e 215.30237 666.70044 9
e 634.13951 760.43554 13
e 674.59976 286.28730 7
e 364.81635 24.59951 10
e 376.52382 722.93002 11
e 300.46997 1028.42553 10
e 496.55423 898.55675 7
e 630.68816 548.47104 9
e 322.96835 809.04415 12
e 328.43995 681.73554 4
e 86.28913 589.75709 7
e 357.15219 967.06209 7
e 192.58948 349.00596 7
e 461.64320 257.94221 9
e 452.57659 822.47693 13
e 35.92508 526.65799 6
e 356.82320 952.07050 5
e 61.69125 594.44403 9
e 107.46460 953.20824 11
e 368.97844 947.82508 9
e 505.45236 616.21149 9
e 162.64317 139.33782 6
e 230.96009 503.42026 6
e 580.61219 1055.41851 11
e 596.39430 233.49513 10
e 421.30370 508.67640 5
e 440.23019 518.72626 13
e 569.52805 183.20327 14
e 76.91223 841.67292 12
e 468.02630 602.53331 4
e 146.15325 472.33175 7
e 155.40318 829.74001 10
e 341.01825 505.81022 15
e 208.52579 172.61499 9
e 707.20774 600.34667 12
e 386.98508 902.87558 12
e 276.06488 142.88577 13
e 559.42715 169.40767 11
e 167.59525 807.89896 10
e 227.08111 627.97973 7
e 468.57827 938.99990 12
e 591.23664 717.38139 8
e 438.19814 720.77306 11
e 443.96875 843.51472 13
e 674.74931 439.24377 7
e 552.68969 501.81167 12
e 132.05527 1054.64769 13
e 234.67206 545.39997 5
e 191.36012 886.71249 12
e 390.12763 230.79983 10
e 459.32967 681.58102 8
e 201.32713 1017.11321 5
e 307.31774 890.69652 14
e 246.37100 380.40691 6
e 32.21119 1051.89802 8
e 46.42150 635.86127 8
e 535.28821 219.10392 7
e 295.51449 783.12860 3
e 265.73301 629.56246 12
e 481.41884 232.20923 10
e 484.26560 304.33579 8
e 700.40642 997.50713 5
e 107.22705 1039.85875 8
e 575.14726 1063.67151 10
e 385.75464 219.32870 13
e 325.52075 440.74896 12
e 557.91394 18.86214 15
e 293.23757 1020.10324 13
e 698.41526 412.65062 10
e 265.33310 321.50278 11
e 112.58672 430.39661 9
e 497.79268 308.07700 11
e 98.79158 31.36847 10
e 628.22329 398.04103 12
e 671.91164 1063.09265 6
e 46.45341 845.11702 8
e 162.52548 773.49217 15
e 26.83535 747.57930 5
e 457.88133 753.34991 11
e 680.44495 875.21015 11
e 147.29754 848.78516 13
e 440.98719 360.21149 7
e 219.23016 430.30754 11
e 622.67271 916.02882 9
e 463.75089 573.83681 10
e 228.22395 465.47058 7
e 151.48551 385.30874 7
e 549.40483 978.88994 9
e 78.77198 699.09514 10
e 103.11790 108.76751 7
e 354.20110 509.37044 4
e 422.42165 142.10216 11
e 114.74267 334.64349 10
e 168.62655 598.28453 14
e 578.49841 385.97968 9
e 316.53641 479.23714 6
e 188.86412 418.26130 8
e 248.05968 649.21998 10
e 524.87814 47.47716 14
e 640.64156 519.84243 4
e 323.27558 593.76852 8
e 132.54846 442.01815 7
e 244.30991 204.76368 7
e 682.59917 403.11068 9
e 312.23602 219.94347 8
e 84.46702 589.52831 6
e 294.12463 203.14433 7
e 471.27807 795.80556 9
e 253.01909 816.04693 9
e 521.46571 58.72530 12
e 68.87645 504.43795 11
e 379.40432 502.72210 11
e 209.14115 417.50208 13
e 697.81141 306.82943 15
e 432.50072 1029.75600 14
e 643.51661 504.73455 14
e 441.85169 964.01289 14
e 271.74001 480.24136 4
e 267.34773 87.58185 12
e 333.29518 252.80332 5
e 242.81459 298.54949 9
e 274.80845 577.95413 8
e 241.75097 522.88360 7
e 191.42726 280.41881 6
e 221.98800 544.53807 5
e 606.44826 1012.19262 12
e 436.58582 262.70871 11
e 60.19104 1028.06035 8
e 103.07983 211.50126 15
e 387.01327 815.21640 15
e 704.15664 923.92976 5
e 271.90920 1008.15055 12
e 564.62788 769.78097 9
e 477.76237 818.88583 10
e 273.92251 206.93889 14
e 404.57524 514.78051 10
e 569.36177 900.91572 11
e 235.73046 897.11081 7
e 586.40729 193.08268 11
e 287.78276 641.54135 14
e 291.95383 43.89575 9
e 269.68191 381.51913 7
e 28.48651 84.70872 11
e 410.93075 804.70921 8
e 206.37525 423.24362 11
e 391.56697 453.41309 7
e 158.14007 927.68973 7
e 93.09317 627.70314 14
e 177.72188 769.25058 7
e 38.25366 858.08274 8
e 201.47268 786.60581 11
e 301.38786 23.55817 7
e 522.28386 168.44993 9
e 647.19536 1037.05785 12
e 330.27174 825.95525 8
e 458.73711 487.60372 5
e 269.24531 202.00497 11
e 709.49268 877.64969 10
e 256.39000 126.16631 9
e 271.83399 564.88786 7
e 197.77989 997.74558 14
e 579.86190 342.77409 7
e 39.51041 578.41488 12
e 427.05493 176.50871 5
e 709.08749 500.78754 13
e 478.01791 180.54657 11
e 602.38684 199.25417 8
e 694.88017 990.88772 12
e 118.05238 673.49554 8
e 494.53882 148.33822 9
e 704.52332 672.05548 4
e 85.13407 538.14009 14
e 682.70083 98.88098 10
e 231.87696 1036.29137 6
e 42.81940 484.48669 10
e 682.98387 806.93970 13
e 658.85116 912.84808 11
e 339.58035 888.82043 5
e 674.42498 740.84237 9
e 103.67029 849.89105 9
e 463.48008 616.48207 10
e 314.43771 218.69405 11
e 139.16049 34.64829 6
e 482.37981 205.13790 12
e 181.64089 549.29391 10
e 72.69414 435.12054 12
e 151.92705 127.74938 7
e 482.81434 440.66782 6
e 599.84814 162.70566 8
e 571.10190 588.85848 9
e 113.09803 108.10416 8
e 625.99941 726.74887 7
e 475.83282 256.12164 7
e 11.91022 941.90617 7
e 22.05429 370.98509 15
e 421.79432 912.78689 5
e 277.12834 395.63822 4
e 462.23989 505.24165 7
e 571.18877 322.00676 11
e 534.57080 1048.60755 5
e 188.27979 730.82641 15
e 261.46281 388.20086 7
e 611.74182 104.51692 9
e 20.64582 1063.81883 13
e 241.50654 660.78111 4
e 53.83912 548.84930 7
e 53.26475 260.84419 7
e 354.88367 147.90647 9
e 475.40961 259.65910 6
e 631.67539 112.66363 13
e 160.23161 729.39402 9
e 596.24353 439.78062 11
e 432.20758 112.29559 7
e 384.78059 922.45628 11
e 471.69115 816.10572 10
e 649.00545 673.89558 8
e 58.57915 301.20611 5
e 85.41709 472.52412 4
e 104.54980 562.25112 9
e 81.69246 589.72235 10
e 661.22573 220.83824 10
e 584.17879 389.08809 12
e 345.23115 541.16653 8
e 55.29987 115.59564 12
e 170.55143 735.57234 9
e 658.91937 962.31080 9
e 697.13866 437.01576 7
e 241.00180 936.69121 7
e 296.34724 1010.60900 9
e 391.56345 10.30175 12
e 686.44236 741.54762 8
e 46.03626 284.17715 17
e 406.12316 597.63537 8
e 354.52822 470.11985 11
e 409.05150 758.34435 6
e 665.33901 671.14435 9
e 547.23589 985.72938 6
e 183.68078 620.69157 8
e 536.53945 766.41658 9
e 647.72687 573.05688 7
e 427.01580 208.46718 8
e 250.32738 929.45887 8
e 108.89820 812.05197 8
e 519.59336 650.45642 5
e 659.49649 867.39986 6
e 88.57146 39.04106 10
e 36.22905 413.77478 13
e 548.43954 633.49016 8
e 144.61296 37.47077 9
e 442.92521 548.79761 11
e 327.44419 836.75044 14
e 116.99590 537.99883 13
e 82.26004 913.82479 14
e 436.07402 909.52566 7
e 693.87770 245.90445 12
e 581.94719 55.86884 11
e 419.90359 727.52903 10
e 708.23871 630.60342 6
e 414.09505 267.88521 8
e 39.54746 529.47656 5
e 244.34054 555.32536 15
e 53.61636 85.25124 15
e 525.89823 900.22578 7
e 397.86200 521.31024 8
e 359.74934 597.34989 8
e 36.12954 457.64790 10
e 101.20719 964.78754 15
e 536.97822 185.14743 10
e 391.52924 919.52574 7
e 480.11333 800.37662 13
e 461.40242 889.95189 4
e 67.98737 199.03880 10
e 635.79915 592.08133 10
e 666.56401 411.63711 7
e 116.54340 808.58404 12
e 123.83768 687.09999 4
e 247.63389 329.10745 10
e 568.84928 88.50337 9
e 50.43394 799.08366 12
e 406.79155 225.80172 6
e 245.13462 69.46330 15
e 244.83688 431.42924 10
e 523.04276 1034.31967 10
e 540.18857 1024.68704 10
e 216.31089 797.66170 11
e 172.31030 910.46538 6
e 190.67300 808.89387 12
e 639.63487 783.37915 9
e 170.79091 88.26678 8
e 313.84097 31.75997 10
e 473.39946 335.17272 11
e 572.98973 116.34549 6
e 668.96737 632.65644 5
e 13.52051 897.20707 16
e 453.77267 437.14357 8
e 90.75803 938.03548 9
e 540.18739 220.41442 18
e 176.40911 10.63395 10
e 491.47782 826.40195 7
e 430.22905 247.48661 16
e 33.37942 78.87992 9
e 690.81398 708.07237 10
e 333.95169 622.71483 9
e 373.71812 540.27911 8
e 25.57026 819.78290 10
e 192.71249 623.81542 7
e 685.46965 389.72221 9
e 237.94902 403.75177 10
e 472.26454 453.03308 8
e 680.61763 316.65221 4
e 692.62879 28.01856 8
e 596.58277 290.36094 7
e 471.48851 601.14096 7
e 66.04675 89.06391 7
e 657.70279 310.18387 9
e 518.98167 1051.09371 10
e 505.11764 863.54611 9
e 108.36512 513.00941 12
e 585.73726 158.34648 9
e 99.96752 175.87378 12
e 65.82527 879.51633 9
e 78.53900 578.02563 10
e 14.14704 22.98629 15
e 102.59332 339.40632 8
e 503.52998 396.77279 11
e 609.64060 580.26378 8
e 69.52218 984.59393 5
e 43.09077 990.25756 6
e 47.05295 641.39152 9
e 256.48723 637.90905 10
e 296.55500 511.72559 5
e 307.11866 145.97193 10
e 302.62899 560.38080 10
e 195.49506 599.39614 8
e 359.83505 676.37069 8
e 127.38135 266.69798 11
e 444.19371 296.31218 13
e 692.54621 196.99428 3
e 515.69418 788.14995 11
e 431.53984 667.22625 12
e 591.49193 956.20845 10
e 430.66612 894.25048 10
e 212.58280 852.55112 12
e 540.35984 240.12062 13
e 671.65126 794.49660 7
e 442.95343 333.57110 10
e 696.58334 930.16645 7
e 234.26863 850.69721 12
e 185.24314 327.73487 8
e 619.83647 976.82272 9
e 438.19844 544.35789 11
e 292.09378 108.72043 8
e 129.27664 357.43800 10
e 401.99417 15.41028 7
e 38.87450 569.06938 10
e 24.88819 759.46647 6
e 426.68589 1067.29924 6
e 510.19150 605.31226 10
e 385.83626 853.20800 11
e 208.55483 779.87620 7
e 631.69747 387.92076 10
e 27.74433 838.47321 9
e 660.67000 746.88127 12
e 346.36727 888.29353 6
e 198.44215 777.16644 9
e 149.06127 24.73271 11
e 681.97643 131.96472 9
e 521.57387 143.00248 14
e 227.03203 963.33661 10
e 216.17028 125.33242 12
e 129.95694 601.64060 16
e 12.15130 628.63980 12
e 564.15961 1062.72000 7
e 284.58990 713.17320 5
e 387.32189 654.29705 10
e 227.19505 690.74803 9
e 418.48382 209.43310 9
e 20.79020 511.91494 10
e 417.53971 524.38972 11
e 264.76435 881.57064 9
e 608.41464 529.03461 9
e 656.03031 21.62007 5
