c ./output/rectangle/uniform/uniform-rectangle-6-2000
p rectangle 2000 720.00000 1080.00000
e 367.54689 477.34815 8
e 632.29641 624.77920 9
e 699.04414 762.98267 9
e 201.67337 709.36975 7
e 608.84919 204.18423 4
e 190.50299 871.30361 8
e 665.19303 581.47605 11
e 189.37021 902.95531 9
e 657.12025 699.71331 14
e 88.08641 39.34053 8
e 526.20182 870.91142 9
e 298.73620 688.07738 8
e 185.46273 141.31213 13
e 703.71875 54.25959 14
e 89.44965 360.57398 7
e 407.93967 852.66631 14
e 234.06455 939.54064 9
e 140.75786 212.38251 8
e 373.26022 758.22689 9
e 393.09445 565.86635 11
e 396.57323 815.46042 10
e 384.61794 515.57341 10
e 62.86572 305.71990 12
e 196.99210 448.94460 10
e 313.14800 423.06762 7
e 180.59641 240.96714 21
e 131.31668 964.11219 9
e 188.81831 917.96823 11
e 223.15842 347.25024 9
e 66.52631 742.82677 8
e 242.98645 1019.55626 11
e 121.99460 99.01426 9
e 506.69312 86.26595 10
e 97.07435 30.31601 9
e 341.07025 792.46898 8
e 678.23032 1027.10845 11
e 77.55265 833.04425 14
e 601.79372 167.57986 13
e 404.49027 730.47213 8
e 294.41518 899.75090 8
e 304.58434 427.71257 14
e 158.19211 977.52330 7
e 282.80595 414.79065 7
e 195.29662 516.14812 10
e 360.89470 732.00652 12
e 519.22644 994.42445 6
e 328.05345 822.13916 10
e 40.56061 149.79456 8
e 215.52170 999.22327 11
e 258.28777 267.78639 9
e 34.39786 573.70165 5
e 204.73302 792.91750 16
e 62.35638 759.97200 8
e 416.30083 379.95064 7
e 235.55988 299.08589 8
e 557.32261 715.32899 8
e 323.36675 255.82862 8
e 691.93189 491.55599 14
e 278.72717 151.49431 10
e 373.12619 168.32029 9
e 156.69141 653.02339 7
e 562.83858 176.51407 13
e 240.77285 12.13557 19
e 480.16499 263.70444 13
e 518.00750 881.02703 9
e 286.08631 106.25241 10
e 164.49058 618.04421 9
e 647.65299 166.96866 10
e 530.46279 574.09094 6
e 23.40316 991.74982 7
e 40.91124 791.90457 11
e 557.79772 924.31374 8
e 279.80017 23.11433 8
e 79.12862 900.79015 10
e 81.15445 520.43247 8
e 242.10126 32.28218 12
e 421.71183 1064.05732 11
e 411.83291 909.63237 14
e 47.77521 711.71333 15
e 227.42753 339.97344 7
e 185.12922 584.42842 8
e 704.14339 587.31454 10
e 383.01835 568.19492 6
e 351.64859 281.27891 8
e 462.19282 29.43140 6
e 239.63535 789.94249 18
e 185.12879 542.47338 9
e 172.79718 1010.36243 11
e 230.99668 402.69134 11
e 116.50462 1004.58417 4
e 531.85692 732.29656 11
e 204.84876 619.65411 14
e 82.96961 15.13056 5
e 358.43105 453.59767 10
e 364.02960 887.22911 4
e 691.78198 274.65893 5
e 596.19202 637.96184 7
e 709.57596 652.36922 13
e 457.06658 192.26688 9
e 416.09667 1050.24804 8
e 368.38488 934.19725 6
e 391.35001 25.61271 18
e 21.92430 314.48065 6
e 274.88847 307.58986 13
e 251.07142 510.18657 12
e 79.29688 600.86498 8
e 216.65579 387.15718 10
e 680.89724 839.19768 14
e 662.42046 567.23250 9
e 590.66773 188.67104 10
e 701.95296 853.14543 10
e 84.83215 732.99400 13
e 18.81976 362.29078 12
e 181.03562 113.04402 7
e 423.69269 745.65343 7
e 554.82986 1046.36518 7
e 620.44500 770.14069 3
e 521.26314 341.57896 9
e 365.55682 543.57350 7
e 372.25248 201.46517 10
e 142.16638 157.98137 8
e 677.54740 962.94144 10
e 694.48053 473.32256 8
e 187.06644 379.84053 6
e 99.22589 339.30994 8
e 197.51922 451.73911 8
e 691.57235 780.22127 8
e 100.71605 329.55874 10
e 46.50915 36.06068 15
e 176.92331 731.39849 6
e 600.30226 757.77349 7
e 291.94143 638.90846 15
e 657.60578 98.03356 8
e 686.98529 387.35766 7
e 419.39412 93.05295 5
e 316.42804 210.88461 12
e 465.88481 505.97032 9
e 71.15900 116.49295 6
e 40.98003 1002.66715 14
e 368.13787 599.69794 12
e 387.27482 834.36412 5
e 398.58247 1049.89304 5
e 49.84381 730.23451 5
e 669.08459 65.55773 5
e 455.26006 928.61944 10
e 60.15762 81.72632 12
e 597.52668 172.16977 13
e 289.45284 162.88876 14
e 525.19537 1055.95355 6
e 538.77076 912.70779 6
e 336.49969 925.55061 7
e 450.71149 182.10334 9
e 240.92476 80.95495 10
e 319.21951 467.37818 10
e 173.44495 934.38720 10
e 616.11757 542.27106 7
e 396.14687 133.29492 6
e 303.03943 1031.07629 10
e 313.53570 110.98802 5
e 346.33908 1030.98489 12
e 116.88365 958.59589 8
e 185.94918 211.59666 8
e 700.51813 988.16577 6
e 472.75340 774.25046 10
e 649.01261 298.21681 7
e 56.46652 691.41494 9
e 217.96150 181.59095 10
e 390.82911 590.81868 15
e 88.33442 862.00574 4
e 455.23392 509.81215 13
e 231.33741 952.47487 14
e 428.30054 545.12174 13
e 257.69252 398.41850 6
e 524.30804 29.81576 12
e 303.87120 262.08426 13
e 447.29709 45.86271 9
e 656.54752 591.49076 11
e 300.14127 801.02643 10
e 16.89465 887.13604 11
e 61.57051 146.32527 12
e 636.68390 822.56970 8
e 54.17876 968.40020 9
e 237.31074 1003.29602 11
e 306.80974 286.64562 4
e 592.88190 899.89571 12
e 664.13300 161.43411 9
e 37.54621 35.75654 7
e 65.27833 309.50566 12
e 295.21558 156.40214 10
e 583.20741 765.77064 11
e 264.88616 934.41861 11
e 539.47386 861.47230 7
e 643.91288 35.82741 4
e 254.67156 828.87586 7
e 64.33642 194.58529 8
e 466.43328 1039.02396 6
e 178.25371 237.66892 6
e 698.74472 251.40283 6
e 103.12502 649.74867 8
e 640.59800 900.81893 11
e 29.24967 343.53692 9
e 204.29203 282.36558 9
e 130.46316 600.16757 7
e 374.52454 592.83684 10
e 221.05820 540.39666 11
e 62.00945 536.95692 5
e 660.82280 329.36052 7
e 197.40877 784.11954 8
e 374.25821 757.05845 9
e 646.18272 332.39229 10
e 56.95522 117.41205 9
e 119.73158 411.63128 6
e 165.59273 644.72768 9
e 660.75294 983.07592 9
e 308.35297 587.71481 14
e 395.62330 388.99236 6
e 578.34471 835.96256 11
e 367.64164 748.39693 5
e 271.30937 400.94085 13
e 122.38018 173.63083 9
e 638.23509 17.23786 12
e 376.62835 963.08563 12
e 558.92036 589.64717 8
e 594.61836 339.22029 6
e 425.84591 729.24450 10
e 113.57775 888.28353 15
e 288.63819 1016.34756 9
e 259.68712 338.78786 5
e 673.48175 918.41726 4
e 184.16319 545.70997 11
e 37.75647 1067.47508 7
e 250.94284 509.73191 6
e 323.39005 448.03361 7
e 300.61609 802.01167 10
e 143.76493 308.14542 13
e 411.81551 814.66329 7
e 379.46343 559.53789 11
e 586.68182 694.27547 6
e 685.99257 195.83741 7
e 595.13289 840.20644 10
e 632.88797 252.79414 8
e 645.76416 457.42931 6
e 91.37461 529.82755 13
e 87.53772 12.02649 12
e 176.60081 1021.06803 11
e 410.49110 945.37834 12
e 534.57419 66.36525 10
e 421.23464 822.01144 9
e 547.67538 1053.02602 11
e 329.99809 374.12563 9
e 112.74466 634.61643 9
e 605.47283 571.09829 8
e 145.10544 484.62549 7
e 555.78841 918.08488 9
e 421.86162 1025.94035 12
e 160.69795 202.91597 6
e 449.72654 28.22864 6
e 482.17220 416.25021 8
e 389.11221 876.24689 9
e 287.96002 801.74296 8
e 228.71124 696.53308 5
e 276.83727 830.31745 9
e 397.23790 232.22832 7
e 522.58328 303.83117 12
e 255.19536 859.29382 13
e 234.34255 44.71204 8
e 233.76612 735.63103 10
e 517.71812 1039.62815 13
e 360.55102 228.27553 13
e 235.70486 777.16459 8
e 148.66539 943.02030 7
e 469.69948 1005.92414 9
e 606.55898 217.59530 7
e 506.04435 562.30402 13
e 273.99557 621.31881 7
e 638.64402 531.44026 9
e 64.16910 696.00634 10
e 65.56822 250.84894 10
e 366.65792 446.98477 5
e 650.64763 241.96264 10
e 438.51290 718.09419 9
e 386.98856 856.31287 7
e 613.54261 668.81553 7
e 484.76794 80.65293 5
e 343.33195 545.77434 11
e 55.43527 513.88124 5
e 706.79751 375.27570 8
e 79.45368 289.97905 11
e 426.93997 993.74032 15
e 265.10367 121.61738 15
e 108.67875 507.31696 11
e 449.06051 564.32551 9
e 34.08170 30.22501 7
e 142.09858 125.63796 10
e 532.47060 1049.55723 7
e 671.36019 161.35760 15
e 481.53080 689.15581 6
e 529.42502 536.34167 13
e 335.34044 310.26997 7
e 164.77374 615.34668 9
e 507.75593 523.57929 9
e 321.38599 1036.94108 8
e 96.68313 179.95039 13
e 141.01617 863.62971 12
e 263.02481 331.65831 12
e 511.35672 34.70078 7
e 346.91832 551.94365 4
e 35.52979 503.88074 12
e 571.59229 439.03249 12
e 533.38942 556.03094 5
e 70.98301 728.17207 9
e 533.87403 830.72578 9
e 327.92712 794.21552 9
e 633.95827 204.61503 11
e 122.72514 451.54247 9
e 277.33539 932.70382 8
e 199.85854 848.66905 7
e 276.63169 676.18874 7
e 30.60607 487.13480 6
e 502.42292 161.00960 10
e 640.87894 798.95326 8
e 496.18891 906.22114 13
e 29.24613 829.34055 11
e 154.33354 395.42130 7
e 237.03540 45.22936 6
e 17.59656 583.73109 9
e 301.39403 824.21020 12
e 415.78478 102.38451 9
e 669.92409 889.77116 11
e 370.86537 642.28371 14
e 183.94067 740.86547 9
e 210.70483 579.80559 13
e 18.81315 856.49841 12
e 10.37952 459.90175 9
e 150.68043 896.30527 8
e 297.37087 958.70067 7
e 376.41667 280.75062 4
e 183.55027 657.00941 13
e 578.27624 1030.88474 9
e 650.97783 457.55962 9
e 461.92223 929.58048 11
e 334.41730 504.28021 11
e 537.66566 1061.30285 7
e 652.47571 205.59039 8
e 598.67805 301.83567 9
e 530.34585 351.37419 7
e 340.70278 848.33758 8
e 341.96346 316.97839 7
e 100.86787 453.57011 12
e 568.59298 447.34061 11
e 694.49751 435.28087 10
e 383.14407 935.43739 8
e 221.99876 87.18766 9
e 130.49233 525.22178 14
e 622.03269 284.75147 12
e 202.99030 985.79088 7
e 94.83863 355.17598 13
e 40.56860 387.26810 9
e 283.60054 1050.77875 9
e 12.27180 993.66252 4
e 619.05025 302.13997 4
e 665.85278 259.68463 6
e 623.89526 823.48177 11
e 664.15173 679.65157 10
e 642.01118 463.66122 11
e 16.76427 780.25082 4
e 244.18744 558.30784 9
e 709.24352 225.49295 10
e 685.46249 218.81474 4
e 228.62090 708.77076 12
e 295.26165 955.95503 12
e 281.68487 629.85961 9
e 308.21525 153.87325 11
e 686.60060 727.31126 9
e 283.28163 424.74146 12
e 391.04623 516.02105 7
e 603.17757 516.29051 9
e 372.12707 260.51467 10
e 371.22705 325.20437 10
e 503.83289 902.24067 4
e 540.77989 690.11365 8
e 219.95449 713.22938 5
e 260.95785 909.82584 10
e 397.57544 202.75086 12
e 452.25799 681.10237 9
e 355.30828 130.65886 6
e 632.99536 330.79901 15
e 253.03914 353.02260 6
e 103.72692 211.78150 8
e 562.06808 973.47199 3
e 224.75107 39.71852 5
e 369.77116 870.20794 5
e 121.73926 326.39194 12
e 649.08239 1047.52612 6
e 266.91764 579.46446 7
e 502.79217 583.60924 7
e 79.36425 915.92548 8
e 575.15303 733.80471 13
e 428.30342 287.25640 12
e 461.72643 933.63328 9
e 97.27350 1055.10805 10
e 119.91524 392.87767 8
e 696.71387 819.70357 2
e 510.41805 649.49059 11
e 357.41413 221.38779 11
e 609.10338 395.98238 11
e 333.37621 374.80484 8
e 302.40791 237.84518 7
e 483.09801 267.14619 6
e 469.22161 1052.56947 7
e 434.39945 209.25270 8
e 569.45597 82.37548 8
e 598.81225 891.43562 8
e 223.65882 916.30475 10
e 583.15687 500.42072 9
e 633.60995 605.21509 12
e 452.52656 512.32099 9
e 105.61785 25.22749 8
e 403.91915 420.86030 11
e 614.74424 23.27566 11
e 673.50621 333.49644 11
e 664.86139 754.49570 16
e 427.61008 878.73005 9
e 251.35125 161.88112 7
e 470.11637 833.20043 7
e 548.04864 561.15068 7
e 370.80846 737.74379 8
e 66.47014 932.34710 10
e 302.31393 834.09776 8
e 396.14460 381.31918 8
e 192.76427 83.59362 8
e 616.12103 998.51038 9
e 697.76905 744.67621 5
e 83.16311 631.79685 4
e 320.34005 589.00572 12
e 90.35507 206.64855 8
e 396.29417 194.77396 10
e 343.46638 16.79076 9
e 174.74775 1036.43106 13
e 603.69368 1047.93961 8
e 447.06758 27.08116 7
e 74.23444 51.59634 11
e 369.14424 1050.19588 12
e 170.16757 382.98658 10
e 57.32409 392.63848 9
e 542.77900 176.53771 8
e 130.98531 682.50571 19
e 621.69981 813.81321 9
e 144.16467 152.99977 13
e 602.99376 928.49714 8
e 475.78098 239.29504 10
e 518.15028 180.46510 9
e 526.28508 356.58400 6
e 277.85864 77.92967 7
e 348.00620 337.52456 11
e 109.84709 564.42232 9
e 456.76346 470.54808 13
e 91.88302 644.02108 9
e 603.14864 139.16657 11
e 192.44327 262.06669 9
e 229.07304 731.17536 11
e 460.36607 919.74784 13
e 227.57430 637.32658 15
e 605.58635 154.58319 10
e 94.64411 458.95205 9
e 148.18224 453.25287 10
e 391.85218 278.36112 13
e 188.98951 796.74723 8
e 301.22255 415.39551 15
e 647.67967 95.75021 9
e 181.91776 244.09682 6
e 511.13173 474.47820 9
e 360.79290 198.49246 11
e 469.39984 347.76792 9
e 65.98935 960.46235 12
e 61.85766 782.01478 8
e 317.38660 824.54055 8
e 132.61783 780.13927 13
e 563.50724 890.35302 11
e 647.56080 963.66880 12
e 315.80135 318.52721 8
e 342.32387 711.99565 6
e 30.34598 511.52914 7
e 221.41647 625.39251 6
e 275.54871 352.75010 16
e 22.88688 164.50088 9
e 178.76714 1028.40721 14
e 591.18363 83.77660 9
e 135.59369 804.67673 11
e 172.27112 920.90220 12
e 526.62280 306.54869 9
e 533.28427 254.15631 10
e 628.53407 136.55631 12
e 370.10254 636.20441 11
e 362.30308 45.75855 7
e 33.32140 339.98663 8
e 465.58822 847.47903 17
e 524.21431 1052.68860 5
e 320.43180 908.13805 7
e 628.93349 408.60375 10
e 509.74604 891.43138 12
e 117.49381 561.78822 7
e 584.43848 249.84649 15
e 64.05860 207.59466 13
e 690.26110 671.91871 8
e 314.11926 675.35356 5
e 75.59079 623.94049 7
e 478.80969 807.94195 12
e 166.62218 98.96340 9
e 253.12608 982.20793 9
e 83.59305 1022.31344 13
e 291.73803 109.24437 8
e 307.43022 1021.40102 9
e 112.61647 257.38668 6
e 668.75831 895.58905 11
e 426.41350 133.69293 8
e 326.72765 1023.41235 14
e 266.91563 980.40213 8
e 343.37539 337.78744 8
e 128.89169 936.84146 10
e 344.28212 281.87689 14
e 533.92376 569.13966 10
e 318.81199 311.27229 7
e 275.85802 418.76932 17
e 428.70746 471.09607 5
e 84.85731 105.95133 14
e 334.56068 1020.19109 12
e 506.83441 272.72956 12
e 675.11319 110.70372 10
e 46.07725 876.32106 7
e 190.35846 444.76605 7
e 53.78342 271.37236 9
e 474.68440 36.86315 9
e 618.43630 923.20803 10
e 90.31111 306.38290 6
e 214.84517 77.70329 14
e 635.50429 939.49690 13
e 271.37538 458.54320 6
e 364.74049 565.12670 11
e 345.29694 254.00875 10
e 74.29865 786.68833 12
e 559.92450 685.44861 9
e 436.24578 245.53788 10
e 55.85752 304.08795 12
e 466.15478 1044.82674 7
e 389.89397 860.35779 8
e 174.04518 531.41801 11
e 150.26090 808.51187 13
e 580.51698 1043.46422 6
e 648.60669 36.30949 8
e 603.26034 372.79998 6
e 630.60665 32.06943 7
e 152.65777 1050.44126 12
e 620.96740 288.77003 10
e 166.42994 876.01661 8
e 33.32057 884.56487 9
e 707.06113 692.78137 10
e 81.68376 388.47535 5
e 538.44193 1057.95488 9
e 707.55348 738.22507 13
e 619.61547 702.10446 9
e 187.65770 42.31408 4
e 219.97388 746.47772 7
e 669.28570 1060.69649 6
e 496.76391 768.98156 11
e 167.32646 411.67685 10
e 247.62841 392.93606 10
e 497.58624 360.65867 6
e 524.77534 1063.96407 8
e 54.66360 1038.85415 8
e 474.50188 312.61386 10
e 463.38628 240.10571 6
e 253.84391 385.48862 7
e 597.02694 407.40833 10
e 373.90537 633.59953 9
e 83.47259 758.39286 9
e 184.09161 570.18094 11
e 321.85016 1063.85342 10
e 501.95303 539.88024 6
e 14.64455 875.82989 12
e 166.40663 839.66516 16
e 579.54412 915.79899 9
e 125.74055 421.37768 8
e 162.26945 65.41487 9
e 478.20207 516.90458 8
e 659.13259 909.97822 10
e 556.02187 408.05468 7
e 329.61195 338.15979 7
e 513.14590 429.37365 10
e 69.48436 144.67994 10
e 287.82413 558.39495 5
e 329.16373 774.74708 11
e 549.34997 51.83978 11
e 489.72318 826.04870 9
e 103.42939 96.32072 9
e 667.14994 552.64424 9
e 306.43812 404.71723 15
e 679.70578 1003.07284 14
e 694.17021 652.20355 10
e 409.05480 864.39454 10
e 314.75704 923.28041 12
e 76.23735 849.04390 9
e 38.22218 371.31440 9
e 602.87136 376.60410 7
e 115.82272 257.58662 11
e 507.51041 342.60840 11
e 222.62295 364.67419 11
e 600.97586 933.25690 13
e 176.40396 103.45164 15
e 637.67958 735.56594 7
e 589.44872 275.85613 5
e 70.16176 17.65610 6
e 14.34934 351.86827 8
e 591.12359 727.50835 8
e 21.04711 602.21217 10
e 669.18918 119.19697 14
e 707.21260 557.81679 11
e 588.24264 179.70566 6
e 425.22304 165.94910 16
e 32.75892 453.91957 8
e 397.80407 22.82652 12
e 570.82717 117.89742 6
e 595.35891 761.62271 10
e 43.67454 685.44569 11
e 144.44665 930.19427 11
e 610.42073 989.69077 3
e 477.25682 1056.66511 13
e 441.84600 493.55357 10
e 79.97346 631.09886 6
e 578.75146 1033.06127 6
e 151.87319 670.93833 8
e 598.24851 912.87652 11
e 495.59532 230.92928 10
e 547.06240 826.81936 12
e 379.27322 660.36293 6
e 223.46865 465.61601 5
e 154.87310 231.54027 10
e 40.94192 244.87369 9
e 118.24578 782.76640 8
e 144.54578 1001.44715 4
e 607.95414 547.67496 11
e 542.40768 569.97462 11
e 320.94944 835.54825 8
e 688.74057 533.38867 11
e 114.62786 150.29166 11
e 199.77494 130.83758 11
e 268.16928 909.36911 13
e 376.38926 1035.30976 7
e 700.59466 275.58081 9
e 536.00573 743.88400 11
e 641.45300 169.62299 8
e 501.65168 952.86429 14
e 94.01888 279.45076 9
e 448.91952 955.19632 10
e 651.94046 660.16815 11
e 239.26601 700.83024 11
e 300.40554 74.18379 6
e 442.46615 996.73741 3
e 578.54347 1049.21506 13
e 290.17539 492.56726 9
e 434.28860 789.28671 4
e 137.96333 249.88338 8
e 37.24864 616.34503 10
e 375.27218 432.11944 9
e 454.11263 184.88611 10
e 67.87800 710.38036 9
e 494.21405 778.66028 7
e 368.56577 569.18509 12
e 658.69305 445.44241 7
e 535.88108 671.09316 6
e 141.26733 1055.13938 13
e 708.07779 480.72396 9
e 499.90145 275.95361 9
e 479.83126 230.69159 10
e 287.65045 141.42457 7
e 97.96105 1005.52866 9
e 492.84691 375.50239 7
e 635.58433 972.04704 8
e 609.40433 190.50671 6
e 389.74444 140.88332 10
e 294.62343 462.00150 11
e 539.87806 168.64130 8
e 362.33709 1029.96033 7
e 157.57900 153.98615 11
e 627.55355 926.14887 9
e 686.36791 946.86742 11
e 348.07674 439.04710 7
e 621.99127 885.77714 11
e 702.66215 88.28442 6
e 678.55613 785.14377 13
e 409.15867 314.59139 12
e 327.05010 742.38434 11
e 622.63481 726.67343 7
e 317.85532 549.71873 10
e 159.86242 672.04741 7
e 642.18420 211.80567 8
e 359.06460 111.78224 13
e 522.80732 76.27940 8
e 144.70515 447.20288 12
e 205.20914 286.60451 7
e 543.91302 690.98277 9
e 478.80096 341.05468 11
e 309.33945 1047.74191 8
e 636.00311 79.68295 8
e 375.26574 203.76598 8
e 258.45614 155.88730 5
e 359.35239 862.61930 6
e 682.34857 112.04092 10
e 121.85357 291.59621 13
e 451.46783 109.03266 8
e 461.00510 739.45964 8
e 101.84440 951.78528 8
e 517.77339 1031.79647 11
e 307.34611 137.32146 11
e 282.02892 283.30942 9
e 236.64772 643.27648 13
e 47.22484 155.68328 9
e 685.58728 152.26062 13
e 547.14458 336.73902 10
e 709.39043 755.75409 3
e 425.69636 447.38968 14
e 153.14697 885.52288 8
e 42.63038 527.11786 13
e 493.65265 583.37116 13
e 353.87520 804.20619 15
e 489.23357 230.38224 13
e 279.97552 548.92694 7
e 605.38006 510.20236 10
e 232.58497 24.77917 9
e 68.92762 356.49989 6
e 19.85407 988.28278 19
e 215.50070 82.11263 11
e 679.35866 115.41537 9
e 228.82245 957.86973 8
e 491.77186 519.07653 13
e 608.27772 1020.19277 10
e 665.40259 705.19328 18
e 216.41514 565.52401 3
e 642.72080 341.24375 13
e 502.27026 108.90021 8
e 290.20681 331.41475 8
e 632.49970 952.13662 8
e 313.00339 1015.64658 7
e 53.61540 197.31596 6
e 227.39645 993.53170 8
e 663.16772 800.90637 9
e 255.13433 701.88035 7
e 96.54055 1004.14411 15
e 187.10938 467.66386 16
e 477.11408 194.06350 11
e 573.09792 667.12910 10
e 405.60654 573.31196 8
e 669.45521 92.93515 5
e 47.62614 193.82068 16
e 222.68621 774.00495 7
e 505.28493 48.20648 11
e 83.29189 736.83364 11
e 447.31883 231.51571 11
e 616.22609 920.10732 8
e 193.20369 1017.41079 6
e 323.36306 300.68944 9
e 428.90511 555.88364 9
e 676.50771 516.03694 9
e 700.26822 603.69039 6
e 14.31316 979.37928 11
e 228.82896 826.90575 11
e 558.10963 384.33973 9
e 653.31886 678.42460 8
e 709.65098 874.42437 8
e 144.47694 788.61112 8
e 599.75012 747.32497 8
e 374.20920 770.50554 12
e 400.51907 722.89622 11
e 160.92469 1067.95659 10
e 407.47944 341.61523 8
e 537.20136 18.43496 7
e 45.14741 993.42081 13
e 133.94665 470.42246 10
e 54.57916 872.12194 8
e 449.97546 814.15117 7
e 109.47605 1009.10178 8
e 619.36535 827.30761 8
e 193.59546 252.33399 16
e 246.29517 350.54514 12
e 75.79278 266.62322 10
e 472.11621 458.95402 7
e 103.92008 81.05762 5
e 623.82492 949.24747 8
e 606.28431 674.88682 12
e 652.35057 455.34960 15
e 623.50064 1028.98987 8
e 58.50084 693.25699 14
e 469.79021 544.26319 14
e 598.51798 330.20893 4
e 477.16090 873.49067 9
e 225.88233 971.01769 12
e 11.39322 771.74616 4
e 91.68639 78.22016 15
e 133.66884 886.77514 7
e 372.51846 672.10421 7
e 515.63330 437.49051 12
e 73.80480 254.25699 7
e 598.67828 736.82403 10
e 285.64248 126.05895 9
e 168.62963 754.77580 11
e 93.73589 661.76241 11
e 370.67767 293.55334 7
e 449.37416 25.51505 11
e 197.45601 889.50154 11
e 605.79522 1050.42973 11
e 275.85942 318.32203 7
e 246.98311 436.88899 15
e 248.16823 438.85970 11
e 135.69434 468.96964 7
e 90.86682 630.60961 8
e 438.39727 904.45675 10
e 598.68992 903.08226 12
e 228.77969 61.49076 13
e 175.29165 298.23613 5
e 315.43481 886.85798 11
e 117.44026 569.32656 5
e 502.45966 490.44632 8
e 514.53033 673.47567 9
e 332.24352 205.19957 10
e 133.32409 62.50995 7
e 337.96204 1003.61567 9
e 580.51235 813.11700 8
e 539.87241 342.80129 11
e 101.45477 92.19837 10
e 126.93162 230.76698 9
e 138.18884 535.87808 12
e 240.59748 1065.91330 13
e 338.04345 495.93993 8
e 537.44931 294.53404 10
e 445.43963 64.24132 4
e 326.05443 753.52206 5
e 72.86051 470.98304 5
e 609.92538 752.08127 11
e 511.21204 529.80853 7
e 516.12265 232.57453 9
e 582.80157 750.23470 7
e 626.59759 813.17108 9
e 708.49037 463.63970 11
e 687.43030 356.82977 8
e 63.56426 145.11656 13
e 545.53558 347.82017 6
e 28.82000 709.96869 9
e 528.76185 819.72872 10
e 669.98671 379.49900 7
e 33.14646 848.15324 9
e 393.01468 493.50054 6
e 110.67183 345.84480 10
e 387.07288 1039.10731 8
e 396.73882 480.75757 8
e 688.99149 816.90653 10
e 132.95400 991.76002 10
e 466.33334 590.86136 10
e 559.37754 97.63968 9
e 195.18696 220.95226 13
e 316.77298 891.30660 11
e 543.09573 911.07992 7
e 524.03900 991.79370 11
e 324.23413 150.38895 9
e 180.76739 1049.53618 8
e 239.94929 439.22171 9
e 106.72743 914.47727 7
e 368.52475 854.67263 5
e 228.44590 474.64481 9
e 217.83711 1062.35088 11
e 568.68660 797.72150 12
e 559.56305 804.58711 10
e 410.60194 809.66260 11
e 627.66413 373.99219 8
e 566.38271 130.79413 7
e 126.73856 569.97703 10
e 91.61096 160.85585 8
e 522.55303 719.97450 5
e 180.21691 400.95739 10
e 67.72710 215.27685 9
e 582.65217 985.50043 12
e 193.22072 1067.66758 13
e 70.38614 613.96848 16
e 502.35869 734.26027 8
e 528.03130 158.65973 7
e 307.33518 364.80685 5
e 678.87435 461.65063 9
e 269.95083 1066.64809 7
e 462.64672 452.46396 11
e 13.87841 575.38625 14
e 174.08444 907.50222 7
e 453.76516 697.96474 10
e 342.67622 820.80929 10
e 426.36973 446.51022 7
e 81.28342 590.23911 10
e 416.32287 365.23398 13
e 403.81680 961.17578 10
e 360.43823 1056.78682 17
e 504.54106 200.15165 8
e 523.95119 749.08823 7
e 442.38180 1003.59888 12
e 81.76263 47.18496 8
e 37.61030 264.72278 12
e 498.54903 966.67794 11
e 558.74937 655.27908 12
e 119.33418 504.23940 6
e 457.88546 210.49887 12
e 613.45412 325.22143 5
e 595.80076 583.51600 10
e 33.38480 929.34259 13
e 366.80916 748.41486 9
e 288.95386 288.23993 6
e 497.81678 787.29909 6
e 127.77009 712.93080 7
e 241.87810 251.28259 11
e 678.70223 245.32369 8
e 432.09465 961.14415 10
e 94.36130 12.21415 7
e 681.45582 926.16641 8
e 335.97539 653.09541 8
e 471.29209 578.58432 15
e 480.57686 167.40144 11
e 393.39065 71.00551 6
e 392.98940 954.65029 7
e 581.57844 226.29620 12
e 693.03917 35.75760 9
e 397.80007 278.45026 9
e 262.65880 324.70779 8
e 174.48454 429.39346 12
e 563.08330 1069.91295 8
e 596.20957 497.44122 10
e 318.86545 607.46334 8
e 195.22569 619.03760 4
e 639.44461 327.34441 12
e 698.59619 380.58301 15
e 368.35647 585.94196 6
e 516.15836 920.12207 5
e 579.67472 378.18290 11
e 554.04674 626.22077 8
e 63.40833 167.33193 7
e 676.08937 763.92717 9
e 47.48244 1011.75418 10
e 145.23516 15.45675 9
e 616.53449 818.56666 5
e 660.38807 84.34721 8
e 389.65938 234.83794 5
e 581.13937 400.73971 7
e 611.64996 719.00777 5
e 248.14861 953.82210 11
e 608.86412 275.39496 10
e 117.87924 780.32252 9
e 698.40212 979.38490 8
e 150.86427 985.72183 8
e 425.37573 950.99803 7
e 280.95368 738.86249 11
e 265.45177 538.59282 5
e 331.88356 229.07048 11
e 640.27648 220.98991 13
e 343.64534 824.29529 12
e 39.90225 107.21613 6
e 538.15267 203.12700 6
e 448.97831 276.47824 10
e 204.28627 489.47452 10
e 91.38907 1057.52277 7
e 203.74166 285.72360 9
e 565.99598 928.33095 9
e 328.01490 401.21120 11
e 229.74049 36.23880 6
e 691.95079 35.82468 7
e 220.67570 169.33098 14
e 101.13540 267.64794 12
e 307.12486 453.86104 7
e 393.09434 749.67156 7
e 378.63799 233.84547 10
e 706.31607 805.30625 8
e 669.64517 540.52965 7
e 348.87672 363.03041 10
e 429.08886 371.13359 15
e 311.43060 638.19374 12
e 444.49439 835.69078 11
e 294.49257 642.81884 8
e 586.37704 372.21387 11
e 304.08379 607.09799 7
e 313.00856 906.63333 9
e 663.58736 518.25835 8
e 428.56535 985.25051 9
e 90.86763 671.01294 7
e 262.96577 1050.21638 12
e 568.75578 568.91939 4
e 536.91313 1067.40266 7
e 452.10831 318.42871 10
e 384.24578 90.70697 6
e 160.47989 52.05055 10
e 55.34832 164.79027 8
e 451.76277 500.15230 10
e 548.63872 652.60822 10
e 301.60059 712.36361 7
e 669.93963 937.18768 9
e 129.12906 724.51902 11
e 256.83190 133.37150 8
e 433.11406 714.25862 9
e 657.86891 373.59138 11
e 33.84178 1059.51857 4
e 237.60216 734.63462 7
e 53.17367 738.99262 12
e 359.79572 911.47552 9
e 594.64936 721.67690 8
e 405.94336 940.13413 11
e 231.88990 1049.00917 12
e 49.69168 291.39923 12
e 526.12164 353.92129 9
e 331.72495 119.42964 5
e 367.21452 731.43649 8
e 499.95182 696.33893 10
e 197.14730 554.21421 10
e 470.65693 149.50220 5
e 458.25553 94.75894 10
e 676.42106 63.67562 7
e 78.58402 105.48777 13
e 337.94258 1030.32688 6
e 651.68436 250.33283 6
e 23.73798 621.41431 11
e 632.69629 12.89247 5
e 134.80375 912.22415 13
e 422.89829 879.94308 14
e 569.14127 906.72749 16
e 494.32030 672.29550 7
e 327.49009 1058.53442 8
e 14.68244 968.10847 13
e 66.48238 243.22344 14
e 276.04852 11.76949 9
e 291.56909 636.54694 5
e 206.78252 221.69144 8
e 679.44089 99.40634 6
e 137.67723 745.12853 5
e 649.32420 325.45253 11
e 482.14778 369.54839 13
e 361.14416 353.35312 13
e 558.05730 441.58221 10
e 239.39916 148.27497 8
e 350.90476 678.02062 6
e 76.85332 201.54872 13
e 295.69851 865.17203 12
e 355.27977 42.70112 11
e 422.54069 371.48632 9
e 151.59285 486.42225 8
e 478.46066 740.35526 8
e 230.73809 111.38927 10
e 164.16907 1032.18541 12
e 264.69574 690.64980 5
e 16.43832 20.99229 10
e 158.41631 253.55341 8
e 511.57958 456.20896 9
e 582.87641 899.60804 11
e 595.39629 749.30868 8
e 412.64817 94.49843 6
e 123.21946 627.87208 7
e 690.66924 396.27994 9
e 429.15528 417.04484 10
e 168.77951 155.33716 9
e 311.37700 799.10965 10
e 600.42960 447.85801 8
e 178.16089 649.15708 6
e 501.50590 382.64081 10
e 191.52295 659.07818 6
e 581.15771 315.20673 7
e 187.18554 271.89340 9
e 502.46679 102.94076 5
e 269.30944 1035.69829 7
e 241.41127 261.07019 12
e 198.72084 796.00077 9
e 342.43561 747.99985 10
e 558.79119 821.04975 4
e 109.73486 132.88302 13
e 256.05626 296.91231 9
e 494.19330 1002.63411 14
e 238.86727 336.84219 5
e 608.64260 522.92087 13
e 358.83304 983.53399 9
e 552.82481 1036.47436 4
e 474.18737 88.61870 14
e 598.03868 317.58865 6
e 475.53447 895.13149 9
e 25.24201 431.51141 8
e 202.82011 638.98268 10
e 620.81405 171.16523 16
e 463.04985 213.52100 10
e 142.72718 809.52708 11
e 281.96809 756.61243 7
e 696.73804 208.67097 9
e 186.95319 1034.63174 13
e 233.08214 717.58842 4
e 396.96473 1006.83037 10
e 482.15446 551.84893 12
e 350.98322 201.12471 16
e 103.46264 63.17761 11
e 147.13891 481.62021 10
e 270.56937 326.35826 11
e 38.92334 1066.29874 6
e 443.26970 443.04920 10
e 261.68741 560.48714 10
e 24.83369 444.67384 9
e 373.85020 897.63509 11
e 308.44383 973.81829 11
e 26.53050 313.62555 4
e 561.16389 195.61640 13
e 478.65939 305.40605 8
e 613.95215 283.77801 11
e 535.52503 535.86693 11
e 389.82185 1038.94801 8
e 27.24753 13.18761 15
e 26.34849 76.86234 8
e 594.18842 27.09857 6
e 356.94946 127.57025 9
e 267.36798 875.43306 11
e 461.83019 104.64367 7
e 227.90758 1024.20137 12
e 153.75330 335.53653 10
e 390.85384 751.25574 5
e 90.86733 646.42668 8
e 105.89000 388.65400 6
e 532.99589 884.65079 9
e 364.87374 395.68699 7
e 118.78675 417.29289 8
e 353.25090 948.74143 5
e 464.12344 77.71638 7
e 570.15056 949.14339 5
e 136.32257 392.45245 9
e 701.32410 710.89260 9
e 78.33721 844.04574 10
e 680.83786 260.49137 7
e 218.72355 353.63797 6
e 654.17111 497.93399 13
e 114.14706 759.58831 8
e 169.13198 584.21864 10
e 351.37054 968.64195 8
e 384.43670 354.67532 9
e 683.61632 1014.19567 6
e 289.90110 893.72485 10
e 70.73565 990.69993 8
e 708.22777 25.17319 11
e 468.28139 277.69916 7
e 271.11821 537.37797 12
e 694.18741 767.64389 13
e 388.01414 959.17457 9
e 280.87544 364.57455 11
e 428.27402 760.17154 15
e 323.14498 52.68088 6
e 139.98516 202.93019 9
e 532.57051 312.91961 11
e 274.03893 531.88685 8
e 331.12372 589.01064 5
e 586.04775 992.70064 6
e 242.52362 878.71724 10
e 115.82229 597.40470 7
e 282.88471 29.44367 15
e 161.01328 878.43432 9
e 134.69558 110.68866 8
e 305.53267 929.00092 7
e 272.08782 919.76914 9
e 284.61343 118.60798 9
e 546.83699 512.72792 8
e 459.72985 980.28877 9
e 56.76838 888.08203 7
e 517.39736 1069.33183 9
e 87.41475 581.37149 8
e 664.15832 480.82464 7
e 528.76651 229.51813 12
e 642.08440 644.77078 6
e 663.59136 281.41078 6
e 395.21898 456.47439 11
e 355.68374 37.46297 8
e 213.18557 195.16950 11
e 514.85179 171.70441 6
e 387.42625 856.22154 6
e 299.01415 609.98812 8
e 694.22135 1039.61152 10
e 116.27965 49.17481 10
e 162.17630 306.60187 11
e 209.50895 226.48412 12
e 197.38669 213.92175 3
e 164.73226 393.67608 10
e 225.47951 868.49793 12
e 469.93273 943.40711 8
e 302.00444 716.52529 10
e 380.26788 1043.48508 11
e 590.21977 1039.53020 10
e 165.14969 250.40701 14
e 18.72528 892.50564 8
e 428.88430 388.92143 13
e 153.97206 483.88221 8
e 231.65486 270.68981 5
e 202.42729 567.54008 8
e 54.58695 981.11010 3
e 41.83321 925.86612 10
e 333.75989 398.23611 7
e 622.72076 545.93587 5
e 361.67920 999.97733 15
e 697.44337 612.05343 10
e 91.82763 417.84687 11
e 342.55754 880.35929 8
e 108.21935 605.29024 10
e 573.50709 256.12529 9
e 405.27092 654.83524 5
e 250.64935 400.36168 13
e 696.05090 895.60879 7
e 87.05013 1016.77791 9
e 650.89502 1031.52756 12
e 174.78213 404.58258 11
e 501.73667 380.11683 7
e 651.96535 707.94481 5
e 124.00098 248.27412 19
e 237.81664 534.58588 14
e 517.83661 574.78559 14
e 450.99549 892.28917 10
e 402.72542 1033.55710 9
e 704.32707 128.71366 10
e 159.12511 323.17526 10
e 307.66925 434.69813 11
e 356.55267 210.11895 13
e 313.96294 246.68532 7
e 427.25637 15.99501 7
e 252.55104 965.90677 7
e 434.85241 37.50840 6
e 297.08343 337.73801 4
e 142.02971 834.06482 12
e 243.91980 175.10585 8
e 35.81727 229.66426 9
e 332.66433 747.76228 7
e 56.57095 683.26443 10
e 55.10347 975.73363 4
e 621.73282 249.90709 8
e 541.53971 435.32213 7
e 141.89005 467.26003 7
e 303.98602 324.38120 5
e 505.14737 719.96811 12
e 431.79796 191.06298 12
e 346.61586 855.12825 8
e 236.29204 495.55792 13
e 451.49633 494.30925 7
e 258.89049 305.59730 7
e 596.07552 103.38170 12
e 611.12881 242.13376 8
e 307.34231 704.53181 9
e 658.63761 305.71948 10
e 183.10893 807.20270 18
e 266.23771 534.12838 9
e 322.19284 447.93248 8
e 253.19591 481.27989 9
e 367.01857 40.47547 11
e 337.30298 822.39603 12
e 24.14306 505.22773 8
e 83.48854 237.30034 7
e 642.17694 234.21715 8
e 303.16362 206.81608 9
e 627.37308 1017.16366 12
e 246.43212 908.34550 8
e 505.87809 267.12674 7
e 162.47141 53.41032 8
e 262.74554 884.89231 10
e 312.96853 467.13350 10
e 283.85351 75.85427 7
e 41.14114 563.79116 9
e 476.58574 544.32438 8
e 583.37259 339.42365 9
e 302.33595 433.45769 6
e 622.48747 17.15693 10
e 479.91490 253.90931 13
e 684.39948 956.34874 9
e 31.43381 844.33649 7
e 444.66347 944.89957 11
e 706.59204 751.31975 15
e 376.50462 332.79467 16
e 521.67114 475.69543 18
e 100.95073 935.50315 5
e 145.30389 47.64697 12
e 693.92860 478.31001 9
e 165.51447 975.42922 11
e 84.79398 562.26391 11
e 221.15395 21.65726 14
e 44.82683 457.65421 8
e 19.94096 509.09561 8
e 473.81031 857.56955 5
e 568.35583 743.21232 9
e 172.19458 104.35194 9
e 286.53637 181.44181 13
e 391.83458 923.53212 11
e 602.55168 472.87496 11
e 257.48765 307.77234 5
e 559.40228 896.33848 7
e 317.08399 993.33570 10
e 334.87705 46.64156 7
e 277.35153 832.46365 15
e 498.28970 111.80415 7
e 183.77809 866.06490 9
e 492.69363 683.07387 10
e 407.03707 189.04836 9
e 16.14115 552.44743 7
e 477.61441 456.10715 8
e 556.10499 978.25854 7
e 120.77211 78.23151 6
e 473.99684 538.96727 4
e 604.19071 827.74767 8
e 461.36815 906.17678 8
e 11.96799 984.80167 11
e 279.35735 44.40779 7
e 687.71101 385.61010 12
e 603.22381 894.82662 8
e 57.05530 43.42294 14
e 463.96123 1063.42178 10
e 629.08173 364.45022 7
e 532.01527 900.34727 10
e 708.94508 618.22161 8
e 676.65336 157.32701 8
e 652.16826 883.49135 8
e 463.77748 833.37341 14
e 254.01310 604.09400 11
e 284.88640 214.27635 4
e 495.58706 583.33501 8
e 450.91160 551.53293 12
e 387.13378 341.03370 9
e 642.45532 186.72986 5
e 381.05671 922.54716 9
e 438.09241 589.94403 10
e 427.41850 755.41478 7
e 547.92011 748.14296 7
e 243.97694 1023.48117 11
e 115.54919 172.05844 10
e 270.21605 365.60698 13
e 133.70850 272.09730 11
e 380.32108 799.73195 3
e 39.33741 732.35606 12
e 491.43668 698.29356 15
e 264.33814 25.33506 9
e 408.98134 211.47651 11
e 588.72111 215.97742 8
e 189.47313 570.42780 9
e 165.23512 973.33778 8
e 660.21704 947.08398 11
e 520.52795 1069.55548 10
e 708.98435 628.37416 10
e 14.86736 683.49482 6
e 228.40450 978.89437 10
e 232.30144 624.37802 9
e 540.90156 733.16194 4
e 73.32720 164.35987 18
e 354.10572 477.07468 12
e 649.65084 233.27278 9
e 450.66864 447.94117 14
e 68.61025 286.60408 14
e 368.17418 354.49803 10
e 119.09422 641.28700 5
e 635.80110 538.19777 5
e 119.37816 940.75656 8
e 98.06862 661.75369 6
e 519.10649 154.63795 6
e 46.87843 556.65966 8
e 135.44550 1028.61993 12
e 420.82904 645.39311 7
e 308.43808 311.55915 11
e 295.46236 244.38887 7
e 28.32762 941.81899 11
e 331.02997 694.26049 10
e 40.91978 569.69715 15
e 324.27267 656.63364 8
e 171.89351 748.62920 4
e 374.72543 795.31504 6
e 193.30001 443.01634 6
e 28.47674 779.29143 6
e 657.00783 536.72119 5
e 432.64202 48.98547 6
e 357.15222 1045.30823 8
e 259.69764 521.73267 8
e 626.01425 220.38251 11
e 244.18414 92.06121 5
e 340.61372 628.46044 9
e 521.75344 190.52776 10
e 343.82215 99.07924 8
e 141.86987 320.98009 8
e 125.18421 440.35753 15
e 36.89224 285.48733 9
e 709.42710 276.69734 9
e 207.25025 48.05922 12
e 588.61767 881.05960 5
e 523.45593 368.98543 9
e 473.31399 1001.43044 12
e 298.84380 15.28807 10
e 59.88489 831.21435 11
e 309.83410 77.71095 13
e 447.92335 990.29697 12
e 649.86116 821.03028 10
e 691.79524 769.52230 8
e 505.52575 954.64281 10
e 684.53851 728.29380 6
e 168.79070 542.48845 10
e 394.19979 474.47689 10
e 424.53705 975.89597 8
e 607.02814 138.27892 10
e 394.58573 844.43725 6
e 363.25462 721.61813 10
e 299.34642 960.83498 14
e 511.73748 347.19432 10
e 37.95847 170.29735 11
e 182.07875 165.25535 9
e 131.99896 522.47252 5
e 178.61038 258.51267 8
e 213.37719 143.46698 6
e 691.74069 659.26588 5
e 449.52490 832.99991 9
e 545.69402 1058.50717 9
e 26.31098 620.20133 6
e 16.47446 757.69548 7
e 665.33623 640.60294 12
e 61.84886 504.49411 8
e 689.45076 679.89445 5
e 464.63116 296.96143 6
e 540.30521 583.38716 7
e 171.19946 858.04237 6
e 521.73821 552.66250 12
e 624.47263 548.69271 15
e 62.40608 656.56244 14
e 155.34593 694.48972 4
e 218.12225 365.23987 5
e 295.40077 241.09913 10
e 147.82525 799.71909 6
e 245.49022 476.01047 14
e 327.79785 95.67312 10
e 25.87069 786.44368 9
e 400.30196 765.73678 11
e 150.16697 65.65091 6
e 77.03057 696.75243 6
e 589.86637 640.79527 14
e 251.19144 357.98046 11
e 329.13923 913.67052 13
e 619.78046 367.74268 8
e 395.89617 992.13994 7
e 500.48148 688.37042 9
e 662.16667 967.81922 10
e 509.91780 233.21190 9
e 376.70646 130.52718 9
e 304.30533 247.03044 7
e 612.52271 144.65964 9
e 69.94055 825.13690 16
e 215.23689 219.27104 11
e 135.33950 480.53287 10
e 150.71418 216.98395 10
e 630.86168 543.46389 8
e 453.23078 739.54144 14
e 598.66554 955.58012 11
e 193.22554 89.65975 12
e 689.37799 995.83801 11
e 553.61655 206.99406 9
e 56.23784 880.84148 10
e 53.52344 739.34321 14
e 567.42824 1001.74753 5
e 538.96041 64.59310 11
e 201.52282 92.52680 7
e 539.51936 703.64890 7
e 245.37301 969.84248 7
e 453.00920 454.10650 7
e 44.14087 928.13472 5
e 12.24309 14.34385 8
e 368.64639 294.54275 8
e 131.08590 301.32986 9
e 166.32189 202.35837 14
e 204.49223 322.47491 12
e 58.99672 43.01717 11
e 480.76827 253.25422 10
e 268.03057 170.84942 5
e 570.32368 584.55861 8
e 391.75766 758.24887 10
e 401.17455 466.26597 6
e 640.92102 15.45591 9
e 235.56093 569.39473 8
e 198.34853 637.67102 13
e 709.59139 754.63996 8
e 175.37630 738.74157 8
e 61.34005 1052.96877 9
e 682.33322 736.49194 3
e 589.22452 661.03084 9
e 147.87743 344.75083 10
e 566.67639 806.77789 7
e 126.98328 160.95299 9
e 549.77581 165.84378 9
e 219.16369 707.44403 10
e 206.48685 697.16874 9
e 356.29674 373.67103 6
e 470.33129 749.23723 4
e 297.62828 125.96190 9
e 115.11244 393.12794 5
e 635.19584 503.20116 9
e 554.22754 613.26972 8
e 154.74761 478.09381 4
e 569.32254 690.93401 13
e 621.38765 479.02015 7
e 594.56022 517.04446 6
e 693.35497 768.69260 3
e 166.85389 604.71877 12
e 52.07639 493.79580 6
e 146.87779 55.34048 8
e 373.12885 118.95481 8
e 166.91785 255.95378 6
e 547.83214 654.43641 8
e 495.71142 169.14968 8
e 586.60534 117.58339 7
e 445.11396 555.38107 4
e 652.17636 823.34668 11
e 579.96970 196.27505 6
e 536.91212 484.85816 6
e 675.56091 350.35136 10
e 402.15893 735.31267 9
e 128.36163 459.67258 10
e 449.81795 521.48948 4
e 536.77479 57.52990 17
e 666.80805 851.14254 10
e 687.19946 686.37091 8
e 410.79490 555.50877 10
e 219.73996 830.22499 9
e 174.62660 901.57340 10
e 572.08521 841.32569 10
e 479.72812 229.21102 6
e 594.71008 760.18126 8
e 604.58803 458.79311 4
e 691.74174 871.26368 5
e 184.35607 864.31625 12
e 339.38534 201.68962 10
e 555.52797 473.36376 11
e 524.14735 158.76689 10
e 672.53980 895.85108 15
e 611.83837 791.03973 18
e 222.64233 254.04737 11
e 127.20769 1012.15406 4
e 15.18135 427.50322 4
e 235.31122 912.80096 12
e 653.75005 618.33524 6
e 160.79945 871.04775 15
e 589.73601 347.15867 12
e 447.89793 705.24009 6
e 410.18026 207.92834 6
e 203.41759 660.82540 9
e 439.01408 290.62206 10
e 244.72495 717.72123 12
e 281.97450 129.31999 7
e 179.69581 42.73883 11
e 392.13561 838.83955 10
e 652.60466 558.96180 16
e 41.57713 976.75179 15
e 478.18584 892.32250 10
e 407.18196 781.36804 7
e 679.88884 513.18019 7
e 699.07863 995.14375 12
e 190.91791 1045.56186 12
e 147.83631 597.79080 10
e 243.68400 222.25275 6
e 396.75546 477.95107 5
e 429.28572 615.37380 10
e 166.56148 792.26514 11
e 287.83720 825.78679 8
e 49.39750 436.63943 5
e 302.12453 234.35799 19
e 209.02814 544.86814 3
e 595.91526 515.75316 14
e 685.69583 497.81005 11
e 651.20168 469.20231 8
e 570.85891 582.55015 6
e 540.78574 578.16539 11
e 692.73222 900.85671 5
e 141.87309 444.83125 6
e 16.39729 892.51877 7
e 533.31581 964.65143 8
e 65.36923 839.23599 12
e 625.30689 1064.23795 6
e 222.50689 566.85138 10
e 46.76219 742.45589 4
e 561.58478 396.76854 8
e 267.22626 163.45992 11
e 136.09312 494.06984 13
e 201.60576 465.85793 16
e 354.17582 874.11064 14
e 20.85027 249.05961 8
e 695.54378 945.50007 12
e 87.30260 63.73993 10
e 409.05394 297.56912 8
e 402.02356 51.05372 12
e 678.36731 965.77022 6
e 498.69517 300.48840 6
e 325.68370 243.50245 9
e 87.75942 1017.61823 10
e 455.13538 981.00210 8
e 272.74665 248.92832 7
e 138.78214 978.54917 6
e 384.71280 386.32058 7
e 134.78599 402.31864 5
e 169.36283 265.86190 10
e 548.93051 44.52561 13
e 177.31139 372.79055 7
e 484.09072 982.02129 6
e 470.30773 918.38061 8
e 644.21952 321.85902 7
e 147.35965 995.19012 14
e 17.20048 366.96278 6
e 665.12495 711.07737 9
e 132.78042 995.10911 9
e 436.87916 448.69769 14
e 493.63828 829.78779 10
e 433.80500 14.25625 11
e 429.92790 556.47286 9
e 89.50019 864.04675 10
e 299.77102 346.93622 7
e 407.53894 899.40653 4
e 507.21106 928.70111 6
e 391.72348 284.55058 8
e 293.79187 1042.60075 11
e 315.42186 66.87511 6
e 648.96459 458.45068 9
e 510.87544 299.82170 11
e 269.07880 833.51874 7
e 677.94475 256.76750 9
e 529.45166 709.07143 7
e 309.25430 808.02635 10
e 528.53077 973.70983 6
e 567.46942 536.14461 9
e 523.18670 418.18176 6
e 428.23695 674.26438 7
e 546.01538 765.61516 6
e 451.37465 1044.24286 4
e 646.49714 962.30722 7
e 532.00339 680.26160 9
e 642.57502 49.80458 10
e 287.96013 215.43484 9
e 526.92829 602.05720 8
e 378.34879 994.67272 9
e 104.84513 643.38338 3
e 375.90240 959.88853 12
e 150.41446 549.63179 9
e 401.78049 478.70059 13
e 659.67164 1026.96563 12
e 626.22455 512.74482 10
e 307.62550 454.46224 10
e 458.98001 1013.29888 12
e 597.31442 663.37402 12
e 500.19361 891.29023 7
e 659.82624 495.31267 9
e 351.80931 952.62293 11
e 566.31522 209.10418 14
e 291.98753 264.54969 8
e 418.80210 538.77017 7
e 133.67341 25.64682 7
e 509.89742 583.71217 5
e 343.03779 13.29812 10
e 133.16458 167.53349 11
e 118.14071 108.64126 10
e 478.44851 87.12297 6
e 600.46125 676.49404 7
e 659.16408 266.69479 8
e 488.35131 82.15528 4
e 415.53333 1048.14851 8
e 40.72477 90.28750 9
e 233.09474 316.16879 5
e 210.56356 565.10348 7
e 66.80941 1031.88443 6
e 676.54685 555.56784 11
e 455.40065 413.99331 9
e 506.27492 372.16000 12
e 301.97884 39.65779 11
e 42.07743 952.44146 5
e 372.76643 475.88406 9
e 479.07580 515.16822 13
e 237.07204 239.47991 4
e 14.88790 230.52931 10
e 520.11226 63.45918 8
e 436.51302 550.33544 7
e 405.74558 1041.53049 11
e 707.42912 428.45456 12
e 205.89505 791.31570 13
e 630.87424 747.63853 13
e 387.10467 660.18984 7
e 42.96475 912.24831 11
e 191.50355 459.02029 7
e 329.44136 312.00095 9
e 218.61274 162.06969 7
e 220.44680 741.19373 13
e 327.90674 772.20410 14
e 410.17393 752.85203 7
e 218.73870 919.45682 9
e 529.46320 636.64887 13
e 419.38946 1007.63325 6
e 677.68403 38.98617 21
e 79.55945 545.98919 9
e 233.77192 229.80215 8
e 135.56133 70.67198 11
e 227.88833 793.70100 10
e 419.61142 431.15471 6
e 541.50754 145.58593 13
e 213.62575 41.87554 5
e 605.85314 164.28953 12
e 202.95012 850.96998 12
e 280.42981 58.51847 13
e 359.81795 713.15533 8
e 160.28949 641.41148 12
e 362.01131 1065.32296 9
e 205.15157 449.73613 8
e 576.91346 945.34880 8
e 229.03762 312.50149 9
e 600.43175 514.02156 15
e 103.32220 50.61029 12
e 564.74481 458.51316 9
e 143.56455 557.78714 9
e 126.74939 629.01001 11
e 192.05347 397.18460 13
e 598.66245 370.75916 12
e 682.22730 200.98503 5
e 49.00779 1031.39290 8
e 516.35170 1002.80654 10
e 708.36078 711.62369 7
e 185.58907 351.46232 13
e 81.72094 953.10317 10
e 494.44721 182.59005 8
e 312.62543 813.37673 14
e 437.58387 115.44985 12
e 436.96427 319.64614 8
e 618.15049 1001.47965 4
e 60.19198 574.70691 9
e 103.63687 206.74262 5
e 74.79613 132.21401 10
e 541.45244 32.81844 9
e 659.67072 921.82685 8
e 36.90645 32.50802 11
e 292.32896 152.85771 7
e 708.85575 745.16191 11
e 300.50806 39.65383 8
e 262.73221 52.69125 10
e 364.47436 606.37495 8
e 565.27674 782.47322 12
e 87.30181 348.07128 10
e 348.36827 639.66730 8
e 11.29600 906.48172 18
e 524.37485 444.43149 8
e 510.40777 138.67588 10
e 622.48571 164.66028 9
e 581.24337 617.69060 8
e 655.33057 651.63645 13
e 342.15417 1037.59166 7
e 16.55941 692.57098 8
e 52.84795 954.45355 3
e 210.59386 704.37192 13
e 514.76906 623.45322 14
e 656.96386 362.37344 10
e 500.59895 100.31080 9
e 46.64525 673.09665 10
e 602.17254 578.48219 11
e 186.94042 77.63187 4
e 495.77052 831.37767 7
e 119.40612 800.29449 5
e 248.54774 481.59259 8
e 42.04971 682.56473 6
e 251.20933 169.70567 10
e 461.74814 282.67861 21
e 456.41338 337.31596 7
e 512.97838 349.78798 12
e 584.47759 934.44959 16
e 195.99237 606.71150 10
e 454.04273 321.30135 15
e 566.75105 293.69835 11
e 329.77089 490.28218 7
e 326.89821 1051.20740 8
e 431.52197 824.25904 7
e 42.68909 606.67609 7
e 398.09008 534.27580 13
e 400.74117 615.79757 13
e 44.33962 970.34035 13
e 690.82799 957.03720 11
e 475.61424 945.97481 7
e 96.56458 135.17256 20
e 69.31011 917.92861 4
e 467.04032 601.00023 8
e 43.31597 1041.76406 9
e 396.63880 683.16350 11
e 371.09096 1031.07740 11
e 117.99560 390.99881 9
e 87.05102 829.78293 9
e 707.47467 487.43688 12
e 313.28836 323.59484 10
e 76.85581 1034.54334 13
e 629.84688 242.86371 7
e 87.91994 833.88058 13
e 426.23086 476.14385 7
e 573.60034 530.84040 9
e 148.17817 705.16775 10
e 190.66490 312.82942 11
e 221.33037 137.08741 13
e 101.15320 633.01861 8
e 411.62833 184.86841 9
e 545.56215 573.97933 7
e 57.74288 515.48048 11
e 547.72828 791.19185 6
e 402.31565 570.43749 11
e 421.34728 210.55279 9
e 145.85209 349.55645 9
e 63.99061 469.71588 15
e 151.07478 409.98780 12
e 240.47763 1028.16721 9
e 660.97876 191.19878 7
e 327.34165 372.64330 8
e 483.30808 192.87134 10
e 628.00542 755.14148 10
e 618.42495 891.90101 6
e 486.49991 613.00909 7
e 333.59922 142.15086 9
e 377.93465 657.30258 9
e 453.70144 1066.77947 13
e 103.34872 570.48025 9
e 419.66944 410.19719 8
e 321.64765 55.86532 3
e 306.13422 1013.32878 9
e 549.29817 609.26796 10
e 606.26244 947.72031 9
e 484.07985 288.32730 9
e 330.14327 994.56050 10
e 111.17846 361.04956 5
e 192.26920 927.36174 9
e 625.66993 874.12871 6
e 411.11625 110.69539 10
e 159.37620 987.47567 5
e 88.19569 380.71287 7
e 526.14703 836.06805 8
e 195.57017 186.24254 7
e 628.70062 109.77367 9
e 216.15324 188.57037 13
e 129.06047 384.19831 9
e 482.56500 415.41249 5
e 600.64144 726.81465 12
e 205.74464 639.53721 10
e 205.31198 187.27172 15
e 474.05125 927.67416 16
e 188.02799 660.89770 5
e 115.13956 623.53384 13
e 15.10846 358.12337 9
e 289.20283 478.30872 5
e 378.80068 352.73640 8
e 243.16008 511.15775 11
e 38.19001 209.60732 6
e 145.64269 227.41636 8
e 18.99505 912.82561 8
e 684.28539 124.00511 8
e 582.33308 24.01788 12
e 162.41819 210.89664 5
e 679.20381 1021.79690 9
e 300.17498 328.19761 8
e 494.39710 660.65294 12
e 84.58501 531.98794 8
e 173.70564 284.64966 5
e 618.62664 559.11612 12
e 368.74859 120.95760 4
e 386.63763 289.36061 10
e 398.08506 826.35185 8
e 494.43596 24.00647 8
e 123.12145 408.29873 5
e 290.34026 688.64680 8
e 100.72265 59.87667 15
e 558.98204 519.06323 10
e 157.18729 517.12763 11
e 393.09693 510.44929 15
e 703.92350 1009.13372 9
e 247.77955 366.18662 10
e 306.80569 59.03918 8
e 603.75750 948.72910 6
e 435.96530 1003.57455 9
e 516.93657 838.40930 9
e 579.13010 87.06408 7
e 353.40661 239.73561 5
e 414.71001 911.13626 9
e 650.67877 308.77047 8
e 67.02835 654.04637 9
e 70.89989 313.66059 12
e 386.50318 725.41148 12
e 324.45616 404.40655 6
e 435.58916 315.81734 9
e 74.56698 269.29671 7
e 345.89718 123.73487 14
e 660.11921 616.01279 10
e 387.54132 876.67906 10
e 584.38824 476.22576 8
e 22.80020 138.50381 10
e 607.63725 648.21788 5
e 126.06936 276.16444 7
e 559.07327 372.71678 7
e 234.52697 1048.43282 5
e 133.87909 380.58467 11
e 62.11086 717.30239 7
e 157.54636 849.52072 10
e 19.26145 359.18740 10
e 411.13064 86.74394 9
e 293.65648 119.87616 8
e 366.93552 448.91905 10
e 286.70504 674.29056 3
e 505.90301 27.30953 10
e 205.34776 1056.22323 8
e 665.41869 387.79287 9
e 351.44598 539.51939 9
e 368.52342 521.78014 6
e 41.66460 460.98760 6
e 603.65336 615.53849 10
e 696.01474 1021.10629 13
e 430.83054 1004.00348 8
e 593.92793 91.06288 5
e 411.37548 513.84058 6
e 266.66281 536.61861 13
e 378.54171 92.30234 14
e 653.94220 564.84921 10
e 540.92131 566.35806 16
e 493.34803 178.76799 6
e 564.69237 866.88096 8
e 53.33697 613.30587 8
e 579.63879 105.25424 4
e 367.76833 398.56363 13
e 524.39814 924.05696 7
e 262.27958 193.09226 10
e 335.72881 847.08081 14
e 659.92229 278.37923 14
e 423.42932 831.25371 5
e 166.53693 233.71142 9
e 576.08186 584.06211 8
e 531.42933 959.40176 8
e 527.26234 173.85823 12
e 137.73496 745.14669 6
e 78.81593 80.83970 13
e 647.28118 827.17041 8
e 402.87580 434.81739 10
e 628.09561 1065.32042 9
e 506.60995 78.82528 12
e 13.11425 471.43590 6
e 114.70379 57.51565 11
e 188.39446 533.15952 10
e 581.52837 780.87549 10
e 544.47972 825.42867 9
e 562.45016 738.35978 8
e 180.67278 351.44916 8
e 552.97661 742.82317 12
e 38.90465 191.06931 15
e 634.76389 763.94788 7
e 585.51751 717.12420 7
e 563.28359 346.95832 8
e 85.30922 331.24871 10
e 681.99255 670.33889 12
e 591.57427 863.51254 8
e 184.05897 553.25949 7
e 630.32825 244.40292 14
e 496.25942 58.54868 8
e 606.78805 44.70722 13
e 679.43197 1032.94833 14
e 677.23138 649.75314 4
e 292.95031 509.19036 10
e 584.52986 973.04031 8
e 448.37906 866.81543 12
e 268.95518 298.65846 8
e 266.21652 48.22391 9
e 144.70222 247.33441 14
e 172.23550 861.16650 10
e 307.70221 330.83605 9
e 653.63186 99.54242 17
e 97.92081 695.73983 7
e 140.65954 191.27977 5
e 396.88164 885.40299 9
e 406.05806 115.18889 7
e 324.01053 166.07268 15
e 607.36631 108.51012 13
e 531.52789 558.67731 8
e 21.86333 172.35758 6
e 195.70623 54.15856 5
e 140.73860 891.61232 9
e 69.36147 669.40576 12
e 337.99345 661.87226 14
e 28.81684 947.41952 7
e 633.01874 113.89544 6
e 645.19499 314.68435 10
e 386.46123 595.44072 9
e 473.89921 34.43165 9
e 660.82157 894.70897 11
e 391.48693 188.84504 16
e 393.99308 506.58281 10
e 214.23715 209.24782 11
e 216.77056 541.23914 15
e 225.83102 484.47751 12
e 513.08584 249.49537 11
e 177.87353 33.01103 14
e 310.43942 746.18171 14
e 384.77979 283.21845 10
e 369.31321 244.72554 6
e 638.78703 390.37754 9
e 623.49357 83.58717 8
e 282.28063 79.94147 11
e 191.43327 358.79513 8
e 157.58548 190.53135 7
e 84.38506 494.18681 12
e 636.54220 1030.54786 14
e 28.78604 539.54306 8
e 309.83369 347.18397 11
e 491.25298 375.66865 13
e 22.84545 344.63733 7
e 340.63272 19.02172 7
