c ./output/rectangle/uniform/uniform-rectangle-2-4000
p rectangle 4000 720.00000 1080.00000
e 432.98405 602.42621 8
e 470.30478 587.42462 8
e 272.60381 679.01015 11
e 240.99823 253.31882 12
e 370.32922 450.38576 6
e 125.12763 257.86535 8
e 423.41883 958.13534 4
e 117.74051 640.34188 9
e 396.59057 354.23802 5
e 421.60278 619.60017 8
e 590.81864 528.30373 8
e 145.88622 51.52516 9
e 362.43796 352.07976 14
e 11.02393 788.24554 10
e 336.63511 853.92312 8
e 393.91997 191.15174 9
e 256.95480 771.49501 7
e 16.95797 395.24226 6
e 457.10221 575.52876 5
e 392.71948 386.39371 10
e 351.77381 520.64372 10
e 636.58069 64.30990 13
e 537.10979 721.57964 9
e 168.73802 670.26663 7
e 507.72603 364.82665 9
e 97.48603 642.90791 12
e 80.50782 555.15453 11
e 195.52172 407.81807 9
e 99.92327 329.65698 9
e 36.64460 944.08737 9
e 318.55297 226.37802 10
e 614.16100 546.59029 4
e 139.07408 286.12634 7
e 327.64833 653.99019 14
e 547.54299 955.32215 11
e 123.93615 787.82351 11
e 323.78378 363.28785 6
e 272.05157 326.76835 4
e 546.39624 835.20984 7
e 709.45052 984.46234 14
e 21.01497 451.45684 9
e 89.76669 553.93996 7
e 250.88770 29.44143 9
e 284.74075 329.14805 7
e 708.43858 594.18862 9
e 142.07656 970.67755 7
e 43.03586 63.62663 8
e 652.74784 619.41704 14
e 161.11437 140.39296 6
e 640.97273 543.82235 13
e 495.37103 562.55324 14
e 449.33501 108.65467 8
e 86.25785 541.34074 10
e 196.79196 501.26641 10
e 259.08762 993.41356 8
e 200.97389 234.12696 7
e 295.92408 583.13324 11
e 659.59657 190.20129 9
e 290.33386 887.21352 9
e 587.09241 719.06025 8
e 639.08964 949.49429 6
e 618.61447 769.51329 9
e 439.83731 928.51814 8
e 488.87701 339.11210 8
e 490.30168 202.78800 9
e 55.15281 528.87627 11
e 651.51028 908.36475 8
e 140.85016 1064.69666 9
e 597.77091 328.42107 10
e 447.95495 131.29899 5
e 212.69917 775.44755 7
e 521.65876 173.36432 6
e 433.25381 1057.40037 8
e 314.17974 170.52609 9
e 375.27504 989.89964 8
e 583.99180 920.76512 13
e 146.50547 916.88331 13
e 163.35848 118.67081 15
e 270.47942 900.46442 9
e 97.21601 750.38581 8
e 251.90223 420.35091 10
e 525.23424 56.80449 8
e 206.49091 799.38888 8
e 289.16155 524.36962 8
e 493.16567 834.51178 11
e 435.91399 887.84430 14
e 499.68926 320.52227 8
e 336.49601 68.47173 10
e 622.51741 338.89181 10
e 308.29811 303.02244 8
e 485.56335 290.54520 13
e 708.21049 572.85386 13
e 318.58872 1046.04358 13
e 446.46834 501.35359 5
e 644.65469 141.21751 7
e 694.30707 598.61921 13
e 406.73734 297.12990 6
e 171.32253 595.19744 9
e 123.22354 95.36645 11
e 528.44713 380.86209 14
e 148.48666 658.80029 5
e 564.29091 159.67516 17
e 98.24203 334.50202 11
e 115.71428 661.59984 8
e 465.21150 685.86595 8
e 532.36308 764.70838 15
e 302.18494 208.82796 11
e 276.22050 804.52076 6
e 45.68241 723.48405 10
e 658.33856 255.95720 10
e 292.56952 329.62582 7
e 31.51989 242.62839 16
e 122.88252 78.90189 8
e 92.91908 358.87005 8
e 51.60576 888.78236 7
e 292.11855 185.68764 11
e 590.46458 132.39021 10
e 611.51587 361.88769 12
e 149.80509 581.07992 4
e 527.11788 112.64880 8
e 80.73660 321.50393 15
e 599.13967 289.02573 9
e 237.44341 202.66293 11
e 35.98083 916.00861 10
e 550.70625 376.05823 16
e 75.31387 612.70130 10
e 99.72287 859.31474 7
e 150.48386 450.14985 15
e 387.76339 921.47841 9
e 341.47016 131.85470 14
e 262.57625 139.64363 6
e 51.98652 806.92057 12
e 304.29662 399.87989 6
e 270.60637 167.19080 14
e 557.22192 278.04838 8
e 382.29833 540.40144 18
e 661.05483 477.79761 8
e 149.40555 465.73119 7
e 250.84588 33.43580 10
e 664.59358 930.65301 10
e 22.41274 377.09312 10
e 284.84979 68.25688 9
e 83.63313 131.03712 8
e 390.57510 799.48829 7
e 329.67701 383.06266 9
e 194.18242 1054.52107 15
e 145.64630 996.20522 15
e 258.80105 969.18031 12
e 375.44774 727.65990 7
e 60.52378 472.23794 16
e 388.78564 729.40035 12
e 605.10081 539.69336 12
e 242.43424 1038.55687 8
e 323.42732 46.47333 11
e 165.78512 785.66550 6
e 56.85448 293.42338 9
e 579.52571 149.08607 18
e 550.88034 911.32124 11
e 367.33441 569.94447 13
e 678.21134 77.61241 10
e 559.87453 1039.83737 8
e 489.80095 230.20644 9
e 505.78833 593.59610 9
e 500.42575 1030.67187 13
e 301.19667 823.78145 9
e 513.00219 790.84991 10
e 423.76649 788.69685 11
e 294.59554 498.24526 9
e 584.57776 215.43524 12
e 381.52411 452.68079 9
e 527.51201 742.30081 13
e 177.16479 151.40732 6
e 185.14302 830.62989 11
e 176.86815 882.89190 10
e 341.09162 523.01713 9
e 267.64809 109.45292 15
e 92.29254 66.18540 5
e 240.77113 327.89821 9
e 142.01385 1027.17876 12
e 225.20503 662.15488 7
e 699.86511 174.60901 7
e 532.40725 325.56899 10
e 661.31909 654.68574 13
e 71.63637 596.52673 10
e 411.82955 433.96044 12
e 301.46524 878.76254 11
e 634.48818 368.21484 16
e 611.58454 607.94766 12
e 436.44900 283.24405 4
e 19.79641 115.37622 7
e 411.43112 623.92984 13
e 632.01226 677.88206 14
e 615.56222 592.36890 4
e 472.29897 312.80947 13
e 146.72125 52.50659 8
e 326.01222 147.58529 9
e 18.47942 947.89545 10
e 134.83003 195.34588 8
e 359.72121 277.64112 16
e 176.01676 298.94669 13
e 137.85796 512.16082 8
e 641.64701 60.71736 8
e 168.28691 645.84254 12
e 473.54244 578.63809 12
e 668.25975 652.87887 9
e 264.75287 70.85586 10
e 164.51116 937.54517 12
e 398.08575 779.66393 6
e 432.63303 567.21027 6
e 558.56196 43.54723 9
e 459.14252 893.97026 13
e 350.30030 335.76988 11
e 348.88884 442.85990 6
e 559.86050 660.56920 11
e 418.67236 692.24667 7
e 432.04025 170.26457 5
e 330.84392 597.74817 8
e 316.84150 522.80899 7
e 53.96161 885.12634 10
e 122.37411 814.02020 4
e 589.73507 208.63348 11
e 319.19095 868.14135 12
e 645.46231 34.18728 8
e 45.77132 140.90340 7
e 58.91622 513.24510 13
e 294.71519 991.16377 7
e 74.26721 797.95916 9
e 26.67248 131.86201 7
e 323.32358 621.54758 6
e 315.27910 296.87524 5
e 684.54826 77.35073 11
e 591.68172 244.75592 12
e 455.63108 963.15314 10
e 197.32035 959.67289 12
e 291.58804 1014.55487 5
e 400.62915 339.96668 8
e 356.06520 552.72042 12
e 42.56302 866.84742 10
e 99.82041 1012.81576 8
e 532.77744 222.92203 18
e 702.29167 770.27745 8
e 160.30849 18.66655 6
e 522.27828 701.55561 9
e 627.73374 773.12124 10
e 93.04384 170.34395 12
e 391.36515 596.77989 6
e 457.89434 122.42494 10
e 183.01968 937.80345 11
e 384.25119 1067.59070 11
e 278.39631 194.83769 5
e 86.74579 1037.31978 10
e 578.44812 1055.47992 9
e 619.57608 346.12332 8
e 177.73821 434.70620 13
e 591.60260 653.34752 10
e 690.40665 207.70042 11
e 568.40373 972.29945 4
e 473.58173 957.59338 12
e 71.39849 772.72932 7
e 209.93983 632.76707 8
e 645.55203 813.59585 4
e 691.05975 421.85114 10
e 114.79114 941.53723 15
e 10.46665 295.73811 10
e 443.31149 975.80659 5
e 581.08123 567.00828 7
e 535.34115 218.52716 9
e 442.41588 1004.68829 9
e 413.83018 723.34670 4
e 138.09142 274.82208 7
e 544.04342 109.90207 10
e 145.54401 203.05686 11
e 118.82427 264.38060 12
e 454.67320 643.97556 11
e 303.82488 593.73896 8
e 701.77087 256.87141 11
e 496.19766 517.38791 7
e 445.57575 175.67438 10
e 180.12895 109.30532 12
e 465.26904 635.68324 6
e 559.12695 953.90263 21
e 449.86589 557.16517 10
e 592.24801 74.16442 8
e 486.74010 782.29401 9
e 587.97802 589.66464 5
e 533.54460 147.56396 12
e 450.28709 288.21265 10
e 337.08436 769.04280 8
e 626.42750 857.67412 8
e 42.33774 776.08088 4
e 677.51444 723.44315 8
e 648.44406 494.03548 17
e 372.90469 18.67875 5
e 175.88469 609.96685 5
e 344.61694 63.84424 12
e 566.16883 976.94831 13
e 485.74776 280.41269 8
e 212.06341 165.16807 5
e 482.25534 981.42901 8
e 491.03278 103.92589 12
e 378.38960 791.77756 8
e 572.36171 536.99399 6
e 423.46933 672.94610 6
e 613.71732 988.29745 6
e 221.67396 95.60704 9
e 560.82314 243.28597 10
e 480.96084 1025.26871 9
e 274.13564 963.11926 9
e 173.83554 107.66390 8
e 46.88609 711.49200 12
e 406.54619 988.41945 5
e 590.10519 763.53567 14
e 325.49718 952.35940 13
e 104.06424 486.24707 10
e 221.32648 496.14045 8
e 521.00566 108.08923 8
e 124.89325 24.15637 6
e 526.21540 433.53695 12
e 651.88039 934.61998 8
e 324.37084 728.82044 6
e 391.91463 329.28360 10
e 446.67369 645.80773 4
e 648.29551 87.34535 12
e 535.47235 973.52972 10
e 11.32874 500.78897 18
e 669.22026 905.83361 10
e 327.04992 779.03039 11
e 318.64044 41.76379 8
e 464.00656 766.36060 9
e 601.26021 314.18732 6
e 596.89039 1016.24633 8
e 604.06627 425.54261 9
e 492.48824 396.67958 7
e 111.20922 463.46639 9
e 358.81736 141.74931 10
e 482.81559 773.42337 5
e 569.88547 1003.18774 7
e 463.35281 1031.22879 10
e 112.79072 223.39557 7
e 379.86922 374.03432 8
e 374.19214 152.01705 9
e 393.34683 988.52780 15
e 60.11647 793.51367 8
e 222.09710 104.29229 6
e 682.20282 680.75014 15
e 333.30888 244.36644 10
e 302.38305 621.73678 5
e 107.86562 917.11509 9
e 149.37644 449.54610 10
e 108.02127 31.28879 13
e 622.33993 129.76256 13
e 160.34040 49.36565 7
e 468.08538 447.39431 10
e 155.24922 740.26893 9
e 272.72973 818.55752 11
e 335.38622 130.68065 11
e 601.86053 536.99783 6
e 300.89294 554.09028 11
e 40.27198 688.39369 10
e 688.55362 794.48212 6
e 217.61849 354.57247 7
e 575.25608 1063.39426 15
e 176.95442 190.79693 9
e 199.10803 347.00691 8
e 89.59880 892.59508 10
e 532.50770 487.23904 5
e 168.86165 149.17203 10
e 184.27963 957.58789 12
e 208.56948 767.46803 7
e 697.08224 248.44247 9
e 613.09107 53.10205 12
e 12.53835 307.59380 13
e 519.74412 352.90880 10
e 92.04993 102.78111 11
e 536.06695 842.05483 9
e 217.49740 781.91924 8
e 498.65022 763.29300 8
e 353.70960 381.26456 14
e 154.51428 314.01956 10
e 323.85032 147.32119 6
e 307.02645 517.49421 5
e 117.52181 82.40238 17
e 651.96667 28.09685 11
e 654.42943 74.31828 6
e 223.96257 1060.85867 9
e 658.27791 389.76412 15
e 396.83042 43.27921 15
e 446.63697 199.17397 9
e 299.38557 320.45227 5
e 213.00169 438.01834 9
e 591.03539 241.69920 12
e 126.04735 415.11619 11
e 374.41584 375.24528 10
e 459.97564 1003.08828 4
e 417.49040 606.57121 7
e 482.81687 858.22110 7
e 20.15347 970.45135 13
e 56.61033 915.47237 10
e 394.67964 947.40854 7
e 522.18847 121.65300 9
e 258.65080 994.59348 8
e 98.72420 285.97018 12
e 149.07701 668.95667 8
e 663.05468 879.60866 13
e 104.68299 701.26533 9
e 201.35897 429.94793 3
e 629.47781 938.00338 7
e 216.95568 711.20357 5
e 362.01437 1008.56716 8
e 22.48517 601.93934 12
e 356.53190 218.63953 4
e 67.36065 65.92915 9
e 531.38812 451.46621 13
e 291.74686 936.20553 8
e 10.30364 630.32499 11
e 416.37800 732.11237 8
e 62.31073 688.27961 8
e 471.58054 363.36082 13
e 561.04777 855.54560 10
e 221.68535 499.92373 8
e 488.20017 1054.21724 9
e 613.49387 967.03023 13
e 43.48172 312.64320 10
e 435.72606 733.01617 9
e 681.46308 45.72005 14
e 254.29131 121.73783 5
e 343.89664 485.48451 6
e 437.05803 498.67834 8
e 210.63495 319.09205 9
e 181.55155 608.87867 7
e 431.59953 154.73736 9
e 287.78359 335.20239 7
e 482.58831 924.68271 6
e 173.34817 210.44229 9
e 700.98830 168.20920 9
e 101.59006 912.96168 6
e 371.72985 655.66268 7
e 264.46866 317.47081 16
e 31.94547 731.44846 12
e 122.85124 809.59736 11
e 521.42739 830.62467 9
e 11.26174 886.94468 9
e 246.86691 439.83902 10
e 577.19653 445.47110 7
e 229.65067 329.84252 4
e 322.08008 151.67563 9
e 344.07674 976.22284 6
e 71.38569 850.90777 7
e 463.06028 764.85890 12
e 253.06147 1006.24802 15
e 513.55210 698.97002 13
e 306.02807 451.02590 9
e 323.19689 776.33744 11
e 166.91109 321.67028 10
e 681.52823 238.23370 10
e 531.75324 527.85871 8
e 33.53017 987.37481 8
e 169.82895 834.10511 8
e 124.02071 771.28903 5
e 300.90938 365.19807 16
e 135.87784 94.77305 6
e 203.99758 649.00963 12
e 536.50372 74.35655 13
e 365.44417 447.82431 7
e 665.26699 647.34321 4
e 606.46999 735.44364 11
e 250.70029 1043.24180 12
e 265.55374 23.03577 8
e 494.43344 167.75340 6
e 434.46307 134.79905 11
e 612.05991 37.87558 6
e 235.19523 252.07761 9
e 135.86897 864.89440 10
e 531.48287 431.17991 8
e 283.29475 712.74550 8
e 643.84275 719.61251 17
e 662.07797 580.10464 7
e 502.87138 626.55258 11
e 294.29402 908.23023 7
e 316.98828 617.42289 6
e 235.43196 445.90635 12
e 155.93788 643.17890 12
e 562.62024 714.88251 7
e 563.09228 842.49520 9
e 545.33800 1037.32984 12
e 697.57721 156.35002 10
e 336.04671 79.45742 8
e 83.04325 978.67270 7
e 444.40349 63.90665 6
e 705.25424 467.54701 9
e 549.01321 81.83624 7
e 99.84729 263.61718 11
e 549.77737 902.77400 13
e 221.61987 606.90455 10
e 154.79183 188.59211 6
e 181.15678 94.58309 13
e 61.23264 301.96515 14
e 140.42596 622.91794 10
e 657.04649 842.96306 7
e 224.35842 648.16370 9
e 165.59694 159.98071 7
e 152.48236 303.78166 10
e 497.78672 361.34572 7
e 492.88598 1037.15531 9
e 51.18175 751.31665 12
e 540.27884 418.25673 6
e 144.13772 982.35252 8
e 133.91134 143.15527 5
e 430.22834 116.95045 9
e 331.61822 267.77394 10
e 52.65615 438.41826 6
e 600.28844 945.79448 8
e 572.99427 393.62152 10
e 271.47605 401.30564 7
e 240.24220 923.99968 6
e 100.76018 225.85058 9
e 418.26740 166.66568 8
e 435.60427 351.70073 12
e 525.45050 241.82728 8
e 198.04690 671.07404 11
e 382.78823 43.61935 11
e 670.38409 126.76153 13
e 506.43348 653.83982 3
e 21.58201 185.68585 6
e 441.73106 91.12420 9
e 621.34592 876.89269 7
e 85.95014 906.74208 7
e 408.32603 440.46155 6
e 413.41430 827.34701 10
e 529.73294 748.32671 10
e 252.14604 486.54165 10
e 447.20623 1025.66636 13
e 30.58114 543.27955 6
e 217.95763 1024.81659 4
e 520.93736 437.46441 14
e 628.75351 588.13360 9
e 602.73174 945.27146 9
e 416.36791 877.56051 6
e 483.58797 481.36839 9
e 336.47063 584.04412 8
e 446.65959 682.16180 15
e 260.14874 781.07837 7
e 200.20199 449.94892 18
e 400.74664 259.13291 13
e 663.33966 926.67988 12
e 497.72377 418.73264 10
e 93.98147 49.64970 16
e 664.20242 790.43391 11
e 525.51500 711.40515 7
e 246.52397 17.22920 15
e 100.50074 1030.62432 11
e 626.55494 273.49848 8
e 428.73417 722.56990 9
e 317.97357 1050.78529 12
e 595.37598 354.56658 10
e 223.97172 857.19562 10
e 36.62572 557.90943 8
e 380.47208 293.80554 9
e 382.35230 827.04138 13
e 335.54580 844.44793 6
e 323.50930 432.25878 13
e 30.17601 98.76078 8
e 447.84948 654.34137 11
e 632.86964 83.53749 12
e 407.30986 90.92586 16
e 475.15119 367.21681 8
e 194.84092 1054.28629 7
e 378.92069 646.23949 9
e 584.80348 305.96448 10
e 425.85811 569.02297 12
e 456.46723 512.26390 8
e 75.61804 988.74555 7
e 608.99313 543.14112 13
e 314.84483 820.20580 9
e 187.53806 211.99696 15
e 308.20539 455.48359 12
e 67.54056 33.17196 8
e 255.81455 543.68250 9
e 324.09899 849.57409 12
e 674.75486 801.34044 6
e 133.00387 119.25912 11
e 503.74313 63.66310 8
e 524.44628 694.48947 4
e 398.39521 695.99965 11
e 691.54103 535.28441 7
e 695.94903 680.23159 13
e 191.51067 37.82886 13
e 633.77337 482.07574 16
e 228.38717 478.30144 5
e 175.69887 286.20347 9
e 339.31515 498.77005 11
e 28.01098 659.59341 11
e 369.38024 991.35839 7
e 311.81924 223.11390 10
e 91.39519 791.21566 9
e 339.42127 741.72287 14
e 346.92635 298.64101 7
e 668.33710 730.86785 10
e 447.76215 453.39054 7
e 528.15046 779.97865 8
e 468.07294 260.63630 4
e 358.18971 605.69355 11
e 536.69581 894.62800 6
e 64.57035 10.40495 13
e 302.36081 13.58955 9
e 21.83700 1062.52310 9
e 607.56991 452.82763 7
e 396.33281 137.96800 9
e 644.45672 396.06521 11
e 664.48971 760.44702 7
e 667.66965 465.99982 7
e 126.43366 633.54679 7
e 576.26047 577.72455 4
e 177.23439 762.51903 7
e 525.27818 679.10328 12
e 330.91029 361.51851 11
e 242.61445 489.05088 6
e 305.85419 256.51597 14
e 622.78260 619.13992 9
e 478.99170 602.92883 14
e 181.31724 958.12318 7
e 408.95156 305.76191 12
e 588.68547 859.87892 9
e 566.09059 216.79046 9
e 499.36747 47.07554 5
e 237.73880 292.14006 11
e 176.78191 690.54189 6
e 309.29022 598.13227 6
e 356.84662 483.00708 8
e 599.31365 781.47878 9
e 184.07509 906.11918 8
e 57.48966 649.28582 9
e 308.61823 40.92672 10
e 440.91985 602.07160 9
e 240.79376 253.84179 4
e 662.18073 53.21009 4
e 618.86494 817.15810 9
e 50.38668 198.76655 5
e 113.70902 150.37075 6
e 591.21256 949.03465 8
e 311.39116 668.06497 11
e 231.66790 528.21730 9
e 438.22210 16.61805 5
e 81.58042 482.12035 8
e 591.11687 538.14639 11
e 334.58657 116.33947 7
e 653.69429 79.00764 9
e 290.46099 914.10315 14
e 201.55977 513.30899 15
e 316.26591 48.02361 9
e 691.92591 52.01877 11
e 284.83280 318.54891 9
e 140.57102 79.66709 8
e 149.88042 248.93057 15
e 38.81030 15.61888 9
e 683.41274 592.88087 10
e 165.75116 697.33868 10
e 363.58102 994.66434 4
e 541.41005 507.99800 6
e 23.11156 308.67913 10
e 662.08547 312.81144 10
e 698.16780 43.78787 7
e 351.07734 308.88015 8
e 582.82155 938.15178 9
e 469.08341 748.23577 12
e 483.80347 129.00592 12
e 363.65827 36.13953 11
e 498.74156 392.32313 9
e 72.96009 834.83343 9
e 100.73115 477.56345 5
e 159.02013 882.72597 10
e 142.80232 777.04686 8
e 685.42976 903.78053 13
e 29.90197 527.77084 12
e 507.68238 562.41408 7
e 119.90228 521.60867 9
e 551.46118 532.61392 10
e 187.61160 399.80747 10
e 507.23112 202.15512 4
e 396.61871 949.60098 7
e 39.23127 412.07154 12
e 69.23245 573.05979 7
e 360.70101 899.79256 7
e 673.15244 1042.64226 7
e 335.79193 348.20945 13
e 180.32166 213.80686 10
e 682.04504 976.05517 2
e 385.55567 811.53697 9
e 401.79305 767.61029 13
e 576.00766 566.10793 7
e 644.17335 385.45937 8
e 38.29372 451.00307 8
e 133.05275 288.07062 6
e 426.07658 696.98037 8
e 501.28679 324.79629 5
e 591.78975 132.63225 4
e 489.61271 417.38348 5
e 175.24287 242.21488 8
e 502.82043 451.23995 7
e 525.72091 174.78587 5
e 11.75292 192.02469 9
e 492.05749 405.35973 8
e 214.44787 135.49440 7
e 21.88583 746.55095 8
e 405.90861 330.53578 11
e 696.93791 353.80894 10
e 369.94635 368.51030 8
e 245.81322 836.72915 10
e 34.66471 752.26343 5
e 566.49640 952.14307 6
e 566.47032 392.14554 9
e 665.29402 708.28282 7
e 667.44840 650.26015 9
e 179.74237 472.12402 5
e 522.55522 573.89814 10
e 324.62176 873.02291 9
e 112.21265 719.32776 12
e 367.88105 186.94251 7
e 617.91310 637.34614 8
e 233.98863 93.74159 11
e 94.38967 764.06908 8
e 474.04871 113.38265 6
e 276.16407 442.96120 6
e 634.49288 1062.40911 11
e 474.36262 136.07740 16
e 297.31416 470.72797 12
e 348.11382 66.09530 10
e 71.99509 514.12541 5
e 282.47937 94.76447 14
e 520.16565 607.62090 7
e 675.26700 412.57690 11
e 451.26348 288.53842 4
e 442.35537 816.43283 7
e 481.04117 1056.03234 8
e 564.67532 850.66780 10
e 136.22169 691.98835 9
e 443.93903 927.79698 8
e 206.11049 838.94026 9
e 142.34758 155.27990 9
e 620.88940 412.59100 12
e 461.86614 585.37148 7
e 655.12699 90.69038 8
e 499.77831 211.03318 8
e 568.97448 441.60453 7
e 399.21051 374.60327 3
e 563.66880 283.60055 12
e 113.82006 541.61135 7
e 625.94487 118.59133 11
e 53.02347 725.92411 9
e 241.09401 325.75287 5
e 658.87960 445.51999 11
e 139.84990 810.22471 5
e 501.54153 221.82262 7
e 530.28788 594.57853 10
e 173.16483 24.55493 5
e 102.26607 54.17791 14
e 60.75377 192.72596 7
e 594.70779 662.46669 9
e 513.18834 70.33832 11
e 500.48616 642.90024 6
e 564.42988 476.13246 11
e 57.95317 237.43207 8
e 153.84437 115.83691 8
e 55.17578 370.57764 4
e 158.90307 78.51069 5
e 431.06270 246.15926 12
e 213.28509 12.65108 8
e 693.71842 57.62242 9
e 380.62045 128.88720 5
e 50.86579 918.44064 8
e 137.38067 93.91087 11
e 408.07335 697.98035 11
e 383.28676 262.42167 7
e 350.10459 748.89266 4
e 672.28172 451.14789 6
e 18.01771 542.82278 11
e 602.87802 603.36381 5
e 603.48294 344.67064 9
e 685.93754 1036.10177 8
e 54.40170 597.86024 13
e 566.93269 384.63517 11
e 80.85309 703.88699 8
e 288.36709 428.03629 6
e 704.04674 636.50063 11
e 634.79056 571.95279 5
e 433.20488 606.12724 10
e 544.80576 476.05583 10
e 707.35645 794.20087 13
e 271.67507 607.67984 8
e 175.72798 258.21048 7
e 405.29417 1024.77765 10
e 117.60471 345.48522 4
e 378.02206 427.98007 11
e 620.63824 90.67072 7
e 173.77792 472.34696 12
e 96.42118 943.12861 10
e 253.49256 626.40064 5
e 491.02361 267.81374 11
e 561.86709 336.20197 15
e 450.61766 867.41820 10
e 512.26524 815.13374 11
e 655.81162 89.91815 7
e 226.72313 43.45993 5
e 548.96922 757.84570 12
e 126.76009 779.19089 15
e 136.77987 142.30935 9
e 632.55364 562.99163 10
e 230.61725 210.46904 11
e 23.69070 828.43375 9
e 558.22056 730.21659 7
e 667.02280 821.20404 12
e 478.77557 627.74748 9
e 341.12102 530.82544 5
e 265.51526 432.66247 5
e 481.26216 34.39708 11
e 618.19287 340.10920 6
e 251.91003 703.62926 13
e 536.16884 459.45283 9
e 266.82115 232.14101 5
e 101.72046 1000.92534 7
e 124.79755 913.95626 7
e 257.97640 329.20624 13
e 641.23032 42.26781 6
e 646.27899 421.28976 7
e 265.93862 359.11852 10
e 475.32463 138.12788 12
e 522.13455 15.86583 8
e 629.25494 400.21832 6
e 680.85150 399.01339 10
e 388.07032 589.26763 16
e 391.12048 729.86189 9
e 602.20643 165.81806 12
e 622.17252 941.21441 7
e 442.47025 110.46457 11
e 64.18507 57.02048 15
e 308.23340 313.64223 10
e 521.68445 986.02522 15
e 574.64583 663.53518 12
e 442.43640 783.18003 15
e 402.33920 74.54795 18
e 453.03819 179.72087 8
e 456.57740 987.42960 5
e 189.65416 102.91645 12
e 650.94960 38.68645 16
e 79.02963 669.29369 9
e 82.63735 690.85221 12
e 23.78196 465.88195 8
e 158.62640 561.96578 8
e 89.84124 54.75642 14
e 579.81099 269.54323 12
e 209.34190 899.06457 12
e 453.62724 16.77322 12
e 395.92308 718.68084 9
e 324.45245 246.35725 11
e 585.67405 662.67689 9
e 400.67631 288.75399 7
e 11.27489 1027.96621 14
e 528.19118 1003.73465 11
e 150.74545 479.63651 7
e 283.52027 952.70416 8
e 146.33169 411.75262 4
e 310.29412 891.70592 8
e 673.47556 913.87204 6
e 239.80337 135.60359 10
e 448.33837 296.27211 7
e 664.41988 174.52813 8
e 120.49568 861.82341 7
e 312.10212 820.16000 8
e 251.59695 520.21255 8
e 186.23311 331.35639 7
e 325.14244 93.59549 8
e 481.24940 30.26682 8
e 244.61706 931.86819 12
e 462.45594 1016.30830 12
e 29.13051 1001.88453 9
e 297.35700 689.94712 15
e 464.51393 271.04019 8
e 396.77954 197.54219 6
e 551.57168 579.38253 10
e 543.06385 455.98711 11
e 177.27502 642.44862 5
e 144.52480 29.06652 14
e 375.49067 199.19162 9
e 564.64050 88.22891 10
e 411.67723 949.06492 8
e 603.25649 319.15588 6
e 647.01219 321.09720 6
e 336.12384 133.95050 4
e 647.87583 683.43620 7
e 689.75664 100.13224 13
e 643.06167 739.46384 12
e 58.04202 815.81035 9
e 620.93945 95.82985 12
e 336.89668 31.28458 10
e 528.43279 616.86976 10
e 212.41654 746.30882 7
e 133.93515 968.11374 8
e 129.32087 901.37851 7
e 246.41471 208.83867 10
e 269.60856 707.80275 14
e 287.49761 823.88805 5
e 239.94647 584.25554 11
e 393.61031 539.04519 8
e 464.06141 395.16933 6
e 686.83090 94.14859 6
e 248.21258 983.98328 10
e 170.24185 825.74630 9
e 492.22482 414.86585 5
e 343.00663 740.56283 4
e 97.96691 569.35713 13
e 132.03378 662.07457 6
e 186.90143 598.31389 13
e 636.40292 987.88963 9
e 82.47147 140.37109 6
e 68.23091 474.81768 9
e 117.75768 78.04310 11
e 236.51626 452.18024 13
e 43.02248 407.23348 7
e 274.14109 138.17584 12
e 193.34127 1042.17143 10
e 245.20152 43.77405 11
e 25.53175 654.61087 15
e 332.83805 807.11547 15
e 658.59385 281.19893 6
e 77.55017 132.02799 11
e 615.95637 773.02921 12
e 630.54659 712.48619 6
e 594.06374 568.58029 8
e 376.46139 269.94761 3
e 707.46773 453.15192 6
e 146.65830 211.36219 8
e 477.33029 961.46951 11
e 706.21260 828.00715 11
e 468.67509 473.02675 11
e 485.51665 672.98235 6
e 301.75447 476.30532 11
e 273.08112 142.14442 8
e 395.29528 642.66355 11
e 635.82705 627.22321 7
e 68.58333 693.31473 4
e 688.33357 654.85519 7
e 91.24155 822.50142 13
e 628.92610 765.89280 7
e 616.94137 785.99864 10
e 326.63737 714.89303 10
e 621.32338 653.70271 10
e 491.25218 494.30139 14
e 467.13440 206.95592 11
e 522.23497 590.28263 8
e 534.89575 271.40318 11
e 565.62454 1025.76554 4
e 28.78591 437.39268 13
e 288.02535 970.56837 11
e 520.14062 838.22700 7
e 349.64058 198.95582 13
e 502.34105 252.79698 7
e 488.78634 964.34907 13
e 508.06317 263.83308 7
e 429.45234 827.10347 10
e 326.49988 71.14303 11
e 84.51089 720.31412 12
e 697.58190 59.30573 8
e 633.33961 662.76539 5
e 96.38776 112.34711 9
e 138.51533 177.84589 9
e 276.18424 472.36973 6
e 664.14325 309.93902 9
e 475.76545 470.39469 7
e 152.81808 587.49518 5
e 487.36156 124.12019 9
e 560.40204 84.27988 11
e 573.55561 671.26576 8
e 248.07489 251.99570 9
e 671.60053 396.96589 10
e 639.48129 675.42638 4
e 73.36433 478.45033 7
e 205.20228 576.04975 9
e 334.06629 719.64254 13
e 192.64308 404.43350 9
e 403.33994 624.56992 4
e 291.43024 325.80369 13
e 52.36689 923.26006 6
e 468.78391 157.81188 12
e 701.11491 839.36277 9
e 437.70313 503.28401 10
e 57.20946 879.53449 13
e 583.49696 816.04901 10
e 499.34428 272.96910 12
e 167.27758 757.15491 10
e 545.98636 583.87851 7
e 432.23643 392.40188 6
e 480.35798 783.32961 12
e 230.94801 939.42105 8
e 444.65335 20.86162 10
e 170.16092 842.76058 10
e 355.87890 137.50154 7
e 709.70877 295.68745 7
e 308.97219 418.04293 5
e 663.59933 1068.71033 12
e 311.89573 473.70235 10
e 293.06676 477.75903 11
e 672.87870 455.63355 5
e 664.45613 161.27903 10
e 451.93433 992.11739 11
e 231.99287 695.88410 10
e 157.54689 245.88169 12
e 319.18509 219.09586 10
e 135.74934 1032.78872 11
e 610.21642 556.95148 10
e 625.81042 715.20279 10
e 413.10571 196.14432 9
e 514.35744 961.32916 8
e 632.82390 177.68804 8
e 281.43045 732.83241 9
e 261.12371 379.19172 18
e 656.43503 276.80058 9
e 209.29718 702.18383 9
e 18.45837 775.40787 13
e 474.01376 887.70518 12
e 309.34421 983.67778 8
e 149.68694 578.35253 6
e 544.72287 39.29075 5
e 156.73122 289.91162 7
e 647.69519 667.11038 7
e 105.55698 650.31880 6
e 478.70108 18.40560 11
e 270.56230 917.13597 7
e 111.50020 376.28301 10
e 417.60986 527.42072 11
e 633.26688 1022.40490 8
e 75.11648 317.45042 12
e 57.54212 431.97487 11
e 292.56605 817.97470 20
e 367.24579 126.59944 9
e 222.73419 884.75256 9
e 330.43972 470.91522 11
e 681.41376 820.19716 7
e 147.58511 49.89882 4
e 153.07686 693.55440 8
e 290.84880 35.63322 8
e 530.32032 52.62489 4
e 614.59850 256.75128 15
e 687.36853 819.12687 5
e 602.77489 318.08047 9
e 54.33030 159.38190 19
e 191.41222 989.21925 14
e 132.59626 1069.59121 4
e 307.88386 942.53252 7
e 556.64948 880.83058 7
e 574.59596 206.52110 4
e 250.72666 428.39353 7
e 564.45945 430.63292 15
e 309.99464 483.57861 7
e 523.91087 510.92669 9
e 184.10267 887.20224 7
e 295.82179 392.66012 10
e 217.63259 211.70767 15
e 41.21979 505.57427 11
e 645.29638 319.17874 9
e 639.78529 52.42519 11
e 599.84007 178.12646 10
e 336.62727 962.47234 18
e 14.38184 71.95759 10
e 214.50067 716.71750 9
e 75.82968 482.31449 4
e 94.40544 258.32814 9
e 126.65700 456.28781 9
e 692.12341 638.83777 5
e 414.59402 138.97002 4
e 106.15791 383.18377 11
e 374.52130 379.80930 9
e 94.04318 526.48267 11
e 641.71372 927.18208 13
e 691.24723 370.12564 7
e 512.83869 574.25631 3
e 679.45328 653.10805 9
e 241.36268 453.29547 7
e 64.33595 1018.37200 5
e 282.12596 295.80913 9
e 553.92818 721.22298 8
e 665.46308 142.52465 5
e 477.61494 861.89681 11
e 425.99427 140.94488 11
e 224.46662 342.37761 15
e 535.59029 1057.65751 8
e 176.89765 305.32727 11
e 226.28747 94.32491 9
e 584.36895 968.99762 6
e 410.85220 680.47307 8
e 139.91171 105.53618 14
e 694.39070 314.28585 8
e 207.18852 291.24903 5
e 111.20515 38.75799 6
e 488.97837 85.78992 14
e 607.86381 637.27458 15
e 596.35177 89.72053 8
e 309.30046 591.92613 5
e 519.02760 748.76385 11
e 182.57204 39.59169 9
e 630.92196 378.69415 6
e 86.40216 409.48111 8
e 318.20639 812.45608 7
e 240.22986 360.37548 10
e 137.25034 946.47674 9
e 597.66470 657.26271 11
e 667.81198 145.76025 10
e 351.24973 45.75360 10
e 355.97541 376.49629 9
e 266.36280 689.58940 7
e 135.63869 359.70156 8
e 661.87251 36.86416 9
e 376.04495 32.29379 8
e 182.83355 768.83780 7
e 87.93979 955.77544 13
e 624.10882 606.06675 8
e 267.67961 303.54972 10
e 219.68157 146.12808 8
e 518.71772 76.24901 7
e 292.97608 993.88419 9
e 363.88757 718.96065 6
e 262.10073 232.45366 12
e 408.91927 229.28671 7
e 282.70124 590.45524 4
e 571.65663 256.22863 7
e 189.70108 766.58969 5
e 479.76245 280.46352 8
e 134.52813 515.23248 6
e 429.44616 56.53702 5
e 303.35891 934.44640 5
e 534.67813 216.34827 3
e 373.04228 93.69264 11
e 84.77431 977.91327 8
e 182.19816 524.04519 16
e 667.70785 75.80688 12
e 131.92118 595.57551 11
e 235.49359 923.60384 9
e 184.77156 83.02112 11
e 130.87002 13.72607 11
e 134.05722 21.83280 7
e 92.45723 1014.75061 13
e 572.65351 963.12335 7
e 48.38253 965.14327 11
e 420.83774 675.44899 12
e 478.77788 234.04374 8
e 51.44025 248.22616 8
e 363.18269 263.82209 9
e 416.63250 943.94168 9
e 457.10409 937.40005 13
e 362.13782 361.29061 14
e 629.52651 542.64857 6
e 394.48955 1004.10004 12
e 709.51762 475.36775 8
e 315.26789 723.15141 8
e 535.36647 621.96857 7
e 596.33492 17.44044 9
e 248.83599 491.37841 7
e 24.61068 606.36790 8
e 184.32526 209.58386 6
e 536.53949 1029.10928 10
e 336.80237 778.37314 5
e 425.56836 882.44040 6
e 215.20080 841.69342 5
e 701.91812 679.75301 6
e 662.29038 589.78544 8
e 689.85078 436.17473 7
e 254.51693 75.15571 12
e 118.85870 534.10937 7
e 56.29908 848.58521 5
e 597.81830 394.69646 7
e 33.39304 952.45078 10
e 73.21955 395.96572 9
e 355.38140 566.92797 9
e 367.77022 557.04097 6
e 145.72444 213.72663 7
e 470.69441 751.82143 10
e 477.99915 331.64609 9
e 247.09683 517.09938 10
e 511.09774 820.96658 13
e 443.76640 947.99691 11
e 118.06708 219.69838 9
e 508.27395 130.30434 9
e 640.95691 598.51030 7
e 687.56137 793.91980 9
e 622.53880 483.55472 8
e 605.64668 443.20690 12
e 169.19857 368.85646 8
e 270.59369 193.17128 10
e 602.95189 765.94334 20
e 105.23976 732.26580 13
e 39.15149 501.03025 7
e 708.95461 218.77612 10
e 674.50945 325.26210 11
e 382.69584 184.09888 10
e 296.07163 840.93645 9
e 306.27214 616.42077 7
e 504.04843 794.65996 8
e 80.64466 330.72555 11
e 244.47486 874.76168 12
e 572.52607 209.38496 7
e 255.61687 992.28027 12
e 515.67427 169.93363 9
e 304.41371 189.10781 8
e 91.34708 774.20035 10
e 405.36341 571.21739 13
e 259.28849 166.42333 4
e 508.91391 393.76902 10
e 97.91782 783.47778 13
e 103.85091 1039.93136 11
e 619.53043 292.48848 10
e 69.67378 421.92280 12
e 354.44304 701.76115 5
e 677.04051 921.80290 6
e 507.13464 877.51656 9
e 141.05748 897.94475 13
e 364.76564 336.62093 5
e 256.07705 616.25176 9
e 371.48890 597.36263 5
e 709.21788 726.27629 9
e 19.43812 381.71924 10
e 247.58127 203.53812 14
e 53.45927 756.16318 12
e 613.01682 207.70759 8
e 309.87569 439.37532 13
e 388.61854 377.46511 10
e 434.65516 445.69103 9
e 648.89195 607.55121 13
e 653.27621 652.68163 7
e 72.12467 800.57334 9
e 132.48318 19.79698 11
e 30.68878 407.60632 9
e 655.73863 759.45498 17
e 646.46802 497.44378 12
e 301.60943 919.15808 7
e 257.39043 700.28545 11
e 469.49893 727.22416 12
e 170.27989 593.42500 4
e 246.83778 495.73158 12
e 559.16290 837.44779 10
e 61.76854 858.50892 9
e 126.98163 951.25156 9
e 526.35976 69.63983 14
e 38.99097 440.78306 8
e 267.56993 75.99154 9
e 149.03632 534.42728 9
e 496.86519 539.29497 13
e 384.52870 295.46953 6
e 625.17796 602.20500 9
e 222.55696 152.89597 5
e 36.44153 549.98714 6
e 192.80895 235.76738 7
e 45.57039 993.99820 6
e 476.30205 821.32310 6
e 264.16501 1012.64285 10
e 666.27203 172.08126 5
e 401.56110 363.05935 4
e 540.42989 920.56147 12
e 403.20863 587.52058 12
e 419.14711 606.23640 15
e 475.83621 465.14236 13
e 99.17982 851.31768 11
e 534.61870 342.01910 9
e 39.03582 739.21122 7
e 267.35102 682.59944 10
e 635.27403 457.42684 9
e 214.58626 426.97966 9
e 164.19387 96.84113 10
e 632.00084 13.29809 10
e 472.07966 425.88294 10
e 142.08964 679.70562 9
e 300.63045 649.40840 7
e 508.06688 113.48171 8
e 161.43326 107.28603 5
e 230.31874 265.34150 8
e 669.83266 386.69179 12
e 64.63402 663.88348 10
e 194.62720 761.22370 11
e 196.57855 139.87826 6
e 20.51126 1023.47313 6
e 623.42954 436.90010 6
e 653.11601 330.10233 5
e 338.55673 865.15107 6
e 154.26776 611.90575 12
e 37.23505 849.19778 9
e 621.10268 824.16879 12
e 243.56498 336.74668 13
e 361.95942 1006.17170 10
e 134.54877 1037.39127 9
e 363.72689 373.07690 8
e 648.60871 36.81988 7
e 584.06944 662.87843 11
e 311.94409 108.21836 5
e 182.31952 774.17289 8
e 693.22383 373.18747 9
e 55.74075 820.43087 13
e 39.59847 882.69101 6
e 167.89360 246.57080 11
e 487.37630 408.05478 8
e 34.72522 115.74066 11
e 538.32667 466.54598 11
e 268.53007 81.08943 12
e 280.38971 1043.92419 9
e 679.31006 1012.50589 6
e 701.35879 205.18600 6
e 289.23549 77.59726 10
e 414.53716 845.18279 9
e 43.35302 1016.07843 8
e 450.29917 387.11291 4
e 45.21277 765.29406 5
e 635.73770 171.85806 9
e 253.97389 927.06943 7
e 673.06331 764.70516 12
e 33.11848 131.59577 9
e 166.96816 353.73988 5
e 81.96979 80.24492 12
e 43.61048 869.27815 8
e 502.14117 62.92374 4
e 455.23835 123.62881 8
e 352.27541 81.03665 10
e 155.23991 306.85201 8
e 670.58566 268.30195 8
e 269.13216 1000.15178 7
e 655.34312 692.74305 10
e 43.01296 70.43627 10
e 144.07052 321.95057 4
e 66.65489 269.26259 9
e 453.13309 163.81808 5
e 259.13193 803.81034 13
e 474.18136 606.98001 10
e 667.47394 996.69882 11
e 343.82039 996.24698 14
e 66.67212 866.12517 9
e 284.41383 963.86786 13
e 509.48706 610.86574 9
e 28.63479 786.13289 11
e 422.07735 76.31973 6
e 537.69432 159.59594 9
e 535.27005 101.31544 10
e 584.10729 684.65419 4
e 428.33789 329.98396 15
e 107.96926 1031.26737 14
e 332.34861 208.62221 12
e 29.87293 732.57088 10
e 617.46780 790.88913 13
e 537.45064 752.18829 13
e 552.97086 1020.28058 5
e 287.02939 957.70824 7
e 122.02089 293.12731 8
e 27.86302 237.30908 6
e 558.10014 176.26808 7
e 319.03915 522.27144 13
e 620.79428 253.28459 8
e 559.73351 68.18732 7
e 44.06558 348.51830 10
e 552.50477 770.35727 13
e 301.53665 540.84130 12
e 573.84254 46.43654 13
e 528.86088 512.00673 5
e 218.40096 837.88246 8
e 302.32611 289.74778 9
e 188.60249 821.98418 6
e 156.22519 461.63153 10
e 103.26763 233.65250 7
e 301.16809 827.87891 9
e 386.23822 184.71233 9
e 224.84054 660.50691 9
e 238.22307 267.02882 10
e 264.37301 1064.52913 10
e 315.33514 797.78398 12
e 629.67087 27.08771 13
e 527.96256 38.90406 6
e 592.62486 116.87428 9
e 248.87916 894.47856 11
e 580.56312 206.87337 4
e 33.68700 265.82854 8
e 48.01628 481.85125 8
e 464.68033 320.70168 11
e 526.07268 424.17985 6
e 184.52476 259.90369 10
e 154.54750 94.14375 8
e 22.64265 808.21206 7
e 338.44626 685.77255 10
e 125.73659 682.74003 5
e 661.82134 120.90027 5
e 679.41073 212.33639 12
e 638.53160 647.59953 12
e 332.66130 1032.53792 9
e 284.38137 107.13526 5
e 193.77861 184.01435 10
e 585.85020 967.61721 10
e 254.87146 883.81745 6
e 544.37744 485.33380 11
e 669.06876 739.05655 7
e 65.85082 790.10853 6
e 114.73317 186.89811 8
e 51.37943 428.33362 9
e 24.35226 386.41455 10
e 343.30977 1014.14826 11
e 80.79190 300.46994 4
e 434.15543 887.18634 13
e 556.98504 220.21993 10
e 173.65200 63.29845 9
e 321.54051 49.22940 10
e 383.37027 639.36763 16
e 400.71716 378.11818 8
e 159.25761 796.04494 7
e 151.38525 976.79611 10
e 133.71941 952.71022 9
e 150.65388 1061.36902 6
e 415.12057 866.07481 6
e 187.68634 385.51330 5
e 81.53966 142.14319 7
e 202.53321 232.21084 8
e 367.61436 64.58301 9
e 160.95216 891.05612 13
e 279.98831 49.33481 9
e 607.56008 141.06018 12
e 150.18923 33.26803 13
e 69.11042 159.49796 11
e 574.89357 889.46010 7
e 429.50412 580.66622 6
e 214.48509 758.54982 13
e 14.73445 51.05865 9
e 361.46518 26.37642 12
e 280.30084 479.48525 13
e 68.80352 647.34927 13
e 589.61223 1029.22283 9
e 405.32437 915.63385 8
e 494.38674 435.32065 17
e 419.38347 130.71635 8
e 667.80080 656.10188 10
e 396.51735 1068.90494 11
e 654.11894 887.84410 15
e 329.68656 730.44709 8
e 416.18246 242.44887 8
e 468.34964 896.70035 11
e 248.07552 764.39609 14
e 193.10259 353.84199 9
e 292.08910 117.73373 7
e 675.24932 330.16408 8
e 261.82139 578.57505 9
e 531.45306 522.57259 13
e 386.73248 335.82694 16
e 316.76194 47.83880 13
e 168.83647 424.32050 7
e 508.80170 157.86618 4
e 421.40147 888.35656 8
e 218.06801 642.68735 11
e 172.46910 795.76590 9
e 255.34258 414.89004 5
e 574.67445 741.06079 6
e 539.40809 1051.16814 8
e 134.16735 206.30887 8
e 662.08396 817.14011 13
e 38.50265 698.40743 5
e 38.75643 932.37893 10
e 95.96536 294.59894 9
e 10.99847 837.18106 9
e 549.19273 617.30765 9
e 498.29218 24.86414 12
e 568.76904 716.47810 8
e 250.20981 135.23129 5
e 208.03678 911.09992 8
e 138.27771 413.40581 9
e 195.50799 507.04190 12
e 253.82536 445.71739 7
e 274.53308 966.15752 8
e 220.94812 487.63218 7
e 371.63009 315.85080 9
e 61.57730 992.85484 8
e 154.13089 331.49879 9
e 528.13497 829.52019 9
e 388.60725 1045.33597 6
e 408.82451 303.04697 6
e 447.95432 463.89193 6
e 488.11130 312.07054 10
e 354.80956 527.24515 11
e 28.51161 373.56966 16
e 673.56021 716.96058 5
e 343.56237 155.57203 10
e 76.16228 111.33555 5
e 642.54986 1026.19850 4
e 214.25189 742.53538 15
e 342.97766 523.79595 9
e 243.34468 790.97744 8
e 66.85504 339.92252 10
e 462.18700 388.87106 9
e 590.14052 369.44368 8
e 38.51616 125.55748 9
e 85.83612 965.37861 7
e 365.75908 135.38273 8
e 240.43247 467.44179 8
e 58.72476 45.33058 9
e 80.90802 61.00649 6
e 234.19456 177.70244 7
e 267.97522 484.08706 11
e 256.20080 349.82609 7
e 393.22057 792.00991 8
e 649.79909 473.26466 9
e 448.44044 808.32480 13
e 275.71639 36.84818 7
e 702.65458 771.50709 19
e 90.38933 559.55455 9
e 49.84854 1060.98099 9
e 49.93008 979.77902 11
e 49.11450 86.44549 14
e 34.85707 772.95349 12
e 47.19489 128.08822 9
e 161.50221 506.39743 9
e 163.31867 689.37764 4
e 532.06685 771.19214 9
e 550.22698 533.47381 10
e 519.34615 457.76312 15
e 357.20150 703.14545 9
e 74.67776 1063.94718 6
e 488.66922 145.39534 12
e 697.77808 354.06659 7
e 287.83478 408.28462 11
e 109.08891 887.03067 11
e 697.78504 1047.10668 9
e 279.43821 318.96388 8
e 131.43230 969.16551 8
e 593.68215 337.45404 9
e 102.15977 916.26747 6
e 501.79871 995.28733 6
e 654.37644 173.20871 11
e 337.16675 720.46341 10
e 49.36195 777.39184 12
e 187.67412 586.30333 9
e 377.57869 1005.25401 10
e 286.12429 108.69684 5
e 283.57899 764.85182 4
e 539.29280 404.27522 9
e 595.73975 936.77418 9
e 272.36395 371.48721 9
e 390.16766 471.48539 9
e 401.58465 532.90801 8
e 143.02064 550.67915 7
e 635.35105 383.03085 4
e 84.18840 129.52401 7
e 184.73661 954.36133 12
e 190.59051 516.00635 6
e 198.28593 229.95009 13
e 89.23944 248.98657 10
e 694.79938 788.61509 6
e 97.72003 790.85252 10
e 683.58050 218.76494 9
e 397.19157 600.48440 4
e 405.75254 662.09243 3
e 691.09618 657.87348 4
e 27.56004 674.48789 8
e 39.41445 512.78345 10
e 307.88403 84.26964 5
e 501.00888 535.50104 9
e 51.88052 260.58396 14
e 94.13701 180.17148 11
e 164.14920 76.35741 11
e 99.19230 182.86623 6
e 630.50510 1039.36533 5
e 36.32393 747.40305 8
e 405.50148 867.37192 10
e 97.21429 11.24259 11
e 530.51391 404.87794 7
e 143.83479 54.66689 7
e 322.80683 1029.58326 12
e 631.06841 972.22346 12
e 528.88959 208.49415 15
e 267.84398 150.22267 9
e 17.22893 804.10016 8
e 392.98839 130.64025 8
e 640.96910 1065.42077 8
e 167.98710 475.40182 13
e 166.62811 370.77785 6
e 686.09259 554.02364 7
e 306.25920 587.58924 8
e 140.71686 368.14156 10
e 370.32061 745.59018 13
e 259.79132 502.09377 15
e 315.59423 527.87707 9
e 444.34812 129.93285 7
e 621.35875 50.95631 13
e 141.24760 946.37329 13
e 99.73901 706.56131 9
e 100.74608 376.61890 7
e 388.45341 112.09152 8
e 412.29797 502.28662 11
e 208.16469 637.50312 9
e 369.41354 853.87807 11
e 354.75482 376.22915 6
e 417.65595 959.51007 7
e 72.06261 407.17001 6
e 92.81428 136.62186 16
e 54.44903 683.28368 9
e 67.41670 567.24911 5
e 439.39678 983.55355 12
e 21.14149 756.81497 7
e 359.82413 74.76909 6
e 237.01910 182.91449 10
e 290.59527 133.39053 8
e 414.11738 833.78686 12
e 325.61268 390.42244 6
e 333.45634 340.19411 14
e 665.16570 1032.71023 7
e 626.33636 932.40420 5
e 358.43223 286.67214 13
e 113.57623 805.26174 5
e 634.77782 260.42940 12
e 388.70269 1008.31308 7
e 699.92184 420.74017 8
e 582.41640 290.50403 15
e 102.16836 920.29598 11
e 120.69685 472.23778 5
e 598.82631 121.52402 8
e 555.23750 969.22592 6
e 317.91547 833.14001 8
e 474.85106 1029.08140 13
e 260.50630 448.53978 9
e 100.55846 66.50604 5
e 213.19049 81.73381 8
e 287.10846 765.27671 8
e 539.16546 201.64773 10
e 532.24820 913.49486 6
e 546.83335 101.37691 8
e 172.24721 1015.56957 10
e 333.47376 817.65801 5
e 559.52489 508.20357 8
e 379.57058 799.79105 5
e 396.35302 243.00576 13
e 613.19863 212.42749 5
e 526.46790 1036.72771 12
e 416.82958 818.74868 10
e 145.24442 116.72989 13
e 708.37064 847.37673 12
e 452.19206 842.22642 8
e 466.53654 507.65522 8
e 100.79896 148.14075 15
e 311.35283 568.76010 13
e 25.35328 253.95224 16
e 613.03597 610.94077 9
e 549.23609 549.41451 4
e 50.80146 398.23573 8
e 48.96251 817.15036 7
e 689.91280 382.20583 9
e 59.26762 156.55361 6
e 12.37029 858.64425 9
e 351.62836 820.37937 7
e 686.69946 903.86204 7
e 398.36821 82.26260 10
e 413.18708 484.52412 9
e 486.37888 128.52595 9
e 101.80825 469.29584 9
e 364.42931 101.68392 9
e 328.16875 834.13212 8
e 435.12997 360.53448 11
e 598.15738 53.61331 7
e 408.68581 868.30562 14
e 499.11556 452.35903 7
e 505.99632 999.59413 10
e 169.72484 1050.58638 13
e 29.41503 479.84136 7
e 650.23565 286.06760 4
e 18.48117 428.43073 11
e 303.84120 930.68784 6
e 386.32585 697.22927 9
e 612.75191 460.48753 9
e 692.27019 681.36340 11
e 482.46447 949.10902 17
e 705.65614 864.07902 10
e 449.36984 250.96766 8
e 178.91598 908.04019 12
e 93.24816 133.41058 8
e 666.71553 484.49557 5
e 345.56502 1015.71399 7
e 16.03918 262.41705 9
e 521.22168 751.09127 7
e 62.97997 307.57963 12
e 645.38338 865.29178 14
e 157.72497 675.82875 8
e 441.39303 795.76309 11
e 429.17493 500.39989 16
e 302.30309 1005.40232 7
e 360.19256 1018.09169 8
e 37.71349 86.00182 9
e 292.40173 807.81025 13
e 88.87349 220.43472 11
e 315.15206 942.55499 7
e 391.13370 701.68080 3
e 523.40092 189.94265 9
e 279.39607 238.21166 9
e 162.27246 91.60626 11
e 254.21564 264.87158 7
e 407.95655 588.98878 6
e 120.86791 45.57736 6
e 350.65754 166.31582 10
e 81.53205 733.69745 14
e 676.19656 147.14999 9
e 566.94492 1025.99682 8
e 277.39871 363.78370 4
e 295.96138 758.32975 5
e 211.00974 820.55732 9
e 288.16851 480.81012 9
e 598.78981 909.47064 7
e 626.86755 433.74141 6
e 62.93327 56.87165 12
e 498.74768 712.23353 11
e 581.88555 508.30398 10
e 57.02296 659.62937 11
e 699.64753 121.66394 4
e 522.54554 285.79420 5
e 658.42226 955.89693 8
e 697.29032 531.69466 9
e 299.48852 147.04261 7
e 129.62099 480.28042 12
e 440.49070 753.02889 9
e 131.07981 913.24144 9
e 583.05952 375.46122 9
e 422.59106 729.27203 6
e 387.20274 105.79882 6
e 634.74454 732.51618 9
e 437.22543 483.59647 13
e 620.29369 962.63422 10
e 224.46969 902.26648 6
e 260.61643 643.01098 7
e 437.37486 777.62814 10
e 276.81637 652.12353 10
e 228.44058 177.17467 8
e 126.16357 55.63577 8
e 615.63120 843.69504 10
e 506.98234 48.35048 8
e 335.92527 329.82524 11
e 60.86598 876.28290 11
e 444.50874 104.70408 12
e 326.84757 909.02067 8
e 355.37852 70.98544 7
e 530.37940 996.12157 7
e 250.17483 628.77054 11
e 59.27169 922.02108 9
e 622.59710 555.79298 12
e 30.65829 542.01043 12
e 24.70099 652.47440 13
e 560.73610 152.63210 6
e 19.39583 956.55226 12
e 64.24232 332.27171 4
e 487.52431 474.80021 9
e 349.30949 832.38116 13
e 478.62455 599.51881 7
e 548.68033 831.98229 8
e 694.63725 86.81322 18
e 41.72106 681.66263 5
e 465.67220 1041.99327 14
e 392.93645 448.01679 20
e 479.48883 142.68009 11
e 357.50268 569.27732 10
e 66.22139 386.08924 4
e 654.19107 279.99939 10
e 278.72091 1042.21129 16
e 392.16870 515.70333 9
e 575.43835 415.30400 4
e 568.00685 435.43256 8
e 142.61818 84.86539 8
e 662.98027 519.13380 9
e 483.18872 540.85952 8
e 372.82813 310.98403 8
e 434.19008 91.03509 13
e 499.96592 569.82839 11
e 660.44483 891.99646 17
e 352.28115 661.27195 7
e 277.79913 470.13607 6
e 393.47416 498.69669 7
e 197.78303 916.00909 9
e 80.86907 288.50971 6
e 350.11239 620.85730 10
e 442.46164 946.00958 12
e 665.85741 521.70058 15
e 343.50494 302.65364 13
e 536.66186 57.44928 7
e 397.99496 479.43160 11
e 94.78818 109.00741 10
e 513.62898 417.91228 6
e 309.78480 304.50849 11
e 544.70036 978.70267 8
e 92.58326 227.12863 10
e 646.71393 110.14313 10
e 455.87876 139.39908 11
e 61.60755 687.87490 19
e 534.79905 1046.16420 5
e 52.52130 930.16490 10
e 597.84914 790.68793 6
e 93.74626 450.70152 11
e 241.88330 703.21686 9
e 184.36083 360.57042 12
e 46.30218 850.53532 10
e 258.90308 952.94432 9
e 602.75342 885.15388 7
e 212.65636 273.35291 9
e 142.29001 973.41280 11
e 516.49073 804.37029 14
e 690.27142 262.56739 13
e 613.75450 274.16395 5
e 135.86840 512.21932 8
e 531.27925 901.36202 10
e 707.55109 802.46571 11
e 359.24632 40.84608 14
e 648.45783 888.84579 10
e 11.59894 191.83377 8
e 598.60022 630.94272 14
e 387.80889 349.17884 10
e 176.21504 1051.99526 8
e 93.23960 606.85869 10
e 173.70470 236.21345 11
e 249.42855 1008.02577 9
e 346.22874 22.20558 13
e 155.84008 695.42514 11
e 231.87217 20.69657 9
e 586.82755 680.87042 10
e 31.39347 529.73643 6
e 94.38175 108.67141 13
e 665.86579 20.26346 10
e 503.57708 880.75820 7
e 234.53975 557.10271 9
e 709.43777 541.27437 8
e 46.64410 779.22678 3
e 378.91485 564.15024 12
e 632.37183 747.74155 13
e 372.62228 426.18845 9
e 601.28759 325.50576 7
e 469.14956 734.37802 8
e 179.30301 985.79765 8
e 356.75650 858.79984 9
e 685.77233 453.48055 7
e 217.35827 40.40617 11
e 112.83951 188.14094 6
e 327.37852 709.76680 8
e 533.55338 267.65230 8
e 463.53433 369.67627 6
e 453.55921 940.58689 11
e 691.46960 216.24661 14
e 180.28297 391.99800 4
e 576.35198 989.53374 5
e 313.20604 929.86776 9
e 159.46541 268.10761 13
e 160.83580 338.47521 11
e 102.63557 991.15029 12
e 587.40520 1016.81918 5
e 371.51442 262.56287 9
e 568.88712 694.06684 8
e 23.41852 598.77824 7
e 197.10589 763.85572 8
e 99.14371 431.39630 8
e 245.68379 955.90651 9
e 569.36002 937.44764 6
e 406.63383 829.88889 9
e 408.55827 1063.05040 9
e 228.96369 498.38244 12
e 662.57228 45.55708 5
e 304.75291 306.97664 7
e 494.70165 842.51063 8
e 493.38484 749.63270 4
e 705.46092 456.04642 8
e 577.77635 15.26063 7
e 192.17603 110.98458 8
e 706.49782 282.15730 10
e 18.14566 860.50353 13
e 237.23244 700.72013 6
e 603.63205 1019.18876 13
e 235.43026 593.35356 7
e 396.14030 863.63156 4
e 160.66537 471.18045 5
e 309.69070 249.59009 10
e 580.90653 418.88451 12
e 347.20561 51.62914 8
e 142.07221 427.75475 14
e 111.78399 24.09737 4
e 429.46545 977.01109 8
e 542.35328 244.12797 9
e 444.79310 628.91202 11
e 477.06412 981.71389 5
e 220.38914 297.74498 8
e 337.38797 925.33405 9
e 273.59062 678.64609 9
e 243.87020 314.51513 17
e 157.09384 961.33621 9
e 138.86327 803.93637 10
e 673.11597 540.38506 15
e 416.88393 215.80736 6
e 473.92184 683.94912 8
e 62.61898 681.17874 8
e 369.71193 785.85390 13
e 594.76919 938.87405 11
e 98.83240 377.74108 7
e 672.99651 613.39914 10
e 526.81720 1028.12284 10
e 348.99869 598.98763 14
e 452.42334 229.13224 8
e 252.48733 29.00922 8
e 344.23927 233.44573 8
e 391.37967 696.13598 4
e 214.71514 267.66744 8
e 50.39952 518.18312 9
e 70.13422 576.94900 9
e 450.64693 1051.96619 14
e 516.74292 93.93950 12
e 101.45044 49.35002 15
e 11.16228 122.77037 7
e 701.11473 253.26673 12
e 412.75360 302.48321 8
e 469.67479 44.83987 5
e 62.76171 566.80276 7
e 135.16428 163.75462 5
e 253.25439 1001.27856 13
e 166.99701 15.60133 15
e 280.61744 507.60510 8
e 179.09889 310.71901 13
e 412.17479 177.73988 10
e 618.43957 97.50587 4
e 309.21668 769.46497 13
e 225.48896 515.30820 9
e 315.15674 262.40625 8
e 99.88215 128.80585 13
e 650.82988 124.80140 12
e 156.08460 949.93442 7
e 553.12698 511.24564 8
e 50.92366 634.05736 10
e 625.87024 204.71993 7
e 101.56381 543.97038 17
e 393.82204 352.69229 14
e 307.03734 1049.51800 10
e 31.81612 318.60681 9
e 171.87865 168.05772 6
e 264.19703 492.19075 7
e 593.00971 954.16717 8
e 709.27748 865.94314 5
e 36.79935 84.19024 11
e 369.66147 358.26843 10
e 347.56059 327.14319 7
e 624.42232 187.82239 12
e 452.00375 261.33381 8
e 577.25519 618.36145 12
e 196.14748 328.78441 7
e 591.64753 607.91228 12
e 231.23802 999.78727 14
e 335.57164 91.88166 11
e 316.42529 318.65718 10
e 496.54231 303.96558 10
e 471.13487 84.56616 9
e 702.85417 169.89643 9
e 491.95875 891.46746 8
e 85.66158 53.16345 8
e 569.80521 439.25273 8
e 167.78933 761.15311 10
e 424.63038 671.61366 8
e 222.64016 780.91428 7
e 700.27214 268.03399 6
e 613.67073 881.37185 16
e 173.52111 350.73070 21
e 512.30594 208.80227 11
e 663.72008 961.58725 15
e 103.74273 1010.26331 8
e 511.55045 715.25738 8
e 387.84815 674.30433 14
e 598.73037 446.04688 12
e 346.16811 943.78890 13
e 245.47035 378.49209 7
e 365.86441 673.93212 11
e 210.49393 593.07254 10
e 28.59794 940.66264 12
e 497.47544 406.74488 3
e 265.29584 943.37563 9
e 684.74905 142.12096 15
e 532.63657 906.70872 16
e 418.25513 846.34447 11
e 18.71466 282.11594 13
e 624.51480 412.92904 10
e 547.15720 346.35347 8
e 336.95582 988.68674 10
e 300.94642 636.43774 7
e 571.68686 629.87846 4
e 298.86781 347.00686 15
e 386.65305 961.34389 8
e 358.80755 855.80276 5
e 63.78921 286.78497 4
e 235.72302 702.69753 11
e 621.15521 76.22805 12
e 22.52632 818.80942 13
e 611.43039 770.19556 7
e 622.30086 872.34775 7
e 702.41395 1000.18792 10
e 84.17417 384.53124 11
e 147.57916 983.31654 12
e 214.66074 48.64560 11
e 206.41593 234.13710 10
e 13.72248 397.22911 15
e 625.59935 148.63019 12
e 18.90883 20.68864 4
e 104.01222 330.47732 10
e 437.68536 38.99079 7
e 406.36754 1042.34489 6
e 259.31550 690.75839 9
e 405.91174 913.51894 8
e 473.04115 602.44784 5
e 95.30954 150.59794 8
e 253.34224 947.43766 8
e 423.16790 376.62786 13
e 190.33352 808.03625 9
e 298.14030 224.74959 7
e 372.62890 532.20970 8
e 404.40810 1038.28350 11
e 613.99561 723.73731 7
e 497.56134 352.62787 11
e 65.76516 927.13224 9
e 297.13991 390.29528 9
e 230.51426 744.17620 9
e 212.30245 977.02799 12
e 253.52590 168.86532 5
e 157.79935 443.46633 12
e 621.98027 608.72838 10
e 677.80544 104.28822 14
e 137.30186 274.41347 12
e 77.93227 568.55854 9
e 496.80886 963.01936 7
e 475.58423 196.42210 9
e 593.95453 843.91516 8
e 480.94371 985.31233 7
e 58.25534 548.92253 11
e 440.16407 136.05116 7
e 474.49262 798.04984 9
e 113.44723 788.30373 9
e 543.31271 820.37530 5
e 318.93673 571.13307 8
e 566.03071 389.92078 9
e 415.37554 298.81475 6
e 656.18348 515.73783 17
e 60.36496 47.50430 4
e 39.96691 487.74088 6
e 352.44735 574.86138 12
e 333.83306 251.67912 4
e 139.15562 273.11234 7
e 104.09560 607.60513 5
e 162.75187 697.96132 10
e 119.37502 210.21602 12
e 503.20989 601.17678 8
e 563.96910 753.66692 8
e 290.33466 400.38126 7
e 189.95307 213.43173 8
e 116.52155 398.93841 5
e 564.32858 352.46761 11
e 111.98294 580.60027 6
e 188.43751 742.06948 12
e 221.86044 764.31096 13
e 701.43412 1045.56128 8
e 499.06987 774.86960 12
e 126.48149 912.52024 6
e 648.02023 504.50090 9
e 484.80388 1015.78272 9
e 295.21883 892.39209 6
e 13.87612 132.60677 3
e 110.17622 668.44552 13
e 379.81178 597.28100 4
e 603.28504 136.43345 4
e 217.86618 159.33439 6
e 50.38606 97.69711 14
e 529.31846 720.19934 6
e 116.82321 793.91791 8
e 468.27988 787.80999 6
e 564.62095 236.99139 15
e 245.79309 805.65525 9
e 371.53097 773.04436 12
e 239.19383 720.37723 10
e 78.57213 709.44859 8
e 604.53632 1007.74336 10
e 269.46800 102.86035 6
e 391.34717 1026.03595 12
e 167.09176 981.11071 7
e 379.96000 358.99159 13
e 474.82449 126.04628 12
e 285.48231 866.04899 10
e 322.63274 770.42268 14
e 137.88378 872.22903 4
e 489.95779 109.99924 10
e 274.37111 715.66512 7
e 361.10704 523.52132 11
e 577.69484 57.94743 12
e 85.35698 781.14690 10
e 417.96436 980.74328 4
e 98.40748 209.81080 9
e 461.52777 146.19014 10
e 353.74897 1026.65769 8
e 32.85018 777.97765 6
e 198.55120 101.75473 11
e 204.45094 935.88286 11
e 634.36705 15.62197 13
e 605.68671 725.72792 6
e 386.58851 776.86285 11
e 543.77687 349.86551 5
e 361.54764 822.04433 14
e 487.82554 999.15465 9
e 135.57375 574.09503 6
e 382.89014 694.33965 14
e 683.95979 717.91972 7
e 275.27016 661.06750 7
e 473.89693 985.82857 7
e 222.84230 95.35555 10
e 278.28076 183.26395 10
e 509.07242 358.41678 8
e 661.24610 486.71394 10
e 394.04978 52.28911 8
e 560.70826 431.49584 8
e 595.26389 798.14033 8
e 652.37930 626.91698 13
e 307.87390 501.01631 9
e 105.89889 869.91470 10
e 58.70814 1063.19419 8
e 15.93337 722.78903 7
e 526.94903 484.43044 10
e 167.55397 636.37234 5
e 616.92034 440.32562 4
e 454.57675 764.66621 8
e 246.41443 946.91945 5
e 29.59430 161.02900 7
e 123.88883 828.85530 3
e 480.66110 532.98577 6
e 175.69118 114.39643 8
e 333.04859 882.57088 15
e 207.85592 485.87789 13
e 516.90335 52.71632 9
e 76.36745 980.91960 6
e 121.72570 625.71569 8
e 85.45536 806.45482 7
e 704.22398 544.53731 11
e 614.82989 728.07762 6
e 444.25967 425.48097 13
e 448.28199 770.23506 9
e 346.72364 209.75280 14
e 463.16225 340.49490 6
e 109.89121 738.04107 8
e 242.43481 1000.84069 10
e 548.79255 675.23600 11
e 387.27247 677.42453 7
e 578.44061 62.26422 10
e 31.55090 466.75000 4
e 350.22544 691.19416 12
e 615.61710 445.66238 11
e 500.54002 835.53815 12
e 325.46000 705.27362 9
e 208.73149 152.91879 7
e 574.73123 1012.37371 7
e 677.77152 1052.97086 9
e 583.53258 642.12627 17
e 695.20956 798.16312 9
e 227.47040 905.71620 6
e 55.35013 557.87020 12
e 571.37073 455.93894 13
e 454.21441 704.54901 3
e 59.39066 753.97805 15
e 570.88255 841.07025 12
e 371.46751 589.86646 14
e 443.55349 187.98179 4
e 274.46332 372.89242 7
e 531.67185 623.58893 6
e 552.63599 806.03509 12
e 173.30913 916.09941 13
e 15.98923 783.23462 12
e 125.47525 532.32357 8
e 122.55427 27.07554 8
e 519.59456 849.58196 21
e 702.46373 443.86815 8
e 212.27516 630.81696 14
e 181.79421 820.51931 5
e 94.13526 482.06802 8
e 550.71112 31.25671 11
e 336.61822 317.72091 13
e 645.87955 1022.70850 6
e 232.37604 970.31528 10
e 205.51117 113.37955 11
e 186.13841 48.97426 8
e 229.12069 384.01847 9
e 693.70192 739.02085 7
e 244.17863 815.97091 13
e 556.55896 1049.04798 8
e 481.43658 12.41436 13
e 242.91519 137.55070 10
e 185.90964 1044.68313 6
e 44.01238 536.03064 7
e 368.27758 368.11398 12
e 20.96665 538.28593 8
e 619.28073 219.11155 9
e 144.63817 897.67980 10
e 565.45880 632.89325 8
e 617.59406 91.50847 8
e 103.57969 957.50159 10
e 497.05646 235.34791 10
e 626.25081 379.38071 11
e 614.47910 331.46660 7
e 463.83092 575.96982 8
e 152.67683 935.26704 9
e 23.73643 588.86182 10
e 326.96567 761.89243 11
e 280.26108 527.05073 8
e 338.75457 694.82623 5
e 565.47852 1038.50056 9
e 81.96711 302.47144 12
e 321.91115 979.69947 8
e 352.14156 421.33153 10
e 670.34539 319.55295 11
e 312.62437 381.15158 10
e 664.77644 220.18064 6
e 56.13616 856.40009 9
e 694.45544 141.58250 7
e 294.60609 177.13155 9
e 210.21538 889.54210 17
e 69.71902 10.67579 11
e 292.80793 711.79778 8
e 24.53380 507.64556 14
e 437.77033 892.56900 7
e 610.59382 932.96045 13
e 423.53585 450.39337 9
e 648.61066 369.87666 7
e 238.33018 463.08399 6
e 354.64724 425.22600 12
e 567.81468 1023.09415 14
e 25.59686 245.57837 11
e 171.09927 1031.32380 6
e 293.12545 1013.09181 4
e 331.94795 822.78134 5
e 542.41929 953.70176 7
e 243.82208 896.26819 4
e 253.93199 945.92842 6
e 45.98198 621.55392 6
e 518.45637 743.06880 14
e 68.68510 504.05682 13
e 538.34437 193.44119 10
e 42.01420 423.68958 8
e 416.15000 107.48555 9
e 198.53180 55.18683 6
e 486.58103 527.12105 4
e 105.22000 987.34628 11
e 611.56740 346.87560 5
e 512.69685 964.14156 12
e 184.18101 1010.32254 17
e 304.68355 941.05969 16
e 455.32040 506.75476 8
e 531.30839 384.31677 5
e 152.04441 145.44888 12
e 342.37887 993.95686 14
e 318.91412 127.29706 8
e 421.97074 905.71727 6
e 316.60224 882.05591 7
e 346.36811 927.80365 7
e 115.56659 819.48580 11
e 374.60768 98.68282 13
e 358.30476 816.81685 7
e 245.13254 267.81685 10
e 412.86065 959.80591 6
e 49.94807 506.78234 12
e 82.73330 842.29235 11
e 228.17342 890.97022 4
e 458.62855 563.16204 11
e 641.06852 168.63334 5
e 89.59669 1004.15810 5
e 622.36817 11.46006 4
e 696.53844 1031.82243 9
e 473.75992 92.68451 7
e 639.99945 838.44576 6
e 276.19000 300.24321 6
e 548.05749 708.42913 4
e 236.83701 699.83737 6
e 233.07703 529.10865 11
e 197.04294 677.63886 17
e 667.00523 904.63785 13
e 93.56983 1047.86550 7
e 545.36445 401.42053 15
e 577.79220 746.41591 6
e 89.00129 185.32437 10
e 431.89378 651.20033 8
e 157.52603 486.79108 11
e 420.62901 262.58625 8
e 402.47633 763.43499 8
e 564.62174 181.95652 6
e 488.02732 584.16184 8
e 552.47390 88.87510 8
e 369.89458 41.88309 7
e 427.09674 402.89645 4
e 516.63553 95.58486 9
e 636.07974 46.22953 4
e 432.79791 654.41855 8
e 709.76009 919.18925 15
e 26.08575 112.17049 4
e 111.10925 907.24058 8
e 504.42620 321.05439 7
e 357.27951 881.73850 9
e 214.67903 882.33973 13
e 230.94315 995.28158 12
e 206.00254 248.03160 10
e 146.13363 108.36769 9
e 467.30237 16.58950 4
e 348.17475 904.50366 9
e 467.99552 578.02653 7
e 293.86108 908.43028 12
e 650.14454 351.47250 11
e 550.83487 965.94621 9
e 446.38263 726.94638 11
e 452.82395 494.38920 9
e 675.19852 883.92841 6
e 429.55126 693.77856 11
e 428.22804 172.42033 7
e 39.39133 397.88832 6
e 12.90197 73.73939 6
e 397.30107 1056.67951 4
e 663.03497 318.31681 7
e 85.39344 836.50525 7
e 415.63217 456.25909 16
e 14.86968 222.42698 7
e 516.24467 437.23427 10
e 310.96661 711.44214 8
e 699.73375 59.39420 7
e 126.21831 795.63998 8
e 119.88341 92.55051 8
e 301.89933 735.84754 11
e 225.59811 221.98044 15
e 641.22670 550.80365 12
e 166.94176 839.87148 9
e 108.18326 78.83182 7
e 469.27995 1063.46950 6
e 653.39565 132.36204 8
e 310.11398 683.49680 8
e 614.00712 73.46693 11
e 137.39502 79.47220 5
e 216.95812 903.46144 4
e 143.94643 864.14943 8
e 445.93775 215.24223 8
e 644.09399 384.04559 9
e 532.28523 429.24268 13
e 451.38677 741.23487 7
e 37.40706 1047.16135 6
e 509.56865 573.19653 6
e 511.26684 506.66677 9
e 407.48511 830.44651 7
e 56.56081 501.73129 9
e 384.77828 374.83056 8
e 618.74691 317.93708 7
e 527.80784 633.33952 12
e 391.12077 168.01342 10
e 278.66621 903.03978 7
e 526.67418 694.51378 10
e 633.67759 41.38371 7
e 708.02825 888.63063 7
e 103.25523 372.39180 12
e 193.59460 535.46179 10
e 166.50743 866.88781 8
e 95.77538 1057.92557 10
e 676.10507 686.59905 8
e 540.47080 853.05361 9
e 457.14762 830.59950 9
e 643.46093 227.10325 8
e 701.81657 813.37957 14
e 18.16501 120.79193 16
e 308.12201 308.20679 8
e 667.53626 480.84492 8
e 159.30981 306.33232 10
e 572.57148 612.43537 7
e 136.89210 320.43913 10
e 581.90887 118.12962 13
e 379.95864 987.68628 11
e 514.48284 370.51236 9
e 489.21341 816.85704 14
e 453.12746 264.54302 7
e 392.30845 932.79163 7
e 343.23307 823.13412 9
e 199.29561 257.20508 10
e 183.10180 1035.23105 14
e 589.32393 429.58665 9
e 207.23345 741.15141 7
e 64.63325 783.77670 15
e 189.08750 512.33225 9
e 652.47081 407.01557 12
e 131.91237 548.79688 6
e 394.49621 599.63291 6
e 50.39037 478.20145 12
e 503.37698 271.17458 17
e 299.49694 380.13277 8
e 607.20075 813.55761 10
e 598.18603 297.03621 5
e 11.70704 317.90038 8
e 158.76790 74.17672 8
e 680.75126 975.44887 11
e 265.47999 451.07261 11
e 431.87670 128.40430 11
e 384.56468 598.98482 11
e 422.97051 200.12105 10
e 311.66778 34.17419 7
e 360.82648 17.11963 11
e 182.87191 962.83905 13
e 29.98518 574.27295 9
e 373.79327 675.54118 8
e 325.61841 388.10346 5
e 203.79092 590.59807 7
e 480.22809 375.68358 10
e 141.79205 455.49588 9
e 56.23904 587.95895 14
e 450.90926 826.28801 13
e 167.83750 827.02816 8
e 232.36669 713.91056 7
e 307.07866 87.01853 6
e 449.26315 1058.20953 11
e 359.84322 409.41730 12
e 530.50072 45.85740 10
e 14.59660 429.58932 6
e 191.09654 511.76072 12
e 674.81007 56.06553 8
e 500.91579 448.04577 5
e 700.40831 146.81208 7
e 536.19963 339.76200 8
e 27.85978 10.15375 8
e 183.50402 621.28051 13
e 338.43294 981.22215 9
e 687.81848 307.69366 5
e 131.89222 533.00996 12
e 244.47459 313.40442 5
e 698.47255 102.14125 10
e 549.85595 516.89549 11
e 529.16577 175.35472 7
e 310.93320 962.91450 10
e 621.97702 355.52921 10
e 23.32798 908.39396 10
e 685.66735 650.43977 8
e 417.52260 990.97806 7
e 386.93838 268.97500 9
e 622.92291 610.85757 10
e 174.29397 684.81362 10
e 618.40213 122.08784 11
e 548.51648 428.25091 10
e 413.17713 174.32344 13
e 323.27266 118.22491 11
e 471.09261 737.69381 8
e 273.16792 871.40261 7
e 336.28343 452.53651 12
e 322.30175 528.78985 12
e 157.51244 642.21738 10
e 102.15760 968.86367 10
e 380.67773 732.41162 6
e 637.98602 334.04177 11
e 210.79911 684.81910 6
e 515.71643 575.99796 14
e 571.27147 283.51658 10
e 13.92092 390.19240 14
e 623.65759 339.20554 11
e 423.81175 600.37889 11
e 659.13812 157.98271 14
e 253.34572 990.94008 8
e 468.87219 502.42251 8
e 26.53657 453.59848 8
e 217.44093 432.12059 11
e 186.57747 517.15615 12
e 542.32901 825.98694 13
e 347.97981 687.09813 6
e 641.16683 749.04085 6
e 221.38856 534.53988 11
e 249.60485 224.67456 16
e 164.10798 233.94069 6
e 221.96486 198.57565 13
e 668.42297 879.23982 8
e 102.03569 190.25605 6
e 438.32486 666.01437 5
e 339.52983 622.20829 8
e 667.12354 473.69992 10
e 306.11619 127.23148 7
e 68.10906 163.34659 11
e 493.19206 173.14257 11
e 666.14270 969.60492 10
e 473.75742 625.11932 8
e 588.17765 683.02775 9
e 342.47245 37.06361 11
e 37.55213 330.41271 8
e 241.66837 840.97575 9
e 569.72384 434.26659 12
e 653.94090 300.18113 10
e 72.74875 76.46039 10
e 330.81605 184.66574 7
e 479.65451 426.47785 14
e 127.96078 249.82135 12
e 501.75417 400.14735 7
e 326.18662 270.62698 14
e 453.89655 801.86639 4
e 570.23039 681.16872 10
e 292.58049 359.81422 6
e 231.77586 128.08939 7
e 76.20788 193.00391 9
e 605.31206 220.71730 10
e 45.72027 621.56924 10
e 576.72588 222.25394 12
e 343.63710 301.62707 10
e 326.45588 723.54400 14
e 30.97525 436.71377 17
e 157.35426 503.00434 14
e 35.29550 431.77930 6
e 471.86382 302.66395 17
e 446.30304 466.06378 8
e 203.45146 478.79308 8
e 273.55671 565.15509 7
e 260.98230 479.84156 8
e 108.12399 469.56961 11
e 403.28389 345.60335 10
e 217.43468 947.17597 14
e 81.33454 937.80029 8
e 581.78260 405.97902 7
e 482.36365 375.96974 13
e 327.87832 409.57696 7
e 47.73730 932.81729 8
e 630.37368 1046.77239 5
e 381.25835 1027.66138 6
e 284.85707 200.85340 12
e 626.50871 910.48474 10
e 76.19850 277.05789 8
e 282.71650 769.82938 13
e 350.25763 855.75425 10
e 601.56701 576.08524 6
e 486.76085 147.37454 6
e 622.62968 1058.97798 9
e 275.21825 729.01337 10
e 601.63622 739.36825 7
e 88.71399 538.96789 10
e 213.57475 782.86242 9
e 640.54159 581.38702 8
e 369.04806 1018.87345 11
e 448.36271 536.92384 4
e 27.94341 644.10991 10
e 237.15219 972.19807 10
e 308.54423 432.50953 9
e 257.39632 54.74435 9
e 178.39018 935.12394 5
e 274.30905 49.57387 9
e 447.49898 64.04144 14
e 603.16460 425.62581 4
e 658.89605 201.29701 8
e 429.07629 702.16872 12
e 679.01669 762.12678 6
e 128.53786 688.99690 6
e 397.70702 105.33772 12
e 109.45000 753.62139 10
e 194.44807 76.05595 11
e 237.54738 1001.32848 10
e 72.66701 1011.60891 8
e 415.56701 501.66584 8
e 452.75490 797.18562 13
e 589.19393 132.03915 11
e 248.98335 116.54672 10
e 174.55984 231.68198 8
e 458.55104 791.13328 10
e 136.45077 1032.85857 7
e 507.07311 857.01267 8
e 547.19793 811.77875 13
e 538.43085 959.12504 14
e 417.28121 679.78464 13
e 11.05375 320.88715 14
e 565.18118 291.76839 7
e 514.48398 693.60520 9
e 569.37315 704.63753 7
e 34.09834 318.04084 10
e 577.21122 60.75616 12
e 619.22277 838.27966 4
e 255.93377 570.20213 9
e 280.79193 116.32755 11
e 300.17175 1020.79738 7
e 404.66791 434.49575 10
e 523.11595 193.99518 10
e 332.72759 442.18435 13
e 48.12832 55.95337 14
e 298.07060 280.44297 7
e 569.20601 1048.43853 8
e 269.65936 947.39816 10
e 655.23678 65.42323 14
e 525.75484 625.81404 7
e 283.85244 317.94495 13
e 246.55706 304.59988 12
e 340.74444 542.98354 6
e 152.90562 388.09144 12
e 353.42404 561.31168 10
e 176.17337 85.78760 9
e 541.85777 154.40104 14
e 635.34434 150.87878 7
e 577.08505 683.71269 7
e 641.14827 443.17731 12
e 429.32223 944.67813 8
e 80.57989 18.79013 13
e 125.24823 976.26905 13
e 533.08922 886.85998 9
e 333.05670 358.92756 14
e 598.65844 196.81687 6
e 577.40306 367.94406 12
e 521.09191 866.70639 5
e 184.29739 709.73906 4
e 100.37413 86.42866 4
e 609.65965 631.37678 10
e 374.73721 638.08337 7
e 298.76140 668.64486 9
e 90.15255 960.36066 10
e 50.62230 639.13672 7
e 320.69296 1058.76774 13
e 303.60311 881.47432 9
e 586.94706 460.82496 6
e 117.78032 628.70265 9
e 581.38597 153.85005 5
e 13.50407 700.21816 11
e 298.38288 452.32031 9
e 185.20254 611.06663 10
e 147.13072 359.68026 12
e 276.57152 319.23798 5
e 592.28363 1009.56825 7
e 354.66553 945.24027 7
e 18.53662 387.69993 8
e 272.74152 683.88510 10
e 655.21934 413.28194 11
e 37.02283 777.22440 7
e 305.45652 691.17400 9
e 230.26291 266.58102 11
e 34.59241 339.51833 9
e 691.22488 938.95302 11
e 430.16398 80.82499 9
e 304.74259 422.82519 8
e 561.94957 510.95293 10
e 114.49141 49.85006 8
e 176.71291 193.05257 10
e 469.36798 792.18391 6
e 166.53319 499.45982 10
e 265.54404 572.28466 7
e 447.84390 686.79924 9
e 667.59484 714.77640 8
e 570.57786 50.54651 10
e 211.77661 349.30631 9
e 369.27464 887.74318 9
e 86.18373 122.99687 10
e 311.60200 651.65484 11
e 322.82002 369.50063 6
e 110.85001 291.50011 9
e 50.80526 969.11109 8
e 634.24148 29.04321 6
e 198.91982 424.24231 8
e 53.79783 278.94701 11
e 91.32514 162.94779 7
e 114.60177 699.82775 8
e 614.21306 138.95233 7
e 549.66410 12.07434 8
e 183.10703 820.26987 11
e 479.24367 996.23497 7
e 646.85178 809.56472 9
e 185.20726 419.98039 11
e 51.10812 341.01221 13
e 37.52321 704.84416 11
e 450.43751 34.34985 6
e 43.80242 611.10238 9
e 695.65320 809.83365 5
e 391.06054 975.90505 11
e 575.56020 807.66041 11
e 595.22829 613.93260 7
e 223.02655 952.75894 5
e 385.39313 443.56624 8
e 519.50497 519.05639 4
e 62.51177 366.75827 8
e 365.59920 517.08482 10
e 564.81292 1003.91894 8
e 521.83239 748.28816 10
e 89.28255 320.19421 7
e 75.92257 1067.21187 7
e 373.62967 973.85982 21
e 658.43234 527.23897 14
e 316.93624 1063.51174 7
e 197.15960 151.13714 10
e 415.21983 399.88275 10
e 154.20722 322.33396 7
e 526.73810 1011.66211 5
e 118.27296 760.41230 7
e 628.53152 222.14205 11
e 228.46150 330.52087 8
e 410.34896 1055.70076 9
e 533.76399 593.82643 6
e 61.29810 518.95477 12
e 656.52549 920.32358 8
e 367.38545 694.76768 11
e 77.60635 151.08818 12
e 171.12715 784.67549 8
e 652.05051 790.16232 9
e 170.92525 850.43446 9
e 195.74401 1033.04934 8
e 676.15542 209.60532 6
e 621.19689 994.46208 14
e 316.05060 111.87004 4
e 632.89528 865.64593 9
e 272.55559 590.94388 10
e 536.80376 140.60394 6
e 442.17852 849.79688 7
e 598.87291 433.55895 7
e 347.26645 982.76093 8
e 364.86675 969.89056 6
e 624.30796 581.10644 9
e 302.14785 686.36738 10
e 384.79488 392.08407 11
e 308.67921 1068.44735 9
e 444.47421 218.24092 7
e 137.94150 13.72536 10
e 625.61175 393.46706 11
e 338.34773 231.55392 11
e 11.85847 141.00724 8
e 698.77186 970.45101 4
e 285.92084 391.34395 14
e 392.82644 78.22520 7
e 451.09688 202.60810 10
e 152.05997 115.59707 7
e 213.59077 1025.61217 13
e 289.81265 64.70848 8
e 511.03485 305.37730 9
e 513.81010 1066.67680 9
e 565.95247 437.57258 11
e 192.34637 649.68858 5
e 459.63400 352.56989 7
e 350.88748 916.60693 6
e 596.90802 769.74586 11
e 604.88802 971.35126 7
e 501.43336 900.34903 12
e 497.88731 658.11378 20
e 609.48008 606.05303 6
e 568.24416 68.48861 9
e 424.04706 253.45590 9
e 610.73416 777.69077 4
e 155.26814 292.39846 8
e 321.92325 1055.10176 6
e 618.27227 1061.06247 7
e 78.87714 680.89486 10
e 20.38360 303.71110 9
e 536.29675 73.19020 10
e 377.71013 204.41577 13
e 240.36967 33.47345 6
e 655.58817 74.15739 6
e 549.36582 630.76510 9
e 515.67402 23.88443 12
e 497.44426 366.72384 10
e 158.91049 185.17688 12
e 301.61807 925.48176 10
e 256.02173 867.27938 12
e 72.64168 1050.35006 11
e 142.16464 216.19254 5
e 110.93050 246.30594 6
e 250.18490 727.25743 12
e 299.25953 954.51767 10
e 591.79988 479.81622 13
e 386.56426 322.00828 11
e 509.83814 867.67339 10
e 302.45140 570.28287 7
e 95.44701 889.91451 4
e 175.99477 569.16984 13
e 75.14460 520.39445 8
e 441.63313 274.13000 8
e 634.14556 913.91051 7
e 660.47156 423.56334 5
e 115.11748 281.89186 10
e 289.69868 32.96399 10
e 232.32612 25.51563 10
e 671.48808 445.62108 10
e 511.37198 801.67598 7
e 567.46590 69.20669 9
e 134.74970 553.50643 12
e 352.21310 447.22584 9
e 578.05639 382.79091 16
e 76.52634 1062.94582 13
e 622.74073 1029.84116 4
e 169.66200 773.52923 11
e 530.80485 99.17089 13
e 304.46542 529.46301 12
e 566.93235 1009.45988 7
e 369.69038 1021.32807 14
e 599.28911 738.29844 7
e 589.25242 384.33311 9
e 343.54370 507.37133 4
e 231.81699 467.84482 10
e 504.25650 411.99249 9
e 236.17685 126.93680 8
e 98.52614 843.73367 11
e 174.04506 327.41264 6
e 199.12475 606.93629 14
e 486.21007 644.03894 12
e 265.54199 70.90666 4
e 318.69205 497.19602 10
e 157.32034 987.22505 9
e 104.00535 954.54143 8
e 282.93051 321.20089 8
e 331.22647 123.61220 14
e 204.77358 493.40024 5
e 295.10418 240.58936 12
e 354.46472 853.37446 10
e 157.89151 212.13062 13
e 510.32805 837.38200 12
e 290.94127 411.91448 8
e 390.26430 270.30322 8
e 674.01873 644.32160 15
e 176.06095 678.73741 7
e 104.64194 751.02656 7
e 63.25506 245.48983 12
e 126.21712 877.15568 11
e 139.07591 113.72992 8
e 367.09052 753.33800 9
e 238.43459 913.01556 9
e 288.18476 1024.57618 11
e 405.62078 552.12607 9
e 128.10755 194.78084 9
e 440.84981 349.76837 9
e 469.78323 698.37878 7
e 279.26312 532.40436 7
e 555.93682 151.55616 5
e 677.58908 977.43435 8
e 307.67460 552.45692 10
e 211.89711 708.37366 6
e 658.35123 701.17456 12
e 500.22902 228.12404 9
e 599.33677 672.51264 13
e 194.59360 325.24186 8
e 543.74128 664.29065 11
e 704.07673 567.15860 8
e 166.27955 835.30021 9
e 300.37703 652.76466 7
e 400.81704 849.47079 7
e 137.13820 1043.01424 4
e 572.61138 1063.76750 10
e 378.06216 581.22858 6
e 29.10677 566.02378 7
e 672.49731 578.29839 12
e 320.93455 31.47442 10
e 313.73404 647.49430 15
e 160.45586 880.73391 4
e 363.21258 719.58859 14
e 409.94164 713.47607 8
e 525.15396 371.16106 7
e 587.48119 711.86101 11
e 319.38219 368.16336 9
e 175.85809 807.14152 10
e 49.16239 823.82911 8
e 214.55128 161.96985 8
e 505.24548 163.18933 7
e 673.17902 172.25492 9
e 428.66964 691.24546 12
e 548.87020 468.48836 9
e 14.75862 13.57903 8
e 240.20236 477.40187 15
e 492.56880 116.60320 5
e 418.68594 780.38112 12
e 561.75080 590.17684 7
e 159.23360 409.39572 10
e 232.60194 846.21151 9
e 432.28678 735.82613 10
e 512.42107 711.45315 6
e 78.76965 294.38190 9
e 356.83427 642.58759 11
e 468.18827 201.26036 9
e 440.36536 80.17454 8
e 566.64421 574.56347 9
e 208.80110 834.15352 10
e 12.16877 795.64630 6
e 77.23459 709.46840 8
e 224.80926 925.85811 6
e 197.59087 261.42828 16
e 578.91257 1026.66012 6
e 538.02059 179.73933 9
e 229.42173 468.36104 11
e 569.90887 977.09057 13
e 179.79943 509.69504 7
e 21.76590 760.75965 6
e 503.40121 599.83986 8
e 480.69020 894.06514 16
e 112.87350 143.54222 9
e 44.80399 66.91037 7
e 500.46597 590.80506 8
e 501.43296 972.04532 13
e 709.22919 304.22722 9
e 361.40345 184.27882 7
e 286.65905 839.30765 13
e 158.78981 213.22933 4
e 568.95709 49.16015 12
e 430.12397 115.47817 10
e 134.71298 939.88382 12
e 599.48597 336.97337 9
e 163.01818 967.68288 7
e 355.39136 945.51627 5
e 320.71729 658.62177 10
e 255.69046 610.91139 7
e 159.08294 464.01056 8
e 321.25551 888.89610 8
e 27.58785 994.87624 8
e 654.31803 315.44943 14
e 31.46576 463.82571 11
e 548.30089 770.72430 12
e 420.58344 618.06768 8
e 361.70570 521.35368 9
e 586.31116 690.73740 5
e 85.99672 1033.46938 10
e 192.91252 154.65442 6
e 229.03400 568.96032 12
e 510.41521 184.68034 8
e 673.19899 540.75989 4
e 149.57054 768.44333 7
e 371.73743 533.77396 8
e 531.19910 978.98150 5
e 47.26196 477.71664 8
e 422.35716 402.18835 6
e 224.57022 193.33198 9
e 227.85463 383.60400 7
e 286.81714 1051.30075 6
e 196.11059 88.30273 8
e 282.98517 466.56986 12
e 135.75268 285.64747 10
e 257.68706 176.56579 11
e 20.32710 527.22827 8
e 551.83654 457.04250 13
e 73.90883 503.49131 15
e 588.33238 925.56892 7
e 693.74894 362.16440 6
e 79.73130 417.04405 11
e 688.23072 405.66841 10
e 385.46981 449.44357 14
e 411.93703 388.36477 11
e 432.02721 38.78295 11
e 330.47719 533.58258 10
e 378.26213 821.85272 10
e 415.59673 1066.41949 9
e 415.16293 423.44636 12
e 343.20920 461.18893 9
e 162.75647 923.81883 13
e 501.59052 1064.48574 10
e 623.97423 270.86390 6
e 649.35827 402.82744 13
e 17.11205 379.61447 11
e 412.67177 500.65128 8
e 122.60920 575.46350 12
e 97.60924 573.88102 8
e 177.81830 857.26941 9
e 304.68638 57.04497 12
e 659.55832 560.53788 4
e 324.60056 339.18601 5
e 265.84792 136.10849 10
e 392.54541 323.55542 12
e 705.46506 245.23009 4
e 695.36957 732.93683 12
e 585.31009 148.35074 7
e 138.45805 857.67339 10
e 64.29122 431.80509 6
e 624.17889 962.90925 9
e 593.35997 859.23026 10
e 490.51546 274.14393 13
e 337.27101 93.17966 10
e 508.69319 611.61138 6
e 77.83044 569.26065 8
e 430.71225 985.76536 11
e 284.00613 150.94105 8
e 431.24799 484.61786 7
e 653.49030 289.30541 6
e 349.70997 430.39714 11
e 652.70910 750.72318 11
e 90.39511 844.49935 4
e 489.09946 359.90695 7
e 559.14411 664.22910 6
e 439.52085 239.92112 8
e 588.51424 898.36226 8
e 699.29525 485.47331 7
e 706.75095 532.53369 14
e 60.74034 231.04017 7
e 534.27578 628.99091 7
e 689.81061 708.30039 8
e 596.50718 445.41215 14
e 363.27562 979.33132 11
e 478.12058 643.80728 8
e 196.14574 911.44861 8
e 530.38214 363.94779 11
e 93.52063 748.06988 10
e 691.99878 640.64435 10
e 247.94910 657.78343 9
e 536.84451 275.67987 6
e 195.77019 857.10520 10
e 583.03449 540.77084 7
e 330.19856 329.11697 11
e 124.07446 251.68546 10
e 271.87611 110.36690 7
e 401.97126 1059.60701 7
e 292.22332 241.06471 10
e 480.92926 388.54003 11
e 152.34913 44.25693 8
e 447.93815 594.51936 6
e 331.49521 387.62036 11
e 561.16808 609.73705 5
e 175.98377 617.56102 12
e 405.25783 346.92991 12
e 14.74529 576.59342 6
e 670.64449 741.55593 6
e 133.25480 290.44417 12
e 626.01527 1040.68698 13
e 127.12447 662.12526 7
e 595.41104 478.21041 12
e 433.32083 103.64955 9
e 678.88999 321.15424 10
e 580.71258 15.37100 2
e 508.38133 902.68336 14
e 300.79586 193.44784 6
e 427.92180 429.30760 8
e 630.69459 281.89050 8
e 606.99298 842.57345 7
e 626.33097 885.19036 9
e 106.37612 503.75964 11
e 480.29830 108.29955 7
e 534.39791 577.88556 13
e 662.23795 318.67808 9
e 394.88010 1038.30238 7
e 414.86075 935.18367 19
e 116.41747 98.70856 9
e 86.42447 392.15154 9
e 352.97599 627.18788 8
e 259.14716 93.78161 10
e 680.95156 246.40744 8
e 142.92521 647.83364 8
e 676.90355 909.71036 6
e 68.99219 365.67018 8
e 183.40288 941.88501 9
e 395.68160 626.38213 5
e 312.53321 564.77233 7
e 704.19861 106.20188 6
e 325.54610 304.01289 9
e 162.25609 492.22869 11
e 418.58502 1048.92130 10
e 100.41824 661.87178 6
e 475.97018 131.92699 7
e 532.95997 670.35443 9
e 407.52680 419.01524 11
e 217.26673 996.84980 8
e 652.12764 619.18894 7
e 694.68856 42.25786 10
e 446.77821 604.78672 9
e 36.74124 102.79044 6
e 519.51573 902.57868 10
e 327.62794 117.33302 12
e 143.13653 859.44402 9
e 494.71719 779.60186 14
e 667.98302 691.76645 8
e 199.29911 86.96725 11
e 309.51490 706.35436 12
e 370.40248 517.89173 6
e 80.42910 75.16174 11
e 292.88205 757.34470 8
e 659.54773 464.47798 15
e 91.73485 286.45448 6
e 294.25002 766.53081 6
e 499.31023 278.57155 11
e 213.29094 202.85382 9
e 287.02204 637.61880 10
e 572.06480 37.69489 8
e 335.56345 1049.84189 11
e 233.77769 895.15913 7
e 518.71416 441.58353 11
e 306.47669 581.15616 8
e 305.39013 14.37268 10
e 48.06660 342.11263 14
e 71.62492 515.21521 7
e 82.91913 788.73844 11
e 143.35825 183.79387 7
e 431.19365 519.64900 18
e 276.59738 813.66440 6
e 589.29830 349.40171 13
e 301.73525 928.80213 7
e 34.64354 555.91385 9
e 479.78444 260.86306 12
e 699.88641 847.23455 6
e 342.79785 130.13143 10
e 44.27315 412.34533 11
e 34.35760 98.70657 8
e 213.22044 281.21719 10
e 264.75260 172.02036 11
e 565.32906 621.42924 6
e 108.76069 370.29711 12
e 647.15516 361.80012 8
e 301.52965 145.74317 8
e 444.44619 955.85063 10
e 202.66460 810.21814 14
e 46.06166 468.16801 14
e 653.65853 995.43077 10
e 508.29842 11.68329 9
e 625.64980 465.68193 7
e 295.40242 586.01941 12
e 543.66057 595.40521 8
e 153.73403 361.81778 10
e 425.43162 509.91191 6
e 124.86410 276.20209 10
e 663.23322 246.89299 10
e 56.00298 184.15741 9
e 346.15872 1035.15592 6
e 538.81219 107.85203 6
e 186.37977 215.30292 7
e 114.16014 555.26389 5
e 435.53558 109.95326 7
e 319.41716 280.90539 13
e 282.65972 428.37230 9
e 589.43531 619.62120 10
e 663.75892 1016.20719 13
e 598.92664 907.72292 7
e 603.67496 875.23575 16
e 266.02902 363.04479 10
e 522.83912 25.25207 7
e 496.52073 919.46465 9
e 132.19303 40.63793 21
e 148.09301 898.51707 10
e 244.03343 312.44037 14
e 301.13735 537.31002 7
e 302.49530 604.56754 8
e 418.94119 76.40068 8
e 189.03933 361.36200 8
e 517.56860 803.09068 10
e 475.80357 941.01286 9
e 298.52204 857.27083 13
e 374.34072 680.27545 9
e 398.63344 487.22771 9
e 541.47298 675.53322 9
e 312.61409 946.86383 10
e 400.89557 548.00690 12
e 301.95955 738.40277 4
e 610.36390 149.87279 13
e 263.74011 52.30393 9
e 549.45567 485.14965 7
e 539.29527 906.49725 6
e 709.35038 108.73177 6
e 173.55913 674.29432 9
e 626.43402 85.40008 10
e 514.64463 568.55113 15
e 276.82340 531.81714 9
e 693.38663 757.71532 9
e 55.39533 857.95321 5
e 77.51878 300.55086 6
e 585.82450 96.74396 10
e 469.93187 573.49381 7
e 384.05769 802.95310 6
e 14.50019 894.74010 14
e 530.35471 805.65120 9
e 239.89112 460.10565 8
e 600.60317 414.50208 9
e 622.43226 332.88487 13
e 675.72910 770.69761 9
e 676.04376 35.44654 12
e 377.38617 143.48276 7
e 316.90474 925.84147 11
e 420.44436 577.88426 8
e 335.26002 573.36191 14
e 35.44114 223.10042 14
e 314.55245 381.46436 12
e 12.96879 38.50317 8
e 704.09241 358.91674 13
e 43.30472 869.08929 8
e 691.18435 736.46534 10
e 131.84559 1000.84700 9
e 587.41402 812.11803 7
e 367.39653 648.65244 7
e 511.56246 683.22732 10
e 229.71483 959.63944 6
e 373.75141 377.91345 3
e 332.34756 226.98737 16
e 626.89654 448.45129 9
e 73.14142 85.57194 8
e 470.81823 624.82513 6
e 639.22670 755.23711 11
e 120.48207 839.57372 6
e 529.65519 617.48853 9
e 709.10766 955.15296 10
e 493.91745 558.57443 9
e 680.57323 39.99702 7
e 490.77835 965.32580 5
e 117.96285 862.16045 8
e 233.29078 1001.48757 8
e 207.66124 922.37765 7
e 388.23013 353.61336 7
e 601.98759 91.23813 8
e 690.58197 372.56069 12
e 484.81960 856.61873 11
e 414.39334 915.63348 7
e 665.87078 97.10010 11
e 461.36436 201.26987 7
e 618.78144 271.15180 10
e 156.32978 1046.38225 10
e 604.88374 611.08203 6
e 650.93598 276.31738 6
e 320.17814 648.20311 8
e 127.98851 507.79694 6
e 219.87941 148.07191 17
e 194.75584 877.37852 8
e 115.27330 445.95793 10
e 353.92813 457.78893 8
e 211.12907 932.13479 9
e 138.84234 934.06517 10
e 322.99563 163.53482 10
e 642.34606 491.05481 8
e 148.42056 533.00906 11
e 641.44354 795.10815 8
e 207.44686 868.34936 11
e 358.05595 541.45301 6
e 249.66821 33.61609 9
e 70.51878 770.92401 8
e 698.91372 259.08902 10
e 108.45604 781.65216 11
e 586.88873 466.88528 7
e 222.55884 418.50097 8
e 609.26968 674.79075 9
e 179.55040 193.60676 11
e 369.89335 393.13761 8
e 168.48814 645.83194 9
e 398.99792 590.50952 6
e 269.21737 779.85680 5
e 231.60925 420.92502 7
e 203.81656 148.42460 10
e 489.31218 722.15347 8
e 696.53570 1052.59212 18
e 241.78165 517.94109 14
e 254.18576 284.22270 10
e 137.41517 898.86329 10
e 76.69937 116.09588 13
e 58.94913 900.10236 10
e 616.10579 882.29294 9
e 576.10445 798.04478 14
e 275.41045 1002.85973 9
e 319.25506 332.45722 9
e 479.71181 98.67419 11
e 428.85313 245.43163 10
e 662.99863 1006.54662 7
e 584.49737 402.58099 5
e 587.66971 936.30441 12
e 17.08554 711.55102 9
e 86.20871 814.81269 7
e 660.19716 925.73745 6
e 427.43218 730.31791 9
e 189.34557 251.23277 11
e 613.20904 845.74680 8
e 354.33017 560.41845 11
e 445.49556 510.60387 16
e 568.74332 797.37627 16
e 315.95140 840.97850 11
e 133.93277 700.75487 9
e 456.89916 611.36997 6
e 266.66153 347.46046 15
e 609.54815 190.88211 11
e 588.70092 21.13332 9
e 140.37312 280.26275 9
e 459.59523 722.64989 11
e 388.03046 270.71870 12
e 621.00980 965.54513 7
e 176.13990 733.19235 10
e 403.75293 588.54239 6
e 327.08183 822.91673 9
e 633.15836 89.19437 11
e 431.14199 892.48874 6
e 574.78091 804.08132 4
e 381.14406 161.46839 9
e 477.87758 242.26234 6
e 480.58828 1004.52907 11
e 563.88745 735.53581 6
e 461.17878 385.85989 14
e 534.78462 1029.77777 7
e 264.64477 739.91233 8
e 578.03031 578.38605 6
e 493.09211 300.56403 9
e 612.84081 843.43033 9
e 23.07043 500.45867 8
e 465.43522 573.89912 10
e 598.60340 253.80680 8
e 667.26354 270.73505 6
e 163.03169 368.35066 4
e 37.04235 996.73577 7
e 541.43315 555.10146 13
e 567.76285 862.45963 16
e 166.29874 773.14680 5
e 77.89135 699.38325 6
e 44.26718 300.25324 8
e 640.33488 765.26161 11
e 324.62888 690.31712 8
e 512.12649 12.64633 7
e 615.79919 838.37442 13
e 615.55926 424.42206 14
e 490.22689 823.82851 6
e 114.12854 343.83077 14
e 202.44142 676.01970 5
e 382.80222 603.97890 7
e 641.31271 700.90297 13
e 467.84690 57.30095 10
e 461.64379 37.28023 9
e 179.48318 128.38237 9
e 283.08700 768.96159 9
e 428.07692 685.48464 10
e 255.18593 977.13389 10
e 187.15323 974.74417 7
e 570.75923 687.69266 7
e 445.91840 1046.21849 12
e 358.05454 575.64683 11
e 340.67578 851.71215 13
e 15.99081 634.41184 9
e 700.22390 96.11005 6
e 52.99439 180.59511 10
e 501.62136 11.24142 7
e 302.74441 902.24516 10
e 403.31160 394.78836 9
e 569.77480 71.24950 8
e 228.02976 589.11644 9
e 259.02611 15.71030 2
e 552.05500 970.81451 17
e 494.78030 476.76442 11
e 680.60019 1024.83238 7
e 257.38538 557.27462 8
e 253.01851 762.35293 11
e 167.42553 844.27670 7
e 459.92345 381.81829 9
e 199.00791 692.99057 12
e 568.49482 252.37231 10
e 679.61385 92.50089 11
e 564.13288 472.00565 10
e 236.48206 757.02151 10
e 387.05103 429.41802 4
e 369.76845 560.92999 9
e 449.86322 495.80106 5
e 82.11585 658.06144 9
e 107.50462 905.41757 7
e 581.17364 626.44516 7
e 670.42013 80.75305 11
e 167.04609 919.73365 11
e 694.80478 118.53391 9
e 433.82231 440.53932 7
e 223.61320 673.18329 7
e 584.86941 178.63314 10
e 690.41471 538.50488 5
e 172.46144 779.96439 10
e 562.46452 261.92227 9
e 492.77714 494.21644 7
e 461.22689 1005.58095 7
e 43.46191 253.10824 8
e 465.49075 285.50077 10
e 564.38758 313.79547 9
e 20.70392 714.77536 10
e 452.98128 730.94592 11
e 212.44637 179.43235 8
e 702.61271 848.57684 12
e 214.53815 624.45665 9
e 508.30261 105.37192 12
e 252.49629 474.55739 20
e 317.45852 737.91214 9
e 17.73620 216.01277 4
e 452.74503 291.88228 7
e 634.51785 68.81244 10
e 255.55313 889.56957 11
e 421.14696 43.67740 14
e 560.74213 12.07415 9
e 17.62644 719.48347 18
e 597.24678 822.88203 14
e 181.86358 990.69780 8
e 606.09754 733.50218 11
e 219.08493 276.57519 9
e 66.60318 497.31762 8
e 64.78070 100.99664 11
e 341.72147 1038.48013 10
e 160.87689 788.56591 3
e 468.98483 1010.33976 8
e 148.72993 319.91240 7
e 151.14086 44.82154 9
e 301.21895 155.38026 15
e 537.82573 953.45218 13
e 328.32457 437.32845 8
e 368.64314 441.50520 10
e 164.46425 928.42313 6
e 470.24950 209.16714 5
e 531.42181 77.52420 10
e 122.62433 934.34318 5
e 163.44139 390.47321 8
e 635.45815 424.67632 15
e 321.06216 782.08122 8
e 420.36045 556.19662 10
e 275.92696 262.91974 8
e 683.12956 890.13650 12
e 355.88588 593.06829 5
e 235.89079 305.18076 8
e 244.64767 1051.30178 7
e 412.65248 307.77821 10
e 326.06838 681.02994 11
e 77.46018 983.59904 9
e 236.89606 287.87169 5
e 530.75812 509.69638 14
e 599.86059 149.43732 6
e 159.67457 465.83504 10
e 525.24311 66.95414 13
e 75.51561 600.52992 10
e 557.18553 291.80517 10
e 209.45061 310.24131 12
e 142.79626 458.81931 9
e 284.66443 216.89025 11
e 166.22014 305.59515 11
e 148.09733 956.20663 5
e 69.22033 141.83804 10
e 495.10869 150.57282 6
e 574.18425 546.47093 8
e 72.59667 791.29188 14
e 39.04150 366.51884 7
e 82.96172 763.46825 11
e 558.41843 69.46859 10
e 569.12019 1020.74135 8
e 544.63836 1049.25454 15
e 504.64563 642.63000 6
e 470.55840 1008.50426 7
e 58.54028 603.77472 8
e 531.29473 221.25086 10
e 212.95937 819.78971 8
e 556.47401 701.06143 12
e 381.83247 226.46694 7
e 570.40881 160.16392 7
e 679.81692 311.71959 13
e 390.72830 1029.28731 6
e 673.72377 618.19807 7
e 604.73350 746.89847 12
e 107.92708 858.80853 6
e 310.55607 188.38071 12
e 595.31984 557.77237 17
e 327.97612 687.37237 9
e 103.36603 909.06450 8
e 116.85521 326.11307 9
e 384.37188 294.81852 7
e 679.28504 794.56208 9
e 66.96786 613.99865 10
e 468.92219 518.34118 9
e 429.17135 198.75671 11
e 171.68851 555.34153 9
e 69.38673 92.43268 8
e 482.44328 386.60042 7
e 688.79739 744.74822 8
e 232.30103 415.10319 7
e 341.59351 286.64224 8
e 267.93217 822.29856 10
e 476.77638 107.58345 7
e 63.05925 32.03586 8
e 223.73544 813.93672 5
e 89.44216 550.32528 9
e 132.09017 406.43584 9
e 249.05530 872.53469 6
e 556.82669 581.72488 9
e 540.21374 122.63877 8
e 420.20462 371.03706 5
e 330.44409 1026.04582 15
e 305.80918 688.46526 9
e 361.10510 377.42220 8
e 37.48404 224.24727 11
e 282.55197 156.21441 9
e 117.87252 39.00509 13
e 376.49504 994.06342 6
e 295.24229 307.50645 6
e 703.70457 25.87205 12
e 91.74309 532.18699 9
e 454.39769 993.93886 6
e 691.42959 579.07061 8
e 358.68753 44.10212 8
e 447.48058 996.15134 10
e 142.09871 646.79799 9
e 255.82848 11.22507 7
e 589.95954 654.01522 5
e 639.61523 286.66384 11
e 708.44404 481.37439 9
e 177.76490 383.12931 6
e 88.31622 841.31037 13
e 590.74773 823.30585 15
e 405.64846 95.74190 10
e 549.41847 992.62137 7
e 264.11087 539.41462 8
e 68.25289 369.01227 11
e 109.75734 905.49167 10
e 659.83441 906.05910 9
e 261.60973 813.81758 7
e 653.66349 259.53847 11
e 479.03683 647.42334 9
e 234.81043 209.33440 12
e 237.76478 1020.68877 5
e 171.13442 1036.91283 9
e 427.02141 462.83903 5
e 457.68552 725.41018 10
e 73.55338 893.17268 13
e 479.64908 25.99716 4
e 190.70545 661.24473 8
e 169.35389 164.24761 11
e 402.67666 749.20331 9
e 230.74873 986.77692 12
e 487.24087 948.15957 10
e 417.51688 898.26319 15
e 96.57228 954.23334 10
e 208.69531 272.50484 6
e 28.30686 847.83649 6
e 629.64857 42.22328 12
e 312.13564 797.57590 12
e 296.44195 559.32416 9
e 16.50875 774.88235 11
e 376.41521 752.96482 13
e 14.10535 1027.55139 7
e 326.81767 24.76052 13
e 619.21448 32.85992 10
e 129.92490 787.06165 8
e 452.08241 445.15520 7
e 137.67431 377.12921 8
e 324.83669 210.35084 7
e 665.10609 197.32811 5
e 560.36075 574.22893 7
e 123.81010 51.72543 6
e 550.22297 848.75021 2
e 666.60670 560.92351 9
e 64.36087 24.12618 7
e 655.33369 1066.66213 4
e 79.93094 308.80721 7
e 237.03118 992.14865 11
e 648.47142 837.78291 13
e 656.14142 672.84769 12
e 257.78814 60.11591 6
e 452.85472 662.16346 9
e 16.46225 882.79551 5
e 116.02793 704.42861 9
e 99.57387 464.64291 7
e 647.68666 431.92062 10
e 569.52952 152.97696 13
e 122.93516 868.48115 14
e 49.20742 593.64743 11
e 562.64305 487.85235 13
e 608.84343 764.55043 5
e 195.36401 986.31610 13
e 647.49378 419.93318 9
e 661.01380 832.92282 11
e 302.82409 543.79737 7
e 22.65426 258.94927 9
e 510.98956 1020.23728 10
e 396.03402 638.00282 7
e 638.92703 655.25422 8
e 46.80225 760.51960 4
e 559.71000 25.19743 5
e 33.65415 979.46108 7
e 303.85009 327.81291 9
e 634.32747 1025.31576 5
e 421.63346 308.25306 15
e 21.60786 157.49640 13
e 73.82616 975.39300 11
e 546.46025 795.57030 11
e 549.05976 590.67234 7
e 378.93279 177.20638 10
e 676.13307 75.46299 8
e 600.47533 893.00786 14
e 701.42847 775.86677 3
e 381.87394 354.69259 6
e 257.88009 299.48954 6
e 650.89674 903.69749 8
e 696.55525 202.03947 6
e 118.90397 389.61621 12
e 216.20195 1006.37474 17
e 661.32021 131.81249 19
e 590.49992 644.19343 4
e 362.58497 827.50865 8
e 457.94081 513.71089 9
e 275.42364 952.02743 11
e 610.35668 1001.25528 10
e 120.34735 902.73890 12
e 257.88805 947.91692 15
e 644.44559 39.09167 7
e 476.39492 177.80904 8
e 366.93416 520.66910 6
e 307.08251 629.49724 10
e 500.55241 727.51531 6
e 562.56375 195.52757 6
e 436.12535 496.34493 8
e 302.06825 706.98547 9
e 349.09767 335.94205 10
e 535.22491 830.11900 5
e 440.67391 809.88486 8
e 271.58684 317.22661 7
e 130.35200 93.24155 7
e 363.63114 429.71956 11
e 362.15662 124.16582 14
e 338.74703 552.18654 9
e 39.60077 498.52665 11
e 207.47746 165.81908 9
e 421.53556 348.06372 8
e 15.61209 1042.86774 15
e 689.52723 762.19361 9
e 456.33271 910.53621 7
e 546.59361 464.07380 2
e 130.88081 312.37266 8
e 447.05598 835.51294 4
e 524.08252 1007.27597 14
e 409.26620 752.64721 10
e 210.39426 474.25631 6
e 470.18557 284.16330 8
e 671.42103 296.24265 10
e 566.76994 263.02019 9
e 350.14071 702.13475 6
e 278.73667 760.83195 9
e 182.60029 855.81452 12
e 133.97943 63.40414 9
e 250.23189 579.11945 7
e 529.90137 250.40187 9
e 125.64358 771.80791 5
e 404.61809 30.70074 8
e 272.94159 202.49419 13
e 543.26075 130.18954 9
e 200.93361 800.24153 6
e 690.52941 436.94449 7
e 289.02763 787.18405 12
e 244.70961 752.24770 8
e 51.78119 280.29013 7
e 200.54284 136.27199 8
e 305.59973 393.55400 9
e 246.46003 468.56614 8
e 241.74384 447.34662 5
e 132.66264 866.91649 4
e 116.42139 154.73666 14
e 665.26318 68.16651 8
e 222.93658 274.14139 7
e 271.77594 1057.30943 4
e 305.90471 666.52772 10
e 394.55360 716.69755 10
e 608.66349 877.98394 8
e 499.67983 133.25681 7
e 177.13206 97.63701 14
e 278.41338 145.50433 11
e 415.97391 217.28467 8
e 647.17291 433.37163 10
e 426.02748 681.87039 5
e 338.37481 788.12716 8
e 291.09598 486.66745 9
e 432.02663 896.10997 10
e 485.70772 657.56586 8
e 61.67192 402.73800 14
e 632.18809 646.08501 11
e 704.24704 408.14070 9
e 369.38817 239.87732 11
e 530.68372 755.67404 14
e 271.25543 342.58139 12
e 491.91645 112.73512 12
e 554.07125 23.39625 5
e 231.50766 578.15790 5
e 261.46508 418.05623 14
e 294.65425 573.86048 5
e 477.08609 480.52902 8
e 360.57438 259.20950 13
e 358.32012 923.66948 11
e 660.22172 957.27357 4
e 37.30663 230.43569 10
e 320.60072 949.98725 14
e 82.65548 618.96409 4
e 650.61875 805.69523 5
e 550.14286 63.01261 12
e 329.58560 126.76970 16
e 549.60751 254.25629 11
e 421.38717 587.35715 11
e 649.50713 576.03785 10
e 609.42766 200.52147 11
e 571.83189 826.91825 9
e 148.64219 14.18059 6
e 655.51790 589.84028 10
e 108.47507 356.74827 13
e 178.51397 921.97274 5
e 456.78464 863.16528 10
e 137.13013 643.75241 10
e 216.80538 746.00034 13
e 458.61421 1057.89979 10
e 649.92198 400.34467 13
e 588.96785 753.41242 9
e 554.56160 530.11374 8
e 87.53413 922.38701 10
e 368.36174 631.97602 7
e 672.24492 827.15960 11
e 263.63137 949.11961 8
e 266.73500 338.20432 7
e 645.59025 273.61907 13
e 341.30481 122.21858 4
e 188.90138 107.90940 5
e 658.85085 40.36941 7
e 471.46495 999.16450 12
e 20.45235 11.83465 11
e 44.52930 48.83886 7
e 127.26573 149.83072 9
e 478.14465 63.02921 13
e 538.73771 252.07009 8
e 30.92889 303.00923 8
e 314.29622 326.21837 9
e 167.00714 808.11528 8
e 579.67875 762.65534 5
e 439.35204 426.46564 11
e 695.54002 812.10095 15
e 164.65507 471.86243 7
e 49.54767 814.32068 9
e 610.30427 833.39663 4
e 399.33561 910.70899 8
e 440.58114 640.54909 7
e 648.22950 537.15652 8
e 592.53396 959.29507 12
e 286.36829 674.05155 5
e 120.57377 792.97601 5
e 323.39917 151.75546 5
e 634.08508 1017.51521 4
e 403.52480 784.31272 6
e 239.20654 698.56370 6
e 462.32348 458.26563 9
e 59.41075 544.75904 8
e 54.65073 150.44397 11
e 673.81260 793.46225 10
e 551.88656 151.42962 7
e 487.56352 438.56017 12
e 407.80087 171.37356 7
e 333.45486 753.34614 9
e 467.83968 168.18258 6
e 631.07648 766.93778 14
e 186.16433 523.66236 7
e 244.82634 348.11832 12
e 16.24102 614.56610 8
e 19.06713 436.69901 6
e 618.26630 325.52645 13
e 264.19284 65.64260 9
e 229.53122 315.26807 6
e 512.56233 904.08282 8
e 243.25073 470.78857 5
e 493.83049 511.57544 14
e 502.78104 787.40761 11
e 290.12264 369.96855 9
e 125.60512 655.45918 9
e 86.64561 1008.71939 9
e 260.11710 273.64805 11
e 182.00129 271.31903 9
e 463.39355 386.70419 14
e 131.78952 238.35553 9
e 421.58390 316.26708 6
e 500.73353 121.76227 10
e 544.88611 539.25295 11
e 173.03835 103.09580 17
e 249.64476 576.23462 14
e 442.83859 841.15290 8
e 551.05102 418.54994 8
e 504.34340 51.70978 5
e 493.97224 366.11348 6
e 637.42156 626.09814 9
e 586.51378 723.31155 12
e 464.03962 307.94907 8
e 359.00869 467.14453 7
e 492.00178 1032.74567 8
e 302.68241 149.79144 10
e 210.16679 1003.64631 12
e 202.42997 722.91766 14
e 27.92133 534.60565 12
e 615.41832 454.15681 10
e 330.68952 401.57094 7
e 202.22333 874.72197 11
e 373.24526 164.08138 9
e 195.70570 174.63776 9
e 147.81192 50.41412 12
e 563.45164 380.96491 9
e 669.49534 306.22876 7
e 330.81797 463.60578 7
e 169.04250 632.61161 7
e 12.95999 511.37048 15
e 331.07906 83.86275 16
e 667.35709 488.77646 8
e 690.31390 275.89754 4
e 306.35437 535.50246 13
e 680.63536 719.76629 14
e 69.26016 847.74926 11
e 621.74169 733.47162 8
e 21.69501 257.17149 5
e 339.60238 93.28276 13
e 195.70677 309.43685 8
e 359.90516 801.42657 8
e 71.87783 888.04557 7
e 505.74425 232.33727 5
e 650.83874 327.12673 6
e 395.59004 999.18483 9
e 38.83757 441.87619 15
e 634.35544 345.99849 9
e 199.72535 1010.86407 7
e 653.92010 280.36641 15
e 198.93751 723.09981 4
e 292.35004 562.06724 6
e 230.58246 102.28335 10
e 158.23646 582.49173 9
e 93.08336 1048.15608 6
e 708.78340 46.85692 13
e 617.26432 620.73153 5
e 223.67382 856.11953 11
e 270.11092 854.85038 5
e 630.32481 775.26685 8
e 294.52215 538.67167 6
e 335.44742 415.26473 6
e 380.83954 456.05740 8
e 604.43234 41.18192 14
e 384.52419 611.76845 15
e 656.68036 866.39256 13
e 366.88085 911.29344 13
e 627.31988 104.63150 17
e 95.92216 184.44591 10
e 247.49371 999.42288 9
e 379.38522 694.47127 17
e 705.56317 399.67995 12
e 361.19844 1031.77834 7
e 533.11181 710.82678 15
e 254.13200 655.14380 12
e 666.91372 209.48344 5
e 11.75979 990.60722 8
e 412.45904 161.69035 11
e 395.75622 81.58830 9
e 471.40727 642.35067 8
e 160.84756 566.39733 10
e 399.09236 25.88744 14
e 190.19411 106.85964 7
e 288.34880 465.33745 10
e 166.70862 1007.31163 9
e 21.72420 802.55824 5
e 157.95967 528.47813 8
e 232.10874 356.72805 3
e 594.10538 917.85875 12
e 582.39667 27.90599 10
e 477.14916 861.36079 9
e 219.73428 83.07136 6
e 648.47081 686.80355 5
e 687.57350 971.92182 7
e 18.05334 331.16538 11
e 169.39083 175.25876 9
e 34.46522 1025.93443 8
e 348.23084 760.87367 8
e 271.49690 550.91154 13
e 462.02860 581.12385 10
e 502.50285 842.21783 9
e 110.68095 609.97613 10
e 269.54605 1023.73819 9
e 605.26784 412.22804 7
e 83.07928 644.08932 10
e 144.33435 1033.22140 12
e 413.93368 585.15518 7
e 709.25550 23.11417 9
e 482.71065 394.18339 7
e 587.12721 16.76332 12
e 496.96005 1007.21546 12
e 164.22002 248.97873 8
e 654.80991 194.46755 6
e 688.47840 680.36735 9
e 533.28019 741.75226 15
e 614.39706 395.42084 10
e 478.82509 73.26919 14
e 380.85660 749.52892 10
e 554.63054 674.55670 4
e 313.02700 486.59649 10
e 621.21607 174.57540 12
e 239.24900 248.60319 9
e 324.42671 731.88046 6
e 462.58665 800.77310 10
e 631.99170 521.85370 10
e 631.79569 286.44667 6
e 240.78425 693.95828 6
e 464.09818 1040.62747 12
e 268.88387 108.73321 13
e 407.71451 353.05823 9
e 323.49747 940.87513 12
e 207.67694 504.38652 9
e 308.75085 398.10345 8
e 302.06898 179.83491 9
e 587.29792 876.17662 5
e 288.41541 937.91228 14
e 311.71083 767.72850 9
e 83.69757 461.54323 7
e 491.12323 385.57274 11
e 118.91337 783.88505 9
e 191.56342 831.20168 4
e 346.94897 425.48774 6
e 29.01125 222.72223 9
e 697.72474 602.80888 6
e 532.93993 263.56556 7
e 595.69626 972.17971 7
e 57.63131 492.02886 10
e 685.26242 665.69742 19
e 422.51540 809.74190 8
e 463.92471 546.73362 12
e 541.27973 900.28142 4
e 50.58565 842.17396 4
e 390.16337 651.12118 15
e 135.85460 510.71011 4
e 57.72886 395.95743 10
e 50.69205 381.69395 9
e 235.14565 373.74140 3
e 304.80438 590.73256 9
e 283.09202 617.15092 8
e 116.44815 329.12224 8
e 165.39580 885.78150 14
e 630.91731 527.27651 10
e 502.49457 516.78606 9
e 379.09625 921.88327 10
e 523.59117 35.69086 10
e 709.66228 993.83965 10
e 343.33083 427.76683 11
e 51.88494 354.32769 9
e 487.40469 487.11827 8
e 368.09340 1009.23317 13
e 318.37720 750.77291 7
e 494.67462 875.27173 16
e 368.56810 931.29342 8
e 256.17939 796.41800 6
e 287.59924 631.17252 10
e 36.67995 997.05400 10
e 597.88289 729.21342 11
e 571.54884 465.38558 10
e 248.23583 115.40308 7
e 247.94200 651.08260 6
e 227.13789 734.72334 12
e 157.53813 997.73686 6
e 53.96585 959.93827 9
e 703.58131 898.46186 14
e 344.52775 526.80533 14
e 179.62456 542.37502 8
e 550.88208 155.18835 10
e 555.45913 450.65756 8
e 617.59934 214.54409 9
e 438.82054 64.49660 8
e 322.69690 58.82767 11
e 596.36784 293.75588 8
e 335.67456 708.85720 10
e 640.52815 366.89730 9
e 644.27050 335.87553 9
e 424.67079 802.32713 6
e 286.59073 178.22788 6
e 644.63053 233.79272 12
e 255.13087 116.82668 7
e 212.69755 795.19053 10
e 429.18830 1000.30991 7
e 71.64842 282.99174 8
e 631.17333 79.78398 6
e 333.49650 968.35525 7
e 304.15759 977.82793 9
e 222.79435 166.05089 10
e 612.01977 814.46818 4
e 172.74264 993.16921 6
e 49.16031 90.62495 12
e 196.96495 452.31063 9
e 118.90191 444.80422 8
e 217.57076 450.48652 10
e 435.86242 725.83467 6
e 157.36366 570.87942 7
e 484.83363 773.80478 16
e 217.43899 217.85638 9
e 264.69998 799.32570 11
e 670.96955 809.31063 8
e 361.82071 381.82619 7
e 382.99569 409.10801 13
e 310.97758 1058.51934 8
e 563.96720 730.32777 11
e 42.64028 469.29517 9
e 447.41696 366.57936 11
e 249.88551 205.48792 6
e 675.64876 522.46432 10
e 157.46274 481.21775 11
e 703.09731 358.36082 11
e 351.34963 989.65899 8
e 637.28159 716.11350 12
e 709.16202 836.18554 9
e 311.69856 653.87272 8
e 253.98359 656.58950 15
e 357.80486 922.01402 7
e 685.30026 557.14779 10
e 110.28228 78.43398 8
e 480.68305 611.10378 9
e 697.62451 524.64384 14
e 539.77372 629.86755 13
e 106.36299 692.69142 11
e 40.10207 251.61355 11
e 449.13246 276.00341 10
e 139.86392 233.82898 4
e 456.38231 380.63740 9
e 351.26455 383.28396 14
e 223.23354 211.73248 7
e 518.94543 598.10945 10
e 364.70729 297.01861 9
e 76.49183 949.39852 9
e 306.54298 673.03067 16
e 489.08270 280.16127 8
e 482.87600 919.50894 3
e 520.97883 660.40732 10
e 308.62821 872.96797 16
e 100.85982 926.95950 13
e 283.66177 762.80258 7
e 288.91075 612.53749 7
e 557.58946 254.01642 5
e 66.33884 1029.17997 8
e 479.25629 1060.80512 15
e 599.20744 210.16554 8
e 366.76242 994.14965 10
e 74.76405 127.57946 4
e 65.66178 859.55837 9
e 564.89276 702.95818 14
e 240.90564 626.27905 10
e 446.82164 331.27199 6
e 85.75393 731.58420 7
e 344.85294 612.12062 5
e 646.50050 78.61060 13
e 43.42494 259.09787 8
e 429.84881 895.60433 9
e 277.50107 567.00656 13
e 126.94239 339.29418 13
e 121.57120 606.05378 11
e 55.54295 599.41152 6
e 109.85217 984.15920 11
e 60.57446 1038.66207 8
e 93.04576 691.52087 13
e 182.89949 759.71660 8
e 559.26562 644.59644 8
