c ./output/rectangle/uniform/uniform-rectangle-7-1000
p rectangle 1000 720.00000 1080.00000
e 104.54074 690.79010 6
e 623.01215 656.75839 8
e 286.40242 366.09874 9
e 474.18352 765.98909 12
e 238.16048 123.84021 13
e 111.12954 388.23080 12
e 16.17434 131.40158 12
e 488.25961 808.45655 10
e 305.77168 912.36558 6
e 79.33629 1045.51414 14
e 85.74309 365.66426 11
e 644.28005 717.43010 7
e 290.95404 933.64937 10
e 160.40700 945.42133 10
e 143.24624 981.90484 6
e 194.56379 763.57607 12
e 707.08706 804.29798 5
e 102.60783 512.53534 12
e 366.36658 100.85338 9
e 292.74630 482.02430 12
e 630.88356 407.28648 11
e 701.70084 561.98459 8
e 32.39811 36.64536 10
e 388.60457 1049.26266 7
e 260.57600 617.37591 10
e 40.77528 784.80734 5
e 570.80336 295.13527 10
e 175.32519 306.39857 8
e 467.55987 316.40327 5
e 95.84751 855.18266 10
e 514.77329 185.90370 9
e 482.23778 290.11873 13
e 519.99607 599.97611 9
e 145.71166 611.03264 11
e 648.00612 1006.94345 4
e 239.67913 733.21579 8
e 189.88157 854.14741 9
e 59.20198 124.58357 7
e 119.32218 521.31618 12
e 232.30283 648.86362 11
e 556.65668 761.59863 6
e 479.95888 882.28602 4
e 475.76689 1036.23846 6
e 509.93716 273.56104 8
e 690.94320 219.79673 14
e 37.70844 382.08531 6
e 577.70308 634.42397 13
e 629.40822 46.94004 8
e 625.65154 777.54656 10
e 652.52234 1051.32843 8
e 705.77552 855.49142 7
e 100.47745 990.83774 8
e 78.14982 642.10501 6
e 499.49131 946.95518 14
e 145.24968 367.45544 12
e 130.27989 296.79984 13
e 274.89343 235.22593 10
e 425.16914 984.32265 13
e 31.83552 642.92030 5
e 564.46614 690.94548 9
e 203.36367 244.29941 10
e 535.80678 576.66063 7
e 526.87340 649.11698 8
e 610.96648 517.05633 9
e 420.61294 673.17895 6
e 386.60451 21.23990 12
e 282.65848 741.25402 6
e 220.75020 789.29994 9
e 96.90984 307.22493 9
e 184.75718 512.03199 8
e 13.18284 974.19100 12
e 299.50234 867.92789 7
e 384.62945 977.51445 9
e 361.15044 765.40015 7
e 47.01193 1015.47630 11
e 644.88124 339.48695 7
e 163.34851 56.71157 6
e 227.97246 489.95562 12
e 640.19026 700.32876 8
e 51.41061 708.27630 10
e 388.21789 887.17822 5
e 49.33587 964.24732 7
e 382.03760 873.01121 5
e 452.09644 466.19007 10
e 405.79567 853.80344 12
e 100.50526 170.86626 8
e 127.88801 967.81153 7
e 222.19106 427.28592 7
e 120.23658 166.17138 8
e 222.37209 687.91623 9
e 462.08327 879.97407 10
e 539.01650 512.93348 9
e 332.27813 521.95791 14
e 330.56458 1001.21301 10
e 515.60225 223.16711 8
e 47.07165 480.28376 14
e 27.35895 926.25360 11
e 266.64302 167.74728 9
e 474.89675 854.18356 9
e 219.33639 551.41761 6
e 366.76005 10.82461 13
e 671.97746 466.61833 12
e 539.52438 66.89942 10
e 538.50100 426.50586 8
e 219.42792 348.20741 13
e 664.58011 180.11437 11
e 350.46520 630.80068 6
e 287.35837 956.22275 5
e 461.33445 724.83111 11
e 329.94297 1035.43724 8
e 107.74123 356.05728 8
e 183.11588 848.29745 6
e 388.53951 448.77253 14
e 412.26371 57.91439 10
e 128.03670 742.37827 14
e 286.80442 679.76005 10
e 92.62606 680.40597 14
e 411.98077 270.73278 10
e 88.45137 577.73327 7
e 413.23348 608.53935 7
e 698.96636 978.46844 14
e 462.81457 358.43374 9
e 582.45849 540.44955 11
e 103.99171 680.17724 6
e 183.06417 411.41905 11
e 138.85749 838.15568 7
e 129.05282 169.37811 9
e 495.17608 780.44249 12
e 515.40935 755.49538 8
e 591.34091 394.24175 11
e 685.80965 562.55565 13
e 477.44483 45.50254 8
e 598.90782 193.23779 5
e 11.53540 547.45037 11
e 122.86349 1014.29652 10
e 671.40816 629.64025 10
e 492.14579 766.78329 8
e 304.27632 853.74220 8
e 80.29959 892.85414 9
e 278.10425 639.83852 7
e 396.50369 72.72499 11
e 528.07603 624.67492 6
e 159.14161 481.77966 4
e 286.57910 903.35118 10
e 391.81676 908.22891 7
e 247.72077 708.11266 9
e 708.92782 629.39646 7
e 681.23811 208.56885 9
e 302.41823 457.14236 11
e 527.60567 881.96848 9
e 440.54356 125.54885 9
e 488.34979 747.91523 11
e 351.80894 965.34914 9
e 610.83046 311.04159 8
e 677.92616 135.62431 11
e 399.41090 849.34616 8
e 367.69420 423.46743 5
e 305.69004 268.12023 9
e 470.97571 602.37094 8
e 128.59494 236.74600 13
e 390.63307 830.19436 9
e 352.67659 308.52163 7
e 59.10509 185.41436 10
e 690.63738 710.68919 7
e 641.30426 689.10694 7
e 499.76190 813.94394 14
e 672.63003 1011.02988 8
e 142.31789 297.48302 8
e 602.67614 465.21971 8
e 457.99238 659.00502 11
e 172.95051 279.28204 10
e 522.85480 71.31924 14
e 458.17731 643.94303 13
e 589.27621 441.70783 10
e 321.38553 59.79156 6
e 53.91122 51.25171 7
e 200.93695 690.13594 13
e 610.71141 518.06089 8
e 199.94539 1060.79296 4
e 342.06107 462.94361 6
e 461.60865 132.64846 13
e 566.63239 220.91400 8
e 237.24693 723.64283 15
e 556.35650 413.36107 8
e 194.73318 570.99063 12
e 551.33855 305.87176 9
e 156.29112 758.41374 8
e 112.06214 48.93697 8
e 192.54120 584.41506 9
e 80.34175 644.46536 8
e 21.64273 1009.99007 10
e 290.12749 300.50902 11
e 517.31216 874.72423 8
e 552.88841 915.58780 8
e 206.65194 234.22345 7
e 113.09470 569.44545 15
e 193.15564 126.62834 9
e 220.95805 520.49309 8
e 373.58263 948.52914 13
e 610.81679 847.55638 11
e 449.38091 498.62021 8
e 633.36233 914.50741 8
e 19.45045 849.62295 12
e 51.32114 405.80239 7
e 553.02556 595.81422 11
e 617.09304 491.91343 11
e 352.49643 532.92973 16
e 468.44700 688.37999 8
e 355.50312 467.07275 9
e 349.90125 539.22135 9
e 695.54633 742.49853 8
e 86.18184 79.63434 12
e 544.11184 352.46165 8
e 12.79055 103.07535 6
e 90.57854 605.89012 9
e 253.54480 256.66233 7
e 352.20197 530.82326 9
e 395.69737 1006.78683 9
e 657.77429 188.63672 13
e 481.30467 546.01211 8
e 486.17977 1048.82583 8
e 300.10537 438.38213 7
e 47.53706 807.13569 7
e 684.17161 639.83775 9
e 412.62383 275.71234 14
e 633.07081 523.18804 14
e 67.55532 540.90729 10
e 170.21576 1063.20728 6
e 688.78582 356.29618 6
e 662.31734 582.21349 10
e 143.29035 740.27189 10
e 28.70250 876.88489 11
e 102.08328 823.04782 7
e 632.29901 989.47315 4
e 555.35707 905.24267 10
e 650.44157 167.18562 7
e 583.92038 959.34886 10
e 589.36058 750.66674 4
e 400.88602 1013.67635 8
e 333.35895 497.56765 5
e 277.14855 271.46221 6
e 523.40811 955.99003 11
e 18.22158 590.93358 13
e 417.01269 842.41027 7
e 336.45960 993.65971 10
e 202.47251 424.78821 10
e 321.41001 230.39970 7
e 519.09977 901.80243 17
e 495.71597 943.80239 6
e 146.44880 711.81158 9
e 133.47827 98.54457 8
e 673.31885 196.31421 13
e 633.91013 795.33119 8
e 498.56545 113.98102 10
e 189.40246 688.89889 10
e 522.53048 526.26454 7
e 97.63947 396.55431 8
e 158.54023 797.50536 11
e 308.16648 31.04368 7
e 366.36769 220.39604 7
e 306.72114 830.61299 8
e 575.91399 601.04968 6
e 87.43093 165.92303 12
e 669.73560 439.56675 4
e 218.79311 534.88105 7
e 136.17226 766.50522 14
e 135.18482 928.47221 11
e 687.73767 99.10548 7
e 543.24426 127.72947 7
e 48.86880 387.08133 6
e 167.30576 1034.14149 10
e 641.36211 349.49282 7
e 635.36565 1011.45495 14
e 135.55869 1017.06684 8
e 542.65495 688.15674 11
e 526.37221 963.05662 4
e 235.49163 1028.75915 9
e 120.62259 471.40561 8
e 206.25559 722.32180 10
e 423.54470 538.78541 14
e 111.66695 706.16379 7
e 509.01316 339.86068 8
e 598.84566 14.79475 10
e 690.20948 791.21952 9
e 573.62124 877.49017 16
e 181.78536 717.72918 13
e 498.98183 214.09074 9
e 221.57865 349.54035 13
e 204.84021 15.64516 8
e 353.84342 314.24729 8
e 208.35588 1039.47994 7
e 542.06355 408.64879 10
e 677.72146 985.35941 10
e 672.98994 286.00072 14
e 223.54661 901.64888 9
e 323.90101 14.76822 10
e 547.75574 91.59553 10
e 163.27999 489.24150 6
e 284.81291 86.22909 9
e 514.62333 64.50038 9
e 445.53224 56.39262 6
e 388.90734 200.61609 11
e 668.07321 646.09868 12
e 17.53997 254.76045 6
e 477.15867 699.53175 8
e 61.15160 280.15145 6
e 569.29040 1060.58619 14
e 358.56046 727.47857 6
e 34.11037 946.41094 13
e 598.96608 941.98327 9
e 289.63386 958.78058 4
e 77.73782 441.10096 10
e 63.21799 640.89800 7
e 694.34528 1015.34147 9
e 349.30028 722.32947 12
e 325.56764 833.33799 16
e 686.01352 65.75523 4
e 157.60318 42.35210 10
e 354.55095 448.67933 5
e 705.95208 740.51648 4
e 515.20333 565.96463 7
e 51.08166 531.82458 8
e 521.04779 452.51573 18
e 291.93804 406.93356 13
e 421.28000 352.81808 10
e 462.98838 162.11460 11
e 154.10995 659.72753 10
e 35.94442 80.91090 7
e 252.78116 200.44934 9
e 391.66005 557.42537 11
e 278.98813 1052.05036 9
e 106.02252 457.41718 12
e 267.82463 360.34823 14
e 439.80598 114.16386 8
e 279.29821 941.98820 7
e 27.35717 70.30629 6
e 575.75497 92.27258 10
e 26.92206 737.26019 9
e 74.03200 286.27249 8
e 454.85527 787.76494 12
e 223.29521 990.24200 7
e 294.32764 109.55316 8
e 181.17416 902.20738 8
e 272.71325 1055.77756 7
e 585.71641 604.24292 8
e 529.01441 348.78916 12
e 80.92462 991.23831 6
e 281.04884 447.22046 6
e 649.23644 1045.60643 7
e 421.46638 629.41459 8
e 236.56484 292.63373 11
e 203.37396 422.13134 13
e 391.04739 703.71792 7
e 182.41906 783.21786 9
e 56.02940 548.94147 9
e 102.35754 144.19473 8
e 68.68077 504.09072 7
e 83.33734 416.86875 9
e 683.79508 762.25063 11
e 689.26606 872.84883 10
e 656.52443 964.88238 10
e 614.14256 394.15672 5
e 584.37170 32.82909 5
e 179.27922 18.96623 10
e 309.88126 353.35622 5
e 194.84982 1019.71280 6
e 328.88684 552.67048 13
e 178.30940 101.83657 11
e 148.40283 733.75355 4
e 686.26566 13.98435 11
e 349.95861 250.61135 14
e 82.83948 343.88655 9
e 172.26862 324.48356 7
e 164.47456 562.54742 12
e 369.47074 751.87690 4
e 342.87034 810.23317 7
e 37.57325 988.31621 11
e 238.05607 503.57073 6
e 186.73861 694.36341 11
e 248.01737 879.77415 15
e 128.47340 59.99732 7
e 626.22261 449.04454 11
e 367.65887 304.60654 6
e 672.30609 218.64248 5
e 564.12825 1056.27617 15
e 181.60917 482.52210 16
e 595.54701 827.45231 13
e 10.91391 176.54966 12
e 575.38143 976.58371 7
e 529.35672 362.29981 8
e 199.00000 232.91924 13
e 309.59839 16.75791 11
e 558.03323 882.96893 13
e 389.86356 229.79127 8
e 408.78709 197.80671 12
e 434.16145 549.75413 5
e 356.17268 355.16564 11
e 705.20474 869.72495 9
e 646.75421 443.31554 9
e 78.63966 157.13678 15
e 47.27779 301.74114 16
e 667.25399 605.65943 14
e 509.52748 44.61921 11
e 617.91536 76.91503 15
e 640.75024 728.14460 18
e 490.77414 655.26525 6
e 187.87241 30.47105 8
e 234.82258 679.35591 3
e 709.59060 573.93019 7
e 699.92582 594.45873 9
e 178.21630 428.17244 4
e 700.16568 478.61652 8
e 40.69470 744.43592 10
e 316.22780 630.90431 7
e 104.87133 915.47170 7
e 531.06169 661.68877 10
e 278.41936 438.50630 7
e 600.48667 642.02153 8
e 258.49926 431.47484 10
e 17.50639 776.76246 12
e 259.21318 883.27609 10
e 671.84327 884.31731 12
e 510.50805 548.75296 7
e 169.42766 848.23948 10
e 24.17128 657.13788 12
e 233.19877 997.00529 4
e 681.06735 998.15606 12
e 46.94135 1054.53501 6
e 157.47657 441.13481 11
e 67.19463 313.13696 16
e 143.90891 346.08911 12
e 354.28193 323.58508 9
e 493.65809 407.48665 11
e 216.03531 418.33360 10
e 58.93025 556.77301 10
e 261.95920 521.33302 9
e 438.58783 520.97567 11
e 547.65615 581.82695 7
e 541.26617 668.52517 8
e 327.35159 280.46574 13
e 180.36214 615.78187 14
e 553.60383 614.03687 18
e 442.95461 373.03186 12
e 600.20412 1023.60645 12
e 58.05629 767.78879 6
e 598.53447 896.43576 13
e 390.32971 517.13455 8
e 79.55111 606.92692 9
e 314.55281 662.31345 7
e 273.69595 449.13282 8
e 569.27379 842.89627 6
e 61.98512 116.66343 9
e 353.18927 258.19498 4
e 700.27968 925.36720 11
e 218.76004 793.87862 10
e 112.05757 90.58116 13
e 52.59882 632.11613 9
e 556.18527 97.32884 9
e 651.68381 26.76581 7
e 18.90950 520.13413 7
e 16.33228 729.98698 9
e 26.57394 136.63046 7
e 67.27132 604.08139 7
e 292.79925 275.43799 13
e 82.70558 92.58872 9
e 658.75729 773.53601 14
e 286.87066 773.36451 10
e 291.12110 646.86011 7
e 708.01279 113.59754 9
e 541.06094 804.11528 11
e 523.78996 576.91955 8
e 695.43227 377.83096 9
e 52.84239 989.51102 7
e 571.35767 381.32441 9
e 245.67960 1037.63539 5
e 576.82461 822.71167 12
e 320.53629 102.61879 13
e 182.75769 146.17119 13
e 123.74406 119.59013 16
e 546.54530 590.30678 5
e 640.62096 948.72127 12
e 459.78775 57.44811 13
e 540.98657 661.97067 7
e 693.92309 124.75467 9
e 139.63073 935.47379 5
e 459.43299 692.76842 7
e 596.47847 887.41649 9
e 464.64122 449.86483 5
e 705.76647 252.77802 4
e 103.69761 474.85410 7
e 242.57946 620.69092 7
e 652.76853 1056.20464 11
e 282.08128 963.81220 9
e 115.73686 269.32637 12
e 145.41963 77.12709 8
e 510.74768 1013.70930 9
e 330.26231 100.29309 8
e 348.74936 400.25606 10
e 304.82233 561.80674 12
e 490.72860 781.54521 10
e 262.11032 1006.21035 7
e 28.60712 33.80252 11
e 277.52339 994.20161 12
e 557.79144 1026.18787 12
e 385.60517 253.53643 10
e 287.94158 417.74172 11
e 76.65365 274.27110 8
e 703.37702 733.23743 16
e 476.95806 808.22860 12
e 369.50258 878.17285 7
e 115.92939 504.71117 10
e 180.46548 883.35528 10
e 678.34136 521.44310 8
e 199.58894 495.66608 7
e 585.45734 372.67612 6
e 259.34421 16.47195 10
e 470.43850 879.55084 10
e 403.91224 140.77866 10
e 118.96308 30.69194 11
e 62.36628 62.37276 14
e 691.88180 362.70633 13
e 659.23911 984.27792 7
e 526.32372 652.53937 11
e 397.19163 347.08031 5
e 382.71385 867.04332 10
e 441.87928 882.85789 6
e 665.49598 468.37491 7
e 638.14702 314.87608 4
e 85.42208 32.01904 9
e 531.71595 505.90483 7
e 374.71693 908.29104 6
e 348.31389 441.79690 9
e 54.71699 269.65108 12
e 569.45976 408.90785 12
e 614.58964 749.10838 4
e 262.00682 643.67263 5
e 118.22684 34.88220 6
e 566.64365 111.37170 9
e 252.58528 190.28734 11
e 474.55256 204.66544 8
e 674.61224 163.97411 8
e 363.53369 381.85582 4
e 640.37313 601.62295 5
e 145.45171 762.87471 9
e 180.38149 516.28900 13
e 555.32919 212.57528 10
e 406.46256 609.33201 8
e 426.61633 405.78320 8
e 146.91919 493.78447 12
e 619.93333 35.59326 9
e 256.57432 841.62411 10
e 263.26665 256.21064 11
e 633.06191 555.91502 7
e 556.82058 897.59790 16
e 397.22285 263.71241 5
e 493.21535 495.70887 7
e 489.02557 288.02213 13
e 89.00384 488.85613 12
e 431.46320 890.23971 9
e 455.63670 837.87568 4
e 528.04493 560.21818 9
e 297.69599 801.11726 7
e 87.45336 115.40301 7
e 340.13173 391.38774 13
e 470.44472 928.35729 13
e 360.82255 901.27969 11
e 636.78926 83.66329 10
e 658.82290 158.25174 14
e 172.25256 267.98894 16
e 127.95648 957.99262 6
e 537.08889 817.30588 11
e 510.43324 197.16279 6
e 439.83657 577.22171 13
e 391.78115 639.28407 11
e 566.45686 387.45723 7
e 424.84944 16.94472 12
e 147.98048 332.76692 4
e 519.80716 706.69115 7
e 291.77734 991.20374 10
e 398.47779 167.28623 13
e 572.42472 726.17682 9
e 658.33272 759.06105 11
e 219.67292 511.49143 10
e 682.68159 472.44971 5
e 487.78226 144.70254 8
e 66.96845 789.47132 8
e 101.92917 467.35469 8
e 652.68092 964.81390 10
e 705.21907 966.90792 13
e 339.43005 122.62491 5
e 671.81472 155.32907 13
e 442.66427 757.08077 10
e 709.19137 1048.56660 7
e 340.66086 62.93263 12
e 238.80329 484.10076 10
e 287.73627 991.05808 8
e 685.87170 68.36045 12
e 673.37110 1037.81371 11
e 95.96201 772.09362 10
e 87.15230 914.67397 8
e 153.23634 624.85961 9
e 373.18876 526.07358 8
e 332.20977 731.83371 11
e 21.34662 917.13172 12
e 228.09636 395.19093 13
e 170.44819 953.63828 8
e 517.45157 470.55738 8
e 163.21647 414.46935 12
e 193.82443 530.96782 12
e 395.31095 10.15133 10
e 177.69051 761.81897 9
e 196.45850 876.33512 10
e 594.66470 602.70461 6
e 501.31409 742.70638 3
e 219.99658 61.79069 13
e 347.48439 369.94836 11
e 44.03694 447.04649 9
e 453.84749 1007.54203 8
e 603.11952 83.70215 8
e 634.70394 92.66704 10
e 275.22639 926.07800 8
e 94.14400 253.57910 8
e 435.89553 849.51713 11
e 437.08243 448.59757 9
e 157.44877 434.65236 11
e 484.41932 924.64317 15
e 626.97708 1018.54087 9
e 331.52280 430.79282 13
e 59.22275 919.16286 8
e 344.12676 905.69515 9
e 432.62676 606.14512 8
e 425.42178 780.66021 8
e 659.59302 264.51374 6
e 404.17040 154.16924 11
e 519.00757 1022.12773 7
e 395.68808 342.14852 10
e 409.49680 240.89291 6
e 312.51638 569.52280 8
e 138.32830 212.74623 9
e 574.60512 153.97321 11
e 291.97369 1056.94443 9
e 680.79137 536.63239 10
e 642.39942 977.87359 10
e 457.58633 266.95081 11
e 583.80665 799.51169 12
e 79.04004 545.65851 9
e 413.55425 977.50917 11
e 569.38262 142.56423 15
e 605.37308 916.74973 5
e 554.49052 152.46131 12
e 481.30944 446.54657 5
e 687.50676 1019.53526 6
e 183.62145 607.81595 19
e 199.45051 83.10278 11
e 645.30353 937.17140 7
e 199.44096 37.50579 6
e 458.06152 32.93564 6
e 210.17139 67.47574 4
e 318.67977 988.49740 10
e 337.61191 194.56619 5
e 363.49500 640.75486 8
e 179.58713 99.93397 9
e 75.92779 355.43195 10
e 563.42299 975.11112 9
e 696.46461 308.23378 11
e 543.92814 659.32954 9
e 122.09241 438.43773 6
e 34.43092 403.61961 10
e 675.95087 604.59860 10
e 486.26167 1056.55790 9
e 372.89408 860.32857 7
e 331.33658 730.75714 8
e 142.86049 891.65862 10
e 398.24037 504.80509 5
e 330.16774 777.93605 13
e 179.60497 654.79790 7
e 11.22534 859.58368 10
e 13.80788 280.81106 4
e 449.66095 673.52693 9
e 185.46655 329.57420 12
e 438.22919 702.31808 8
e 233.91449 783.40613 8
e 331.82304 240.55974 6
e 102.65998 28.77915 10
e 212.14694 312.26144 9
e 77.10191 326.64537 9
e 96.29519 724.04799 11
e 442.40443 833.63048 12
e 217.03313 776.66157 8
e 601.70793 214.45906 19
e 220.38119 833.38558 9
e 251.27119 323.99983 10
e 610.24607 1066.13395 9
e 427.45974 348.94036 6
e 418.01219 836.02128 5
e 629.45055 327.85853 12
e 328.05553 650.82436 3
e 410.58227 157.14232 12
e 428.30866 309.51203 7
e 586.37973 604.17935 5
e 77.60277 1010.96868 9
e 433.38626 274.41960 11
e 115.84238 618.10876 11
e 113.85670 378.76024 11
e 193.45882 293.71810 10
e 533.34078 79.61488 10
e 574.20692 359.56515 8
e 43.41911 648.14699 7
e 527.58853 107.69358 5
e 345.32767 672.21068 8
e 349.08279 721.02849 6
e 671.66419 1028.08143 13
e 548.67122 635.13995 4
e 278.52061 984.33508 11
e 646.49951 133.83238 10
e 421.91048 534.12941 13
e 510.49747 347.28720 9
e 312.39527 760.57161 9
e 318.98492 260.70519 9
e 258.13636 260.53862 12
e 393.08780 975.92831 9
e 651.58318 427.03226 5
e 205.73646 759.51710 8
e 490.48087 1015.79159 6
e 629.15062 889.40526 6
e 123.42529 402.76680 8
e 461.08664 969.67721 11
e 361.94799 190.56717 13
e 169.64319 173.33694 9
e 626.81117 277.03058 9
e 315.94484 485.52456 15
e 597.75464 910.70958 6
e 542.42662 1022.19997 7
e 538.35907 923.34384 9
e 17.65739 809.74464 14
e 315.28167 104.02907 6
e 438.03417 775.29360 21
e 579.22323 672.32634 13
e 461.77722 258.07348 4
e 413.42368 972.47868 10
e 526.82147 1066.12577 15
e 165.75907 179.37568 6
e 681.89628 151.85647 9
e 289.26819 401.85837 10
e 314.25742 20.25921 12
e 143.53944 66.79359 10
e 578.69786 989.69095 10
e 602.34194 524.23872 11
e 676.05984 327.98091 7
e 527.17946 479.52396 8
e 206.64700 363.19375 12
e 405.62019 978.50065 8
e 243.04094 133.64882 7
e 182.87980 453.77008 7
e 299.77314 333.48461 10
e 204.52191 273.13846 11
e 157.01618 811.15101 16
e 427.86608 808.68255 7
e 178.94656 486.13630 7
e 229.94149 595.90728 9
e 287.69538 423.89585 8
e 283.19010 524.63163 11
e 344.79705 290.75118 14
e 321.84673 288.19905 9
e 447.91247 444.72889 12
e 555.15427 645.57194 13
e 381.28296 419.93196 4
e 344.71275 129.37045 7
e 304.06528 165.47881 11
e 388.00558 859.59081 8
e 206.16972 662.51289 9
e 246.82942 265.32535 8
e 110.96829 670.83617 14
e 221.44031 417.67113 6
e 396.56662 267.75071 14
e 543.39647 516.12307 11
e 617.03044 269.19170 13
e 297.80351 696.00846 10
e 448.18003 966.86531 5
e 408.11460 323.20674 9
e 691.80763 23.50867 5
e 385.93824 695.46120 11
e 452.28580 784.56914 12
e 142.71990 1065.77640 9
e 474.35455 377.06479 8
e 100.98623 899.17671 9
e 90.81401 991.51088 5
e 412.96620 763.37428 9
e 700.55068 908.54608 11
e 250.95229 59.83793 17
e 391.34285 266.47115 8
e 269.81537 191.97965 10
e 71.13731 766.48504 7
e 465.48988 827.99630 12
e 45.99228 911.69609 9
e 351.84817 533.72229 15
e 589.79657 773.88429 9
e 690.65631 859.30730 10
e 465.78089 207.42762 10
e 332.71794 1067.51322 6
e 345.82839 620.26898 12
e 414.44076 1017.28349 7
e 144.51137 639.62747 11
e 266.54977 37.66985 9
e 659.01762 648.90869 11
e 340.50600 505.94226 8
e 67.74752 159.48466 7
e 114.63926 216.87407 11
e 426.50738 497.17927 9
e 47.39245 248.21322 10
e 591.12568 197.61857 11
e 569.38471 459.81529 12
e 46.98200 898.88319 9
e 45.26250 417.04200 13
e 157.44025 419.91329 8
e 506.83246 612.54424 8
e 140.95494 717.00943 4
e 527.21346 274.21624 7
e 360.13404 601.87218 5
e 584.45683 282.35483 7
e 93.85956 86.76030 9
e 639.43063 24.04384 13
e 585.59768 187.53440 8
e 79.70597 15.14519 9
e 57.34774 890.71916 6
e 696.39975 800.35477 6
e 247.67421 509.41148 15
e 582.18577 31.33628 9
e 543.23425 1005.56834 8
e 642.60287 648.22173 9
e 534.87178 539.59896 13
e 94.72169 188.33750 7
e 699.08108 37.11820 9
e 461.77034 468.73300 8
e 358.98905 727.72802 10
e 77.62875 515.78834 10
e 575.46740 630.15542 5
e 578.83412 460.82740 7
e 59.14254 395.95612 7
e 411.48557 98.41527 4
e 145.49486 497.25221 11
e 376.62610 1028.02456 9
e 249.47967 968.38785 8
e 435.77658 526.70295 8
e 182.58824 449.03635 11
e 377.15955 409.68145 11
e 635.54973 761.74732 7
e 473.52773 501.73747 11
e 274.71487 300.27865 8
e 119.10896 733.45242 4
e 558.37137 1025.95065 9
e 38.28509 1062.10465 9
e 389.54864 452.99969 5
e 379.39793 750.93719 6
e 133.29505 1009.16578 9
e 40.92572 446.71092 11
e 162.80322 627.24328 11
e 191.12166 429.45520 5
e 301.78618 882.99656 14
e 56.52968 944.67664 9
e 549.29625 430.80471 7
e 265.24579 963.94535 9
e 323.05659 1000.36366 11
e 72.66492 766.38453 10
e 57.76018 769.99560 5
e 266.61717 891.14209 13
e 256.66682 236.88838 11
e 668.13014 337.26149 7
e 439.01550 385.67164 9
e 18.87770 412.66419 7
e 199.88194 720.31777 4
e 116.09001 964.29553 11
e 339.38791 1017.08295 5
e 594.42919 40.25262 8
e 466.76085 322.79061 11
e 536.88273 257.24221 5
e 615.36561 692.67425 11
e 188.62086 835.27270 8
e 582.31185 169.19602 9
e 352.46597 76.20386 7
e 466.38710 807.95709 8
e 678.28180 673.29113 6
e 630.38994 602.97752 9
e 186.88354 559.93195 9
e 490.24611 968.58190 8
e 98.92772 86.00270 11
e 366.20988 210.15023 9
e 469.62800 729.66997 6
e 237.85275 308.27577 9
e 432.11161 387.59334 4
e 214.32881 895.49863 5
e 499.61767 780.90567 9
e 296.67766 908.81283 13
e 178.20956 79.43209 3
e 424.44503 448.67732 5
e 482.22346 499.37027 11
e 274.14081 292.26907 12
e 96.01257 837.81453 15
e 576.70932 679.30577 12
e 661.71243 759.35859 10
e 22.46149 942.14131 10
e 18.53846 962.78060 8
e 508.87368 39.00348 10
e 55.84131 1047.71881 8
e 145.33865 532.43775 12
e 605.53340 351.19107 6
e 605.28916 887.28459 10
e 400.27715 397.30846 13
e 141.02489 626.70748 8
e 536.33926 964.16266 7
e 130.45913 660.57438 11
e 321.40585 269.72501 6
e 45.64721 296.08798 10
e 189.12468 336.23416 8
e 306.48924 649.12228 13
e 669.30062 958.41036 14
e 610.76458 139.71867 11
e 48.80749 861.64032 11
e 622.11489 82.65843 12
e 316.99072 285.94579 9
e 164.11231 908.07680 14
e 449.28453 598.06937 11
e 51.24119 284.07859 6
e 355.42041 19.32512 11
e 697.12971 1001.47579 5
e 21.29085 885.74801 7
e 672.75064 168.07914 10
e 562.67346 143.77583 10
e 603.44489 257.95743 6
e 226.77291 144.27740 6
e 226.71238 417.42721 6
e 104.68100 534.46785 9
e 68.76009 83.16393 11
e 234.89679 950.13101 9
e 165.42677 992.56574 8
e 531.25205 207.21248 8
e 469.04508 609.73179 8
e 461.77309 468.25550 12
e 341.03274 449.28959 9
e 682.22467 224.43129 11
e 477.54919 421.19057 7
e 234.55269 208.60074 9
e 328.72951 781.39973 11
e 359.33356 481.59522 7
e 159.11545 719.59871 5
e 69.55117 95.18644 7
e 101.79546 1035.48650 10
e 699.16411 197.27707 8
e 482.55416 241.02341 9
e 398.21126 887.58471 10
e 167.54546 466.91825 10
e 648.85145 409.10544 10
e 460.75819 778.55769 6
e 359.13122 122.23990 8
e 58.38711 764.24060 8
e 521.58866 700.87510 9
e 168.32966 663.31119 7
e 622.51156 114.38355 4
e 651.36560 38.16980 5
e 119.72676 356.39819 7
e 329.21230 959.18102 7
e 221.85488 440.19898 11
e 249.02721 689.75895 10
e 409.61045 941.93903 9
e 612.45828 274.53921 5
e 633.64896 730.36531 5
e 332.37276 1008.23066 13
e 555.89516 663.77834 10
e 692.47300 236.44331 11
e 47.08923 952.31166 11
e 659.16418 605.33547 8
e 526.54894 183.29158 8
e 363.86585 647.79940 8
e 239.61666 575.24880 10
e 204.50177 208.89127 7
e 147.23774 693.89050 13
e 335.67743 706.09459 13
e 183.03390 352.47669 8
e 253.58943 770.85487 11
e 331.79833 638.96780 9
e 391.96093 366.62685 7
e 520.99420 492.35552 7
e 253.48922 786.29594 5
e 121.32985 569.02009 9
e 275.76831 839.99055 11
e 587.93227 892.61182 8
e 287.13216 649.38806 9
e 393.12302 294.40778 7
e 676.34365 907.12514 16
e 580.96417 174.09897 7
e 164.34847 139.58353 11
e 536.86248 878.37482 5
e 144.42023 826.00374 9
e 421.98808 1054.00370 13
e 504.06848 669.18865 12
e 658.23085 871.02057 16
e 318.81174 721.07150 14
e 454.72241 669.09027 10
e 61.12609 676.77267 11
e 59.79277 841.20671 11
