c ./output/rectangle/uniform/uniform-rectangle-5-2000
p rectangle 2000 720.00000 1080.00000
e 330.12311 43.27518 14
e 701.20027 88.63892 10
e 354.16580 694.51090 10
e 499.96762 793.14409 12
e 431.94588 842.16191 11
e 586.73814 646.58164 9
e 124.64475 192.46023 8
e 649.08888 492.73748 3
e 80.43310 144.54022 9
e 249.87788 642.11848 7
e 624.85716 36.78979 14
e 452.01651 767.60349 9
e 393.22209 855.13174 7
e 285.45433 682.92439 7
e 163.15724 918.78044 10
e 279.62163 76.35882 7
e 183.83772 859.22861 11
e 125.58728 447.32570 6
e 128.69926 635.76601 8
e 63.19709 50.46292 7
e 272.63490 89.43057 10
e 98.05211 748.20310 11
e 327.53261 948.52655 8
e 500.54670 281.26369 7
e 78.39139 790.41261 8
e 298.54114 325.60609 8
e 692.09511 216.75747 7
e 297.41968 781.08036 5
e 644.78269 342.85298 6
e 33.32096 331.39354 14
e 539.97770 812.94063 9
e 63.32203 711.12761 8
e 90.91224 990.81139 10
e 678.56697 836.43508 13
e 153.75490 228.28672 8
e 292.13680 515.84365 5
e 647.50767 884.02481 6
e 188.23540 187.44254 7
e 397.90113 580.77028 8
e 471.57723 24.63649 11
e 533.31526 252.69328 9
e 499.45702 907.62465 9
e 261.05199 97.50993 11
e 281.58901 512.11153 10
e 639.46279 790.65950 13
e 546.94228 70.61413 16
e 181.24966 317.62943 11
e 669.79372 65.78106 9
e 523.77389 478.46247 9
e 434.11029 85.15481 9
e 691.39708 922.61496 16
e 210.32218 821.11367 5
e 429.40991 330.40517 8
e 559.11621 69.31748 12
e 655.18202 618.47521 6
e 594.47216 815.26000 5
e 121.30908 454.48174 10
e 326.27930 491.01421 10
e 197.54001 441.68890 15
e 48.97185 581.37873 8
e 279.50575 119.95324 8
e 387.81883 608.62886 9
e 209.67657 811.02208 5
e 307.09881 697.81330 13
e 102.89569 387.87252 6
e 323.97303 227.34050 8
e 284.52178 856.80797 8
e 421.17238 117.44510 10
e 248.27798 842.04341 13
e 562.64467 731.44766 11
e 665.64311 573.34053 12
e 549.70089 624.45034 10
e 474.88912 808.56687 7
e 413.15280 31.89288 12
e 168.14507 667.67949 5
e 649.93748 579.38824 6
e 110.88191 979.01842 9
e 657.02033 57.97862 5
e 30.70695 607.74783 8
e 703.57435 1057.32782 8
e 555.43842 920.52272 11
e 391.65874 519.56920 8
e 519.03959 182.34963 7
e 16.67284 488.27262 9
e 459.13415 980.34821 12
e 552.32753 960.11078 7
e 521.90192 1006.46445 12
e 285.92188 273.44301 11
e 518.61899 577.16965 10
e 521.54655 463.51439 11
e 258.29822 354.17457 15
e 362.09770 405.11111 4
e 121.83929 928.12245 9
e 532.79063 996.90688 13
e 688.62458 1037.42896 10
e 562.10813 898.52466 14
e 277.61718 520.91238 8
e 298.58509 908.46536 13
e 261.14910 651.75058 9
e 605.52115 425.49810 9
e 241.99466 215.15850 12
e 257.84943 834.65240 5
e 397.66399 804.40258 9
e 644.56427 95.18182 11
e 67.05180 672.81315 5
e 246.33095 569.11680 4
e 54.30532 467.36435 8
e 662.20391 97.85633 4
e 39.60984 996.02064 11
e 322.61787 178.46557 8
e 685.38293 553.16067 11
e 193.26265 386.21610 8
e 143.85889 70.50450 13
e 460.71727 141.71888 7
e 77.17695 202.83663 12
e 38.10131 1007.11053 12
e 32.02718 501.58568 10
e 46.14907 728.57724 7
e 30.96766 456.18744 15
e 228.29142 312.19677 11
e 692.31001 696.89424 7
e 655.72963 927.51849 12
e 626.37804 739.90888 8
e 550.10352 909.71117 12
e 619.50154 580.17258 9
e 253.02118 217.17994 8
e 345.77979 365.22033 12
e 264.33292 816.77293 8
e 202.92339 589.23373 10
e 349.00354 959.85787 7
e 401.65831 442.62836 17
e 206.12666 677.53771 11
e 565.67615 778.35528 10
e 62.21414 254.83881 11
e 119.48481 382.13843 8
e 226.12524 514.05060 8
e 310.64917 795.51726 12
e 43.22450 286.04983 13
e 68.75246 880.80985 6
e 584.67539 713.62656 10
e 386.57362 978.80991 9
e 148.91165 402.37885 10
e 443.07990 401.62144 11
e 22.04899 503.72147 5
e 347.51575 902.66528 9
e 575.81960 886.62408 13
e 224.71189 427.72950 10
e 666.69753 204.59025 8
e 671.74923 256.92565 6
e 700.17798 926.72590 14
e 77.15491 928.57947 10
e 124.49448 859.67184 11
e 545.28898 888.70415 5
e 272.95291 281.51986 9
e 327.04417 146.03153 8
e 583.94864 46.21288 8
e 215.99762 914.84525 5
e 268.41946 821.15412 12
e 114.57172 455.59551 8
e 34.58578 1040.46462 5
e 264.01909 111.97938 11
e 33.56065 162.90239 13
e 102.80906 109.35438 11
e 517.82390 577.94577 10
e 215.80220 195.60233 20
e 458.75817 474.58594 9
e 35.57563 1057.22532 10
e 196.91647 920.91457 15
e 525.79939 1022.22889 9
e 595.27181 922.85959 7
e 15.53572 514.01481 9
e 438.65228 1063.29207 11
e 609.59881 114.15219 12
e 265.39812 844.67247 9
e 224.67896 1052.97837 6
e 457.68352 222.37552 8
e 356.22772 773.35000 9
e 358.04299 344.57415 5
e 337.86568 878.51836 10
e 115.15711 481.05455 7
e 76.02311 564.58207 5
e 187.65935 648.09494 6
e 494.06013 126.94794 7
e 616.40201 36.37234 12
e 569.55662 359.91777 7
e 197.11109 398.47870 13
e 260.83443 752.54151 11
e 210.12076 39.32898 9
e 318.70121 791.28154 8
e 166.28358 694.53929 9
e 631.62830 427.48957 12
e 597.05455 85.22250 10
e 466.98449 43.63856 8
e 253.55838 886.95059 13
e 110.36055 96.04401 9
e 612.34270 509.04133 4
e 363.87952 861.76069 3
e 322.24090 325.67109 13
e 56.96089 919.69901 15
e 652.51065 162.60384 9
e 335.65024 866.82203 3
e 331.54657 860.31848 10
e 326.60077 307.04398 8
e 249.78236 87.59566 9
e 647.45972 501.65548 13
e 151.67985 993.42528 8
e 468.24872 60.60502 12
e 325.46968 416.97102 9
e 481.87955 782.43405 9
e 635.95908 1048.03854 10
e 541.90908 348.79215 13
e 355.71284 848.91082 8
e 608.16237 413.25651 7
e 450.15412 1042.43614 7
e 40.96316 518.13164 8
e 407.74660 613.69751 4
e 339.44705 621.80211 10
e 568.35950 49.39553 8
e 473.76508 251.50916 8
e 339.24939 906.69380 8
e 436.70006 176.28952 8
e 413.86697 809.12492 7
e 327.07446 378.14191 14
e 439.18155 431.88745 10
e 30.47781 17.86335 17
e 235.99628 721.96258 8
e 174.24191 267.54176 5
e 120.96238 953.41154 8
e 193.82682 432.78176 10
e 470.39054 150.71330 9
e 686.73679 982.02364 8
e 395.45669 409.71620 9
e 476.30954 862.64075 9
e 408.14771 976.31697 11
e 476.23341 674.55077 13
e 178.64993 198.52411 19
e 425.82204 919.36765 14
e 504.49245 1052.51745 8
e 560.42598 115.43111 12
e 293.20809 574.70641 21
e 578.90401 129.28555 8
e 458.81018 865.64258 11
e 502.51646 881.53504 10
e 256.85066 1013.41077 13
e 79.83628 421.40156 10
e 258.20775 543.08777 7
e 497.26903 109.19986 7
e 382.37229 154.39030 9
e 688.06140 781.26440 14
e 528.91235 998.95034 10
e 341.96963 594.78579 10
e 69.95077 180.85270 9
e 182.62874 816.16166 9
e 572.16321 877.63046 12
e 616.49256 352.72623 8
e 78.19927 40.57786 17
e 420.75560 338.82244 12
e 513.73811 124.42583 7
e 681.01881 667.63998 6
e 267.99010 807.85467 9
e 439.31079 270.63554 14
e 355.35097 695.69708 10
e 480.12772 237.16817 11
e 181.52133 235.41572 10
e 520.21067 761.28698 7
e 413.96954 610.87073 8
e 128.15950 124.01541 6
e 679.42517 309.65947 7
e 35.70449 952.34859 12
e 230.39675 900.73894 14
e 175.25234 1014.48748 9
e 470.60177 1023.42827 10
e 381.58963 705.34735 10
e 112.85854 968.13336 9
e 83.69682 98.46876 11
e 169.67965 962.37024 16
e 592.90576 490.31440 11
e 503.53007 359.29642 11
e 111.74764 753.57976 7
e 227.79105 134.60842 14
e 363.82545 435.83133 10
e 701.31902 162.95605 16
e 294.38964 172.20729 5
e 372.03064 671.59685 6
e 114.43536 253.69804 9
e 515.34259 782.24257 6
e 622.37655 240.61306 15
e 168.43789 772.99999 10
e 471.13459 981.44931 6
e 613.11131 717.99858 8
e 549.29932 116.52648 8
e 251.50277 408.06553 7
e 456.89015 530.42889 13
e 30.17319 532.43622 9
e 36.83021 558.09092 9
e 424.32559 699.80337 8
e 581.92150 527.02014 7
e 438.30761 391.06510 11
e 78.36797 516.27261 9
e 472.15425 246.61048 13
e 357.68187 765.74050 8
e 587.48358 488.70517 10
e 14.60283 546.95217 7
e 606.60146 476.59813 9
e 335.28149 519.66116 7
e 551.62873 838.08144 8
e 242.09155 950.90215 7
e 306.21585 210.34771 13
e 547.17745 954.51976 13
e 642.33314 846.78915 18
e 197.57183 576.57180 13
e 281.20506 793.25173 4
e 345.13139 678.95387 6
e 412.16693 695.85499 12
e 524.00924 25.37602 5
e 343.02976 1010.70896 8
e 27.71702 492.44443 6
e 124.22900 471.02449 9
e 109.09839 808.02700 6
e 476.56378 816.41326 8
e 676.10149 475.57625 5
e 97.66079 985.44900 9
e 516.60542 744.48113 7
e 148.11786 727.66858 7
e 475.41863 279.54631 11
e 616.29692 273.66615 14
e 381.26082 406.37744 5
e 298.28138 729.56407 10
e 698.65129 427.70791 15
e 295.72984 690.69877 10
e 472.78023 654.34530 11
e 56.50812 588.43077 12
e 269.58158 1053.62570 7
e 411.03062 362.99108 6
e 700.42407 809.58569 14
e 119.84891 815.76822 7
e 101.21198 839.32574 18
e 537.39830 243.50084 8
e 280.40334 1057.05114 9
e 481.57719 369.77830 6
e 509.19400 273.59306 7
e 600.88797 508.72266 7
e 295.91292 425.21814 18
e 113.64145 388.25567 8
e 327.87569 351.67644 6
e 463.43752 619.40324 12
e 168.76716 908.68642 9
e 374.59395 733.28612 4
e 583.89214 808.57308 7
e 686.01608 874.33348 9
e 213.14280 1045.76305 8
e 224.45075 414.21194 13
e 583.85282 779.41264 6
e 260.15063 532.08126 12
e 230.95023 849.92810 5
e 226.53875 533.64268 11
e 415.64881 878.86139 10
e 368.68674 770.24348 13
e 427.49768 557.78527 8
e 432.31961 531.99097 10
e 180.17762 63.33850 11
e 366.93796 511.26087 9
e 553.78435 415.80895 17
e 87.11037 766.60686 4
e 477.07679 202.95600 10
e 389.11808 442.51033 6
e 525.65696 245.68738 9
e 47.51650 27.63954 9
e 599.98048 801.27974 8
e 197.64559 456.09507 10
e 481.77297 235.62595 10
e 292.59797 848.34844 8
e 265.94420 890.76163 6
e 522.03569 477.18209 5
e 490.68551 669.74225 6
e 421.43033 433.07176 8
e 628.99384 809.68568 12
e 258.85345 517.83350 10
e 326.30450 494.44957 8
e 503.39548 800.91829 11
e 663.32481 700.94482 16
e 382.97654 961.36111 8
e 638.70254 830.95177 7
e 37.70573 468.53751 5
e 238.91242 451.27755 9
e 393.33258 364.86944 6
e 528.57018 644.44445 6
e 401.50105 468.95343 6
e 316.76914 647.99340 15
e 268.45900 1012.55923 14
e 209.87265 618.26131 12
e 191.49591 644.45145 6
e 614.69489 934.01543 7
e 599.48787 365.22695 12
e 411.61150 842.63473 13
e 494.21381 23.17722 6
e 206.27773 145.87801 13
e 584.56299 980.32998 9
e 270.15660 1030.25699 6
e 71.87764 31.10940 6
e 662.07672 371.78086 11
e 149.35523 188.27926 12
e 709.41662 372.40373 6
e 356.80490 280.94147 6
e 688.51694 174.49732 15
e 214.80704 19.67906 9
e 367.24117 916.25824 11
e 44.62788 277.12793 9
e 197.15628 1052.79721 12
e 113.92422 970.66705 5
e 455.69829 478.49797 10
e 315.76104 363.18953 8
e 313.33090 429.21603 9
e 326.22508 1065.90300 7
e 575.84515 265.90040 7
e 73.65344 842.03854 7
e 592.09399 180.71752 9
e 636.98496 514.41338 8
e 612.97192 906.14758 16
e 272.21907 953.26883 10
e 550.87462 942.36080 8
e 591.98651 140.55080 12
e 47.31509 813.74320 9
e 578.80927 908.72488 11
e 392.35183 570.98772 8
e 169.53499 542.47260 9
e 336.51859 182.60846 8
e 283.07059 780.45877 8
e 326.33187 435.74663 5
e 473.18006 21.70379 8
e 256.09467 22.16277 12
e 204.50605 32.68250 9
e 571.74340 614.13552 8
e 240.75141 155.39455 6
e 396.72508 238.81359 9
e 325.38076 877.31117 6
e 148.83911 194.05205 11
e 171.65461 709.27227 9
e 182.92366 891.43141 10
e 107.40639 722.10755 10
e 120.51118 360.50066 8
e 50.64769 654.14881 10
e 103.35608 595.83801 7
e 577.31035 521.28989 11
e 358.84048 429.81857 9
e 370.81329 62.55336 8
e 612.43479 994.50005 11
e 295.66250 980.42757 5
e 652.02797 455.64793 8
e 663.49981 533.09129 10
e 127.33439 1027.30848 10
e 30.88716 150.35030 12
e 439.59098 572.80864 10
e 91.97675 134.05244 8
e 460.90125 217.42754 12
e 294.57725 428.63742 5
e 219.28985 956.30313 10
e 697.22651 22.74735 7
e 667.55739 157.38258 5
e 140.49331 1002.07761 7
e 501.72324 345.10699 4
e 235.52326 1039.95748 13
e 16.55954 356.02461 10
e 203.92610 192.99805 10
e 248.13570 741.23005 9
e 184.09473 807.59418 6
e 170.52336 342.93787 10
e 616.61806 165.86418 5
e 388.21507 169.67010 6
e 561.35745 225.96778 11
e 384.14205 480.94097 5
e 526.33898 238.01436 4
e 329.11564 70.33422 5
e 303.38002 458.61506 5
e 403.80373 886.09271 6
e 381.84986 666.40265 7
e 198.29192 202.36069 9
e 395.80487 56.77742 13
e 660.92027 297.63927 8
e 675.13696 183.98114 14
e 49.38946 176.58659 17
e 327.47478 1023.54471 13
e 631.19130 87.54164 9
e 294.65292 180.66305 8
e 692.27500 191.91421 9
e 694.74080 1058.23069 7
e 142.32239 719.75805 12
e 615.61948 507.54628 9
e 607.69102 297.33852 11
e 153.65776 942.40150 11
e 160.80786 489.57083 4
e 500.91694 344.00263 12
e 353.70655 691.32915 13
e 699.94598 82.73054 14
e 582.66244 801.79475 10
e 75.58989 631.39755 9
e 461.23639 736.63780 5
e 250.90732 582.56430 11
e 372.25993 403.50045 7
e 669.04084 104.24601 11
e 264.32050 1031.63191 11
e 177.95273 837.76072 9
e 669.38203 776.41719 16
e 417.73858 402.51426 5
e 642.77923 562.86039 5
e 626.44201 604.70387 9
e 635.67139 129.82146 9
e 476.72117 987.12828 11
e 225.78569 1007.84250 7
e 552.09815 620.11931 11
e 293.87183 626.33626 7
e 286.96097 913.88072 12
e 482.81824 368.11495 10
e 339.65450 192.68962 7
e 270.54688 778.27631 13
e 573.56883 565.23986 8
e 451.26766 928.81556 9
e 192.23879 457.95567 4
e 606.19409 426.45205 10
e 379.99607 216.46141 11
e 140.95686 1029.78044 10
e 473.88089 861.17429 7
e 487.91594 423.99161 11
e 243.79562 644.67040 11
e 297.89769 743.47172 7
e 261.63558 914.79532 9
e 160.87942 1044.31894 13
e 358.17871 404.33507 11
e 547.88811 320.15849 9
e 515.51693 194.28172 7
e 102.64299 212.58467 6
e 166.71629 383.84959 10
e 675.61526 1026.84123 6
e 301.11734 985.68789 10
e 562.04085 699.83699 10
e 452.10526 573.83175 10
e 173.43723 1006.90405 11
e 195.62545 493.23634 4
e 406.64796 1061.44374 11
e 140.61931 523.70783 7
e 667.72317 980.61007 8
e 309.73759 354.50736 8
e 272.94512 787.72276 7
e 205.77425 962.80812 9
e 202.51695 183.32790 12
e 372.19235 1020.38573 9
e 111.20844 377.94385 14
e 488.45008 608.21171 8
e 117.71152 816.04991 5
e 453.45422 1043.58551 10
e 290.16428 65.44409 10
e 279.03969 365.15639 11
e 77.84571 842.47907 7
e 341.44999 900.28356 7
e 559.45013 324.58652 7
e 698.79215 546.60103 12
e 630.66842 480.40895 12
e 353.52267 836.33319 14
e 313.78839 108.12541 11
e 140.68470 103.48373 9
e 116.90075 779.48463 12
e 347.62713 983.77074 9
e 219.70850 1025.67403 11
e 33.65813 1010.15750 11
e 88.05360 855.73147 10
e 329.47106 736.67432 6
e 356.43846 1018.17417 9
e 392.07123 868.84166 8
e 157.05585 754.48311 9
e 239.54109 193.67737 9
e 340.74111 52.13343 9
e 242.69904 1049.54189 11
e 91.65520 99.34433 9
e 427.79889 587.50126 10
e 332.67476 383.70778 8
e 208.83141 904.20885 11
e 429.63418 890.84506 11
e 433.01620 611.81754 6
e 393.28705 612.13778 11
e 171.55449 775.41201 18
e 463.67359 73.31988 10
e 38.13543 508.56561 17
e 442.34165 410.18956 6
e 609.08045 490.64828 9
e 680.98780 882.68740 10
e 139.10800 468.05208 7
e 145.97394 682.82771 6
e 603.27042 456.35672 8
e 218.87423 865.77335 10
e 529.96105 1021.96352 11
e 174.67043 229.87044 16
e 251.96403 752.60672 5
e 671.98165 158.19074 11
e 154.44696 681.32089 16
e 69.06747 341.21838 7
e 272.85317 819.30813 13
e 176.63037 428.71879 12
e 678.45695 632.32037 11
e 49.31445 276.60680 8
e 689.63681 201.84437 11
e 563.43865 220.59657 11
e 483.19082 110.32334 13
e 540.13731 401.23881 13
e 593.35328 881.11053 9
e 103.87182 339.50543 11
e 553.68216 506.88501 12
e 447.82783 784.37801 5
e 23.36415 804.27100 7
e 463.02318 209.04557 7
e 452.20294 1003.64111 11
e 115.99806 162.51636 8
e 317.80528 321.65479 6
e 587.57195 721.18071 11
e 212.31517 199.91490 12
e 488.23340 34.01502 13
e 18.76134 193.61319 8
e 158.03965 521.28953 12
e 131.66318 738.60768 9
e 57.81600 465.17952 8
e 33.57309 723.61332 7
e 265.40103 326.73266 11
e 269.34561 358.04504 6
e 463.84149 49.77406 9
e 642.09849 1047.01130 8
e 71.92947 284.83177 5
e 364.72340 466.04584 7
e 188.62309 341.63235 9
e 553.44781 449.96437 11
e 562.55679 622.16827 8
e 94.06454 651.79151 12
e 40.50074 514.48844 8
e 611.45661 480.13617 5
e 152.70925 39.63409 11
e 503.45998 813.81224 16
e 18.66363 928.11869 6
e 75.53494 267.78923 12
e 103.81150 879.73741 6
e 384.75629 781.55343 16
e 118.49025 356.11528 7
e 145.88921 159.45251 10
e 20.51759 772.93207 8
e 684.85682 500.99130 11
e 421.72420 353.23877 14
e 458.02126 428.64803 8
e 268.40733 15.69302 2
e 47.70787 931.97773 7
e 273.96642 693.14301 9
e 361.06802 785.12328 21
e 411.95551 534.25893 9
e 667.43758 1005.61669 8
e 561.09861 756.79468 20
e 177.75077 1032.81883 8
e 547.10011 169.63454 7
e 295.64161 1046.84633 10
e 598.76381 933.97759 11
e 235.74032 437.87533 5
e 157.10391 753.82602 7
e 625.46293 523.83065 11
e 436.62161 686.20688 11
e 485.40719 271.10202 10
e 186.70325 285.12595 10
e 73.55246 802.12850 11
e 185.77135 715.53302 7
e 230.94442 139.81618 8
e 308.82991 806.80687 8
e 465.47763 325.54051 6
e 414.04662 125.73564 13
e 406.29097 916.63745 12
e 379.63062 278.15558 7
e 606.01436 124.86247 7
e 205.71533 601.19172 7
e 397.13305 555.46437 6
e 426.95689 454.50284 5
e 579.65320 341.28341 12
e 509.09568 113.48485 10
e 49.38160 939.11999 8
e 625.10691 622.06297 12
e 462.52856 897.18606 10
e 178.88999 222.56441 5
e 385.29991 896.80069 12
e 469.60707 835.63205 8
e 600.35520 907.32091 10
e 685.15931 632.65839 8
e 504.07656 124.76097 11
e 278.19707 358.91651 10
e 132.39723 636.84787 11
e 187.54942 44.57302 4
e 179.72600 1064.54699 6
e 369.82138 186.99954 10
e 163.66667 923.16818 6
e 107.63114 711.91502 8
e 432.41260 447.66603 12
e 123.45117 844.69305 8
e 201.02563 23.75993 11
e 148.82255 332.74014 10
e 92.94369 70.52796 11
e 68.58620 854.06586 8
e 122.14219 716.03603 8
e 536.19185 306.28085 10
e 229.51980 164.08175 8
e 183.64461 950.82769 11
e 581.91343 470.72237 11
e 701.19319 710.44558 12
e 473.98304 647.45999 12
e 36.74451 252.49983 9
e 275.31182 666.14576 10
e 582.02769 343.84341 7
e 535.34979 246.03696 9
e 228.93680 820.19503 8
e 137.99372 831.24674 14
e 654.37824 668.74621 5
e 528.72100 544.47891 7
e 566.77399 470.88229 12
e 16.18246 790.91393 8
e 174.20830 611.62969 17
e 330.67578 226.51912 11
e 193.19470 1031.09876 10
e 278.19424 743.65258 6
e 155.96954 632.86822 7
e 174.12797 704.08953 12
e 407.73602 707.86993 11
e 327.19019 1032.35393 5
e 313.42027 911.59945 11
e 125.56931 485.81404 5
e 697.69939 10.20903 9
e 335.19261 699.90509 7
e 635.80180 1056.34999 7
e 587.58732 233.42370 9
e 347.33417 862.35887 9
e 459.77515 276.56741 9
e 171.62554 722.43632 9
e 274.45024 218.32806 6
e 258.12207 996.45568 8
e 649.72689 536.22159 9
e 611.68907 689.38019 8
e 500.44616 867.35775 6
e 155.79636 402.37476 8
e 298.17843 983.03843 9
e 659.94689 216.70892 8
e 656.41534 524.41415 10
e 33.62136 485.60383 8
e 314.59422 322.51911 12
e 23.73620 487.54703 8
e 413.61734 90.44685 15
e 452.18522 286.65182 6
e 181.98019 229.91142 9
e 99.51786 209.51537 9
e 138.07087 212.25066 6
e 289.88225 875.53150 9
e 412.60038 97.73963 9
e 709.23761 440.21717 13
e 434.00848 596.21304 12
e 285.25036 823.49392 8
e 601.31141 284.65841 10
e 277.21588 515.13293 6
e 293.46572 546.85281 5
e 445.27217 103.03773 9
e 342.15190 302.51023 8
e 32.14390 995.16753 10
e 556.70211 552.16658 15
e 631.85245 37.54648 12
e 73.92516 593.33007 8
e 555.68050 65.28421 11
e 633.77089 419.12207 10
e 159.85928 206.60048 6
e 168.06257 405.76323 9
e 503.25200 709.27902 9
e 601.75229 865.87706 10
e 164.18230 895.34181 14
e 254.17343 232.16680 6
e 654.56368 334.71542 11
e 545.25058 225.86549 6
e 342.39632 324.19547 10
e 641.28570 751.36559 9
e 369.10852 759.94161 15
e 225.89622 115.13265 9
e 141.79748 737.78960 10
e 336.48216 338.24312 7
e 635.20765 125.79404 10
e 507.96980 1036.62493 8
e 166.14283 1011.01734 7
e 120.51523 753.74251 12
e 535.26579 95.32448 4
e 264.84986 242.22470 11
e 695.63536 887.33760 8
e 16.76389 1056.43232 11
e 54.06044 84.14644 7
e 38.89288 36.99877 6
e 116.09845 532.22895 6
e 149.08302 672.71769 7
e 482.90387 1034.35682 5
e 82.33033 726.95097 10
e 244.55717 326.42785 14
e 390.28574 1036.28566 10
e 310.48018 436.64866 7
e 499.29509 336.85918 7
e 224.84628 1015.26147 13
e 72.59758 619.41964 10
e 441.67364 310.31930 8
e 160.58712 143.87087 17
e 404.54867 774.10335 8
e 500.66366 148.42765 9
e 103.12006 1061.52963 9
e 616.14266 318.81864 10
e 196.99869 962.95072 8
e 649.33031 1005.14884 7
e 602.00783 691.50119 10
e 556.26346 67.28898 11
e 470.31122 293.05526 10
e 697.92266 193.98361 5
e 276.97029 912.36282 13
e 314.54792 42.60232 10
e 458.40051 142.79706 10
e 94.84798 331.89391 7
e 479.60631 72.16426 7
e 660.66106 692.57288 8
e 362.77541 592.09971 14
e 638.73519 399.04100 11
e 396.49587 136.95313 7
e 547.24892 907.55371 6
e 682.59782 595.35502 17
e 300.42461 240.30146 12
e 670.80671 69.31762 7
e 380.96128 910.39612 8
e 389.41874 983.86626 11
e 296.41770 112.24066 5
e 662.83907 229.74839 5
e 368.63063 402.11507 9
e 502.13028 430.99746 10
e 401.28907 343.98956 7
e 95.33470 311.46238 12
e 134.10914 308.64270 7
e 454.49496 508.78951 7
e 495.94167 980.95628 7
e 276.08089 597.65533 7
e 300.94256 981.38523 8
e 231.77251 222.82078 11
e 446.86982 952.61144 11
e 214.57155 644.62273 10
e 550.69251 63.80346 9
e 313.66474 488.93133 10
e 207.55501 321.05354 9
e 322.58140 143.35966 11
e 530.92418 449.17865 11
e 560.57751 926.96259 10
e 284.45968 1061.01741 19
e 445.76406 639.98830 10
e 131.42226 877.61338 5
e 16.18087 1033.43955 13
e 460.57051 123.40792 5
e 231.07520 870.32865 9
e 554.26623 783.02082 8
e 664.42508 517.52558 7
e 304.67796 953.70474 17
e 569.39429 303.23986 4
e 368.80672 774.36901 11
e 420.52594 664.41264 5
e 547.19455 1033.71686 8
e 664.00489 486.30208 15
e 492.94914 62.23332 8
e 284.24135 81.48337 7
e 600.71399 717.40657 7
e 271.80877 976.82026 8
e 222.59282 331.26579 6
e 635.43726 589.09080 8
e 206.14534 974.08882 6
e 296.07414 445.87423 10
e 436.84592 510.80576 7
e 415.19135 230.56324 7
e 10.47750 186.99916 15
e 543.99797 35.41454 10
e 590.26051 586.18289 8
e 575.79360 562.33894 12
e 605.75972 179.72481 9
e 412.24759 1047.08936 9
e 246.23167 532.25065 15
e 203.06551 904.75447 12
e 404.64090 222.19733 9
e 503.73646 1000.46129 7
e 477.78234 82.11643 5
e 143.31996 1025.63521 6
e 488.21787 841.58786 14
e 404.80486 860.40460 9
e 667.62917 75.64489 7
e 446.23872 121.39731 5
e 475.12781 101.28955 10
e 546.90959 1051.85138 12
e 81.78650 161.92759 7
e 620.54626 524.48676 7
e 360.59383 95.53915 9
e 161.16757 1030.96149 8
e 118.80890 249.64964 13
e 532.42921 322.15875 8
e 426.40316 740.90928 7
e 165.23013 885.99326 8
e 453.11403 995.39263 8
e 532.54968 539.32896 7
e 409.97290 441.15961 9
e 163.38172 841.75524 7
e 228.02139 472.59783 8
e 424.81098 537.00558 14
e 165.89415 578.68736 9
e 434.26307 973.98907 10
e 687.45275 623.44257 9
e 109.39855 851.11071 10
e 28.52993 555.47236 9
e 393.14279 596.61140 11
e 384.81072 457.02723 8
e 218.34550 235.59020 5
e 289.62915 220.86513 13
e 141.82852 621.38597 9
e 81.18975 658.40313 9
e 430.22634 1034.62273 7
e 605.83338 389.06564 11
e 346.44904 990.23770 9
e 620.60715 385.97661 11
e 206.65749 616.57103 6
e 257.08425 237.49172 8
e 30.46972 258.07703 12
e 684.75762 346.59033 7
e 526.54818 874.35772 8
e 618.23554 1025.97820 7
e 32.98035 189.75647 10
e 331.23689 787.37958 11
e 604.53827 706.60309 8
e 241.03005 1005.89673 5
e 570.24413 160.10211 7
e 243.36846 223.09007 13
e 460.98890 219.12000 6
e 600.82550 1035.29068 9
e 310.28528 862.40598 10
e 60.15560 826.17141 7
e 48.58598 298.85951 16
e 139.63432 35.54619 12
e 458.53062 240.14417 5
e 604.52229 59.37543 7
e 53.84178 821.54253 14
e 245.75297 983.13784 9
e 373.54435 976.96650 9
e 110.43472 1049.22025 10
e 600.56556 940.45741 11
e 502.39251 452.14149 7
e 153.60229 998.23112 4
e 73.87836 1055.99677 10
e 11.63807 1008.14853 8
e 151.97698 834.26050 9
e 153.97397 227.22301 8
e 181.04070 137.84662 14
e 390.44630 889.34617 8
e 507.78590 956.30228 5
e 495.39628 430.46056 10
e 602.69274 684.42835 8
e 517.33055 1021.75087 6
e 389.00165 54.61687 8
e 424.71957 436.45070 14
e 615.67868 82.40273 5
e 566.03437 974.75287 8
e 101.15931 1016.05683 10
e 262.25929 852.10966 8
e 364.47520 213.39935 12
e 587.10724 149.46664 10
e 556.27519 1044.29794 7
e 686.30050 578.79772 14
e 57.59252 739.29579 10
e 434.04935 751.53030 9
e 346.39376 975.92113 16
e 326.41116 914.05935 14
e 30.59641 820.37663 6
e 478.02707 918.52207 7
e 396.76120 464.51070 14
e 268.62050 828.81731 8
e 318.84713 703.73242 11
e 341.85324 426.66700 9
e 219.09994 561.06255 11
e 262.00853 238.93724 6
e 96.50271 945.97013 5
e 355.12849 327.68722 7
e 528.41462 145.93472 11
e 490.20246 493.25363 11
e 299.37071 870.37986 5
e 101.72367 609.19658 10
e 95.89313 1059.30017 7
e 193.05542 128.56945 11
e 616.60383 968.82339 9
e 500.14123 359.93292 7
e 196.93537 217.98965 8
e 696.55107 433.82031 7
e 582.26917 652.46729 11
e 86.73407 608.88547 6
e 451.72106 635.80179 8
e 414.86575 480.25610 10
e 450.45569 500.62892 8
e 648.37818 196.83655 10
e 657.64193 600.36346 12
e 370.40364 301.95586 9
e 344.43046 824.87417 2
e 452.64679 687.83456 8
e 443.29464 979.73856 12
e 273.16040 29.43670 13
e 342.19131 937.12570 5
e 535.80637 794.00465 7
e 605.27774 842.92806 9
e 601.48753 523.30633 9
e 460.43057 393.24994 8
e 469.63603 597.77297 8
e 253.83700 290.21104 9
e 571.98997 1018.03229 6
e 289.64568 585.73809 9
e 244.56341 38.46285 5
e 603.77746 899.68033 8
e 256.11724 319.76081 5
e 410.87560 215.73701 6
e 33.58141 462.36911 8
e 247.71853 527.12802 10
e 387.81359 201.68319 7
e 636.42778 295.68309 11
e 696.89638 832.39531 11
e 79.74923 1005.35572 10
e 209.59915 417.12193 11
e 84.88963 666.21318 11
e 441.72370 791.46142 7
e 71.49868 914.54920 12
e 502.64871 368.73957 13
e 183.72264 383.41912 7
e 435.98246 404.03361 7
e 617.99327 863.03078 10
e 143.19573 1017.94696 9
e 19.15161 499.90713 9
e 442.92158 172.93172 12
e 195.40433 983.27318 11
e 593.72555 990.41057 11
e 419.26559 46.58661 7
e 617.40109 305.66236 5
e 548.27309 658.84244 11
e 630.82995 854.09923 9
e 399.29011 797.97841 10
e 541.15841 756.73060 7
e 347.21879 1027.17191 11
e 284.78107 71.87336 9
e 86.63664 585.92691 10
e 410.75714 573.77143 8
e 561.60250 875.92813 10
e 221.28989 463.07550 13
e 448.49072 222.21702 6
e 347.61715 23.70312 15
e 125.22605 70.89282 5
e 514.30428 726.95869 6
e 126.66924 397.45645 6
e 255.45584 284.22701 11
e 338.04714 276.77914 10
e 435.29184 801.16781 13
e 706.43805 59.43364 9
e 144.16029 488.41025 8
e 285.45507 576.64586 12
e 236.02146 382.77003 11
e 160.61945 483.58107 12
e 40.27655 1002.35513 6
e 438.35088 410.64471 8
e 565.12720 166.17202 10
e 33.86760 1050.63709 12
e 322.32483 935.26597 10
e 634.13058 843.89010 16
e 334.29105 42.51014 16
e 251.88495 81.21685 10
e 235.92601 448.01003 8
e 326.96568 403.68062 11
e 323.16168 649.65984 10
e 597.89182 797.89733 4
e 404.73988 1059.87812 12
e 394.45218 507.41630 9
e 513.73141 601.05378 12
e 174.47452 840.72777 13
e 457.69415 980.93185 8
e 558.41845 442.75830 14
e 248.31909 84.54550 9
e 653.95507 443.83433 3
e 162.60982 1068.04333 11
e 228.97893 751.44634 9
e 451.22861 611.09022 14
e 592.84794 1026.96367 10
e 131.85201 381.64062 10
e 339.64750 55.99466 7
e 502.62109 734.41365 9
e 72.99291 489.71937 5
e 523.67505 761.96978 9
e 184.62001 312.75346 8
e 397.40838 234.29861 12
e 384.79776 93.12381 7
e 640.15215 722.76721 9
e 454.85613 358.93401 8
e 296.49003 285.33147 13
e 651.75658 404.38349 12
e 550.92739 361.90965 4
e 207.68543 944.37456 7
e 121.13605 810.50989 7
e 670.82091 455.38978 9
e 511.90619 636.14063 5
e 565.76826 271.64140 7
e 467.77094 670.61687 17
e 288.56078 432.94729 14
e 599.82861 222.76062 8
e 174.29016 369.40133 7
e 12.46733 980.85694 7
e 370.54249 341.06842 11
e 579.00124 775.98895 11
e 425.74994 628.05851 11
e 522.61140 927.83761 8
e 176.08392 662.75840 9
e 49.03657 737.16341 7
e 381.18291 648.48020 5
e 247.61244 115.18949 9
e 255.87097 715.11080 9
e 382.71915 856.13428 11
e 218.27611 665.15895 7
e 212.59601 450.42904 8
e 320.35899 442.13604 12
e 72.72277 154.49088 10
e 667.00526 649.64949 6
e 619.79639 413.41454 8
e 476.15125 152.04727 9
e 290.22214 114.35872 14
e 256.49518 50.85298 11
e 58.08342 992.22303 8
e 263.58890 553.14335 10
e 120.63371 192.76478 10
e 66.63016 237.32356 5
e 462.47103 206.23293 12
e 179.40277 776.89879 16
e 617.32282 899.01219 4
e 704.14055 729.21096 10
e 181.78188 279.01517 10
e 592.87733 639.67143 10
e 88.77054 1017.66273 6
e 438.86306 14.50514 6
e 466.13848 73.20976 9
e 164.71876 830.99622 11
e 429.46028 830.47278 12
e 537.15391 536.42070 14
e 161.96625 318.65653 6
e 440.57520 522.98607 8
e 259.45765 516.83124 12
e 443.80630 831.40119 9
e 143.09046 995.89487 9
e 161.11048 795.79245 8
e 55.30524 846.97354 10
e 259.79795 486.58449 7
e 18.41061 1003.67106 11
e 302.01682 1005.63238 9
e 565.83410 487.66149 6
e 374.59971 908.63844 12
e 598.31104 329.20944 10
e 13.78352 757.34728 12
e 111.15367 550.10924 14
e 264.69917 244.88865 8
e 451.64425 266.01552 7
e 483.15972 443.63245 9
e 691.00835 558.38696 8
e 483.24104 610.91659 9
e 705.75596 600.73690 8
e 233.29650 1063.74590 6
e 155.34008 416.51676 12
e 61.07466 22.48467 10
e 520.77804 143.83676 8
e 450.69075 465.70774 7
e 496.63254 1050.90021 8
e 202.25860 174.61266 9
e 662.58775 549.19243 9
e 297.14343 58.53089 10
e 619.74121 104.59309 6
e 467.47657 876.16646 8
e 484.25715 801.87649 5
e 59.02426 709.42244 10
e 410.33409 232.56759 8
e 578.54466 186.57078 8
e 364.48190 169.47888 9
e 223.46847 588.15729 8
e 345.80028 789.12116 8
e 141.55255 543.99938 21
e 101.04743 118.94330 8
e 183.39763 291.50806 13
e 259.67051 169.29849 7
e 482.26848 688.60127 11
e 30.54915 752.06329 6
e 20.78173 590.65608 11
e 551.27865 1002.33349 5
e 223.22455 246.40558 11
e 31.96219 472.18614 13
e 142.63348 336.61774 5
e 139.10622 862.89463 11
e 159.84468 690.36362 8
e 382.77778 899.15563 8
e 532.52482 937.59395 7
e 424.10605 541.32362 17
e 683.82508 725.91378 9
e 201.71370 216.00219 7
e 557.23901 598.28221 15
e 518.29500 349.38440 8
e 388.96796 107.33336 9
e 118.28718 469.84578 8
e 548.83717 271.50981 7
e 513.48351 858.51904 8
e 684.09007 292.51463 13
e 189.07872 232.53672 5
e 528.94259 195.42561 12
e 412.36058 425.43752 8
e 364.55457 417.20655 7
e 286.29770 675.83867 9
e 506.17142 69.00477 13
e 450.34983 546.85683 8
e 451.64819 666.06450 8
e 284.75034 500.15870 7
e 537.71554 655.13593 6
e 600.41428 66.47496 9
e 71.15785 922.92857 12
e 705.51992 230.33241 8
e 308.00125 241.40847 9
e 643.87401 818.72154 8
e 294.21086 930.38843 10
e 206.68188 433.48969 11
e 191.52867 640.26090 9
e 118.53180 804.71189 12
e 372.96169 414.65485 12
e 249.58706 435.21954 14
e 26.66952 556.16401 16
e 351.64382 31.27576 11
e 649.70323 771.97569 5
e 276.71385 381.78572 10
e 549.37272 694.37582 9
e 357.72191 479.11974 13
e 161.16263 293.04616 9
e 642.36746 860.58606 11
e 657.06601 368.47061 9
e 46.69958 59.80159 6
e 138.74494 835.15068 9
e 619.17881 749.42663 7
e 91.87285 752.60936 9
e 644.35541 795.58547 9
e 108.78585 965.44544 9
e 536.56574 660.99774 10
e 665.34328 611.68390 7
e 108.29567 927.79614 9
e 680.84567 1034.58924 20
e 636.35371 39.08802 9
e 499.95165 108.03330 6
e 222.42461 554.05446 10
e 707.39478 435.32264 5
e 140.84865 172.14129 11
e 533.14400 821.77048 12
e 532.81091 326.68708 11
e 108.00555 1053.19327 7
e 689.99769 855.57851 11
e 111.42949 838.83834 6
e 661.13937 813.77553 5
e 350.69640 794.45578 11
e 307.67737 797.49176 7
e 326.37147 798.25896 8
e 603.40544 911.71710 9
e 282.53998 599.78588 9
e 324.59454 261.23739 4
e 122.82857 509.99694 6
e 41.84648 857.89099 11
e 340.71960 791.19358 19
e 256.75087 729.29227 8
e 284.17729 690.95878 9
e 432.86738 995.24166 9
e 667.51196 156.89304 10
e 647.89987 1003.21287 12
e 350.15750 346.55467 12
e 598.28936 846.31166 16
e 83.98197 541.87561 10
e 709.70587 826.41254 5
e 628.26217 999.63864 8
e 358.61887 950.91443 7
e 633.16826 240.69147 10
e 676.94332 795.83464 11
e 163.36926 901.25802 16
e 623.10648 518.54824 5
e 14.10425 725.73623 15
e 444.30158 649.95081 10
e 19.85478 122.05653 14
e 671.41594 959.38341 10
e 32.49758 1052.60532 9
e 174.39209 567.28327 10
e 431.64001 578.64111 20
e 674.83556 516.00113 6
e 61.10933 630.64673 13
e 295.40324 570.36995 9
e 219.21927 512.17555 10
e 603.75673 24.18565 7
e 334.43451 567.32233 15
e 639.07247 315.30651 7
e 181.39079 354.22592 11
e 167.15114 642.17224 5
e 608.59157 246.19643 5
e 682.97189 669.29396 10
e 197.80284 469.39745 10
e 497.72361 656.27325 14
e 703.21822 798.47868 9
e 206.06805 765.20124 11
e 257.97226 303.72537 14
e 350.88308 799.69533 7
e 287.65761 386.05080 8
e 637.65007 738.33560 10
e 149.13007 942.05873 14
e 489.35095 554.25411 6
e 164.02964 197.03722 11
e 311.83854 638.96828 7
e 115.80628 46.68897 8
e 687.56823 520.97944 11
e 626.94510 169.38587 13
e 253.42176 834.50086 11
e 654.57328 633.32901 9
e 482.45584 947.06233 15
e 135.12458 984.19796 5
e 189.17623 147.05693 4
e 348.70992 251.26649 11
e 290.69154 1010.36574 7
e 367.44592 539.48756 9
e 670.49191 360.26360 11
e 653.00034 88.44461 14
e 325.89057 618.10197 8
e 571.60333 943.93502 13
e 23.72489 115.87281 6
e 419.30531 1025.47267 7
e 397.53381 382.28097 5
e 481.54601 24.63427 15
e 149.45998 237.27892 7
e 81.50423 619.75885 14
e 17.97518 1056.84608 13
e 216.14359 149.61797 10
e 445.81792 503.53609 4
e 165.57906 232.83736 12
e 622.27936 909.62302 6
e 601.55946 207.03494 8
e 126.78131 627.09591 9
e 50.87876 1022.68858 10
e 478.49263 633.20619 7
e 522.76073 390.64309 6
e 206.37806 107.90611 8
e 570.58390 751.85802 9
e 63.93647 771.31464 14
e 255.53729 953.26533 11
e 625.92176 652.17085 8
e 48.54243 349.25173 9
e 139.86617 231.23418 6
e 489.66592 205.53686 7
e 262.05700 913.56374 6
e 705.95174 610.47413 12
e 490.95346 708.42095 7
e 429.40655 635.32345 11
e 170.17155 764.16514 10
e 211.15771 757.85677 12
e 289.24774 56.81603 12
e 471.47887 430.90907 12
e 356.83395 226.89271 11
e 116.32243 778.27217 12
e 35.25017 796.78561 6
e 668.08665 327.63580 8
e 359.35283 763.41061 11
e 82.68055 453.65699 13
e 188.76613 301.74882 7
e 161.95596 689.94044 6
e 399.33729 949.74117 9
e 474.00424 767.63697 4
e 635.13050 75.33775 7
e 599.18380 522.77972 15
e 376.00954 70.25104 8
e 215.31354 723.60727 13
e 68.94537 717.19636 7
e 331.73760 273.86005 11
e 154.40170 725.10151 8
e 305.71807 553.87553 12
e 606.35208 339.85714 9
e 267.81596 948.87910 11
e 418.67857 826.63105 11
e 61.05965 394.03635 8
e 497.04463 164.19315 8
e 598.97682 470.86904 5
e 134.83014 31.55608 11
e 132.65696 141.21959 6
e 315.22613 888.20999 9
e 464.01030 895.40324 11
e 168.34712 500.31186 11
e 237.75918 540.90598 9
e 345.64921 288.69438 11
e 64.10342 66.38277 5
e 102.65087 91.75574 10
e 63.44476 782.00762 13
e 514.57542 162.46070 12
e 255.25333 644.63643 6
e 56.80655 340.88017 7
e 294.36769 762.50155 9
e 317.94340 982.60666 8
e 334.05846 426.92047 8
e 216.06820 57.28078 11
e 443.89590 81.23525 10
e 76.54653 132.99543 6
e 578.06047 195.58004 5
e 124.49621 638.95177 8
e 520.97704 137.90564 11
e 79.99248 405.89137 8
e 471.30620 283.52528 8
e 640.25630 29.55845 10
e 91.43424 319.79948 13
e 543.72358 226.07712 13
e 671.83238 384.70184 13
e 634.09406 782.08604 7
e 505.66319 862.85511 11
e 95.19753 551.31879 4
e 501.02732 982.22420 5
e 704.41737 1047.90632 10
e 672.79591 852.24514 10
e 469.23012 156.27606 7
e 570.46016 1025.32107 8
e 314.05184 749.29344 7
e 452.33682 859.42674 5
e 225.92578 827.19510 6
e 362.43312 110.49400 6
e 113.55816 308.40497 6
e 209.51961 103.39369 12
e 16.45847 945.51190 9
e 663.81944 45.50285 12
e 141.51649 500.85222 8
e 678.88876 1045.16052 8
e 556.72914 546.15688 7
e 428.94082 373.13247 6
e 255.46038 300.26107 7
e 103.40111 366.69536 6
e 406.75009 901.21725 7
e 682.96014 681.43472 6
e 101.39029 662.43751 12
e 681.46946 561.11869 9
e 248.24810 239.38925 8
e 317.74251 403.21337 7
e 75.53999 701.97393 8
e 39.95441 266.26426 9
e 501.67201 101.22021 5
e 52.03239 129.08315 10
e 437.70590 1018.05557 12
e 371.12324 624.40774 11
e 123.44256 851.24116 10
e 223.91274 440.94283 16
e 651.62423 1020.48905 6
e 286.13854 912.01790 8
e 571.87042 331.77175 6
e 699.89400 200.99343 10
e 372.54535 788.25420 9
e 236.35630 311.43038 9
e 394.00354 757.14137 10
e 250.98725 335.22250 8
e 394.30476 368.78095 10
e 248.10247 453.15240 8
e 43.77349 103.03896 13
e 625.59041 1008.62567 8
e 130.98943 471.44464 7
e 484.03352 654.33372 8
e 586.87115 556.31196 10
e 220.11800 320.37255 10
e 287.69515 868.53879 9
e 489.19116 73.19611 12
e 497.34518 26.78596 7
e 158.86310 1035.98972 4
e 225.33444 307.62284 10
e 362.64893 516.34783 5
e 312.10392 858.86968 7
e 589.57870 112.38263 13
e 623.35290 281.19615 9
e 63.35053 954.81465 8
e 413.77623 876.11976 14
e 351.79677 240.11814 10
e 673.88690 319.79044 7
e 507.75907 300.69820 11
e 349.95469 282.13471 11
e 694.19532 977.18664 8
e 503.12816 466.12399 9
e 33.12202 683.36689 9
e 700.99856 735.93183 9
e 345.53429 438.21325 9
e 456.62436 344.45184 18
e 510.46061 785.48184 9
e 491.87124 881.49041 10
e 383.44054 316.22352 7
e 84.86726 447.43423 11
e 41.92494 673.41538 12
e 542.24821 499.13958 11
e 173.28171 183.07350 8
e 230.74087 525.98587 13
e 479.05918 228.57542 11
e 80.85141 176.07331 5
e 554.39251 742.05917 11
e 197.57414 273.41713 7
e 606.02510 310.16258 10
e 449.07327 376.50168 7
e 59.57190 11.44265 9
e 49.61047 910.64139 8
e 278.23018 637.81145 10
e 181.67821 476.48153 11
e 552.55627 740.89516 11
e 265.98363 1043.43447 14
e 605.72106 765.52920 11
e 223.03845 744.85321 6
e 656.72639 834.14544 10
e 515.10485 627.84868 8
e 45.61145 742.14925 11
e 481.33445 484.44851 5
e 58.43603 796.42008 4
e 358.97154 777.24444 5
e 111.70691 686.91829 12
e 189.78576 73.77302 13
e 704.25017 527.20044 7
e 240.90676 35.56593 10
e 362.16302 619.58694 13
e 272.61508 636.79446 10
e 400.53653 958.68500 5
e 545.47063 342.24217 8
e 688.71119 505.20034 11
e 587.30458 501.76430 7
e 308.11132 663.35466 7
e 336.83450 265.98088 12
e 696.86565 241.83531 8
e 43.91589 495.89688 9
e 575.62570 260.24457 13
e 142.81648 125.75629 4
e 26.08338 858.80285 8
e 534.62145 1021.87429 10
e 464.66040 798.52154 11
e 427.71616 1002.29835 9
e 662.08372 710.98415 11
e 493.95500 239.93823 9
e 170.96108 96.33533 4
e 114.38493 380.51452 9
e 540.32055 963.45108 6
e 559.86252 397.61478 10
e 702.98473 203.90807 11
e 279.56689 455.63680 5
e 21.78178 14.37960 7
e 63.38017 508.00029 10
e 261.87722 160.68083 4
e 208.44004 429.47331 14
e 230.32560 225.58883 6
e 331.93697 938.62301 10
e 403.90554 613.21941 11
e 392.36535 815.35927 12
e 289.18672 367.80092 12
e 208.12022 749.54956 6
e 394.25850 971.25600 9
e 175.30136 307.32405 7
e 340.91805 886.79755 9
e 564.60465 359.47049 11
e 497.01827 421.59224 10
e 81.20637 693.34804 11
e 378.28550 652.66272 6
e 512.70638 788.03704 7
e 450.19039 275.35954 3
e 606.14469 546.56582 5
e 708.17074 418.06227 14
e 495.10290 998.27608 9
e 140.40082 1047.27109 9
e 693.42068 42.12135 10
e 583.17916 896.49846 12
e 124.39790 402.41180 12
e 543.14222 541.47183 13
e 665.55754 992.41642 10
e 378.17130 575.50648 15
e 707.26784 790.27510 11
e 540.72537 1036.88523 4
e 700.17887 747.66567 10
e 509.35633 578.74898 7
e 496.49470 962.05621 6
e 96.58643 732.91353 8
e 322.98545 237.08638 12
e 127.29971 915.64663 6
e 97.17312 166.39805 7
e 403.87944 364.04154 5
e 41.85144 390.72942 6
e 437.33169 986.40393 6
e 527.24986 487.23513 12
e 443.47384 497.07094 10
e 658.84250 202.09279 8
e 263.66702 849.89025 10
e 418.02762 508.68018 7
e 96.60935 721.76773 11
e 536.18845 666.80746 20
e 391.32015 13.05888 7
e 663.35887 489.51160 11
e 326.22848 478.25420 11
e 422.06948 191.14743 11
e 81.85122 763.35240 11
e 696.60168 273.28927 8
e 707.57574 488.38009 7
e 395.63434 977.07193 13
e 528.61533 978.87649 14
e 600.23025 63.07705 8
e 613.07163 222.11643 10
e 707.00210 1008.95525 8
e 86.56337 619.60637 6
e 157.42961 867.93467 9
e 14.39683 216.00406 8
e 361.99099 323.01314 15
e 265.36412 134.45773 8
e 434.49836 993.22935 5
e 163.32988 590.56876 12
e 679.17683 21.15256 9
e 268.01029 468.55130 11
e 630.60612 679.86366 6
e 287.53601 573.35645 7
e 22.90217 1032.13718 8
e 241.37460 206.09080 8
e 609.55886 228.10233 7
e 340.71979 958.45636 8
e 344.26861 937.78298 7
e 208.45674 822.98992 7
e 294.14174 618.58846 9
e 237.46128 725.28898 8
e 210.36979 397.12317 9
e 520.39741 757.64104 15
e 455.60606 483.40506 12
e 333.93277 849.38777 2
e 442.06486 949.19397 9
e 549.25534 48.28184 6
e 129.28932 63.23395 12
e 599.71843 350.74804 8
e 674.05832 1056.02884 7
e 318.62825 355.88437 8
e 282.17658 540.68079 8
e 449.10925 598.70517 12
e 651.54358 288.15164 10
e 95.13187 325.40061 8
e 535.77150 644.78106 9
e 432.64084 293.84737 9
e 371.94805 543.12356 9
e 223.39244 1061.03402 5
e 617.01681 936.54764 5
e 365.31109 361.30985 6
e 662.70038 180.61845 10
e 349.87599 335.78114 13
e 329.96773 640.18077 10
e 487.29931 237.74703 11
e 668.63604 404.38230 8
e 241.58723 229.73656 8
e 40.66691 66.29691 8
e 685.83439 882.70369 12
e 402.21665 530.62161 9
e 593.45366 14.33486 10
e 403.68744 451.96340 10
e 411.21314 335.20039 13
e 92.59498 741.02989 4
e 161.21754 316.00105 8
e 174.70752 687.94898 4
e 511.01356 780.43205 9
e 352.48893 404.71771 7
e 248.97815 148.84073 9
e 407.36414 205.87305 11
e 30.31962 192.60488 7
e 599.13747 339.07254 10
e 530.57615 533.82812 10
e 215.24332 929.45579 6
e 477.72010 900.71052 10
e 609.15406 559.60977 6
e 519.67448 81.53168 8
e 443.23664 684.31500 9
e 494.32928 255.64265 9
e 92.68705 189.60305 4
e 10.34630 56.14884 14
e 147.56226 854.34817 12
e 364.61887 667.97227 14
e 78.58153 716.39197 9
e 424.03901 746.21871 5
e 163.95848 878.86754 6
e 370.31131 1011.95317 14
e 143.39300 805.48962 7
e 649.96385 528.28268 5
e 387.95552 184.62097 10
e 372.08228 481.49820 5
e 227.82424 293.65834 9
e 566.26036 938.04565 9
e 646.60118 228.66887 9
e 297.73376 616.93682 13
e 342.89289 1049.53236 12
e 354.27581 1056.73070 11
e 23.61408 442.12225 7
e 324.10665 211.73140 8
e 251.18076 526.35738 9
e 595.51674 1053.30420 5
e 230.88807 495.99477 9
e 270.48426 97.14317 9
e 35.35584 792.48131 8
e 582.84723 540.13802 14
e 324.50191 565.33717 11
e 13.41307 95.26089 11
e 339.40142 583.99759 10
e 85.54314 804.59406 11
e 333.26931 872.57268 6
e 42.03553 157.90958 8
e 423.13154 517.11018 6
e 86.37480 731.84368 6
e 366.31924 543.86168 18
e 52.80178 866.53824 9
e 253.08292 1057.87451 10
e 146.06137 1018.45497 10
e 502.74826 971.44603 13
e 678.76676 11.82640 12
e 475.41148 418.07313 6
e 81.91622 204.17839 11
e 180.58606 26.29395 12
e 181.33740 167.68122 8
e 164.15129 872.59481 8
e 488.94203 700.68652 7
e 264.63009 112.74374 14
e 687.50225 880.57132 7
e 551.68109 459.23365 7
e 204.60605 552.62621 6
e 672.01379 744.04141 8
e 98.14509 111.17024 6
e 474.77693 794.58484 6
e 102.18150 84.12317 7
e 415.85856 40.70647 11
e 294.04244 573.12743 9
e 73.73873 401.58634 8
e 316.91281 956.59918 9
e 704.25395 75.62204 5
e 519.23874 736.29604 11
e 409.14467 429.94488 4
e 592.92429 769.86327 10
e 276.79215 403.62541 5
e 620.83766 319.30419 9
e 248.44772 795.77639 9
e 462.84593 515.62812 9
e 237.54473 26.93960 7
e 426.62938 791.13859 6
e 631.73410 730.35133 10
e 412.21877 49.65055 8
e 134.76786 874.50653 10
e 619.37538 82.97741 12
e 599.52390 594.09519 16
e 303.61030 110.89438 15
e 475.69878 1012.13603 9
e 289.05577 979.83634 12
e 80.98933 444.21492 11
e 539.50166 332.16445 10
e 144.20368 796.93582 11
e 371.11982 867.93478 9
e 559.31668 22.68185 8
e 81.21570 252.02683 7
e 37.90409 402.42165 8
e 538.38289 461.75976 8
e 149.78858 542.29751 7
e 152.23926 753.81503 13
e 170.13001 708.50514 5
e 386.71159 891.85655 11
e 602.76344 819.30561 7
e 406.19819 453.66075 8
e 330.40665 608.78784 16
e 252.87112 133.00409 10
e 582.16389 892.55249 8
e 690.49074 316.86196 8
e 181.59365 391.49993 7
e 621.02855 816.35654 7
e 246.43910 18.65128 8
e 53.32439 341.68631 5
e 100.79290 271.10981 6
e 622.97700 907.56341 10
e 382.15318 543.42473 9
e 328.30976 1022.39531 6
e 575.74770 749.97481 7
e 14.85311 373.70090 12
e 341.69058 196.18856 7
e 47.55177 599.76648 12
e 320.23199 824.38118 7
e 486.55789 842.42722 10
e 300.38101 283.21135 15
e 481.87698 392.18101 6
e 632.03087 516.14033 5
e 472.37314 924.59091 10
e 549.03425 952.88700 10
e 87.56351 839.57379 8
e 681.55995 212.29700 9
e 228.23519 1043.83237 11
e 54.42555 186.90738 14
e 506.39814 300.40592 13
e 103.70773 21.62100 5
e 387.52749 451.56557 6
e 580.15822 779.50014 11
e 92.06765 913.18674 13
e 304.03241 105.19129 7
e 303.97393 151.88080 9
e 342.11943 346.62552 6
e 458.87958 697.09378 4
e 469.60592 360.96325 8
e 379.61992 337.66797 8
e 132.82381 740.74068 7
e 54.57902 399.11961 8
e 675.66738 664.57183 12
e 367.77263 165.65199 13
e 255.15924 557.75053 11
e 702.54162 760.31351 8
e 541.29117 809.55666 10
e 10.46392 151.36429 12
e 29.79206 883.95353 7
e 556.93897 578.40500 5
e 522.30676 550.49622 10
e 507.05041 777.68287 8
e 375.68531 34.16781 10
e 450.67027 731.51003 6
e 257.90658 285.84014 12
e 696.19375 290.67616 8
e 692.27968 1026.74109 10
e 263.15080 652.61973 10
e 558.56780 314.38692 10
e 439.92966 468.71874 11
e 372.91294 156.90802 11
e 53.18000 935.15787 10
e 358.75530 729.53244 10
e 262.81082 62.72468 8
e 547.81771 111.80894 9
e 183.03716 171.32530 11
e 186.44464 966.60159 10
e 258.30083 56.46477 7
e 228.92949 716.24268 7
e 222.26414 1031.28338 12
e 155.40952 817.61950 8
e 203.21960 578.16757 9
e 705.69467 381.47471 8
e 289.58997 620.65838 14
e 538.40823 351.68697 6
e 256.89846 718.70224 11
e 322.68235 978.10295 6
e 661.35674 961.89831 13
e 116.60253 60.30018 9
e 642.54212 286.37662 6
e 521.54576 627.52508 10
e 604.38338 480.56787 10
e 575.60843 1003.76544 16
e 128.00037 409.47021 11
e 457.63739 470.38563 5
e 345.86145 1057.38037 11
e 412.98742 330.55399 7
e 398.40990 754.03414 4
e 675.56160 60.40829 9
e 568.58364 20.11765 7
e 682.30627 691.26793 15
e 478.04392 387.64625 8
e 252.93867 891.09407 11
e 377.39787 653.35494 7
e 456.09167 417.44478 9
e 684.30565 1009.46287 14
e 543.13056 203.67990 7
e 43.03600 689.25282 11
e 668.35751 24.89016 5
e 327.14080 925.64199 6
e 548.59829 122.58259 6
e 421.69400 733.88697 10
e 94.67513 629.41922 11
e 187.16737 273.37481 6
e 165.10443 714.30987 16
e 477.62658 725.70124 4
e 695.41518 1068.94359 11
e 411.10365 542.04664 10
e 411.86119 1007.37586 8
e 68.76060 134.21651 7
e 76.37763 89.01374 16
e 348.47975 296.16110 8
e 228.20180 195.10926 11
e 592.46767 583.04330 9
e 20.48702 1064.85454 7
e 316.39409 759.28149 9
e 60.71728 622.17608 10
e 20.20007 897.44467 12
e 694.26687 737.34940 9
e 540.88571 375.78406 7
e 106.52637 389.71856 13
e 171.10350 633.33031 4
e 36.50949 267.85345 6
e 149.88988 822.65980 8
e 609.33182 361.63508 7
e 157.71707 903.18178 14
e 499.32880 341.91400 10
e 362.90373 362.20008 8
e 423.17938 580.86956 11
e 368.10617 514.07326 13
e 451.29588 216.99228 9
e 543.55347 505.93653 7
e 553.81635 788.92814 12
e 427.77707 148.51574 10
e 596.96691 1031.41941 11
e 272.73987 203.21839 8
e 68.83613 79.85940 6
e 166.16208 339.26458 13
e 535.58432 216.29790 7
e 462.05076 1003.99152 13
e 209.62033 661.84785 6
e 704.73234 878.60626 7
e 181.12440 286.82011 10
e 203.22094 82.65329 8
e 474.44138 589.17183 8
e 515.45433 665.46010 10
e 473.94148 966.07620 7
e 607.17951 746.83859 6
e 487.95659 21.06361 9
e 534.76743 922.33014 7
e 240.66423 924.79212 15
e 199.09230 203.52777 11
e 473.31083 367.11885 11
e 479.90834 418.05570 7
e 350.79345 396.63478 10
e 516.30682 93.44597 10
e 114.32892 305.55980 10
e 273.10303 93.34960 9
e 183.83900 291.80170 5
e 404.12427 441.38797 15
e 418.33508 582.82732 7
e 432.95862 813.55773 13
e 637.72215 209.52056 11
e 535.34279 313.08067 11
e 400.83529 302.58537 7
e 666.00655 74.74496 8
e 166.31797 106.68421 11
e 584.30251 1061.11406 7
e 21.01810 359.24798 15
e 299.13124 266.06049 6
e 485.46919 854.16853 10
e 143.92894 176.15797 5
e 476.25467 339.99096 8
e 373.35323 363.94859 9
e 558.60877 806.14020 11
e 68.81248 568.55909 12
e 70.61947 754.61491 12
e 533.55148 710.64857 6
e 56.52641 224.59721 9
e 217.11137 951.84225 10
e 578.84086 919.86115 8
e 344.63975 437.39974 12
e 551.15725 222.88554 9
e 498.19493 745.46792 10
e 42.93283 972.57861 7
e 617.08442 559.67228 11
e 297.14803 114.18448 13
e 117.08731 787.32335 7
e 368.63321 645.96906 10
e 256.19216 44.39475 13
e 207.19744 130.51143 10
e 194.85658 1066.14910 5
e 521.28304 35.46179 7
e 175.31719 365.55904 7
e 692.84902 197.28224 10
e 596.11325 666.11259 7
e 153.23860 1013.97862 7
e 496.60425 93.42484 10
e 507.25653 942.78446 7
e 669.66215 365.62994 7
e 399.19455 1039.72225 5
e 544.24554 681.58315 5
e 331.87182 19.09841 12
e 551.93347 473.08436 9
e 388.83638 971.85260 10
e 411.85764 47.44734 7
e 363.64351 827.59077 5
e 397.97482 938.53962 16
e 528.78972 18.41387 10
e 164.72415 985.52749 6
e 631.64167 1022.95074 13
e 103.47132 239.89720 7
e 506.62459 29.42613 6
e 649.45550 532.03736 10
e 523.12629 861.94319 10
e 200.43021 449.90354 9
e 324.14929 668.31711 11
e 599.05666 462.04659 6
e 393.29652 172.80241 9
e 209.10430 364.52343 12
e 665.42043 748.23055 8
e 593.78096 870.96359 12
e 282.35151 918.82193 8
e 33.77193 507.23462 11
e 64.43879 928.51589 9
e 136.58180 334.02991 9
e 562.32694 296.93861 8
e 608.14497 30.42755 9
e 475.58968 214.78265 8
e 394.65766 865.66668 8
e 649.92263 500.53976 8
e 618.00878 977.38847 6
e 171.36928 587.23258 7
e 210.38867 1037.65546 4
e 226.26403 662.75615 9
e 589.36505 782.20006 5
e 207.69282 196.84913 6
e 114.65423 88.77091 6
e 312.48222 1059.75570 13
e 673.74982 971.43928 11
e 624.27415 560.41633 10
e 682.15298 360.19581 11
e 379.75356 406.86823 10
e 51.70419 780.15578 6
e 381.63857 193.13616 8
e 308.55142 1005.75035 8
e 402.66453 330.10430 9
e 244.39830 123.11131 7
e 513.93001 853.34667 7
e 30.35808 504.26562 9
