c ./output/rectangle/uniform/uniform-rectangle-3-2000
p rectangle 2000 720.00000 1080.00000
e 259.53805 392.01935 6
e 549.82383 451.52921 8
e 532.74538 339.25825 8
e 501.44108 658.18807 11
e 26.16265 843.57269 10
e 502.39166 648.70113 9
e 255.47283 641.34009 7
e 477.50776 843.85453 13
e 671.11416 254.09258 15
e 286.99799 63.14750 9
e 370.83152 902.11670 14
e 114.62029 740.85930 11
e 272.55667 339.43327 7
e 696.26973 55.24487 6
e 463.69714 98.44847 6
e 554.12739 645.87664 5
e 528.57130 857.00012 16
e 599.20061 727.45736 6
e 703.54988 1045.51548 8
e 633.52501 779.66056 11
e 63.54807 23.78940 7
e 51.02082 196.32702 11
e 695.21083 953.43581 4
e 461.65658 115.63509 9
e 431.13561 1007.40760 7
e 465.80183 859.63960 11
e 76.97086 656.89246 9
e 171.99502 144.08827 9
e 464.08640 198.75842 8
e 85.88538 131.93328 9
e 519.49709 103.28440 10
e 118.03394 914.86675 10
e 347.89926 285.20360 10
e 263.85702 87.51141 9
e 682.16311 682.10149 7
e 21.30911 552.90610 10
e 202.06073 60.47023 12
e 668.82586 1030.39026 8
e 671.68618 880.72682 14
e 234.79091 1034.68948 4
e 238.60415 446.03529 8
e 70.83342 981.50115 7
e 173.71325 230.21904 8
e 524.10480 867.55927 10
e 60.53586 289.40446 8
e 249.14146 718.71810 13
e 352.68871 832.42003 6
e 32.70702 541.80776 10
e 678.54183 380.89063 8
e 159.46906 815.20358 13
e 570.12032 469.98167 7
e 369.35841 965.16537 9
e 565.54669 1010.19556 10
e 417.59831 754.83235 8
e 266.81542 1051.86669 7
e 104.49521 823.96687 4
e 555.32037 258.11402 6
e 14.15651 638.04140 10
e 453.37695 984.07668 10
e 104.31117 808.51073 7
e 218.05711 129.92835 8
e 373.55926 1036.87000 9
e 258.02604 659.90205 5
e 256.74385 830.88805 7
e 436.21336 490.23391 7
e 562.05630 37.11319 12
e 149.66870 301.60496 8
e 265.31076 129.99116 10
e 453.66635 1062.68452 13
e 574.71727 970.73995 8
e 278.11896 43.55451 12
e 596.82462 798.32728 10
e 49.65882 48.58961 10
e 28.55604 687.77335 10
e 637.70706 468.14763 12
e 422.01740 717.80918 2
e 225.35859 1054.79087 13
e 567.56856 99.68130 7
e 553.68645 498.17330 15
e 342.03658 180.34937 8
e 360.76472 934.29071 17
e 535.38060 764.86614 7
e 595.98451 636.34166 6
e 38.34712 972.75912 6
e 310.59627 320.33371 7
e 684.36055 562.90701 8
e 146.26866 290.38774 6
e 377.35546 902.42467 10
e 675.63669 479.82051 4
e 102.07112 279.01954 7
e 115.25202 967.45147 14
e 100.88377 984.15996 11
e 606.71224 743.63342 8
e 138.41649 1057.50787 8
e 481.71256 163.92841 15
e 399.74183 179.12987 9
e 622.75435 1057.97130 8
e 108.52921 249.24682 8
e 691.60733 18.00127 10
e 465.16242 527.27507 7
e 548.69818 575.44982 9
e 204.88461 154.58764 9
e 594.20490 78.18242 8
e 183.59085 193.42420 10
e 685.55327 704.44382 10
e 573.40874 536.40933 10
e 654.27209 622.38604 11
e 202.82318 408.41747 7
e 492.55332 51.89569 12
e 280.57415 252.06305 9
e 504.59266 1021.47897 7
e 98.76112 291.14401 11
e 687.89570 436.48078 11
e 535.77129 556.26128 11
e 560.99317 336.90390 10
e 148.79546 657.96495 7
e 573.00424 930.51530 10
e 368.26506 192.27407 9
e 662.02209 961.57082 11
e 587.56016 645.79073 10
e 281.96488 36.81458 9
e 674.51760 131.29846 12
e 234.82609 701.78589 6
e 198.68174 823.67100 19
e 386.92105 699.21894 9
e 158.26207 265.83492 8
e 150.99415 62.37305 11
e 468.82940 97.43876 8
e 701.42880 186.28930 17
e 405.10901 545.92210 9
e 477.51877 855.43704 6
e 359.49787 118.96112 7
e 200.31912 717.69520 13
e 228.63932 554.65171 11
e 88.34411 574.17215 14
e 623.13357 242.72521 11
e 91.36904 299.33528 7
e 53.36082 96.60069 15
e 648.94227 841.49363 6
e 27.67531 630.58646 9
e 254.80952 472.74757 7
e 482.21890 75.88568 8
e 370.73753 455.39700 9
e 514.24091 626.26156 10
e 252.66617 742.20233 7
e 438.22441 715.13520 9
e 443.70913 601.32921 6
e 64.34888 186.56380 12
e 68.88689 340.54279 10
e 217.03536 284.44740 10
e 663.30691 474.02073 10
e 618.68199 307.50624 12
e 622.81881 213.15710 8
e 423.06763 566.73975 11
e 133.61799 758.45990 7
e 402.54483 891.69546 10
e 503.05192 697.78963 6
e 317.79867 628.84268 4
e 121.45382 434.85869 8
e 105.76181 210.61868 5
e 465.44353 587.15814 9
e 588.90350 72.64581 8
e 14.52818 946.85474 13
e 542.94124 182.45543 10
e 357.99571 311.58666 8
e 117.99891 919.14328 8
e 186.50733 237.36768 7
e 423.67341 229.80398 7
e 15.57566 228.36638 6
e 216.98317 79.04901 10
e 492.36709 660.35157 9
e 596.27121 565.72173 11
e 211.35751 899.10812 7
e 509.15653 326.13694 8
e 479.20520 683.08542 10
e 454.36685 791.39019 4
e 617.98105 834.07365 5
e 205.39797 72.36219 6
e 701.62946 617.29612 8
e 248.32615 250.26071 11
e 326.28723 212.67378 7
e 483.05747 438.76421 10
e 659.34803 203.68881 6
e 228.81354 221.35193 12
e 272.12680 904.62928 11
e 387.27842 547.55505 16
e 605.85766 863.31614 17
e 638.76126 472.57485 12
e 630.50101 157.80590 10
e 96.78239 211.54973 9
e 237.51572 483.12536 12
e 506.48692 510.23353 7
e 42.98052 303.66014 7
e 436.97206 186.90288 7
e 357.69605 439.12002 10
e 70.94472 699.67272 7
e 655.53974 912.07073 6
e 341.86067 15.32952 7
e 471.48080 312.81547 6
e 562.56718 170.83897 11
e 636.00482 142.53990 12
e 399.10320 240.54229 9
e 554.43703 690.66207 8
e 307.12763 33.62475 11
e 387.04913 92.75726 8
e 537.08888 364.47910 8
e 628.40159 144.66829 12
e 695.95456 768.96206 5
e 363.91463 800.69895 11
e 260.75586 434.78375 15
e 403.01614 579.93012 7
e 537.05430 677.85378 7
e 402.50865 309.68387 13
e 219.98321 901.90418 8
e 631.93287 401.58082 7
e 267.70280 70.76710 7
e 703.89397 388.75933 9
e 221.21062 149.80716 7
e 589.96362 907.50747 8
e 566.70462 977.32052 11
e 163.29780 290.72339 7
e 558.27050 101.93656 5
e 31.99346 753.46513 7
e 27.32573 1029.42874 12
e 681.09394 715.32324 6
e 551.38845 431.26882 9
e 538.13679 57.25837 12
e 412.01063 432.94534 11
e 396.12927 409.67614 5
e 584.28538 371.47533 7
e 340.59383 378.00614 7
e 88.19900 15.46090 4
e 219.16465 750.85139 10
e 211.95609 136.48676 8
e 705.16845 437.24388 8
e 158.54372 61.54329 4
e 482.52145 745.70814 8
e 118.44973 800.24198 15
e 17.69796 804.64565 13
e 178.01471 371.06081 5
e 658.02344 163.88647 8
e 647.33216 317.58728 9
e 42.84839 875.87579 10
e 18.28042 562.91087 11
e 447.84559 892.57053 8
e 693.49803 117.79313 12
e 680.63004 832.04735 7
e 666.11422 172.39184 10
e 601.77460 684.63476 9
e 409.48388 646.96623 10
e 550.56371 472.96266 8
e 301.57805 23.94479 11
e 570.87720 129.20665 6
e 175.54495 725.69957 10
e 633.42398 489.19980 9
e 414.11435 527.20899 11
e 705.22818 877.17484 10
e 34.66328 692.79956 12
e 137.89339 230.87407 10
e 431.27136 235.80061 6
e 457.80770 182.70965 9
e 507.36828 832.23610 10
e 693.89476 283.99404 5
e 150.18689 123.86035 10
e 286.80010 916.52326 7
e 316.42143 897.21314 12
e 418.05498 1008.39780 11
e 276.44027 942.05273 8
e 688.50393 903.67454 9
e 601.91317 488.13635 8
e 568.41411 186.96604 11
e 180.24093 184.14850 7
e 121.28245 914.67406 7
e 59.87096 247.02315 10
e 317.35814 15.94416 13
e 392.21840 657.73948 8
e 160.54166 435.85841 6
e 587.43830 842.99022 10
e 689.37844 319.07291 8
e 303.02417 700.13193 8
e 239.24597 998.69502 7
e 325.21188 1002.52921 15
e 260.22030 478.38830 11
e 636.48495 106.82365 8
e 301.71998 479.31556 7
e 551.26948 554.82582 12
e 81.39434 969.12368 9
e 553.37016 730.82562 11
e 103.28570 986.56996 6
e 158.34724 675.69040 14
e 258.47575 587.52430 8
e 596.79183 85.74283 11
e 596.92309 72.77681 8
e 326.08661 642.42083 15
e 246.65831 923.95331 11
e 212.86170 181.27306 10
e 438.26605 309.94848 8
e 511.65157 329.71416 8
e 375.86473 784.75086 7
e 558.55800 849.16223 13
e 146.31966 349.89658 11
e 410.82417 853.11896 12
e 265.15596 473.65921 6
e 482.90320 140.34723 6
e 137.84599 718.24458 9
e 145.80115 133.27174 6
e 136.11521 608.79063 10
e 127.60084 797.82141 16
e 222.40421 595.69868 11
e 385.28211 954.27071 7
e 550.17009 467.40552 11
e 648.61699 427.27086 7
e 305.26882 17.01824 8
e 57.85356 121.51441 8
e 653.56235 878.36674 6
e 321.63397 83.42582 8
e 619.34437 828.58603 10
e 328.02683 110.37501 13
e 146.37226 610.57074 11
e 204.85518 177.36672 8
e 569.12957 547.26680 9
e 514.86307 314.14928 13
e 696.90010 708.47881 9
e 314.67586 468.26613 9
e 264.58846 477.87342 4
e 600.29244 456.09753 12
e 19.33155 686.13957 8
e 137.27791 1019.58111 11
e 512.30794 781.26800 8
e 282.48380 784.36853 7
e 405.32767 628.53746 12
e 698.72119 640.53457 8
e 286.03040 819.69257 7
e 419.39402 935.84260 11
e 244.11416 323.98672 13
e 238.30327 707.53520 5
e 301.37966 347.19468 14
e 632.52658 666.31767 5
e 642.49833 540.50172 6
e 99.26715 948.68598 11
e 135.40838 1008.04047 7
e 514.61653 818.92154 9
e 459.59350 549.44155 10
e 616.42461 436.72647 9
e 256.92305 565.81030 7
e 686.20181 353.31771 12
e 153.91852 219.03025 10
e 420.76724 236.23763 10
e 202.05196 1014.63511 11
e 552.01213 242.07847 10
e 452.96745 1047.58260 9
e 570.52659 764.16954 7
e 683.81460 902.75862 7
e 669.56710 349.29836 7
e 171.02323 591.55771 9
e 83.33332 797.89846 16
e 33.24417 217.91465 6
e 36.56881 303.44026 9
e 436.53974 93.90049 7
e 627.82162 616.67286 10
e 229.77672 673.85059 10
e 98.86375 818.75393 5
e 311.39311 156.27375 7
e 358.48180 921.33375 10
e 304.64388 437.81430 10
e 468.53399 454.41442 8
e 213.76651 771.58759 11
e 628.09293 432.81282 7
e 547.51674 326.09787 8
e 142.75871 668.22006 9
e 444.26901 426.77393 9
e 43.64150 648.29748 9
e 358.66780 854.06348 10
e 521.62467 499.10357 10
e 296.50938 168.83761 13
e 126.04186 724.24379 8
e 195.82339 503.73592 9
e 415.78287 939.34281 14
e 452.80656 767.21244 9
e 647.02978 953.15908 7
e 257.22875 731.33518 16
e 91.25115 461.14975 7
e 428.31352 433.12120 9
e 615.59495 528.28837 12
e 298.80276 892.86670 9
e 536.49104 241.12952 9
e 191.68257 181.67588 7
e 180.82027 50.17906 10
e 463.12844 267.63970 10
e 320.12570 770.88491 6
e 335.59343 630.61859 9
e 313.62241 638.36374 10
e 189.44990 93.95493 13
e 283.50360 958.42977 10
e 329.82732 220.38574 4
e 387.65090 527.62317 11
e 563.45858 741.15451 5
e 503.17695 227.37686 9
e 504.08625 428.47152 10
e 505.44899 98.38851 12
e 103.96844 645.80067 12
e 281.50707 954.38912 10
e 328.53457 272.58851 6
e 46.34681 246.03213 8
e 412.32634 383.88721 5
e 181.58553 198.30472 6
e 113.44166 464.51202 8
e 256.53005 85.67826 7
e 680.94738 643.15424 14
e 55.53584 256.64600 11
e 215.72398 130.47218 14
e 227.68735 166.56610 10
e 478.87620 887.63116 12
e 119.02620 693.18644 9
e 569.62316 492.95971 13
e 535.99171 544.23541 9
e 586.81150 576.48449 13
e 531.75548 755.34057 10
e 122.94998 171.41378 10
e 75.25610 417.16987 18
e 495.96325 662.14546 7
e 549.99520 494.24830 10
e 253.44704 657.74146 10
e 631.79800 21.83899 7
e 132.16586 209.44412 9
e 562.94975 984.48705 8
e 655.51895 283.58215 5
e 154.32637 617.15214 8
e 627.10859 454.03623 8
e 56.98948 571.06669 10
e 116.89406 660.19224 5
e 342.61919 601.13521 7
e 274.74995 388.88524 7
e 597.99437 107.32827 9
e 35.53948 730.71924 9
e 561.15335 254.20507 8
e 696.82205 290.32108 10
e 310.66123 964.06389 8
e 709.96473 793.44885 9
e 137.06111 585.40382 3
e 43.15696 908.69896 15
e 581.94263 372.25951 13
e 525.12538 985.34614 9
e 689.05492 401.35689 9
e 125.47373 87.69336 9
e 317.05646 410.42227 14
e 286.10603 346.19940 6
e 194.17693 1062.67568 12
e 271.54735 891.83227 8
e 493.58984 48.32353 9
e 390.81162 444.72159 3
e 12.01893 934.33837 6
e 38.16198 288.54271 6
e 45.38538 371.58361 7
e 529.81360 207.29872 13
e 420.53784 999.00882 6
e 675.97425 269.43737 7
e 479.30085 586.15064 11
e 629.84365 627.94221 12
e 123.44065 525.14256 10
e 536.52539 647.19749 10
e 404.54924 823.12596 7
e 255.84002 81.27160 8
e 215.35515 885.40244 4
e 100.25085 441.65997 9
e 155.85697 324.06489 9
e 629.29151 75.20196 15
e 137.37855 138.24498 9
e 474.11896 221.42076 7
e 596.35691 483.85796 8
e 426.25870 506.78690 10
e 168.48083 699.44690 9
e 573.94354 551.16593 9
e 341.26882 317.79156 12
e 245.98896 747.94796 4
e 10.56152 440.34928 6
e 281.77597 516.76890 12
e 267.19362 269.30173 6
e 296.43285 682.27623 6
e 255.33042 257.02342 9
e 443.94368 798.37436 15
e 657.10116 810.59590 11
e 136.90638 841.11529 9
e 487.83045 982.06026 9
e 564.05191 576.72773 4
e 476.43872 650.61900 6
e 550.57856 325.39991 12
e 563.69140 620.62045 7
e 326.44658 85.99763 6
e 696.32109 893.62845 7
e 650.80193 297.21965 8
e 356.93420 404.37208 9
e 375.64962 274.58853 7
e 266.58706 634.69104 17
e 317.53369 1060.10650 6
e 233.77961 1057.89753 6
e 453.54140 349.42224 9
e 31.23467 349.49229 7
e 110.57112 317.96278 9
e 273.34100 989.07712 9
e 508.85171 659.71309 11
e 146.77970 46.25497 6
e 214.64284 360.11706 7
e 382.11129 955.45707 13
e 655.92981 707.32772 11
e 391.21786 94.67805 6
e 297.89706 572.12679 10
e 701.16310 997.65141 11
e 288.19917 999.46797 7
e 228.51319 587.01495 5
e 285.38184 177.53084 5
e 335.72406 251.96114 7
e 522.08081 932.65493 9
e 646.66212 606.92268 10
e 527.32850 957.57252 11
e 285.56120 582.32820 7
e 592.57772 394.34863 9
e 232.06707 353.08689 7
e 262.67449 441.97652 6
e 52.03379 16.78165 11
e 25.57010 276.84016 9
e 552.42273 1030.77916 9
e 166.58514 1053.61588 9
e 239.83023 88.70755 10
e 563.59266 687.89011 6
e 699.41036 407.23237 12
e 20.72479 752.67119 9
e 668.11583 478.35289 9
e 398.04632 195.70620 11
e 609.34629 892.36729 12
e 634.66592 1004.08193 13
e 634.19934 195.17982 7
e 250.98595 473.40774 10
e 554.03246 757.75665 9
e 363.25738 768.48486 18
e 490.71781 340.42536 12
e 660.39148 710.42238 8
e 522.48350 52.46201 9
e 288.65835 741.32459 12
e 30.31443 172.89545 5
e 28.36776 786.32585 16
e 162.92733 219.85289 7
e 69.75918 373.97369 7
e 28.08254 1007.03627 8
e 136.89979 556.05850 9
e 284.27410 738.98156 12
e 146.38207 926.42705 5
e 555.44594 932.33879 6
e 637.77747 92.50026 11
e 24.80537 167.80167 9
e 198.63510 152.36473 6
e 227.83423 856.93451 9
e 656.01421 176.56042 11
e 381.45019 54.46125 10
e 23.05111 247.41786 12
e 247.00818 182.32518 9
e 147.86236 750.68675 8
e 341.80972 132.12827 6
e 589.66863 698.14206 8
e 510.65774 777.20933 7
e 438.17309 993.49793 12
e 312.37039 40.88536 9
e 35.79110 792.81817 6
e 95.20457 670.48531 11
e 145.28079 393.41155 5
e 622.95268 990.28848 6
e 97.09409 317.06631 9
e 615.57504 43.78521 14
e 82.60131 481.14803 9
e 664.01538 139.97928 12
e 53.66561 415.95734 15
e 313.44001 783.64885 19
e 561.54369 408.74437 9
e 97.07981 216.32593 6
e 671.81641 981.74791 12
e 442.70818 257.10355 14
e 589.66125 930.76532 7
e 311.69660 611.27449 3
e 514.44275 544.62840 6
e 150.41650 670.49469 13
e 217.15293 237.37502 8
e 691.30250 239.24739 11
e 603.78029 197.44322 6
e 470.54927 240.23837 6
e 702.98499 564.72584 13
e 541.35189 841.42162 13
e 321.12867 198.78022 12
e 20.87320 474.29339 7
e 278.52760 891.16841 10
e 465.67406 618.78771 7
e 484.30364 305.34360 13
e 276.62647 459.82441 6
e 595.42026 252.19714 14
e 150.51947 187.95418 17
e 127.47979 957.52951 13
e 495.22665 1011.29116 6
e 225.41472 436.42871 5
e 241.39419 506.01319 7
e 348.55610 806.78509 10
e 592.56268 451.89684 9
e 140.63351 844.61750 6
e 288.01721 311.42850 9
e 160.96821 46.68622 8
e 674.44335 829.09376 6
e 134.74966 989.45232 19
e 422.51162 106.98160 6
e 191.70474 757.75741 7
e 312.37032 488.96882 10
e 401.71518 785.11715 7
e 700.74480 1024.87340 9
e 681.81135 477.47645 7
e 68.00519 779.97911 7
e 13.35732 304.56139 6
e 48.70917 945.13143 13
e 178.02967 672.23364 10
e 360.21101 142.52423 10
e 561.81099 262.38231 12
e 410.16393 947.82105 7
e 362.45293 994.24158 9
e 597.01607 178.39494 5
e 242.36806 432.72513 10
e 441.57490 368.04606 7
e 617.18695 331.50585 8
e 517.93869 267.74184 7
e 418.39707 194.61549 11
e 617.34771 719.47680 8
e 664.56843 157.22184 11
e 35.68556 132.62056 6
e 366.19301 62.47028 8
e 30.37248 694.01826 6
e 154.15963 724.52339 14
e 33.98854 768.75177 8
e 611.29307 308.23794 8
e 11.28817 505.18461 8
e 563.50390 818.16824 9
e 135.96652 634.65007 7
e 484.26355 672.13448 6
e 621.57940 771.24516 14
e 369.68159 275.18033 10
e 260.17962 898.70705 8
e 77.75962 182.53210 9
e 518.60403 165.18970 7
e 522.48660 1037.66384 6
e 520.31579 532.21797 11
e 171.94554 66.63562 9
e 537.29713 799.52270 5
e 64.12661 441.90696 8
e 374.85089 311.69789 9
e 531.83142 714.60371 7
e 666.61099 793.70611 8
e 583.58917 77.86815 10
e 202.21602 63.31116 13
e 336.44974 300.89969 8
e 686.23047 423.77980 7
e 319.84729 577.21398 13
e 404.86988 484.18232 7
e 498.59662 827.55226 10
e 579.08573 269.96059 8
e 604.24726 217.04802 9
e 207.11536 617.74650 7
e 168.59773 611.39358 9
e 456.40116 697.75784 6
e 207.08009 393.28128 10
e 701.35442 912.12833 7
e 582.59022 338.10304 12
e 458.74612 180.24132 10
e 360.40879 117.70312 9
e 487.05843 640.38493 9
e 650.31562 36.17587 10
e 694.42844 209.07573 9
e 343.98453 513.00057 11
e 56.08721 751.43726 9
e 539.51642 660.61886 11
e 525.88132 1015.34731 9
e 251.38771 152.71124 7
e 176.79714 481.04161 9
e 588.20599 301.85134 5
e 238.81267 42.00507 13
e 56.10933 217.31620 5
e 371.58994 909.78496 7
e 75.93259 758.96406 6
e 249.24335 839.79804 4
e 706.90479 816.63016 9
e 575.89082 46.14574 9
e 180.52148 914.58615 9
e 99.30292 107.26115 10
e 203.07635 310.49946 14
e 470.65102 810.25543 13
e 446.99215 857.72243 9
e 443.67246 461.61216 9
e 588.40575 131.95531 11
e 178.30884 744.85593 9
e 226.35157 840.73351 9
e 171.49324 715.75751 13
e 620.98993 482.54450 9
e 345.86299 828.63838 9
e 155.43728 999.96512 8
e 639.17950 332.26878 8
e 50.27042 742.96288 7
e 517.05415 744.58998 15
e 566.58621 165.67676 14
e 416.24765 567.01062 13
e 580.67430 968.63317 7
e 486.77421 593.61538 12
e 22.64023 724.62544 6
e 609.63972 918.42172 9
e 324.76132 754.83743 20
e 695.30797 1053.46198 10
e 672.80389 726.64168 5
e 346.59485 416.50199 7
e 455.40639 326.16647 9
e 554.79508 714.49177 8
e 681.31290 98.23623 14
e 240.32654 44.19335 10
e 412.90115 546.58225 7
e 184.48206 390.58596 7
e 57.40024 26.17163 12
e 97.64434 282.37134 9
e 237.38930 836.56510 8
e 401.57483 360.60593 5
e 199.51030 14.35869 15
e 540.26588 300.18643 10
e 228.74683 819.28579 7
e 452.09299 291.28854 9
e 237.16585 44.15914 12
e 472.08265 449.38424 11
e 530.80743 440.97622 12
e 168.33522 273.68449 10
e 307.50066 555.70986 8
e 383.46238 811.51658 14
e 50.40770 457.72314 6
e 707.78176 902.44411 10
e 324.08723 287.08615 11
e 89.23332 604.02239 8
e 282.43296 533.08874 12
e 652.52731 839.02408 12
e 709.46447 198.70029 11
e 518.52578 836.98660 12
e 31.24409 684.00105 9
e 202.58898 801.97107 9
e 443.86790 754.69709 12
e 335.79417 268.98798 9
e 490.84677 190.64424 10
e 73.05492 588.71651 7
e 522.66414 735.88571 7
e 637.32941 21.94333 13
e 357.13159 644.59887 19
e 707.63187 1045.40463 12
e 329.22938 292.47066 6
e 624.85641 190.14929 8
e 510.37610 298.56820 8
e 224.20345 705.32293 9
e 191.04497 602.27713 10
e 271.14043 600.96988 8
e 571.26113 385.97814 6
e 508.91496 919.25022 12
e 94.27715 604.40551 6
e 232.54136 892.98912 14
e 409.80015 455.38247 8
e 527.30348 950.30338 7
e 245.80654 517.02498 9
e 267.11813 107.39270 8
e 496.98092 930.63369 10
e 165.75372 408.23557 7
e 692.72547 93.84389 4
e 490.16522 1041.27212 12
e 120.96525 804.47943 8
e 514.86389 747.08147 5
e 306.07825 780.65467 6
e 290.18064 837.83220 3
e 468.57076 380.53020 6
e 474.42052 598.73366 4
e 423.55923 68.27399 9
e 77.59647 193.28332 6
e 694.28593 142.37882 14
e 389.35159 524.25027 13
e 267.18538 661.99217 10
e 471.92208 248.37637 10
e 329.73604 1040.99818 12
e 339.27511 422.05540 17
e 333.73958 325.98804 8
e 577.25283 918.81162 12
e 109.15341 153.24620 9
e 261.64411 289.19256 7
e 51.05833 843.87568 11
e 368.47951 982.55731 8
e 653.76584 558.94076 5
e 220.65311 471.97153 11
e 379.16332 769.03781 11
e 703.15736 19.06515 9
e 120.73580 652.75516 10
e 460.94507 461.44485 4
e 508.82095 1017.15309 7
e 204.48597 873.94416 13
e 125.68348 623.06573 9
e 459.01035 76.30447 10
e 174.62082 564.29386 8
e 462.00387 515.65352 8
e 694.71819 334.75095 2
e 331.64353 888.61337 10
e 83.44795 291.21858 7
e 348.01720 487.94708 8
e 669.14608 303.84788 11
e 296.28668 182.88299 10
e 185.46232 162.12235 12
e 74.77094 246.42275 11
e 87.82729 426.53801 7
e 130.12853 143.75852 7
e 184.53708 190.26089 4
e 508.56583 614.34737 9
e 442.04166 1044.27353 8
e 148.55170 701.14680 6
e 268.54197 907.50135 12
e 25.57921 599.26012 9
e 640.69568 365.93290 9
e 482.89156 939.15161 8
e 380.81532 279.69037 9
e 184.55864 453.39991 8
e 589.30861 584.70634 10
e 164.00600 433.83458 8
e 294.00904 865.72451 5
e 612.31984 79.26009 9
e 642.09635 845.45628 11
e 463.77058 589.62229 14
e 700.45976 910.27003 11
e 247.01983 369.83398 10
e 180.20590 586.00800 6
e 305.45513 1031.62347 13
e 24.87539 796.94341 6
e 683.43491 915.95209 9
e 627.51919 261.73038 14
e 17.08924 718.36123 12
e 338.61744 193.43727 10
e 693.23876 649.98085 13
e 440.59776 624.55719 12
e 503.64774 964.79169 10
e 178.78916 450.79383 7
e 97.18758 514.22544 11
e 192.23128 486.72713 9
e 553.94746 92.44042 11
e 561.05545 603.50995 7
e 651.60460 807.27126 6
e 136.53714 106.28658 2
e 106.40819 297.32654 10
e 53.07843 293.33930 6
e 387.62028 532.10052 13
e 620.39506 214.75407 9
e 657.63894 13.75556 13
e 625.69529 659.47128 6
e 697.97525 305.27986 10
e 581.41058 345.66999 15
e 257.98074 122.96064 11
e 394.48296 649.18059 7
e 530.27036 389.24947 15
e 214.06532 180.52080 7
e 259.61223 846.08075 6
e 288.51332 116.66205 9
e 625.21944 127.00224 6
e 180.66415 828.26315 7
e 537.59552 861.30192 8
e 344.11837 611.84181 10
e 41.34739 736.19003 11
e 494.18422 1049.47704 5
e 33.33644 473.42043 9
e 564.49287 464.01537 10
e 640.33559 373.92005 6
e 286.49849 144.43371 12
e 223.53662 919.98604 12
e 698.45652 552.86052 5
e 692.38585 582.83474 8
e 136.00215 24.34639 12
e 452.02451 48.32562 13
e 158.29935 720.71759 8
e 360.53173 591.66092 8
e 190.91913 33.72442 7
e 217.78658 1049.31319 6
e 555.41701 938.61131 8
e 290.19474 332.56020 6
e 491.50921 983.91951 13
e 528.34201 59.20665 14
e 498.57470 962.09416 8
e 192.00933 343.42453 7
e 16.83209 1015.85339 7
e 572.98594 825.60847 12
e 370.35408 82.81347 13
e 275.93875 953.97590 10
e 422.79022 506.52854 13
e 332.41976 139.27351 8
e 277.27131 296.49453 6
e 451.43341 167.99704 6
e 392.73878 476.14801 11
e 183.32488 1044.64036 4
e 575.22719 136.79318 10
e 708.61201 720.26955 12
e 277.94380 465.18064 12
e 458.38272 250.49839 12
e 685.26288 694.52619 11
e 674.67301 975.96401 7
e 34.18342 614.88546 7
e 336.61954 998.63558 5
e 111.94139 65.54941 10
e 180.10425 741.20229 9
e 327.18023 738.67425 11
e 219.90788 701.45768 14
e 379.83967 909.01351 13
e 677.33122 223.64048 15
e 19.67976 814.62332 5
e 365.97957 365.65487 7
e 204.85342 248.39167 9
e 99.39059 1003.95899 16
e 662.42144 492.74671 8
e 272.19512 302.63283 9
e 473.14895 1000.95883 12
e 230.28294 488.23061 9
e 407.83452 324.08623 6
e 526.29644 656.05008 6
e 456.99415 98.69594 9
e 515.63602 295.59570 10
e 432.13515 1059.16425 7
e 698.66507 489.78517 6
e 279.74070 48.38780 7
e 474.35236 227.37445 10
e 248.60796 887.05454 10
e 687.39773 122.56660 19
e 225.64859 1034.39663 9
e 533.90766 157.83106 11
e 513.60172 833.84213 5
e 542.11894 420.27456 11
e 578.91579 836.41163 11
e 534.31186 720.72141 11
e 62.60800 208.94233 10
e 646.53807 323.53106 7
e 574.47726 827.30665 8
e 175.60035 100.68923 6
e 33.94348 297.72643 7
e 130.60063 38.40008 8
e 571.57028 356.82930 5
e 99.95279 183.76687 12
e 476.79902 620.71843 7
e 359.99106 361.15370 8
e 705.73166 376.50959 11
e 689.37042 581.57516 11
e 604.11286 166.98525 7
e 197.13658 274.77850 11
e 13.30334 704.00738 10
e 431.93678 539.15548 10
e 559.80733 101.87231 11
e 385.61808 901.07793 7
e 698.09366 297.56044 11
e 411.30894 513.73265 8
e 447.82965 716.66324 10
e 112.69101 160.66943 10
e 698.33829 763.01981 5
e 588.19386 582.96682 7
e 472.78421 802.30949 6
e 338.01263 530.98869 7
e 201.66506 821.35030 7
e 437.68707 1019.56059 8
e 101.08705 299.70282 13
e 173.43641 1051.44659 4
e 69.68941 500.28924 8
e 171.17690 752.49641 12
e 489.93328 779.53743 11
e 126.92763 152.89757 5
e 147.30806 541.75785 10
e 182.07633 601.48953 10
e 429.92493 363.67290 15
e 295.63914 264.30759 13
e 551.29029 234.79831 7
e 74.75279 71.59464 12
e 569.70898 963.01766 8
e 430.56551 863.19764 6
e 20.30770 116.17100 10
e 95.81721 277.85937 8
e 424.68565 353.54327 12
e 341.96132 333.45835 8
e 417.65125 420.87971 9
e 76.77797 104.50189 5
e 206.12204 770.85907 12
e 350.94058 122.92731 8
e 23.36720 982.10481 7
e 108.61495 1040.87782 8
e 333.94388 533.44266 13
e 372.79350 606.19185 10
e 103.96272 584.84285 10
e 655.50940 647.42691 5
e 394.02313 205.76237 8
e 219.20354 722.43565 7
e 42.99624 468.49652 11
e 260.65530 751.61870 14
e 189.12768 838.24625 11
e 146.10964 488.05062 10
e 678.47355 607.86189 5
e 236.04433 45.98901 4
e 372.83541 74.09198 10
e 473.69614 433.25681 6
e 316.37785 784.43847 12
e 394.69210 65.67852 8
e 140.33256 413.26652 14
e 384.72328 709.52248 11
e 148.90089 1045.42628 13
e 90.43449 628.09614 8
e 592.13725 380.53245 5
e 233.95558 660.44141 8
e 84.65445 428.84243 4
e 703.16188 618.63872 8
e 321.32330 515.80100 8
e 302.28341 749.90992 7
e 369.32708 880.66155 8
e 562.33486 646.85684 11
e 622.90346 412.74717 9
e 424.69930 641.52714 12
e 387.74426 448.57773 12
e 274.87277 905.98868 5
e 296.59373 102.13407 12
e 25.49666 170.35494 5
e 230.53535 836.18564 10
e 675.48598 1029.64914 12
e 672.02135 790.12049 15
e 231.97143 991.91964 7
e 270.50689 38.35423 10
e 39.56975 827.29252 7
e 678.48042 929.86964 10
e 706.98236 1006.38238 13
e 695.47955 902.57250 8
e 585.71135 43.84564 11
e 343.01432 553.94253 8
e 472.86561 312.00883 8
e 668.27248 399.92265 9
e 180.61467 917.58485 10
e 33.52172 489.47325 8
e 613.14052 266.77251 12
e 100.38019 42.08456 8
e 358.25642 737.54560 6
e 681.62822 285.64639 5
e 620.41982 995.96794 8
e 250.83410 583.35275 4
e 494.89664 160.46407 12
e 565.24015 806.68367 12
e 541.63543 1012.62792 9
e 697.13188 572.31360 14
e 450.32194 361.84712 9
e 436.77051 375.32345 14
e 88.09084 727.80861 14
e 240.25702 159.56757 7
e 146.13283 869.29649 6
e 158.08252 908.13048 10
e 184.17280 821.13977 3
e 412.21406 74.02607 8
e 703.24061 242.34618 9
e 339.41903 758.62663 14
e 543.25848 372.87572 6
e 441.47441 446.38042 7
e 688.97899 615.82900 5
e 170.87112 772.07011 9
e 57.85947 743.04135 7
e 253.32417 95.86658 9
e 624.76275 167.74486 11
e 200.90732 773.29712 10
e 86.56848 168.49291 8
e 108.34145 614.49954 7
e 373.37581 769.11381 10
e 307.10464 281.22929 7
e 24.18877 878.91851 9
e 636.11350 208.58079 6
e 368.42347 51.71276 9
e 473.84503 607.38447 14
e 86.64203 1011.50021 9
e 670.88835 552.74011 14
e 54.36871 805.96654 12
e 472.06666 806.69109 10
e 652.58503 922.33268 8
e 404.17382 891.33482 5
e 665.71901 292.56812 8
e 350.86694 553.02288 10
e 322.80647 928.85037 14
e 532.51782 939.35604 6
e 205.43925 385.75024 10
e 225.46887 95.42031 6
e 27.40292 173.52043 12
e 193.06521 1036.19409 8
e 153.69759 417.91036 6
e 664.20707 277.98111 11
e 481.52204 69.03365 7
e 561.11835 868.69334 7
e 57.93480 978.24440 8
e 411.09022 885.87219 10
e 661.05206 1011.82579 5
e 48.86385 199.32420 4
e 147.74749 328.50238 2
e 318.02640 1009.53871 10
e 473.35361 1067.30162 14
e 60.84724 328.55425 13
e 419.25592 698.55402 12
e 156.98183 1046.00221 9
e 53.24190 770.16544 11
e 435.42111 680.91606 8
e 33.47677 688.14165 14
e 444.15339 310.46564 12
e 377.35613 387.34769 8
e 681.87159 64.65626 10
e 12.86870 151.32186 10
e 162.69868 26.50205 7
e 105.93952 69.70322 11
e 454.54933 802.48101 5
e 118.10464 412.87752 9
e 34.87544 209.54804 7
e 475.12823 812.77667 10
e 275.86683 380.86891 11
e 690.94796 612.50289 7
e 313.12560 540.12725 10
e 324.36609 1051.18138 11
e 16.52170 80.23858 6
e 431.31740 412.86787 12
e 321.28230 677.96040 7
e 213.68846 658.26699 10
e 197.16639 1058.10371 6
e 229.64426 478.22565 8
e 534.45809 489.42634 12
e 68.15279 490.30742 11
e 618.34606 1064.69091 8
e 427.84553 1008.31448 13
e 388.59305 735.54671 10
e 146.04441 999.15008 5
e 64.72121 630.61224 15
e 195.27909 102.82001 8
e 331.89212 227.22949 9
e 632.55800 963.05297 12
e 600.34605 676.11393 6
e 484.68683 161.68546 11
e 359.59927 117.89199 13
e 204.70867 199.01465 10
e 355.49571 298.68670 10
e 256.98884 530.94426 5
e 539.10067 758.86235 6
e 173.86305 156.73441 10
e 421.44226 923.32907 9
e 702.37868 935.39344 5
e 227.92130 156.72932 11
e 707.65294 71.25691 11
e 675.94405 827.28077 4
e 434.81379 849.67972 4
e 505.52206 790.96365 6
e 44.48896 728.92414 4
e 290.71320 964.26698 9
e 650.66586 455.32916 9
e 315.25708 486.45281 13
e 321.79663 801.22646 7
e 167.88154 625.26284 12
e 145.53169 313.75516 12
e 577.75044 904.67512 15
e 458.26706 1038.01711 8
e 166.94032 709.80043 8
e 325.70744 504.19373 6
e 628.27651 408.72755 11
e 498.29110 767.22450 15
e 77.00159 92.44597 9
e 216.89662 785.71163 13
e 334.47581 235.99499 12
e 345.89453 1048.96451 9
e 587.26751 409.76231 11
e 704.59527 862.70749 4
e 488.77821 157.20039 8
e 310.35398 122.70879 10
e 307.25035 277.78939 7
e 122.57895 77.96139 13
e 380.69979 888.28997 10
e 674.35977 1021.88713 13
e 188.51687 1006.68253 9
e 19.62902 431.12061 7
e 570.33582 395.94527 8
e 675.30669 268.13413 6
e 416.89133 552.47613 14
e 369.01236 302.75749 14
e 631.45882 1066.91305 7
e 351.70395 897.15515 7
e 21.75472 897.08650 4
e 75.36392 872.77894 4
e 78.68488 840.87352 7
e 575.48701 810.75705 8
e 138.76118 987.34276 7
e 547.18153 669.01611 9
e 587.85694 903.72426 5
e 414.07669 227.71157 11
e 512.27313 521.65557 9
e 512.67944 335.66635 6
e 153.65122 316.06935 8
e 290.72429 569.20062 9
e 267.62089 715.43133 5
e 275.30443 309.89799 15
e 207.07009 761.22815 5
e 667.22513 954.80573 11
e 301.80042 604.71806 8
e 639.39755 884.17318 11
e 197.41994 918.00828 9
e 74.16044 912.51375 6
e 401.90381 703.22517 6
e 518.73879 1015.72783 4
e 551.04611 431.94760 9
e 148.48947 410.77929 11
e 113.78401 40.61756 7
e 22.19416 22.81375 10
e 26.10378 1006.18432 10
e 646.48489 218.22789 11
e 674.60418 678.87254 13
e 485.28135 944.49725 9
e 354.05958 423.99612 9
e 670.57325 952.99751 11
e 659.77551 408.57940 8
e 312.05433 42.77587 12
e 326.44399 837.89825 12
e 576.42901 102.56928 11
e 67.01003 234.58538 6
e 243.57194 258.67853 7
e 378.43924 222.00048 6
e 343.53314 938.31565 12
e 561.43767 232.17058 11
e 386.75006 821.69473 8
e 398.36125 176.49008 10
e 531.89345 122.52059 10
e 526.65520 446.91496 6
e 704.73291 991.79208 7
e 501.95958 800.68213 11
e 563.94752 434.89364 8
e 544.76012 37.07716 17
e 644.63865 706.64642 6
e 81.48720 807.45657 12
e 609.13887 193.82816 10
e 577.45227 270.37239 9
e 195.42755 369.97466 8
e 362.20775 826.04902 7
e 485.98916 150.54278 11
e 183.29610 924.17468 12
e 127.69918 179.50913 8
e 577.09060 221.79468 8
e 646.00049 779.10951 11
e 197.63651 317.32599 10
e 258.74773 306.63911 10
e 98.46430 641.96152 13
e 83.86810 514.33964 9
e 68.11851 196.06979 12
e 395.84329 840.88607 9
e 388.59063 441.20973 9
e 49.36873 1038.71068 11
e 693.76697 774.11769 8
e 400.77699 592.11959 8
e 679.51750 109.59730 12
e 282.78302 806.47330 11
e 518.85657 357.28099 6
e 19.99873 94.82263 9
e 687.30452 697.87388 10
e 240.45902 940.53173 15
e 24.36781 99.06495 5
e 276.83048 321.72000 12
e 673.22538 109.62841 7
e 46.26428 441.18196 14
e 185.11530 678.89197 9
e 204.68387 370.32438 9
e 536.78594 548.51203 6
e 269.61056 321.38594 7
e 625.71569 904.07664 10
e 472.99659 161.96418 8
e 454.58974 144.37846 10
e 319.14231 1006.28712 11
e 250.12383 321.71160 10
e 311.92268 128.87911 14
e 351.70436 235.74880 11
e 23.74892 65.31702 4
e 604.32131 1002.20893 10
e 659.42533 66.76534 8
e 405.46087 956.68612 13
e 11.64363 878.33014 10
e 202.11809 37.83942 13
e 621.16399 149.99566 7
e 568.18413 833.06079 8
e 15.67143 330.73885 8
e 40.91575 731.11046 14
e 39.69389 655.75365 9
e 149.97462 615.55516 9
e 363.77660 192.22078 11
e 50.88825 193.72377 8
e 92.45161 998.89516 10
e 136.49689 1063.62618 10
e 238.37049 665.72202 8
e 589.94165 1055.21455 7
e 126.45395 316.55556 16
e 52.84778 66.65222 7
e 433.07068 521.85423 13
e 232.25375 784.19996 6
e 281.65032 985.94155 15
e 483.97118 654.34275 10
e 316.11971 165.54938 5
e 275.26988 898.64408 13
e 298.46610 848.44272 11
e 435.65907 421.01976 7
e 257.86912 1012.79092 9
e 124.80881 968.15827 11
e 708.93125 39.60911 9
e 156.02648 527.81766 12
e 688.28052 664.78797 10
e 150.23128 32.87493 15
e 241.57090 103.51443 4
e 624.89933 513.95251 9
e 538.97533 1016.69339 8
e 121.61778 918.48845 9
e 269.14491 510.36059 9
e 683.15620 465.36212 10
e 217.63076 957.09019 6
e 398.21498 663.27847 6
e 574.26385 1030.68185 10
e 153.94165 640.39256 13
e 473.90492 313.70557 11
e 449.34672 743.86456 6
e 170.37125 470.19575 10
e 592.53659 660.86959 12
e 196.35614 197.01734 8
e 500.39030 889.24700 4
e 532.67385 579.08359 6
e 28.09000 260.39950 7
e 339.76381 300.46887 12
e 483.63472 395.88913 13
e 198.20966 221.56427 8
e 391.22985 446.44599 15
e 647.56391 565.38171 6
e 697.83832 410.59670 8
e 505.22757 514.29827 8
e 412.33139 173.90568 12
e 223.00041 409.28440 14
e 287.18327 928.06091 8
e 380.57812 209.64385 11
e 197.02487 395.38224 16
e 643.71619 649.09029 11
e 105.23287 590.81878 10
e 169.23280 326.43182 7
e 556.57976 157.73586 8
e 168.93016 227.66932 13
e 40.88494 944.44984 13
e 625.45913 367.92457 9
e 667.57235 919.09022 4
e 352.64469 239.61294 11
e 39.53760 530.16396 9
e 696.17333 883.75562 12
e 622.35144 19.66398 4
e 322.70535 799.34551 13
e 561.26431 598.47364 8
e 571.51644 476.81934 8
e 164.39564 182.12349 3
e 665.20996 410.97471 10
e 224.71778 632.25236 9
e 568.25145 926.85715 7
e 628.17360 246.36411 14
e 167.23086 40.52929 14
e 37.46804 261.08251 9
e 208.60477 880.22032 9
e 656.23344 21.10247 6
e 194.78630 717.04230 13
e 72.66047 899.37500 6
e 244.88715 392.42619 9
e 425.85860 416.35849 11
e 652.92920 407.96449 8
e 22.62688 423.54461 10
e 135.77198 269.56969 10
e 66.12511 751.26914 10
e 300.42044 564.06650 17
e 706.83046 886.73422 7
e 179.30466 477.22029 5
e 559.02001 945.75505 8
e 126.94397 575.57827 12
e 278.05525 304.87553 6
e 64.08880 159.75969 7
e 657.95919 909.94144 7
e 350.27498 463.31091 10
e 93.85456 588.58817 6
e 438.81125 282.89300 7
e 76.67118 709.26179 10
e 623.01449 652.59115 8
e 373.82657 538.49726 6
e 14.28443 215.76697 7
e 698.93178 285.66499 11
e 507.05596 319.62479 10
e 253.77705 721.95526 5
e 292.82626 23.34885 8
e 331.41247 876.14001 10
e 313.11498 820.74568 10
e 543.85112 555.97628 10
e 19.88701 941.56771 9
e 410.77576 411.70259 7
e 660.93079 642.16990 7
e 454.55113 118.70932 9
e 14.72453 368.77194 10
e 152.43999 908.68541 7
e 47.06712 485.82735 11
e 325.42370 834.68957 8
e 545.70635 691.33366 7
e 141.50744 158.08983 7
e 435.26905 764.77823 11
e 424.19208 222.81165 9
e 30.88708 872.11168 11
e 42.31405 181.95800 8
e 219.48554 31.00749 8
e 412.01584 610.42068 8
e 171.74633 346.76540 8
e 66.30458 416.72243 12
e 529.81728 351.29027 16
e 355.33694 802.45491 7
e 34.00793 276.48921 7
e 183.73230 955.45124 6
e 402.09040 534.68033 6
e 44.81508 409.50535 13
e 217.11670 936.15397 10
e 514.57855 68.76707 7
e 705.29581 580.58602 12
e 354.03331 981.23873 9
e 549.85972 754.02198 13
e 673.89893 207.87020 4
e 486.26190 946.35543 10
e 166.61246 117.70102 11
e 671.78323 56.85442 4
e 516.75762 990.89603 6
e 668.03186 115.26838 13
e 671.45414 1002.51370 10
e 109.76450 943.05447 10
e 469.75838 45.66891 11
e 283.10383 656.55201 10
e 89.64899 327.78166 7
e 346.97985 609.00357 8
e 285.13967 644.81907 9
e 71.30018 526.07638 9
e 383.22229 651.57121 7
e 380.39575 698.22849 8
e 102.48052 819.19745 6
e 386.19499 521.44366 12
e 19.44526 605.95592 6
e 117.45729 355.82107 11
e 427.15265 390.73154 7
e 488.27705 446.00412 13
e 14.04750 189.09593 6
e 75.34347 268.97223 8
e 193.19077 411.14588 8
e 193.68891 528.31432 7
e 311.90823 777.11401 10
e 312.85599 443.00250 8
e 449.15403 21.44409 6
e 28.95045 725.38807 4
e 182.54203 906.83379 10
e 512.38129 582.42943 6
e 289.22993 636.88364 13
e 530.50745 924.62254 13
e 57.52291 424.37843 4
e 549.38384 645.92681 9
e 427.01856 154.02178 11
e 634.50902 420.76400 13
e 399.56921 251.70037 11
e 320.70402 910.13984 8
e 666.40416 780.82369 7
e 598.06869 827.82914 6
e 54.50241 809.72330 10
e 270.13848 623.50493 12
e 144.89385 669.66642 9
e 669.95731 317.57405 8
e 324.63410 253.65593 10
e 459.44386 462.45896 4
e 613.41303 773.92360 8
e 125.32086 230.78359 10
e 275.25378 472.76124 11
e 106.32279 533.10056 12
e 542.90666 702.58592 13
e 673.92380 841.49686 10
e 658.34104 62.58574 6
e 621.58140 28.20344 6
e 534.17043 421.19746 7
e 650.23985 366.76057 9
e 487.47964 776.69148 10
e 553.84304 326.91671 5
e 152.41934 588.58135 15
e 382.18546 775.56303 5
e 532.88470 747.42796 14
e 611.10693 239.56230 11
e 569.94737 198.26489 5
e 688.55103 852.05119 8
e 170.36511 244.22882 11
e 376.07868 465.20636 10
e 144.61295 303.94472 5
e 238.89813 125.39210 6
e 224.81153 936.00193 13
e 132.97133 184.29094 5
e 437.68400 474.65978 14
e 40.16419 399.73446 13
e 601.46626 1055.43800 8
e 232.50223 167.70038 11
e 178.77742 726.67003 9
e 539.25757 526.24362 11
e 319.35239 122.98183 8
e 612.79194 407.74842 8
e 38.04088 404.21220 14
e 696.30741 958.19542 7
e 121.08808 100.98432 13
e 649.76929 695.30344 6
e 526.15809 146.21563 6
e 530.58011 170.67921 13
e 12.45074 234.58940 9
e 369.27609 636.19700 14
e 610.41723 374.84872 11
e 646.09762 273.33031 7
e 214.50915 271.20207 8
e 649.08267 636.64223 13
e 376.78207 137.72781 9
e 351.30374 680.91769 11
e 503.15486 794.30218 10
e 177.92779 1016.79997 11
e 144.00505 638.16716 8
e 522.34934 414.01238 12
e 135.70814 1001.78590 10
e 217.60543 583.77911 13
e 412.36339 535.65960 15
e 627.89634 561.93839 8
e 376.53637 987.69551 7
e 231.11805 651.78580 7
e 225.42321 805.61659 13
e 48.64037 266.53340 8
e 348.47527 170.84315 5
e 74.01658 418.97121 12
e 47.92911 60.50325 12
e 583.28311 41.52287 10
e 456.05520 966.05506 7
e 453.32508 215.91509 8
e 108.14367 869.84353 8
e 511.70135 38.02263 4
e 410.96671 350.23548 8
e 466.12929 708.60486 10
e 481.95063 720.23111 9
e 109.81145 636.40264 8
e 164.59326 284.01588 7
e 119.91946 325.75091 11
e 28.30837 526.76633 8
e 159.23354 509.97574 17
e 386.95424 883.60161 10
e 304.67997 1002.17098 6
e 691.98022 943.03527 7
e 177.71109 793.80215 7
e 59.76611 194.20145 8
e 398.30573 975.99509 12
e 474.60400 134.47999 12
e 55.61723 534.09207 8
e 52.42466 754.11795 10
e 23.63423 800.95644 9
e 624.71860 111.97457 9
e 133.25087 432.42940 8
e 678.67915 775.28926 11
e 174.62934 857.84615 8
e 254.60158 468.16345 6
e 550.21920 149.00167 7
e 374.82695 570.65504 8
e 124.26632 428.03260 4
e 625.90968 862.92848 15
e 641.38771 273.91500 8
e 172.95902 594.65522 8
e 397.54195 331.84043 7
e 525.79461 687.14698 8
e 168.71666 447.53205 6
e 352.72210 724.49032 9
e 515.72209 699.84644 13
e 603.26858 889.53213 9
e 191.49309 457.70515 11
e 134.22487 1032.09062 12
e 177.00553 913.99028 6
e 103.58767 804.52546 11
e 35.90514 943.86420 8
e 116.37382 435.15559 11
e 364.24641 300.10286 7
e 127.63695 189.46268 8
e 191.11856 1036.81726 10
e 514.14054 643.64423 12
e 523.77034 114.86502 14
e 332.32465 984.42875 14
e 243.19578 400.18457 7
e 85.33333 665.64081 8
e 219.78683 79.41846 7
e 514.30216 788.94292 11
e 596.49522 258.77459 13
e 638.87767 19.22633 8
e 331.85267 198.30507 10
e 546.88893 44.82742 9
e 107.46864 404.10855 7
e 297.87765 887.04378 14
e 51.02505 555.20042 14
e 215.50063 184.30707 5
e 233.35939 865.82939 7
e 623.03038 1026.91089 6
e 288.07948 1008.35520 10
e 687.65115 417.45791 10
e 630.30629 58.70810 17
e 465.36461 465.34705 8
e 499.14597 333.35046 7
e 317.64691 999.41810 5
e 42.86378 799.50015 5
e 351.70665 622.95647 6
e 134.67465 359.66285 8
e 493.54792 346.45177 10
e 141.13986 757.56957 6
e 359.11428 362.17205 10
e 657.76513 1009.17807 7
e 464.18410 485.81337 8
e 128.17388 691.17130 12
e 38.90482 252.49466 8
e 583.92480 301.80554 11
e 235.58577 405.33613 13
e 143.49853 1047.92112 6
e 151.10929 849.18716 8
e 434.34851 465.92774 11
e 379.92344 10.47444 7
e 498.51116 892.49468 11
e 334.46530 610.66334 10
e 62.43174 685.79778 7
e 309.56667 250.61973 12
e 666.26186 982.61881 14
e 657.72211 978.57108 10
e 247.98028 597.67486 9
e 540.27295 1001.49393 7
e 95.36754 877.00896 5
e 166.40350 56.09596 6
e 544.40593 346.49804 7
e 476.24527 247.87111 11
e 69.38030 798.66790 7
e 464.82407 89.42321 11
e 583.46630 1026.03981 10
e 692.20319 1043.30365 12
e 271.05731 358.60438 4
e 508.71521 956.11765 9
e 318.80941 282.89535 6
e 267.55757 865.89666 10
e 196.98742 517.58523 7
e 113.95931 831.34666 6
e 707.91612 839.16016 6
e 428.48156 98.59671 11
e 144.48443 122.47763 11
e 312.11347 816.70926 10
e 441.64095 583.88975 7
e 157.20149 769.15398 15
e 37.84164 831.91920 11
e 528.24792 1062.53811 5
e 429.69535 343.38556 7
e 357.55344 600.96616 7
e 632.28491 939.86364 9
e 64.61125 835.14499 6
e 346.97290 280.29211 11
e 134.62927 214.24449 8
e 584.57443 38.11782 3
e 395.52169 763.89907 7
e 302.14150 439.22359 7
e 482.79061 264.66044 5
e 425.12845 876.57505 9
e 160.60666 601.35012 7
e 534.00963 125.57669 13
e 230.36923 687.11078 10
e 248.00234 378.21529 13
e 354.50541 883.50941 15
e 39.28459 302.64405 13
e 337.26409 837.44072 6
e 509.41159 711.20404 12
e 136.51546 685.22504 9
e 664.09107 59.31558 10
e 123.98208 92.33494 7
e 622.97539 577.05505 7
e 355.49764 463.09208 9
e 497.54860 664.16899 13
e 83.15883 646.00211 5
e 506.24853 156.02538 4
e 292.83182 515.11956 7
e 346.11379 113.59262 16
e 14.08311 159.51626 10
e 496.17479 969.79782 8
e 20.72539 841.95342 10
e 269.40653 621.50152 5
e 422.83615 860.22192 10
e 55.63143 233.77601 15
e 623.60462 405.58188 17
e 648.09891 272.08087 13
e 567.57900 565.12491 10
e 283.53837 442.68138 8
e 329.73101 738.81796 11
e 37.49054 169.01277 7
e 267.41741 185.11090 14
e 214.85220 619.26584 8
e 535.36664 85.91152 10
e 325.84913 749.10582 14
e 690.94610 1057.75035 10
e 347.71729 323.46071 13
e 14.64505 348.41929 9
e 414.58454 386.30496 7
e 121.45411 214.59934 11
e 544.81728 801.19622 14
e 619.30994 307.52634 12
e 468.97348 293.14574 10
e 351.91719 678.51264 12
e 263.16727 116.21890 12
e 95.24827 530.53448 10
e 671.39219 179.41200 13
e 699.05161 187.23708 10
e 177.66872 735.98388 7
e 404.57191 497.87745 6
e 115.90682 29.77838 8
e 79.92705 632.71070 12
e 547.03975 81.47294 12
e 495.71993 894.78825 15
e 492.53946 492.86785 6
e 465.95974 443.18183 16
e 403.62076 837.14598 16
e 358.43960 745.42756 5
e 488.54454 444.43163 16
e 682.18497 732.56415 9
e 191.58570 1042.64214 11
e 324.14541 571.74840 5
e 533.63479 909.06009 5
e 609.67391 102.72864 5
e 589.69519 199.59987 10
e 187.09979 563.32351 9
e 516.40939 1032.82769 9
e 124.26505 915.27063 8
e 560.68270 199.07498 11
e 438.28474 944.86923 8
e 485.59207 537.24925 9
e 659.47788 1055.90183 7
e 553.95648 161.81085 11
e 347.83875 123.09529 11
e 31.18730 976.45826 8
e 620.19705 570.52329 7
e 66.62637 907.41338 16
e 214.27720 684.58487 8
e 696.63007 357.40867 13
e 283.00640 387.08373 10
e 72.77018 499.05517 6
e 19.60066 389.02639 5
e 329.06011 588.31599 7
e 257.55535 891.18443 12
e 279.22175 398.09068 12
e 295.28546 1058.07858 7
e 229.04908 988.53349 11
e 415.47147 665.15522 11
e 161.63817 31.31287 5
e 494.52401 172.87996 12
e 706.60371 574.31227 10
e 247.94385 371.20940 8
e 493.06939 368.46874 9
e 26.98243 646.29713 12
e 709.29200 612.23411 5
e 467.84731 955.56043 9
e 390.12117 264.59052 14
e 245.69103 483.61129 7
e 426.16346 1021.71765 7
e 500.67321 430.31681 11
e 282.18327 312.75842 7
e 247.44914 321.16392 10
e 613.78531 848.47838 6
e 618.76835 711.07702 11
e 109.43960 488.01535 15
e 301.55143 807.44711 12
e 603.06066 212.56062 9
e 695.32348 458.32528 7
e 125.33973 428.79014 11
e 291.10314 74.28867 18
e 323.89015 551.23999 5
e 401.02417 380.43488 4
e 188.40238 732.02422 8
e 18.67778 676.77866 7
e 644.67650 108.91035 6
e 509.33472 651.75660 9
e 244.33605 421.17389 7
e 116.56225 630.48956 8
e 128.73315 334.85740 7
e 142.75394 72.15162 5
e 86.59265 755.32331 6
e 179.15561 271.90134 8
e 180.32437 813.32734 9
e 269.73635 176.20669 10
e 93.84248 504.23252 10
e 167.49378 957.41886 9
e 373.15105 82.84863 13
e 437.94056 252.63944 7
e 464.84853 53.38510 11
e 471.14248 147.04463 13
e 476.51616 594.25342 13
e 566.22102 98.48698 6
e 648.93389 67.24020 9
e 331.74286 515.23053 8
e 467.23143 598.34683 7
e 703.90827 256.27813 11
e 134.82874 497.30251 10
e 18.51914 474.08064 6
e 449.61409 11.46637 8
e 590.53141 917.53449 9
e 545.12340 789.49483 6
e 629.57267 490.91921 6
e 115.71505 1013.20709 11
e 37.30768 402.94725 8
e 365.21303 328.59122 14
e 271.48832 809.73737 12
e 441.68536 122.23014 11
e 246.13958 918.55796 7
e 621.87328 780.44978 11
e 489.82332 807.44392 9
e 240.12889 942.87149 8
e 510.52000 360.41242 12
e 44.21906 810.81424 10
e 240.50201 782.57918 9
e 182.44713 479.46340 11
e 152.31300 594.34191 6
e 370.55518 422.79756 7
e 623.98132 65.61601 7
e 590.50672 1023.72887 11
e 106.23660 205.60476 10
e 543.31454 668.50983 7
e 465.68946 1024.47282 10
e 518.06120 753.61576 11
e 597.95724 575.96577 10
e 151.66599 62.13991 7
e 523.07279 404.21011 4
e 39.26492 11.99339 5
e 110.46357 634.82774 14
e 140.69877 821.52837 11
e 702.50830 647.14279 6
e 569.99446 682.99475 13
e 378.04941 946.57080 13
e 693.33187 131.17340 9
e 20.76089 918.23589 7
e 244.61218 893.24997 11
e 487.45730 400.87432 6
e 479.96573 292.67562 4
e 432.90936 106.45652 9
e 445.99166 539.65606 12
e 322.61563 1037.58377 7
e 594.47541 610.92954 10
e 491.21983 57.04826 8
e 640.74276 479.60979 5
e 97.59830 1037.68163 8
e 519.77511 83.20259 12
e 363.05755 309.06720 7
e 354.41780 501.71238 11
e 66.20187 800.88864 11
e 694.07785 611.01569 7
e 644.63174 1030.60574 8
e 63.61200 1062.12445 9
e 250.75021 601.75150 4
e 286.90707 649.48653 8
e 54.72350 297.58788 11
e 622.48937 1006.17574 7
e 97.15491 494.89650 12
e 94.34498 411.81041 9
e 97.11544 67.03635 8
e 608.46552 678.16071 13
e 411.80849 184.89097 6
e 10.73922 68.36677 9
e 320.60208 593.96252 9
e 457.84522 879.58110 7
e 548.42470 1031.43409 4
e 583.15376 609.76397 12
e 407.37689 385.33757 10
e 695.81713 185.51354 9
e 394.55103 237.08351 14
e 553.06646 228.81336 11
e 242.74195 962.47279 9
e 663.62735 817.74121 7
e 30.74809 837.75510 8
e 166.77445 824.02002 15
e 201.34838 817.69891 9
e 174.76440 302.43720 10
e 692.69786 738.94446 10
e 160.89244 190.39920 5
e 247.44866 292.91342 15
e 90.89655 669.21219 11
e 481.05360 206.70902 14
e 525.63361 426.85012 9
e 605.96620 366.94599 8
e 700.49894 871.74795 10
e 76.88551 134.60580 10
e 451.43434 737.46683 6
e 338.55936 525.85867 9
e 698.20512 457.21410 8
e 470.19389 437.12230 8
e 498.57101 724.01695 13
e 139.46243 38.45845 11
e 83.76644 258.22983 7
e 368.29703 210.77839 7
e 81.77661 787.47654 10
e 274.49810 29.74323 14
e 12.41194 562.95208 4
e 537.17562 913.76519 12
e 94.50703 521.62216 10
e 563.35786 674.78996 7
e 632.81382 763.12117 9
e 602.93309 370.62911 3
e 51.65431 581.90926 11
e 657.96974 1011.72345 15
e 233.89572 539.93088 14
e 453.99275 94.42243 10
e 480.80684 598.28888 5
e 656.12275 684.77206 15
e 247.03102 894.56301 10
e 70.39047 540.35385 9
e 508.10146 779.55778 5
e 488.01025 1000.36530 13
e 392.72998 841.38681 5
e 210.16071 681.64150 13
e 513.06954 664.39817 5
e 393.73319 834.17538 9
e 511.30431 199.46315 16
e 401.92037 447.07260 5
e 97.73731 193.50840 9
e 367.68565 808.42716 4
e 517.84601 103.22534 9
e 299.39502 616.89981 6
e 655.25770 1018.86078 10
e 94.37518 303.09211 8
e 628.15045 245.82306 13
e 432.73581 548.90289 12
e 105.19363 384.13459 12
e 654.33947 165.97863 7
e 411.59952 46.18945 12
e 681.58858 252.39719 4
e 147.92225 197.59882 8
e 183.57726 382.38246 13
e 680.77382 685.55955 9
e 200.88603 731.65683 11
e 232.11548 127.35458 9
e 141.03632 178.65122 10
e 40.30087 1064.16340 11
e 470.48704 295.90573 7
e 267.65387 887.21089 8
e 489.18592 1019.44489 11
e 326.50462 1043.69184 11
e 311.51971 650.19124 8
e 146.03551 709.42396 10
e 501.61515 615.47655 10
e 32.69100 813.79049 6
e 657.64311 680.27760 6
e 345.10198 289.90835 11
e 83.99259 612.71409 10
e 621.78375 741.52916 8
e 56.07017 227.35159 9
e 660.93154 62.35160 14
e 99.23064 891.85819 13
e 522.94342 827.41465 12
e 602.24464 602.16579 12
e 460.86061 716.35038 10
e 235.77413 724.63416 10
e 679.56142 525.81590 5
e 152.23501 706.45264 8
e 59.80433 748.76555 9
e 572.85908 1019.32918 9
e 74.74693 417.92570 10
e 422.79558 341.29694 7
e 142.84489 388.42924 15
e 435.63573 855.71516 10
e 323.42682 764.87976 11
e 308.06931 143.89614 12
e 596.40820 340.37372 9
e 631.02890 449.16391 12
e 51.79799 606.59276 11
e 665.42780 622.69749 10
e 159.60554 952.94271 7
e 441.31121 973.57333 5
e 614.14020 828.53563 11
e 599.78912 755.83553 8
e 309.93003 36.30115 7
e 499.26170 198.61800 8
e 154.66168 286.76508 8
e 60.49750 1040.29573 11
e 369.48330 165.70931 11
e 337.90054 939.32730 7
e 136.05466 671.64929 10
e 19.24170 213.58431 8
e 643.74177 126.23222 11
e 337.69563 919.71950 13
e 508.28647 1043.30678 10
e 633.49545 835.98787 8
e 513.59210 997.52143 7
e 10.90303 241.69087 5
e 153.09426 897.56668 7
e 527.48194 449.01301 15
e 25.99176 219.56479 4
e 586.62982 165.77324 11
e 430.52120 328.36545 8
e 436.01668 644.47295 15
e 32.13673 434.49982 10
e 265.78035 47.13871 5
e 309.94881 629.94143 10
e 271.29209 397.15746 8
e 677.41386 1048.49452 7
e 94.57909 325.54765 10
e 609.64118 452.12198 7
e 673.91039 996.22539 11
e 423.38389 89.41820 6
e 134.53629 457.06839 7
e 309.96548 989.84514 11
e 536.98204 587.85070 11
e 113.01123 189.40271 8
e 661.87081 34.54402 9
e 111.38811 794.31910 10
e 70.41504 301.88396 6
e 67.05442 107.87192 11
