c ./output/rectangle/uniform/uniform-rectangle-7-4000
p rectangle 4000 720.00000 1080.00000
e 104.54074 690.79010 6
e 623.01215 656.75839 8
e 286.40242 366.09874 9
e 474.18352 765.98909 12
e 238.16048 123.84021 13
e 111.12954 388.23080 12
e 16.17434 131.40158 12
e 488.25961 808.45655 10
e 305.77168 912.36558 6
e 79.33629 1045.51414 14
e 85.74309 365.66426 11
e 644.28005 717.43010 7
e 290.95404 933.64937 10
e 160.40700 945.42133 10
e 143.24624 981.90484 6
e 194.56379 763.57607 12
e 707.08706 804.29798 5
e 102.60783 512.53534 12
e 366.36658 100.85338 9
e 292.74630 482.02430 12
e 630.88356 407.28648 11
e 701.70084 561.98459 8
e 32.39811 36.64536 10
e 388.60457 1049.26266 7
e 260.57600 617.37591 10
e 40.77528 784.80734 5
e 570.80336 295.13527 10
e 175.32519 306.39857 8
e 467.55987 316.40327 5
e 95.84751 855.18266 10
e 514.77329 185.90370 9
e 482.23778 290.11873 13
e 519.99607 599.97611 9
e 145.71166 611.03264 11
e 648.00612 1006.94345 4
e 239.67913 733.21579 8
e 189.88157 854.14741 9
e 59.20198 124.58357 7
e 119.32218 521.31618 12
e 232.30283 648.86362 11
e 556.65668 761.59863 6
e 479.95888 882.28602 4
e 475.76689 1036.23846 6
e 509.93716 273.56104 8
e 690.94320 219.79673 14
e 37.70844 382.08531 6
e 577.70308 634.42397 13
e 629.40822 46.94004 8
e 625.65154 777.54656 10
e 652.52234 1051.32843 8
e 705.77552 855.49142 7
e 100.47745 990.83774 8
e 78.14982 642.10501 6
e 499.49131 946.95518 14
e 145.24968 367.45544 12
e 130.27989 296.79984 13
e 274.89343 235.22593 10
e 425.16914 984.32265 13
e 31.83552 642.92030 5
e 564.46614 690.94548 9
e 203.36367 244.29941 10
e 535.80678 576.66063 7
e 526.87340 649.11698 8
e 610.96648 517.05633 9
e 420.61294 673.17895 6
e 386.60451 21.23990 12
e 282.65848 741.25402 6
e 220.75020 789.29994 9
e 96.90984 307.22493 9
e 184.75718 512.03199 8
e 13.18284 974.19100 12
e 299.50234 867.92789 7
e 384.62945 977.51445 9
e 361.15044 765.40015 7
e 47.01193 1015.47630 11
e 644.88124 339.48695 7
e 163.34851 56.71157 6
e 227.97246 489.95562 12
e 640.19026 700.32876 8
e 51.41061 708.27630 10
e 388.21789 887.17822 5
e 49.33587 964.24732 7
e 382.03760 873.01121 5
e 452.09644 466.19007 10
e 405.79567 853.80344 12
e 100.50526 170.86626 8
e 127.88801 967.81153 7
e 222.19106 427.28592 7
e 120.23658 166.17138 8
e 222.37209 687.91623 9
e 462.08327 879.97407 10
e 539.01650 512.93348 9
e 332.27813 521.95791 14
e 330.56458 1001.21301 10
e 515.60225 223.16711 8
e 47.07165 480.28376 14
e 27.35895 926.25360 11
e 266.64302 167.74728 9
e 474.89675 854.18356 9
e 219.33639 551.41761 6
e 366.76005 10.82461 13
e 671.97746 466.61833 12
e 539.52438 66.89942 10
e 538.50100 426.50586 8
e 219.42792 348.20741 13
e 664.58011 180.11437 11
e 350.46520 630.80068 6
e 287.35837 956.22275 5
e 461.33445 724.83111 11
e 329.94297 1035.43724 8
e 107.74123 356.05728 8
e 183.11588 848.29745 6
e 388.53951 448.77253 14
e 412.26371 57.91439 10
e 128.03670 742.37827 14
e 286.80442 679.76005 10
e 92.62606 680.40597 14
e 411.98077 270.73278 10
e 88.45137 577.73327 7
e 413.23348 608.53935 7
e 698.96636 978.46844 14
e 462.81457 358.43374 9
e 582.45849 540.44955 11
e 103.99171 680.17724 6
e 183.06417 411.41905 11
e 138.85749 838.15568 7
e 129.05282 169.37811 9
e 495.17608 780.44249 12
e 515.40935 755.49538 8
e 591.34091 394.24175 11
e 685.80965 562.55565 13
e 477.44483 45.50254 8
e 598.90782 193.23779 5
e 11.53540 547.45037 11
e 122.86349 1014.29652 10
e 671.40816 629.64025 10
e 492.14579 766.78329 8
e 304.27632 853.74220 8
e 80.29959 892.85414 9
e 278.10425 639.83852 7
e 396.50369 72.72499 11
e 528.07603 624.67492 6
e 159.14161 481.77966 4
e 286.57910 903.35118 10
e 391.81676 908.22891 7
e 247.72077 708.11266 9
e 708.92782 629.39646 7
e 681.23811 208.56885 9
e 302.41823 457.14236 11
e 527.60567 881.96848 9
e 440.54356 125.54885 9
e 488.34979 747.91523 11
e 351.80894 965.34914 9
e 610.83046 311.04159 8
e 677.92616 135.62431 11
e 399.41090 849.34616 8
e 367.69420 423.46743 5
e 305.69004 268.12023 9
e 470.97571 602.37094 8
e 128.59494 236.74600 13
e 390.63307 830.19436 9
e 352.67659 308.52163 7
e 59.10509 185.41436 10
e 690.63738 710.68919 7
e 641.30426 689.10694 7
e 499.76190 813.94394 14
e 672.63003 1011.02988 8
e 142.31789 297.48302 8
e 602.67614 465.21971 8
e 457.99238 659.00502 11
e 172.95051 279.28204 10
e 522.85480 71.31924 14
e 458.17731 643.94303 13
e 589.27621 441.70783 10
e 321.38553 59.79156 6
e 53.91122 51.25171 7
e 200.93695 690.13594 13
e 610.71141 518.06089 8
e 199.94539 1060.79296 4
e 342.06107 462.94361 6
e 461.60865 132.64846 13
e 566.63239 220.91400 8
e 237.24693 723.64283 15
e 556.35650 413.36107 8
e 194.73318 570.99063 12
e 551.33855 305.87176 9
e 156.29112 758.41374 8
e 112.06214 48.93697 8
e 192.54120 584.41506 9
e 80.34175 644.46536 8
e 21.64273 1009.99007 10
e 290.12749 300.50902 11
e 517.31216 874.72423 8
e 552.88841 915.58780 8
e 206.65194 234.22345 7
e 113.09470 569.44545 15
e 193.15564 126.62834 9
e 220.95805 520.49309 8
e 373.58263 948.52914 13
e 610.81679 847.55638 11
e 449.38091 498.62021 8
e 633.36233 914.50741 8
e 19.45045 849.62295 12
e 51.32114 405.80239 7
e 553.02556 595.81422 11
e 617.09304 491.91343 11
e 352.49643 532.92973 16
e 468.44700 688.37999 8
e 355.50312 467.07275 9
e 349.90125 539.22135 9
e 695.54633 742.49853 8
e 86.18184 79.63434 12
e 544.11184 352.46165 8
e 12.79055 103.07535 6
e 90.57854 605.89012 9
e 253.54480 256.66233 7
e 352.20197 530.82326 9
e 395.69737 1006.78683 9
e 657.77429 188.63672 13
e 481.30467 546.01211 8
e 486.17977 1048.82583 8
e 300.10537 438.38213 7
e 47.53706 807.13569 7
e 684.17161 639.83775 9
e 412.62383 275.71234 14
e 633.07081 523.18804 14
e 67.55532 540.90729 10
e 170.21576 1063.20728 6
e 688.78582 356.29618 6
e 662.31734 582.21349 10
e 143.29035 740.27189 10
e 28.70250 876.88489 11
e 102.08328 823.04782 7
e 632.29901 989.47315 4
e 555.35707 905.24267 10
e 650.44157 167.18562 7
e 583.92038 959.34886 10
e 589.36058 750.66674 4
e 400.88602 1013.67635 8
e 333.35895 497.56765 5
e 277.14855 271.46221 6
e 523.40811 955.99003 11
e 18.22158 590.93358 13
e 417.01269 842.41027 7
e 336.45960 993.65971 10
e 202.47251 424.78821 10
e 321.41001 230.39970 7
e 519.09977 901.80243 17
e 495.71597 943.80239 6
e 146.44880 711.81158 9
e 133.47827 98.54457 8
e 673.31885 196.31421 13
e 633.91013 795.33119 8
e 498.56545 113.98102 10
e 189.40246 688.89889 10
e 522.53048 526.26454 7
e 97.63947 396.55431 8
e 158.54023 797.50536 11
e 308.16648 31.04368 7
e 366.36769 220.39604 7
e 306.72114 830.61299 8
e 575.91399 601.04968 6
e 87.43093 165.92303 12
e 669.73560 439.56675 4
e 218.79311 534.88105 7
e 136.17226 766.50522 14
e 135.18482 928.47221 11
e 687.73767 99.10548 7
e 543.24426 127.72947 7
e 48.86880 387.08133 6
e 167.30576 1034.14149 10
e 641.36211 349.49282 7
e 635.36565 1011.45495 14
e 135.55869 1017.06684 8
e 542.65495 688.15674 11
e 526.37221 963.05662 4
e 235.49163 1028.75915 9
e 120.62259 471.40561 8
e 206.25559 722.32180 10
e 423.54470 538.78541 14
e 111.66695 706.16379 7
e 509.01316 339.86068 8
e 598.84566 14.79475 10
e 690.20948 791.21952 9
e 573.62124 877.49017 16
e 181.78536 717.72918 13
e 498.98183 214.09074 9
e 221.57865 349.54035 13
e 204.84021 15.64516 8
e 353.84342 314.24729 8
e 208.35588 1039.47994 7
e 542.06355 408.64879 10
e 677.72146 985.35941 10
e 672.98994 286.00072 14
e 223.54661 901.64888 9
e 323.90101 14.76822 10
e 547.75574 91.59553 10
e 163.27999 489.24150 6
e 284.81291 86.22909 9
e 514.62333 64.50038 9
e 445.53224 56.39262 6
e 388.90734 200.61609 11
e 668.07321 646.09868 12
e 17.53997 254.76045 6
e 477.15867 699.53175 8
e 61.15160 280.15145 6
e 569.29040 1060.58619 14
e 358.56046 727.47857 6
e 34.11037 946.41094 13
e 598.96608 941.98327 9
e 289.63386 958.78058 4
e 77.73782 441.10096 10
e 63.21799 640.89800 7
e 694.34528 1015.34147 9
e 349.30028 722.32947 12
e 325.56764 833.33799 16
e 686.01352 65.75523 4
e 157.60318 42.35210 10
e 354.55095 448.67933 5
e 705.95208 740.51648 4
e 515.20333 565.96463 7
e 51.08166 531.82458 8
e 521.04779 452.51573 18
e 291.93804 406.93356 13
e 421.28000 352.81808 10
e 462.98838 162.11460 11
e 154.10995 659.72753 10
e 35.94442 80.91090 7
e 252.78116 200.44934 9
e 391.66005 557.42537 11
e 278.98813 1052.05036 9
e 106.02252 457.41718 12
e 267.82463 360.34823 14
e 439.80598 114.16386 8
e 279.29821 941.98820 7
e 27.35717 70.30629 6
e 575.75497 92.27258 10
e 26.92206 737.26019 9
e 74.03200 286.27249 8
e 454.85527 787.76494 12
e 223.29521 990.24200 7
e 294.32764 109.55316 8
e 181.17416 902.20738 8
e 272.71325 1055.77756 7
e 585.71641 604.24292 8
e 529.01441 348.78916 12
e 80.92462 991.23831 6
e 281.04884 447.22046 6
e 649.23644 1045.60643 7
e 421.46638 629.41459 8
e 236.56484 292.63373 11
e 203.37396 422.13134 13
e 391.04739 703.71792 7
e 182.41906 783.21786 9
e 56.02940 548.94147 9
e 102.35754 144.19473 8
e 68.68077 504.09072 7
e 83.33734 416.86875 9
e 683.79508 762.25063 11
e 689.26606 872.84883 10
e 656.52443 964.88238 10
e 614.14256 394.15672 5
e 584.37170 32.82909 5
e 179.27922 18.96623 10
e 309.88126 353.35622 5
e 194.84982 1019.71280 6
e 328.88684 552.67048 13
e 178.30940 101.83657 11
e 148.40283 733.75355 4
e 686.26566 13.98435 11
e 349.95861 250.61135 14
e 82.83948 343.88655 9
e 172.26862 324.48356 7
e 164.47456 562.54742 12
e 369.47074 751.87690 4
e 342.87034 810.23317 7
e 37.57325 988.31621 11
e 238.05607 503.57073 6
e 186.73861 694.36341 11
e 248.01737 879.77415 15
e 128.47340 59.99732 7
e 626.22261 449.04454 11
e 367.65887 304.60654 6
e 672.30609 218.64248 5
e 564.12825 1056.27617 15
e 181.60917 482.52210 16
e 595.54701 827.45231 13
e 10.91391 176.54966 12
e 575.38143 976.58371 7
e 529.35672 362.29981 8
e 199.00000 232.91924 13
e 309.59839 16.75791 11
e 558.03323 882.96893 13
e 389.86356 229.79127 8
e 408.78709 197.80671 12
e 434.16145 549.75413 5
e 356.17268 355.16564 11
e 705.20474 869.72495 9
e 646.75421 443.31554 9
e 78.63966 157.13678 15
e 47.27779 301.74114 16
e 667.25399 605.65943 14
e 509.52748 44.61921 11
e 617.91536 76.91503 15
e 640.75024 728.14460 18
e 490.77414 655.26525 6
e 187.87241 30.47105 8
e 234.82258 679.35591 3
e 709.59060 573.93019 7
e 699.92582 594.45873 9
e 178.21630 428.17244 4
e 700.16568 478.61652 8
e 40.69470 744.43592 10
e 316.22780 630.90431 7
e 104.87133 915.47170 7
e 531.06169 661.68877 10
e 278.41936 438.50630 7
e 600.48667 642.02153 8
e 258.49926 431.47484 10
e 17.50639 776.76246 12
e 259.21318 883.27609 10
e 671.84327 884.31731 12
e 510.50805 548.75296 7
e 169.42766 848.23948 10
e 24.17128 657.13788 12
e 233.19877 997.00529 4
e 681.06735 998.15606 12
e 46.94135 1054.53501 6
e 157.47657 441.13481 11
e 67.19463 313.13696 16
e 143.90891 346.08911 12
e 354.28193 323.58508 9
e 493.65809 407.48665 11
e 216.03531 418.33360 10
e 58.93025 556.77301 10
e 261.95920 521.33302 9
e 438.58783 520.97567 11
e 547.65615 581.82695 7
e 541.26617 668.52517 8
e 327.35159 280.46574 13
e 180.36214 615.78187 14
e 553.60383 614.03687 18
e 442.95461 373.03186 12
e 600.20412 1023.60645 12
e 58.05629 767.78879 6
e 598.53447 896.43576 13
e 390.32971 517.13455 8
e 79.55111 606.92692 9
e 314.55281 662.31345 7
e 273.69595 449.13282 8
e 569.27379 842.89627 6
e 61.98512 116.66343 9
e 353.18927 258.19498 4
e 700.27968 925.36720 11
e 218.76004 793.87862 10
e 112.05757 90.58116 13
e 52.59882 632.11613 9
e 556.18527 97.32884 9
e 651.68381 26.76581 7
e 18.90950 520.13413 7
e 16.33228 729.98698 9
e 26.57394 136.63046 7
e 67.27132 604.08139 7
e 292.79925 275.43799 13
e 82.70558 92.58872 9
e 658.75729 773.53601 14
e 286.87066 773.36451 10
e 291.12110 646.86011 7
e 708.01279 113.59754 9
e 541.06094 804.11528 11
e 523.78996 576.91955 8
e 695.43227 377.83096 9
e 52.84239 989.51102 7
e 571.35767 381.32441 9
e 245.67960 1037.63539 5
e 576.82461 822.71167 12
e 320.53629 102.61879 13
e 182.75769 146.17119 13
e 123.74406 119.59013 16
e 546.54530 590.30678 5
e 640.62096 948.72127 12
e 459.78775 57.44811 13
e 540.98657 661.97067 7
e 693.92309 124.75467 9
e 139.63073 935.47379 5
e 459.43299 692.76842 7
e 596.47847 887.41649 9
e 464.64122 449.86483 5
e 705.76647 252.77802 4
e 103.69761 474.85410 7
e 242.57946 620.69092 7
e 652.76853 1056.20464 11
e 282.08128 963.81220 9
e 115.73686 269.32637 12
e 145.41963 77.12709 8
e 510.74768 1013.70930 9
e 330.26231 100.29309 8
e 348.74936 400.25606 10
e 304.82233 561.80674 12
e 490.72860 781.54521 10
e 262.11032 1006.21035 7
e 28.60712 33.80252 11
e 277.52339 994.20161 12
e 557.79144 1026.18787 12
e 385.60517 253.53643 10
e 287.94158 417.74172 11
e 76.65365 274.27110 8
e 703.37702 733.23743 16
e 476.95806 808.22860 12
e 369.50258 878.17285 7
e 115.92939 504.71117 10
e 180.46548 883.35528 10
e 678.34136 521.44310 8
e 199.58894 495.66608 7
e 585.45734 372.67612 6
e 259.34421 16.47195 10
e 470.43850 879.55084 10
e 403.91224 140.77866 10
e 118.96308 30.69194 11
e 62.36628 62.37276 14
e 691.88180 362.70633 13
e 659.23911 984.27792 7
e 526.32372 652.53937 11
e 397.19163 347.08031 5
e 382.71385 867.04332 10
e 441.87928 882.85789 6
e 665.49598 468.37491 7
e 638.14702 314.87608 4
e 85.42208 32.01904 9
e 531.71595 505.90483 7
e 374.71693 908.29104 6
e 348.31389 441.79690 9
e 54.71699 269.65108 12
e 569.45976 408.90785 12
e 614.58964 749.10838 4
e 262.00682 643.67263 5
e 118.22684 34.88220 6
e 566.64365 111.37170 9
e 252.58528 190.28734 11
e 474.55256 204.66544 8
e 674.61224 163.97411 8
e 363.53369 381.85582 4
e 640.37313 601.62295 5
e 145.45171 762.87471 9
e 180.38149 516.28900 13
e 555.32919 212.57528 10
e 406.46256 609.33201 8
e 426.61633 405.78320 8
e 146.91919 493.78447 12
e 619.93333 35.59326 9
e 256.57432 841.62411 10
e 263.26665 256.21064 11
e 633.06191 555.91502 7
e 556.82058 897.59790 16
e 397.22285 263.71241 5
e 493.21535 495.70887 7
e 489.02557 288.02213 13
e 89.00384 488.85613 12
e 431.46320 890.23971 9
e 455.63670 837.87568 4
e 528.04493 560.21818 9
e 297.69599 801.11726 7
e 87.45336 115.40301 7
e 340.13173 391.38774 13
e 470.44472 928.35729 13
e 360.82255 901.27969 11
e 636.78926 83.66329 10
e 658.82290 158.25174 14
e 172.25256 267.98894 16
e 127.95648 957.99262 6
e 537.08889 817.30588 11
e 510.43324 197.16279 6
e 439.83657 577.22171 13
e 391.78115 639.28407 11
e 566.45686 387.45723 7
e 424.84944 16.94472 12
e 147.98048 332.76692 4
e 519.80716 706.69115 7
e 291.77734 991.20374 10
e 398.47779 167.28623 13
e 572.42472 726.17682 9
e 658.33272 759.06105 11
e 219.67292 511.49143 10
e 682.68159 472.44971 5
e 487.78226 144.70254 8
e 66.96845 789.47132 8
e 101.92917 467.35469 8
e 652.68092 964.81390 10
e 705.21907 966.90792 13
e 339.43005 122.62491 5
e 671.81472 155.32907 13
e 442.66427 757.08077 10
e 709.19137 1048.56660 7
e 340.66086 62.93263 12
e 238.80329 484.10076 10
e 287.73627 991.05808 8
e 685.87170 68.36045 12
e 673.37110 1037.81371 11
e 95.96201 772.09362 10
e 87.15230 914.67397 8
e 153.23634 624.85961 9
e 373.18876 526.07358 8
e 332.20977 731.83371 11
e 21.34662 917.13172 12
e 228.09636 395.19093 13
e 170.44819 953.63828 8
e 517.45157 470.55738 8
e 163.21647 414.46935 12
e 193.82443 530.96782 12
e 395.31095 10.15133 10
e 177.69051 761.81897 9
e 196.45850 876.33512 10
e 594.66470 602.70461 6
e 501.31409 742.70638 3
e 219.99658 61.79069 13
e 347.48439 369.94836 11
e 44.03694 447.04649 9
e 453.84749 1007.54203 8
e 603.11952 83.70215 8
e 634.70394 92.66704 10
e 275.22639 926.07800 8
e 94.14400 253.57910 8
e 435.89553 849.51713 11
e 437.08243 448.59757 9
e 157.44877 434.65236 11
e 484.41932 924.64317 15
e 626.97708 1018.54087 9
e 331.52280 430.79282 13
e 59.22275 919.16286 8
e 344.12676 905.69515 9
e 432.62676 606.14512 8
e 425.42178 780.66021 8
e 659.59302 264.51374 6
e 404.17040 154.16924 11
e 519.00757 1022.12773 7
e 395.68808 342.14852 10
e 409.49680 240.89291 6
e 312.51638 569.52280 8
e 138.32830 212.74623 9
e 574.60512 153.97321 11
e 291.97369 1056.94443 9
e 680.79137 536.63239 10
e 642.39942 977.87359 10
e 457.58633 266.95081 11
e 583.80665 799.51169 12
e 79.04004 545.65851 9
e 413.55425 977.50917 11
e 569.38262 142.56423 15
e 605.37308 916.74973 5
e 554.49052 152.46131 12
e 481.30944 446.54657 5
e 687.50676 1019.53526 6
e 183.62145 607.81595 19
e 199.45051 83.10278 11
e 645.30353 937.17140 7
e 199.44096 37.50579 6
e 458.06152 32.93564 6
e 210.17139 67.47574 4
e 318.67977 988.49740 10
e 337.61191 194.56619 5
e 363.49500 640.75486 8
e 179.58713 99.93397 9
e 75.92779 355.43195 10
e 563.42299 975.11112 9
e 696.46461 308.23378 11
e 543.92814 659.32954 9
e 122.09241 438.43773 6
e 34.43092 403.61961 10
e 675.95087 604.59860 10
e 486.26167 1056.55790 9
e 372.89408 860.32857 7
e 331.33658 730.75714 8
e 142.86049 891.65862 10
e 398.24037 504.80509 5
e 330.16774 777.93605 13
e 179.60497 654.79790 7
e 11.22534 859.58368 10
e 13.80788 280.81106 4
e 449.66095 673.52693 9
e 185.46655 329.57420 12
e 438.22919 702.31808 8
e 233.91449 783.40613 8
e 331.82304 240.55974 6
e 102.65998 28.77915 10
e 212.14694 312.26144 9
e 77.10191 326.64537 9
e 96.29519 724.04799 11
e 442.40443 833.63048 12
e 217.03313 776.66157 8
e 601.70793 214.45906 19
e 220.38119 833.38558 9
e 251.27119 323.99983 10
e 610.24607 1066.13395 9
e 427.45974 348.94036 6
e 418.01219 836.02128 5
e 629.45055 327.85853 12
e 328.05553 650.82436 3
e 410.58227 157.14232 12
e 428.30866 309.51203 7
e 586.37973 604.17935 5
e 77.60277 1010.96868 9
e 433.38626 274.41960 11
e 115.84238 618.10876 11
e 113.85670 378.76024 11
e 193.45882 293.71810 10
e 533.34078 79.61488 10
e 574.20692 359.56515 8
e 43.41911 648.14699 7
e 527.58853 107.69358 5
e 345.32767 672.21068 8
e 349.08279 721.02849 6
e 671.66419 1028.08143 13
e 548.67122 635.13995 4
e 278.52061 984.33508 11
e 646.49951 133.83238 10
e 421.91048 534.12941 13
e 510.49747 347.28720 9
e 312.39527 760.57161 9
e 318.98492 260.70519 9
e 258.13636 260.53862 12
e 393.08780 975.92831 9
e 651.58318 427.03226 5
e 205.73646 759.51710 8
e 490.48087 1015.79159 6
e 629.15062 889.40526 6
e 123.42529 402.76680 8
e 461.08664 969.67721 11
e 361.94799 190.56717 13
e 169.64319 173.33694 9
e 626.81117 277.03058 9
e 315.94484 485.52456 15
e 597.75464 910.70958 6
e 542.42662 1022.19997 7
e 538.35907 923.34384 9
e 17.65739 809.74464 14
e 315.28167 104.02907 6
e 438.03417 775.29360 21
e 579.22323 672.32634 13
e 461.77722 258.07348 4
e 413.42368 972.47868 10
e 526.82147 1066.12577 15
e 165.75907 179.37568 6
e 681.89628 151.85647 9
e 289.26819 401.85837 10
e 314.25742 20.25921 12
e 143.53944 66.79359 10
e 578.69786 989.69095 10
e 602.34194 524.23872 11
e 676.05984 327.98091 7
e 527.17946 479.52396 8
e 206.64700 363.19375 12
e 405.62019 978.50065 8
e 243.04094 133.64882 7
e 182.87980 453.77008 7
e 299.77314 333.48461 10
e 204.52191 273.13846 11
e 157.01618 811.15101 16
e 427.86608 808.68255 7
e 178.94656 486.13630 7
e 229.94149 595.90728 9
e 287.69538 423.89585 8
e 283.19010 524.63163 11
e 344.79705 290.75118 14
e 321.84673 288.19905 9
e 447.91247 444.72889 12
e 555.15427 645.57194 13
e 381.28296 419.93196 4
e 344.71275 129.37045 7
e 304.06528 165.47881 11
e 388.00558 859.59081 8
e 206.16972 662.51289 9
e 246.82942 265.32535 8
e 110.96829 670.83617 14
e 221.44031 417.67113 6
e 396.56662 267.75071 14
e 543.39647 516.12307 11
e 617.03044 269.19170 13
e 297.80351 696.00846 10
e 448.18003 966.86531 5
e 408.11460 323.20674 9
e 691.80763 23.50867 5
e 385.93824 695.46120 11
e 452.28580 784.56914 12
e 142.71990 1065.77640 9
e 474.35455 377.06479 8
e 100.98623 899.17671 9
e 90.81401 991.51088 5
e 412.96620 763.37428 9
e 700.55068 908.54608 11
e 250.95229 59.83793 17
e 391.34285 266.47115 8
e 269.81537 191.97965 10
e 71.13731 766.48504 7
e 465.48988 827.99630 12
e 45.99228 911.69609 9
e 351.84817 533.72229 15
e 589.79657 773.88429 9
e 690.65631 859.30730 10
e 465.78089 207.42762 10
e 332.71794 1067.51322 6
e 345.82839 620.26898 12
e 414.44076 1017.28349 7
e 144.51137 639.62747 11
e 266.54977 37.66985 9
e 659.01762 648.90869 11
e 340.50600 505.94226 8
e 67.74752 159.48466 7
e 114.63926 216.87407 11
e 426.50738 497.17927 9
e 47.39245 248.21322 10
e 591.12568 197.61857 11
e 569.38471 459.81529 12
e 46.98200 898.88319 9
e 45.26250 417.04200 13
e 157.44025 419.91329 8
e 506.83246 612.54424 8
e 140.95494 717.00943 4
e 527.21346 274.21624 7
e 360.13404 601.87218 5
e 584.45683 282.35483 7
e 93.85956 86.76030 9
e 639.43063 24.04384 13
e 585.59768 187.53440 8
e 79.70597 15.14519 9
e 57.34774 890.71916 6
e 696.39975 800.35477 6
e 247.67421 509.41148 15
e 582.18577 31.33628 9
e 543.23425 1005.56834 8
e 642.60287 648.22173 9
e 534.87178 539.59896 13
e 94.72169 188.33750 7
e 699.08108 37.11820 9
e 461.77034 468.73300 8
e 358.98905 727.72802 10
e 77.62875 515.78834 10
e 575.46740 630.15542 5
e 578.83412 460.82740 7
e 59.14254 395.95612 7
e 411.48557 98.41527 4
e 145.49486 497.25221 11
e 376.62610 1028.02456 9
e 249.47967 968.38785 8
e 435.77658 526.70295 8
e 182.58824 449.03635 11
e 377.15955 409.68145 11
e 635.54973 761.74732 7
e 473.52773 501.73747 11
e 274.71487 300.27865 8
e 119.10896 733.45242 4
e 558.37137 1025.95065 9
e 38.28509 1062.10465 9
e 389.54864 452.99969 5
e 379.39793 750.93719 6
e 133.29505 1009.16578 9
e 40.92572 446.71092 11
e 162.80322 627.24328 11
e 191.12166 429.45520 5
e 301.78618 882.99656 14
e 56.52968 944.67664 9
e 549.29625 430.80471 7
e 265.24579 963.94535 9
e 323.05659 1000.36366 11
e 72.66492 766.38453 10
e 57.76018 769.99560 5
e 266.61717 891.14209 13
e 256.66682 236.88838 11
e 668.13014 337.26149 7
e 439.01550 385.67164 9
e 18.87770 412.66419 7
e 199.88194 720.31777 4
e 116.09001 964.29553 11
e 339.38791 1017.08295 5
e 594.42919 40.25262 8
e 466.76085 322.79061 11
e 536.88273 257.24221 5
e 615.36561 692.67425 11
e 188.62086 835.27270 8
e 582.31185 169.19602 9
e 352.46597 76.20386 7
e 466.38710 807.95709 8
e 678.28180 673.29113 6
e 630.38994 602.97752 9
e 186.88354 559.93195 9
e 490.24611 968.58190 8
e 98.92772 86.00270 11
e 366.20988 210.15023 9
e 469.62800 729.66997 6
e 237.85275 308.27577 9
e 432.11161 387.59334 4
e 214.32881 895.49863 5
e 499.61767 780.90567 9
e 296.67766 908.81283 13
e 178.20956 79.43209 3
e 424.44503 448.67732 5
e 482.22346 499.37027 11
e 274.14081 292.26907 12
e 96.01257 837.81453 15
e 576.70932 679.30577 12
e 661.71243 759.35859 10
e 22.46149 942.14131 10
e 18.53846 962.78060 8
e 508.87368 39.00348 10
e 55.84131 1047.71881 8
e 145.33865 532.43775 12
e 605.53340 351.19107 6
e 605.28916 887.28459 10
e 400.27715 397.30846 13
e 141.02489 626.70748 8
e 536.33926 964.16266 7
e 130.45913 660.57438 11
e 321.40585 269.72501 6
e 45.64721 296.08798 10
e 189.12468 336.23416 8
e 306.48924 649.12228 13
e 669.30062 958.41036 14
e 610.76458 139.71867 11
e 48.80749 861.64032 11
e 622.11489 82.65843 12
e 316.99072 285.94579 9
e 164.11231 908.07680 14
e 449.28453 598.06937 11
e 51.24119 284.07859 6
e 355.42041 19.32512 11
e 697.12971 1001.47579 5
e 21.29085 885.74801 7
e 672.75064 168.07914 10
e 562.67346 143.77583 10
e 603.44489 257.95743 6
e 226.77291 144.27740 6
e 226.71238 417.42721 6
e 104.68100 534.46785 9
e 68.76009 83.16393 11
e 234.89679 950.13101 9
e 165.42677 992.56574 8
e 531.25205 207.21248 8
e 469.04508 609.73179 8
e 461.77309 468.25550 12
e 341.03274 449.28959 9
e 682.22467 224.43129 11
e 477.54919 421.19057 7
e 234.55269 208.60074 9
e 328.72951 781.39973 11
e 359.33356 481.59522 7
e 159.11545 719.59871 5
e 69.55117 95.18644 7
e 101.79546 1035.48650 10
e 699.16411 197.27707 8
e 482.55416 241.02341 9
e 398.21126 887.58471 10
e 167.54546 466.91825 10
e 648.85145 409.10544 10
e 460.75819 778.55769 6
e 359.13122 122.23990 8
e 58.38711 764.24060 8
e 521.58866 700.87510 9
e 168.32966 663.31119 7
e 622.51156 114.38355 4
e 651.36560 38.16980 5
e 119.72676 356.39819 7
e 329.21230 959.18102 7
e 221.85488 440.19898 11
e 249.02721 689.75895 10
e 409.61045 941.93903 9
e 612.45828 274.53921 5
e 633.64896 730.36531 5
e 332.37276 1008.23066 13
e 555.89516 663.77834 10
e 692.47300 236.44331 11
e 47.08923 952.31166 11
e 659.16418 605.33547 8
e 526.54894 183.29158 8
e 363.86585 647.79940 8
e 239.61666 575.24880 10
e 204.50177 208.89127 7
e 147.23774 693.89050 13
e 335.67743 706.09459 13
e 183.03390 352.47669 8
e 253.58943 770.85487 11
e 331.79833 638.96780 9
e 391.96093 366.62685 7
e 520.99420 492.35552 7
e 253.48922 786.29594 5
e 121.32985 569.02009 9
e 275.76831 839.99055 11
e 587.93227 892.61182 8
e 287.13216 649.38806 9
e 393.12302 294.40778 7
e 676.34365 907.12514 16
e 580.96417 174.09897 7
e 164.34847 139.58353 11
e 536.86248 878.37482 5
e 144.42023 826.00374 9
e 421.98808 1054.00370 13
e 504.06848 669.18865 12
e 658.23085 871.02057 16
e 318.81174 721.07150 14
e 454.72241 669.09027 10
e 61.12609 676.77267 11
e 59.79277 841.20671 11
e 16.77963 172.17682 10
e 702.84343 867.58848 9
e 347.96181 657.71314 14
e 573.84487 797.59399 13
e 459.17554 705.30066 9
e 491.78923 260.45540 10
e 13.53360 437.50516 9
e 284.68921 158.32853 8
e 69.11012 796.73688 9
e 637.94588 232.36876 5
e 87.18065 279.28217 8
e 378.29229 493.90156 8
e 126.81834 325.79336 10
e 694.20966 1015.61324 15
e 493.57778 523.93752 8
e 559.55323 375.80344 11
e 458.46656 741.54642 11
e 520.51064 630.30002 4
e 520.71269 1060.97875 9
e 18.08599 996.44031 11
e 73.23067 747.65204 10
e 373.65626 536.02597 13
e 471.38872 353.61826 11
e 648.74606 26.34933 10
e 368.08370 503.02382 9
e 504.66921 206.37628 12
e 117.69770 862.61299 11
e 269.43589 937.75815 8
e 93.13371 281.57892 9
e 207.79830 464.16297 10
e 698.39952 630.53488 7
e 301.87115 845.13161 8
e 278.60437 37.61464 10
e 594.40859 623.24902 5
e 687.34193 401.21885 12
e 530.81198 886.14123 9
e 271.50146 649.58969 7
e 379.38091 169.15045 10
e 309.37024 882.82943 7
e 646.40576 735.74108 12
e 437.91033 95.74016 5
e 597.09924 832.62460 16
e 91.01201 209.18844 12
e 501.07591 341.30408 11
e 53.60658 244.49960 8
e 175.40236 691.93594 6
e 338.00928 263.91417 9
e 19.51428 247.25909 6
e 373.58213 24.22868 11
e 526.42744 461.26877 11
e 228.62833 895.75054 12
e 158.01283 496.64144 9
e 194.35710 22.63086 9
e 701.62303 688.68180 13
e 76.40137 201.71958 9
e 474.77226 688.60598 12
e 381.84297 436.66158 7
e 243.33703 220.21835 10
e 267.18778 17.49208 9
e 619.01806 278.21168 11
e 463.99632 793.73824 10
e 517.81079 676.17829 8
e 438.52375 231.60998 12
e 631.93115 818.01857 7
e 646.26884 630.84603 8
e 359.56979 874.45089 4
e 630.16311 841.74534 13
e 256.11754 873.12958 7
e 632.52898 458.02589 5
e 346.72457 340.26308 6
e 101.04604 632.89324 11
e 186.39786 1049.43011 11
e 597.07078 796.52458 9
e 193.80139 623.72358 5
e 232.29162 871.38297 19
e 215.35050 1060.74782 9
e 177.66329 1031.17416 9
e 127.23423 780.14360 9
e 52.78087 858.48618 9
e 80.63419 1063.83262 10
e 443.03946 870.70140 10
e 311.21087 479.04841 8
e 432.39933 483.01143 14
e 340.28218 706.14282 9
e 493.64757 560.64598 7
e 323.26936 149.07916 13
e 338.07288 349.05831 6
e 505.63687 1041.10511 6
e 302.96139 289.23923 6
e 367.05865 1063.06678 14
e 513.22570 491.29964 12
e 493.35013 955.76949 10
e 189.62915 909.09396 7
e 193.61291 1038.61999 8
e 333.23649 918.60316 8
e 485.31901 753.02293 4
e 702.12594 679.21839 13
e 609.04970 67.62689 7
e 203.59409 620.98842 7
e 426.29235 558.21519 13
e 206.57150 61.20500 12
e 189.72631 205.48288 10
e 12.30077 852.21854 7
e 528.00463 252.20185 10
e 128.50928 138.97876 20
e 303.04666 619.88750 4
e 273.48772 695.27338 7
e 340.80068 561.68499 8
e 326.38769 823.81879 5
e 702.59624 41.33223 7
e 78.62109 565.30685 8
e 284.66069 994.72068 14
e 496.24274 180.47571 6
e 292.20759 263.82186 13
e 588.27122 818.06956 9
e 387.12408 599.85357 3
e 36.95416 678.58544 5
e 548.98032 877.60653 7
e 351.65959 119.47508 4
e 410.80925 547.12747 8
e 611.58346 761.90981 10
e 597.12233 269.24122 9
e 564.17409 1067.04070 14
e 52.09699 822.34272 10
e 349.39441 119.28778 9
e 707.78328 95.10320 8
e 526.35423 1051.82713 8
e 360.96607 768.45277 9
e 497.77211 817.31679 11
e 36.36843 884.47345 16
e 297.29799 530.39200 10
e 56.96509 507.04402 7
e 134.65191 572.22448 11
e 608.26738 573.83258 8
e 427.05846 581.02508 8
e 670.57629 51.79938 8
e 373.66278 806.03048 10
e 525.81521 804.72177 6
e 679.78724 679.73888 6
e 68.14502 140.75926 11
e 429.76149 455.19041 9
e 263.86138 779.24297 9
e 72.95112 345.31455 9
e 273.26900 183.61587 6
e 121.92074 708.15791 7
e 387.94032 991.88950 10
e 428.83836 889.66434 17
e 399.70795 979.51427 12
e 450.63636 783.37040 11
e 340.94777 549.94935 5
e 352.05026 587.14053 17
e 651.88118 916.02532 7
e 381.64944 347.61517 11
e 477.93903 810.53233 14
e 676.32872 98.57266 9
e 197.83470 602.82785 5
e 590.78184 47.86384 10
e 663.75024 692.29987 12
e 427.36082 227.40557 9
e 255.11078 212.25005 9
e 125.17015 283.68888 10
e 615.67327 134.13579 9
e 83.48346 598.52344 10
e 426.61857 688.26344 9
e 599.82167 277.19097 10
e 119.19928 277.33730 10
e 174.75187 712.36464 7
e 233.19382 100.48679 11
e 206.71409 668.69376 12
e 698.39569 361.31294 11
e 588.04627 567.29118 5
e 396.94207 632.17257 9
e 614.87700 228.75654 14
e 221.02439 398.01006 11
e 62.86401 539.64664 12
e 278.05368 278.41158 8
e 238.81198 852.44101 11
e 274.29786 1052.50794 6
e 142.82754 15.91093 6
e 426.19498 971.86511 15
e 136.32728 772.13633 11
e 477.53388 903.99565 17
e 223.79459 670.82954 13
e 314.51525 671.30935 7
e 189.43273 221.23985 10
e 474.55921 886.13851 7
e 147.76561 98.39269 9
e 15.89532 773.62215 13
e 207.09002 695.19286 5
e 410.75912 856.42976 10
e 88.97076 1048.12532 5
e 281.38110 381.41225 5
e 276.35475 733.79333 6
e 501.51374 248.70917 5
e 154.35943 802.51989 6
e 695.96716 714.70654 6
e 629.91645 605.47995 7
e 422.53320 488.21982 17
e 307.49777 91.47484 9
e 317.37556 732.67801 10
e 28.94963 898.95424 12
e 448.18581 372.31817 7
e 613.25653 693.76990 12
e 678.73279 802.70364 9
e 374.63868 997.33797 13
e 497.63147 371.74364 13
e 561.11710 542.52916 11
e 308.51736 1061.10852 9
e 523.53058 654.26656 11
e 202.87061 258.91785 8
e 619.28981 586.09661 6
e 536.00993 541.58897 9
e 614.60354 977.07947 13
e 394.00546 1041.61213 8
e 270.60631 933.06036 9
e 201.62810 147.60790 8
e 554.33430 546.56529 11
e 112.68784 797.22684 8
e 476.20679 561.60328 6
e 88.31412 408.66231 12
e 152.30459 148.00574 11
e 225.87882 823.19825 9
e 409.18604 822.79722 11
e 197.61010 268.18218 5
e 567.32092 878.40353 10
e 557.89382 448.71200 10
e 536.12728 477.42987 11
e 500.47218 1037.04162 11
e 503.01616 191.56355 12
e 618.96456 312.04318 6
e 503.76088 185.58010 7
e 364.20878 979.87302 11
e 471.50040 80.72823 11
e 276.27432 408.49313 12
e 542.75787 82.37627 8
e 326.79636 281.91022 7
e 119.04399 371.61388 8
e 618.86495 103.72460 8
e 124.50141 1022.12128 8
e 122.84474 151.78630 17
e 692.69252 614.25782 6
e 181.24848 861.18414 9
e 547.24578 879.07093 9
e 312.16105 803.28381 6
e 566.94478 430.52910 5
e 543.86137 309.38604 7
e 604.72612 143.24395 9
e 119.70816 83.93903 14
e 291.64485 538.93845 7
e 489.13310 85.73295 9
e 389.84875 800.91121 12
e 118.56946 580.17936 7
e 236.33707 364.79729 7
e 142.40809 924.56168 8
e 255.48192 112.07814 4
e 577.24509 979.18006 9
e 264.50164 824.06552 6
e 519.49741 447.44373 9
e 644.83236 845.27565 11
e 464.43273 735.47426 12
e 407.05510 649.45558 6
e 326.91369 592.23919 9
e 530.19127 838.44933 6
e 314.38424 537.10461 7
e 674.19699 667.44242 10
e 447.95344 137.81442 11
e 487.69729 173.81079 9
e 203.32223 616.83372 6
e 477.54744 159.33423 11
e 427.84678 964.15362 14
e 439.08405 398.10758 6
e 505.86907 901.88415 14
e 423.60883 931.65716 7
e 675.48164 255.77450 9
e 456.38107 778.87824 14
e 397.40151 897.62780 9
e 30.69576 1007.33065 6
e 429.00688 592.92415 6
e 142.09966 426.30006 6
e 652.11371 454.51101 8
e 154.21309 59.06395 8
e 530.90503 455.27000 8
e 332.40132 338.42416 11
e 525.95826 485.29235 8
e 632.17395 602.38211 7
e 482.09304 747.21029 5
e 482.99715 807.00092 10
e 401.43265 738.32996 10
e 455.16194 747.16686 11
e 427.50282 342.44353 10
e 445.83154 463.29268 13
e 701.49081 273.96505 5
e 675.20587 712.05569 10
e 275.43250 745.17724 11
e 635.98837 170.57117 10
e 277.39670 87.13521 5
e 550.94801 707.39546 9
e 313.93103 28.41577 8
e 584.35742 38.20846 5
e 604.63321 69.14765 7
e 359.85970 159.02009 13
e 417.71143 659.33029 6
e 459.66134 318.80138 7
e 371.80254 201.45795 11
e 633.43856 76.32379 10
e 506.43086 849.79209 12
e 514.83645 54.32823 4
e 581.19601 295.24710 8
e 349.25606 624.26942 12
e 466.92540 269.41922 11
e 236.10114 338.77772 7
e 378.29404 384.47010 7
e 592.79716 1008.66399 9
e 434.62980 852.71666 14
e 601.37993 773.74042 7
e 474.75112 842.05856 8
e 612.45098 312.08211 12
e 506.64709 89.82366 13
e 428.15974 807.04795 5
e 29.25010 268.07880 9
e 228.22938 935.75265 7
e 57.84564 633.97690 11
e 330.32286 10.97808 7
e 243.71855 177.80694 10
e 503.57357 888.03602 11
e 101.97907 201.90062 6
e 246.05285 426.35519 11
e 618.12006 310.13929 7
e 219.53980 728.62291 13
e 156.23403 327.97573 8
e 165.58987 446.23857 8
e 11.96296 220.84961 17
e 406.88192 482.73216 7
e 326.64923 60.55646 10
e 63.55020 967.63728 13
e 61.19862 418.27194 11
e 489.02040 611.37055 8
e 46.77318 665.46940 8
e 393.76411 845.24660 16
e 70.47912 909.92491 9
e 76.14022 286.63798 8
e 381.32910 893.17385 8
e 33.09424 591.26549 18
e 101.84869 675.37926 5
e 189.39857 191.20636 16
e 529.75244 147.33089 9
e 578.46324 853.82204 8
e 61.95465 99.28571 10
e 532.32739 123.74835 10
e 535.34198 578.91891 11
e 98.95267 434.51004 8
e 601.92306 861.93160 12
e 247.30267 707.54935 10
e 602.00954 87.82107 9
e 190.30911 686.82886 6
e 699.75070 569.81368 10
e 423.65696 510.60573 8
e 707.25297 995.60980 4
e 522.29613 613.05132 12
e 677.84533 480.31300 8
e 167.75331 109.56658 6
e 82.94389 389.15449 6
e 508.70436 298.96289 10
e 129.77730 868.19276 11
e 551.46355 790.52134 9
e 160.65626 204.72735 10
e 189.80306 502.38161 8
e 238.42851 69.39263 9
e 327.23801 794.32981 13
e 307.49603 270.20416 10
e 382.84756 747.59810 14
e 326.73116 959.76329 9
e 197.54670 549.89044 11
e 182.41479 374.14236 6
e 602.77494 512.60957 11
e 312.85790 498.34243 8
e 362.14986 155.39533 8
e 345.73366 684.19345 10
e 535.91633 316.62049 7
e 36.06137 140.23245 11
e 38.28444 607.72072 8
e 373.98146 969.27344 10
e 311.96577 777.61866 6
e 273.43645 31.18493 9
e 430.94812 137.52021 12
e 291.69990 593.41047 9
e 165.87957 415.24419 6
e 610.10573 198.25716 8
e 201.60496 158.28629 9
e 274.23777 918.39604 7
e 629.37955 761.24843 4
e 236.15734 22.35010 7
e 689.69534 459.48690 10
e 338.06110 485.19020 7
e 426.60340 817.64238 9
e 299.65637 294.32439 9
e 599.06252 58.61596 19
e 127.12260 948.88704 5
e 69.64619 529.86950 9
e 198.31342 999.90353 6
e 188.22837 430.70858 7
e 452.29902 507.32041 10
e 174.87229 1002.10593 8
e 623.38321 23.15414 11
e 35.37923 599.85484 7
e 390.45519 292.85133 7
e 571.16497 154.79508 12
e 441.87283 631.91065 10
e 390.19667 224.14197 8
e 146.89153 173.13118 13
e 109.88266 346.93350 9
e 354.27605 466.57863 13
e 648.14616 988.07723 13
e 211.66919 738.42291 12
e 588.21597 98.13314 10
e 75.77801 836.89814 14
e 449.81129 602.88591 7
e 666.54861 528.12595 8
e 570.19845 31.27653 9
e 39.93106 416.39345 8
e 569.36198 153.81601 8
e 76.40454 399.99414 5
e 113.03979 23.85850 14
e 362.07380 301.16001 5
e 32.21512 165.87888 12
e 420.99490 462.23677 10
e 657.74345 298.81430 12
e 639.05261 677.02785 8
e 136.70790 577.82030 15
e 626.35433 79.93759 9
e 297.99355 731.72630 11
e 374.81847 616.98977 6
e 70.85945 691.46660 9
e 326.95351 943.95852 11
e 272.78627 218.48824 3
e 434.38179 25.81368 8
e 103.65364 501.46329 12
e 263.63746 866.42739 5
e 169.78361 339.37589 9
e 611.22515 247.06754 14
e 376.21837 418.15489 9
e 639.83051 780.10541 9
e 607.41741 253.72740 6
e 367.49139 406.34414 8
e 252.86442 460.81025 12
e 153.06449 797.59777 10
e 162.50032 240.24835 7
e 325.44521 248.03708 10
e 53.10180 1055.25324 4
e 656.58897 405.10607 6
e 441.58060 700.21014 14
e 307.33715 669.93493 13
e 265.84903 96.28315 11
e 679.76791 307.45210 5
e 571.95849 412.27216 11
e 385.91159 618.12309 7
e 511.40299 164.78255 13
e 334.50440 48.56284 11
e 469.53284 324.37070 6
e 593.59633 745.40936 6
e 469.30759 759.63441 4
e 575.93779 905.84632 6
e 293.83780 578.69908 5
e 544.22291 1044.16469 7
e 280.63658 147.16361 10
e 205.46834 497.49839 11
e 587.51381 1034.21998 7
e 638.64439 1029.13682 12
e 58.97222 688.78545 9
e 381.19843 93.59168 11
e 81.98857 612.65571 8
e 29.88663 538.67434 10
e 169.25987 847.14500 3
e 248.21710 206.79494 9
e 465.84725 1018.58444 7
e 290.84553 18.15592 12
e 258.66364 841.36833 7
e 456.12999 1045.26408 9
e 558.74737 516.59092 7
e 231.90161 68.39573 13
e 329.72920 947.11814 10
e 352.81658 477.75806 11
e 394.64094 454.66684 5
e 610.45430 641.86040 9
e 252.71080 473.27513 11
e 318.47239 965.59933 6
e 142.37793 690.36126 13
e 566.62692 535.36568 8
e 429.91939 66.50438 7
e 478.17235 173.67321 10
e 287.96987 151.82946 10
e 593.17297 392.25747 6
e 210.48433 872.44997 7
e 552.74031 928.76113 6
e 465.14003 869.10077 10
e 636.07771 287.15273 9
e 368.91011 738.13230 8
e 35.12995 35.85439 7
e 299.77682 23.63360 8
e 154.42341 826.25182 8
e 428.81536 1030.51980 6
e 109.64468 910.78117 11
e 160.59773 12.46740 9
e 396.87880 409.00544 7
e 476.12139 518.86609 5
e 330.91698 727.76347 12
e 676.28358 645.42465 9
e 182.50735 793.82068 8
e 538.07988 79.32533 9
e 405.42688 455.80266 7
e 669.38851 587.75745 10
e 222.43366 78.31828 13
e 616.79405 107.28013 15
e 89.50324 530.40909 5
e 626.85426 23.14236 7
e 679.61896 559.37384 6
e 288.22444 256.89386 6
e 164.84373 11.86651 10
e 212.12482 412.79620 10
e 398.16734 527.77252 9
e 168.84971 27.73803 12
e 116.96402 1014.88980 6
e 532.30104 597.65463 4
e 484.48763 823.02764 6
e 66.32483 166.61096 8
e 257.14368 810.33909 14
e 74.79549 787.30960 7
e 637.56870 1069.68219 8
e 692.73148 1065.99932 8
e 433.03504 574.72332 9
e 85.48152 318.55150 7
e 304.19948 856.51356 6
e 637.39343 718.25015 16
e 17.97583 466.51115 10
e 554.32146 603.83275 8
e 507.25957 249.13326 12
e 663.09096 70.22610 14
e 450.80254 917.80684 13
e 135.96123 640.49584 12
e 416.61292 972.89371 9
e 703.53833 662.32053 10
e 440.25013 509.60019 9
e 140.54642 129.96532 15
e 526.63656 708.11975 6
e 569.99846 350.78152 12
e 181.63066 563.86982 6
e 601.00718 798.94876 10
e 245.85419 393.85140 9
e 199.34531 186.98398 13
e 212.36480 348.88264 10
e 110.89155 725.40076 6
e 618.67993 35.20235 13
e 592.20069 756.10182 8
e 310.38334 284.62997 9
e 224.23848 988.43805 10
e 395.32039 643.84200 7
e 659.62195 120.25301 7
e 114.73502 620.67315 19
e 249.16178 866.82534 15
e 338.07346 320.76274 15
e 294.56301 69.05844 9
e 653.26825 1054.65802 12
e 89.18957 17.53194 6
e 308.44697 628.04379 7
e 316.43454 429.75498 7
e 518.23636 464.81704 8
e 342.34913 350.96674 7
e 669.08436 1055.90597 6
e 355.99260 469.32264 14
e 657.74810 578.87404 5
e 526.59240 958.87778 13
e 243.18400 618.23426 12
e 37.79671 778.07868 14
e 162.83907 1042.95332 12
e 497.12956 205.87201 12
e 29.51194 483.28525 8
e 625.77264 512.03281 6
e 442.38720 217.30940 10
e 46.56026 636.31421 5
e 266.86793 229.07048 16
e 622.29622 482.29306 8
e 699.53650 106.53901 5
e 450.93627 395.78027 4
e 559.30872 639.31524 7
e 110.91730 375.20906 5
e 446.50226 94.01900 7
e 241.44149 201.24756 11
e 125.92300 193.83534 14
e 131.60352 427.17492 14
e 458.38218 355.26470 9
e 205.21440 1043.56307 3
e 213.72031 379.77117 9
e 52.01905 220.33669 7
e 616.08792 920.60347 9
e 258.10280 382.81460 9
e 690.26195 888.43048 15
e 339.47186 899.37093 13
e 246.48436 1029.62270 11
e 214.20343 915.41836 10
e 664.20894 277.96321 10
e 638.51829 470.98119 12
e 375.11495 412.86188 10
e 303.17721 448.12576 13
e 438.48862 563.94505 11
e 47.92054 172.13493 21
e 689.63493 947.25494 11
e 474.82851 1033.01652 12
e 185.19342 693.20597 13
e 515.76851 831.21982 7
e 182.98858 274.53583 5
e 336.76978 299.28916 9
e 220.83240 440.39434 6
e 175.45845 876.76761 8
e 570.43191 936.78327 10
e 98.07541 1016.33425 10
e 703.31070 249.16883 7
e 336.10255 215.57490 12
e 553.89646 700.13939 10
e 35.43333 496.82598 6
e 105.92615 940.66608 14
e 90.74246 199.13729 10
e 307.13346 162.21643 10
e 258.84285 413.79494 10
e 560.53792 664.50316 5
e 639.47727 842.04794 11
e 163.16353 199.52943 8
e 15.75227 455.51709 11
e 674.31817 666.16615 7
e 609.16189 187.61973 9
e 475.36126 661.64377 6
e 104.36036 802.61281 12
e 575.64454 378.57859 15
e 72.36343 799.10711 11
e 186.38296 240.85988 12
e 335.46257 726.53007 5
e 651.97999 159.10541 6
e 228.42209 1013.35875 6
e 486.93679 107.25749 8
e 169.04529 577.82420 15
e 580.33884 122.46163 9
e 301.67516 537.70851 8
e 313.11396 679.38885 13
e 682.94518 833.50256 4
e 338.95045 481.95922 8
e 159.09715 714.86221 9
e 668.77790 198.34374 5
e 516.86718 171.97860 11
e 697.25630 649.94526 14
e 136.93411 156.91682 15
e 469.42730 758.61430 6
e 88.73384 638.96226 10
e 75.28646 314.55353 16
e 603.62916 487.66870 11
e 705.97927 596.33366 5
e 173.37410 261.89470 10
e 483.46498 507.04762 11
e 528.29619 711.35350 8
e 582.49101 920.32404 11
e 353.58485 793.46562 8
e 492.22656 914.46814 15
e 498.47590 693.36434 8
e 136.86281 103.11378 7
e 692.29502 481.99746 11
e 143.93430 518.22468 9
e 66.95238 38.27940 8
e 18.40837 881.97904 6
e 615.66358 345.85005 9
e 528.72941 391.53965 13
e 74.86247 324.06437 12
e 590.14577 1020.81248 7
e 94.59858 629.09494 11
e 610.39974 436.81783 8
e 261.75114 515.82602 9
e 596.59284 560.52228 9
e 708.41036 1060.75547 6
e 392.56891 821.09482 14
e 548.07891 991.31292 5
e 518.39420 378.38829 10
e 646.32746 406.25273 10
e 171.76130 347.68438 6
e 84.50824 262.16569 7
e 661.08607 575.27867 12
e 210.68151 194.60730 10
e 356.58615 709.39647 9
e 332.31371 893.84945 5
e 240.84986 876.41136 8
e 427.95137 439.20195 10
e 164.00102 266.19189 14
e 82.12124 527.84570 10
e 142.22200 801.29879 7
e 293.61794 891.11816 13
e 30.24088 148.93660 19
e 640.85555 87.67095 9
e 594.55077 13.18708 14
e 405.43422 202.29859 4
e 71.64492 26.98815 7
e 276.82159 151.71846 10
e 177.98436 732.73374 10
e 155.23214 231.43543 11
e 95.59697 685.73173 10
e 516.46227 599.28495 5
e 454.87555 440.50989 6
e 315.16547 390.13665 15
e 662.62041 147.83201 5
e 478.84958 416.05567 10
e 275.97485 614.27406 8
e 440.98270 421.64488 5
e 112.81458 284.14122 18
e 470.97919 488.65965 9
e 234.14290 97.93574 8
e 19.31788 311.20784 9
e 200.18702 406.66618 10
e 392.93678 44.32288 6
e 117.18611 787.69326 5
e 212.50494 11.35745 13
e 667.77382 802.32740 10
e 216.66517 731.45813 7
e 391.44071 822.58349 10
e 296.16818 1011.50643 9
e 698.21448 484.86918 9
e 618.27409 291.02385 15
e 273.62166 336.43229 11
e 660.84549 234.71728 10
e 579.96281 438.83431 8
e 411.44858 541.15597 14
e 150.33062 194.13726 13
e 96.56411 74.13191 7
e 487.02255 17.94110 7
e 454.58653 705.94311 11
e 337.74612 498.15580 9
e 675.18543 895.44719 8
e 701.04579 311.87066 7
e 419.73057 813.60918 7
e 245.38215 440.51752 11
e 694.46185 962.51023 8
e 363.90799 308.18177 9
e 451.48382 966.31802 12
e 216.10717 353.78183 11
e 143.69005 207.95793 11
e 346.67230 32.95521 6
e 453.70102 587.08809 11
e 414.21210 370.12437 10
e 378.83366 1061.49241 8
e 439.41221 1001.32467 10
e 48.83857 449.18525 6
e 636.20987 378.79354 5
e 662.90191 378.70640 8
e 107.21025 417.30699 9
e 431.35077 33.69688 11
e 518.60327 331.58579 5
e 400.11401 398.04460 6
e 620.43018 448.30325 7
e 438.51480 788.39733 10
e 670.33307 630.99900 12
e 616.42975 918.86987 6
e 321.57060 926.46830 9
e 417.05362 1053.61965 13
e 355.47072 652.03950 8
e 64.86563 755.28519 12
e 493.99802 703.67869 10
e 504.45940 1068.90388 9
e 322.84484 871.16046 4
e 453.68139 303.64387 10
e 123.88835 463.07889 6
e 334.61751 969.40890 12
e 198.66054 906.19845 6
e 132.73421 625.13741 12
e 396.93133 299.26495 5
e 162.37694 143.44497 8
e 521.80296 330.92094 8
e 58.64682 913.54941 12
e 260.74781 75.90244 11
e 701.52509 790.71177 10
e 575.58815 379.27829 5
e 637.31237 137.46015 9
e 484.43636 764.59277 12
e 696.34653 170.12735 9
e 413.03442 473.20553 9
e 228.27824 433.20574 9
e 700.42380 1008.19996 11
e 270.69556 482.87385 13
e 374.25895 65.95698 14
e 702.62265 1048.71852 5
e 584.85246 358.41892 16
e 399.80757 533.82180 12
e 675.76116 782.23017 11
e 345.68837 308.43213 8
e 271.14307 522.63907 4
e 441.33902 773.41711 8
e 355.15193 12.97809 8
e 127.75447 348.06747 7
e 442.59115 113.78659 7
e 349.82025 49.28376 12
e 376.44651 742.25783 8
e 69.26605 787.32576 9
e 343.19465 232.70348 5
e 471.14574 572.51143 16
e 701.27687 986.92561 10
e 242.31987 170.20652 13
e 169.16124 947.83434 7
e 545.68206 804.73090 14
e 680.73733 682.55547 7
e 451.47170 884.71071 8
e 693.61302 875.94732 8
e 639.91147 696.09222 11
e 508.77871 411.56758 7
e 161.10953 431.38311 14
e 530.58848 926.59541 9
e 595.66991 955.15247 13
e 481.04061 773.71976 11
e 495.53729 177.67434 7
e 39.18815 1046.99218 8
e 313.15936 598.07446 9
e 195.94101 356.95361 8
e 495.89432 819.66012 16
e 108.91047 766.98007 13
e 461.32471 812.56973 11
e 392.04616 134.82722 11
e 52.02550 651.24307 9
e 364.17243 903.00715 11
e 484.32338 215.84312 8
e 451.80265 403.72541 6
e 58.86393 918.44827 15
e 441.97119 729.10449 6
e 182.18918 181.92059 9
e 498.92935 225.90949 10
e 697.35989 415.15888 11
e 106.67131 927.06971 3
e 448.10388 860.85127 15
e 455.72995 179.92766 9
e 10.28278 47.33063 10
e 275.28323 978.17001 7
e 706.10017 756.76255 10
e 620.70413 1003.64769 7
e 93.28529 1003.13278 9
e 15.77734 250.50660 12
e 279.71755 567.77373 12
e 553.09332 836.50710 8
e 700.46827 947.56061 9
e 54.03415 443.37472 13
e 392.53839 220.36167 12
e 553.67605 306.65688 6
e 441.78497 601.74633 6
e 289.89405 1030.84651 13
e 594.16799 853.67845 10
e 521.27204 956.67299 11
e 480.25896 500.25051 12
e 216.16718 637.03388 10
e 361.88062 881.69823 13
e 34.46722 29.31341 7
e 683.16247 972.10774 11
e 348.18922 39.99850 9
e 330.42661 539.86302 7
e 320.63033 572.04424 8
e 174.07163 1023.84612 8
e 501.60872 595.58125 14
e 684.48189 550.39350 6
e 466.01856 840.29929 8
e 383.98369 30.17114 8
e 431.34746 987.80366 8
e 77.49911 759.47313 6
e 335.35208 1021.02691 10
e 185.70716 617.77165 7
e 13.94316 11.03549 12
e 650.72906 43.03102 12
e 621.34113 443.63901 8
e 83.26408 150.86451 12
e 691.58647 785.52062 8
e 20.24763 1004.23208 6
e 509.13750 29.93144 9
e 626.01535 431.45851 17
e 484.19127 592.39881 7
e 129.83421 644.63563 10
e 121.78443 862.68454 7
e 529.69813 339.97530 12
e 692.14560 377.28874 8
e 607.52821 863.30402 12
e 235.11148 461.43238 11
e 182.24927 847.99424 12
e 672.16142 308.57009 8
e 87.86181 644.62033 6
e 92.94273 482.21879 9
e 82.21362 359.04116 9
e 249.24602 29.80078 8
e 342.20047 1056.48273 7
e 447.76394 251.50534 15
e 87.61975 721.96283 9
e 392.74022 233.38519 9
e 222.10709 345.52376 12
e 577.55967 714.36028 8
e 157.56800 421.46814 9
e 670.13351 824.06358 8
e 439.92179 50.72557 12
e 397.99340 870.99595 8
e 473.63631 889.03868 16
e 138.86708 92.37783 6
e 521.00024 1052.42269 8
e 221.78898 556.16917 9
e 128.69337 938.92153 11
e 391.19342 923.65112 6
e 422.71642 1028.15562 11
e 407.51999 1030.83912 13
e 157.46476 439.48882 6
e 390.10690 992.46973 12
e 701.86444 909.90886 6
e 219.55438 304.17627 8
e 302.57779 900.16259 7
e 91.18398 943.89115 14
e 427.85992 151.04511 7
e 596.71616 234.45704 12
e 66.71932 249.54857 11
e 476.99080 363.90505 8
e 86.21918 396.44515 13
e 446.31898 611.94066 10
e 542.43602 361.89126 11
e 684.76465 779.53658 6
e 302.47112 13.49258 8
e 164.20749 854.59196 12
e 653.42779 303.09808 8
e 609.94037 451.75680 10
e 646.43444 564.10676 9
e 595.40109 600.19738 9
e 309.68824 929.50014 10
e 634.81814 673.23754 12
e 212.41881 515.89758 10
e 32.13619 599.42980 9
e 157.99668 424.80294 8
e 475.58495 68.61526 12
e 417.45264 298.89413 8
e 440.96566 376.58833 11
e 194.78990 996.10494 11
e 492.63633 334.83512 9
e 525.61016 186.54064 7
e 71.80351 929.52251 10
e 598.51657 159.34273 11
e 386.80758 49.61324 15
e 143.38066 745.97129 9
e 486.08472 447.70811 7
e 703.85208 447.32876 10
e 147.79860 99.07985 9
e 59.98424 934.07091 7
e 678.39755 539.38669 9
e 671.31357 931.85002 14
e 504.76360 843.49984 7
e 271.14494 252.31657 21
e 387.88122 397.70758 7
e 701.56429 152.32854 5
e 310.42207 331.98228 6
e 132.25106 186.44169 11
e 164.26382 173.27123 9
e 399.80623 164.30935 10
e 221.71914 157.91187 7
e 700.54262 976.74890 10
e 388.08738 316.92879 14
e 505.38108 666.53347 6
e 100.76886 531.00049 11
e 229.53250 1069.32658 8
e 556.35057 517.94173 7
e 616.64352 371.34137 3
e 572.61168 982.38838 6
e 401.66681 826.97620 7
e 132.90476 850.32503 9
e 37.09626 20.65719 10
e 279.41206 22.78318 13
e 581.13290 896.75024 7
e 507.47936 473.69967 13
e 406.82406 793.38178 10
e 489.28606 200.86741 7
e 493.07844 406.11934 7
e 410.66246 888.37933 12
e 314.49269 622.17634 8
e 398.84887 988.55413 8
e 66.22369 518.24024 8
e 214.45430 486.54019 8
e 556.55871 934.54489 14
e 635.80999 745.13947 8
e 502.37945 1045.95534 7
e 129.77249 657.30578 8
e 582.71987 1068.33126 8
e 53.71221 522.07019 8
e 313.00385 1026.14481 10
e 539.04174 600.94011 10
e 379.28568 993.43152 11
e 468.35595 84.14950 9
e 665.64258 403.32850 11
e 670.42285 820.85885 4
e 31.88379 601.43914 9
e 628.98418 338.94028 6
e 240.13754 155.18332 7
e 355.69768 20.25707 14
e 297.20684 124.60466 8
e 56.89803 219.07985 6
e 510.32826 258.81749 7
e 479.58084 1006.64229 13
e 122.84912 1042.39007 10
e 426.91499 573.62317 6
e 233.52734 858.38302 6
e 218.54548 218.27400 10
e 28.49970 17.78939 9
e 155.29585 367.12823 10
e 612.82002 300.39874 13
e 37.91767 755.79924 14
e 151.61870 748.37853 6
e 616.32631 676.56214 11
e 487.22102 646.32886 10
e 136.17054 382.31701 11
e 82.01246 937.23323 11
e 245.14404 850.32224 6
e 648.71985 635.40488 10
e 233.15078 975.52728 4
e 43.91332 747.54623 11
e 387.53101 263.08832 11
e 512.97027 894.51586 8
e 212.72418 472.39524 5
e 310.72044 553.27554 9
e 86.37927 311.04367 15
e 470.29849 13.09129 9
e 510.52920 861.54451 13
e 408.24642 477.01165 14
e 556.53264 253.20302 9
e 638.65505 586.71069 7
e 259.58065 482.47890 6
e 293.36334 616.34584 7
e 251.63362 78.88116 4
e 30.47290 379.57069 10
e 656.29718 984.71222 13
e 448.38114 610.50516 7
e 335.46089 928.41399 6
e 121.37241 469.55178 7
e 290.37827 86.46230 6
e 304.40884 248.86603 12
e 262.34136 671.15208 12
e 298.05434 742.89394 10
e 90.68376 918.58043 12
e 554.84784 160.38585 9
e 616.64705 905.90278 7
e 318.18816 871.18368 5
e 28.83933 496.56631 9
e 59.64826 923.15926 12
e 564.34963 1037.87364 10
e 190.18254 472.66070 12
e 482.67324 914.63766 8
e 422.80112 307.77563 16
e 157.17083 833.78548 13
e 400.45769 189.36870 8
e 511.60577 1040.64450 6
e 14.45737 330.30659 7
e 589.58914 464.40134 9
e 109.31850 105.33476 11
e 303.80102 601.41374 4
e 494.51786 217.49807 8
e 101.29441 157.26880 8
e 49.92092 289.66325 9
e 315.30587 243.73930 14
e 172.92785 112.87759 10
e 663.60105 705.88930 8
e 330.49822 770.53061 8
e 674.38614 518.40817 8
e 284.77913 789.51902 17
e 21.87776 806.55784 16
e 384.44504 543.13432 12
e 429.76509 546.50150 5
e 491.12422 424.69767 8
e 416.99700 639.77244 7
e 163.37405 225.42719 7
e 167.41537 685.97405 7
e 546.35362 452.62332 13
e 356.44643 704.26147 10
e 637.76933 824.47969 10
e 233.73644 435.77033 6
e 329.04965 479.79807 9
e 507.67341 691.42891 4
e 125.50568 627.46156 15
e 24.48142 193.50618 8
e 653.43731 79.84528 11
e 259.28774 239.12943 8
e 700.97100 856.08168 11
e 542.31869 35.53648 11
e 207.96968 362.68718 11
e 189.08999 36.15326 6
e 653.78366 400.89591 14
e 91.73186 466.86491 5
e 135.33411 568.58645 10
e 314.87051 820.77045 10
e 154.01751 524.34526 10
e 408.48309 887.54523 8
e 417.44525 690.58587 6
e 563.75318 200.72100 8
e 224.36580 549.21807 12
e 187.83003 372.46579 4
e 26.91419 1015.82961 4
e 489.70085 516.56228 8
e 218.59975 849.51058 7
e 64.62714 78.74144 14
e 312.79963 363.07476 12
e 61.93932 15.15065 8
e 704.07926 871.14329 11
e 338.31515 1057.77052 8
e 60.41311 914.02370 15
e 252.75279 582.88944 6
e 560.10421 1039.43344 10
e 471.88650 511.45692 11
e 407.59316 1033.10304 10
e 424.63520 46.42089 8
e 574.08984 970.84836 12
e 375.70500 887.09757 17
e 491.55834 666.30574 6
e 76.74298 339.18840 16
e 386.01060 540.67638 14
e 385.76189 777.39555 8
e 389.34812 702.84510 9
e 527.87056 827.72026 8
e 478.16584 398.21419 8
e 236.90953 974.02691 9
e 382.07144 894.13031 10
e 144.39685 488.90728 8
e 695.63322 687.21175 11
e 350.38034 735.65354 4
e 29.08289 970.94573 5
e 128.94309 552.69361 15
e 22.43483 583.16156 6
e 313.21765 985.59782 8
e 372.01149 1059.96043 12
e 40.58157 716.00959 12
e 221.75439 795.41210 5
e 133.24418 849.64589 8
e 621.67513 688.69581 9
e 95.26881 764.00065 4
e 172.58641 163.16843 6
e 667.51329 627.73474 10
e 407.65012 195.43345 7
e 492.47527 769.26036 8
e 446.99712 919.33804 6
e 49.65195 966.55763 11
e 59.14211 952.91098 10
e 701.83986 769.47653 7
e 310.74684 124.32444 4
e 320.20729 698.63242 11
e 704.09757 1048.01449 13
e 16.39911 621.47248 10
e 365.98221 928.16801 17
e 439.86301 337.14394 6
e 339.97430 747.10582 12
e 625.37122 486.30875 11
e 556.61412 702.89035 9
e 443.38468 1002.79833 13
e 372.40343 395.73366 13
e 277.79497 171.85729 12
e 42.75800 380.72517 8
e 295.67586 207.96078 11
e 83.39017 142.15108 8
e 371.37126 43.45523 5
e 415.47780 742.53332 9
e 253.14627 1064.29347 11
e 579.18942 588.99063 5
e 403.85466 619.49575 17
e 596.44455 810.58422 7
e 597.37196 488.38429 8
e 652.67814 83.40372 7
e 119.23580 481.07734 9
e 608.52117 803.77469 7
e 691.40163 227.92894 11
e 153.69052 124.27136 10
e 232.45966 487.06288 14
e 387.54184 419.10099 9
e 470.90819 546.88550 9
e 285.49134 444.80456 10
e 402.67100 630.85111 11
e 687.97262 1001.23528 6
e 615.77456 927.59895 7
e 182.76911 579.24149 9
e 249.14167 105.59977 14
e 278.07086 418.71359 10
e 90.97196 924.41443 9
e 597.91329 606.94152 10
e 328.01737 377.76229 12
e 214.51860 943.37330 8
e 556.94383 799.63612 9
e 78.50771 272.34719 11
e 644.72869 757.94915 16
e 433.89294 486.61647 14
e 654.15834 300.32396 5
e 143.75915 278.68817 8
e 622.14236 673.47890 9
e 250.38946 676.88231 4
e 63.57242 581.74614 11
e 703.87974 795.60783 10
e 49.75246 848.39661 12
e 267.04618 661.44298 8
e 234.06481 189.98486 8
e 484.87403 261.37258 7
e 499.75875 187.20350 6
e 197.47603 50.89969 17
e 296.02336 894.49934 11
e 478.64204 266.14374 11
e 477.23359 461.69125 12
e 129.04318 311.90916 16
e 438.29564 751.90141 9
e 483.43460 505.88089 7
e 142.66524 966.91689 11
e 698.88639 508.25789 15
e 633.57230 491.67732 7
e 383.38983 546.22021 13
e 615.14984 756.83153 12
e 179.09256 716.66131 6
e 375.80228 215.95302 21
e 497.28464 882.79658 8
e 264.89787 906.54263 14
e 404.67031 718.86953 9
e 569.44820 186.45107 10
e 170.50471 248.57197 9
e 261.21083 170.88026 9
e 503.85930 922.16539 9
e 43.20496 813.36091 16
e 96.75991 556.71684 13
e 599.28694 792.14207 5
e 590.74921 594.05424 14
e 95.82349 698.11246 7
e 148.52720 864.07959 5
e 432.56540 980.49716 10
e 207.19605 770.34655 4
e 589.57086 58.06056 10
e 559.14731 116.74810 11
e 606.16375 513.19367 6
e 580.40069 988.08808 5
e 336.72073 179.79416 6
e 111.39152 817.63181 11
e 288.66346 347.56661 6
e 603.14911 985.83736 11
e 337.14379 545.39832 9
e 664.02524 164.37253 13
e 462.17742 249.09487 7
e 284.82364 287.70037 5
e 147.20455 835.11261 10
e 308.93755 718.78340 7
e 701.15082 98.40368 9
e 269.14693 399.13593 6
e 342.78823 491.29741 13
e 546.01391 349.66371 12
e 495.51694 509.60228 12
e 446.76636 16.07258 14
e 282.72665 743.60466 8
e 520.76425 367.06554 9
e 23.09624 1065.98343 12
e 148.87264 44.24784 19
e 110.20737 958.66252 8
e 247.66227 905.36599 9
e 108.07839 67.51748 15
e 567.85749 91.50834 7
e 200.35413 443.28678 10
e 584.38978 249.34107 4
e 112.59382 605.60022 10
e 623.33496 473.23951 13
e 437.19755 623.57443 6
e 198.58169 74.07014 10
e 56.60698 483.86934 11
e 90.89032 401.71753 8
e 10.38176 809.03467 8
e 114.50844 636.04348 14
e 410.54573 721.56507 8
e 199.39758 202.89035 10
e 636.78301 632.33989 8
e 226.96649 213.29482 11
e 660.67540 517.49735 8
e 57.79893 1060.73605 7
e 156.46528 310.91500 9
e 687.87444 162.36969 5
e 206.96611 266.92719 12
e 536.68481 132.52115 8
e 207.63934 850.97999 12
e 426.84898 1042.49661 10
e 667.96658 460.98337 10
e 92.83578 287.03372 18
e 15.70506 29.31470 14
e 411.74783 123.91578 12
e 462.57494 240.76085 8
e 464.25899 765.25677 10
e 510.45485 651.08242 8
e 705.89525 246.75561 12
e 622.30603 38.39557 8
e 158.11496 77.43944 6
e 565.69618 390.33169 4
e 257.92095 836.04241 8
e 245.19947 144.89551 6
e 80.80120 610.80285 10
e 55.36798 442.59386 8
e 352.19284 53.76688 10
e 217.77231 910.46867 8
e 407.09496 38.87142 9
e 460.95970 1058.50022 6
e 519.51299 658.84488 6
e 582.87543 601.33873 6
e 301.80117 142.76653 11
e 58.28395 542.50672 7
e 70.52662 523.80500 9
e 199.35584 210.99282 9
e 472.06090 900.58753 10
e 383.88949 168.85679 9
e 473.72793 714.87047 11
e 19.88785 558.23619 9
e 615.82954 688.76033 12
e 441.30343 670.87573 11
e 266.61056 696.29572 12
e 632.58846 981.84619 10
e 313.86022 943.12050 4
e 214.58337 109.39533 18
e 570.37744 792.91304 6
e 276.99667 60.14403 4
e 116.12669 579.45460 8
e 557.32662 335.18293 15
e 103.26715 527.30627 10
e 518.57408 640.29239 9
e 512.83887 1050.54301 9
e 339.75867 391.13202 11
e 285.82040 535.26133 10
e 406.94543 441.73261 10
e 86.45214 188.72768 14
e 89.84256 867.29877 8
e 534.81389 668.49237 12
e 676.82131 689.39564 7
e 114.01686 752.96045 6
e 321.68712 850.93818 9
e 25.39447 106.01737 13
e 447.11824 144.34003 9
e 662.53591 843.82770 14
e 263.27736 382.58396 4
e 471.81913 482.77267 5
e 655.88854 382.53424 6
e 654.42482 609.79973 9
e 709.79317 599.10814 11
e 562.25013 786.69033 8
e 280.58759 13.02973 5
e 183.42616 660.60040 7
e 510.46778 414.80056 8
e 146.11958 913.26686 11
e 76.97353 318.72215 7
e 622.77343 502.16991 4
e 562.26580 915.44624 9
e 398.67674 379.07806 14
e 120.93430 647.39192 8
e 622.47723 60.52624 6
e 488.31870 615.98829 7
e 316.42966 841.27679 4
e 463.02011 247.95790 6
e 698.92891 380.50149 10
e 147.48771 731.40873 9
e 271.86288 540.93553 7
e 408.33414 968.02170 8
e 549.70663 283.56550 8
e 222.70612 33.12026 4
e 229.08609 260.15146 11
e 229.25906 447.80596 8
e 141.46885 869.92155 11
e 350.66485 617.61054 4
e 472.72982 398.95631 7
e 39.50725 383.03738 12
e 472.56118 68.92402 6
e 636.87818 926.64807 10
e 239.29318 1068.41529 11
e 221.62773 628.95859 15
e 156.17684 1008.65229 18
e 264.34573 502.60963 5
e 370.96224 111.94048 8
e 73.61109 755.41609 14
e 47.19919 695.41956 6
e 615.57752 643.77531 12
e 36.90733 332.91481 14
e 159.64834 580.60532 5
e 114.00559 233.65764 9
e 510.85467 965.86138 8
e 397.62942 82.90945 9
e 265.90667 729.96333 10
e 692.28867 777.69156 4
e 322.91889 676.71015 12
e 133.68744 677.37982 16
e 618.75096 387.85279 8
e 163.46456 977.35046 10
e 94.53752 22.44411 12
e 612.87863 296.20391 7
e 390.81910 1013.44320 6
e 113.90764 675.84402 7
e 449.07971 633.21067 16
e 256.42544 960.75272 9
e 357.06609 197.82919 14
e 16.09427 249.99596 9
e 598.46567 1042.06750 4
e 458.95037 48.91378 8
e 145.75390 481.34546 15
e 370.46024 21.10924 14
e 240.42199 593.94838 7
e 617.59920 1043.07749 6
e 480.12521 97.16047 13
e 37.91457 386.89974 8
e 153.32483 734.36497 12
e 699.95033 1005.97974 8
e 664.53437 388.48926 8
e 642.76424 655.66188 19
e 171.12836 412.23795 6
e 644.66766 932.09990 4
e 667.83976 130.42360 16
e 406.24096 260.83657 8
e 28.42266 896.51875 11
e 369.36451 726.89673 7
e 236.47259 883.40957 13
e 47.26489 792.51592 11
e 80.86511 255.74003 13
e 657.23538 234.10300 7
e 701.32300 473.08616 7
e 306.44446 63.21945 8
e 106.52167 161.99960 12
e 259.85645 69.13994 7
e 572.07220 49.83690 15
e 217.72050 869.07505 9
e 40.78293 791.45077 7
e 448.23436 247.34854 9
e 651.26108 363.31752 10
e 463.36630 1065.62727 7
e 366.77646 325.34954 8
e 691.67475 840.88001 9
e 442.35439 760.47965 9
e 665.97416 189.22330 5
e 192.66879 1050.31560 11
e 209.80071 726.79526 15
e 500.50485 824.55440 11
e 359.60943 791.37584 8
e 137.22494 85.51201 5
e 224.34725 105.53124 11
e 389.26611 153.55089 8
e 614.22383 680.32316 10
e 323.21233 504.13051 6
e 469.84124 853.70990 12
e 635.20427 626.80212 10
e 228.44349 1000.89255 9
e 515.92445 220.35835 11
e 655.25993 71.20665 7
e 139.77559 1059.91453 9
e 429.71353 228.11771 13
e 146.52611 735.26656 8
e 444.24725 190.35527 9
e 43.50801 877.88004 7
e 126.47958 46.64575 8
e 208.20770 633.11434 12
e 389.05157 511.45567 10
e 121.39882 451.36397 9
e 390.80909 366.26176 14
e 26.37037 448.62043 14
e 175.58434 238.00803 9
e 486.51381 683.45945 5
e 709.53888 235.23665 12
e 614.19613 851.10230 15
e 689.73628 665.15502 6
e 425.88408 845.33838 9
e 93.15141 412.99005 7
e 129.13434 326.12812 7
e 320.22802 543.52199 7
e 166.00053 49.19167 11
e 567.50862 605.99252 8
e 115.41190 229.48508 7
e 127.99637 137.87584 8
e 291.68361 548.69884 8
e 593.22696 900.33523 10
e 330.83806 576.86892 8
e 199.27926 548.82644 13
e 101.97137 499.74997 15
e 576.06604 1010.76521 10
e 436.62518 269.76017 10
e 169.91041 828.22970 6
e 212.69335 575.75131 17
e 345.43697 774.20738 14
e 537.72231 121.35499 8
e 396.37643 46.20886 8
e 611.74413 233.54320 9
e 183.24212 1032.74860 12
e 514.79445 531.75771 13
e 75.87691 195.15853 10
e 688.09934 633.01420 7
e 49.33557 23.81232 6
e 349.26013 76.28568 6
e 202.01132 686.26280 7
e 635.41456 657.48892 7
e 67.05783 318.04945 19
e 82.36097 918.40333 14
e 298.97111 276.52482 10
e 29.97821 322.08055 9
e 128.36634 229.96651 7
e 236.55534 649.04908 10
e 644.32801 214.48769 6
e 580.61391 90.80747 11
e 186.25866 163.66565 10
e 555.13854 1027.04145 11
e 613.57411 616.13693 8
e 347.59673 202.17683 13
e 528.10184 393.68659 8
e 359.99854 745.76100 9
e 29.07770 656.09076 8
e 264.74775 98.82067 14
e 446.00691 591.43972 8
e 483.14314 424.21214 8
e 55.92961 209.13525 11
e 623.47089 395.36405 15
e 242.65743 834.42771 8
e 392.91101 177.53221 7
e 269.70957 963.72847 8
e 148.44932 120.21529 5
e 28.68437 547.19370 10
e 75.28796 429.90536 9
e 227.53173 601.11537 12
e 339.77709 565.42913 12
e 233.38102 637.09292 6
e 28.45490 101.78868 10
e 377.59447 613.41893 11
e 54.49528 739.74734 11
e 343.13717 37.89934 4
e 39.43533 253.18526 6
e 578.19319 247.88249 13
e 532.05293 115.46593 12
e 222.05894 197.39744 7
e 562.07887 435.97530 19
e 61.41152 211.71790 8
e 694.40131 838.24634 11
e 302.31282 304.21254 6
e 473.29638 1020.17239 10
e 701.85538 1061.03630 4
e 263.91545 894.44733 5
e 672.05194 316.58083 13
e 74.71407 886.93234 11
e 659.46361 625.30453 11
e 615.87605 70.96403 12
e 95.16022 383.05972 7
e 28.66596 312.89762 8
e 545.58865 439.78424 10
e 553.08185 1064.89705 7
e 374.18864 947.09316 8
e 161.67353 408.94455 10
e 259.64872 386.15564 9
e 326.67057 844.29758 10
e 235.28962 829.27807 8
e 298.21414 137.93044 7
e 624.24125 515.24107 9
e 499.32026 389.46508 9
e 495.18781 1036.30414 13
e 303.77557 782.89907 9
e 242.52500 812.89380 15
e 667.80063 70.18375 7
e 14.68579 575.66574 5
e 472.10463 581.47673 6
e 508.13222 159.32241 5
e 490.68913 660.49952 11
e 321.98070 957.76243 4
e 405.22797 883.89353 12
e 447.19163 585.18349 10
e 76.55846 442.25932 9
e 511.93519 501.05760 11
e 646.09610 284.44961 9
e 348.89071 765.93582 12
e 354.09841 797.35854 6
e 507.12420 179.54956 15
e 347.94058 603.33480 6
e 182.32601 910.30112 10
e 229.72872 38.49122 6
e 682.37321 274.50487 7
e 537.48316 731.87010 8
e 641.55785 1023.21938 12
e 208.56007 928.09530 10
e 338.68535 889.62943 6
e 101.39229 114.14884 10
e 360.47245 679.85482 3
e 63.74572 798.06174 7
e 153.03630 1036.74069 8
e 122.03657 874.67220 12
e 91.94766 215.72458 6
e 275.70156 995.13477 7
e 624.35525 707.22901 11
e 633.89189 57.65402 10
e 676.68056 22.11155 11
e 599.15289 793.60581 11
e 598.55512 718.77964 7
e 588.53538 745.29165 7
e 73.56248 221.44851 9
e 578.49327 488.22908 12
e 583.53725 111.62837 7
e 112.88610 523.82800 8
e 128.90812 184.13254 9
e 529.61893 503.56036 8
e 62.33641 768.63330 13
e 700.94998 739.00477 7
e 37.28182 777.95185 6
e 330.21440 949.39061 9
e 295.30824 282.42268 8
e 544.71534 960.37837 7
e 532.20833 950.42962 9
e 533.35522 509.15923 11
e 467.24153 271.43506 11
e 461.90239 744.29992 11
e 674.78661 47.31647 10
e 26.65482 586.38442 8
e 156.21594 389.94155 9
e 391.24896 33.14106 9
e 267.90447 880.81549 9
e 456.94159 971.02534 10
e 77.96887 902.33707 11
e 566.75737 1017.62607 7
e 570.37777 406.77328 11
e 175.44547 1037.45947 10
e 127.07191 256.92165 7
e 488.16750 431.70001 13
e 132.17847 476.60633 8
e 28.23965 888.69949 10
e 39.81133 93.55004 11
e 295.86482 62.84661 10
e 121.26271 278.79726 4
e 219.78922 64.70027 12
e 52.99655 230.30589 5
e 329.85686 421.96262 14
e 172.67033 592.90148 16
e 413.75916 1022.92166 6
e 686.72507 807.13550 8
e 546.57267 904.60748 7
e 224.14194 1019.13986 8
e 690.40680 602.57707 4
e 655.26840 314.11907 4
e 428.51679 894.58403 12
e 339.30941 1066.19924 12
e 466.35446 152.53049 9
e 298.68641 904.22848 14
e 68.62560 311.31474 6
e 630.53029 161.90921 8
e 469.77170 952.98432 9
e 385.49214 702.97906 9
e 372.20682 870.47959 12
e 19.38966 91.38835 10
e 347.96369 281.08213 6
e 561.27013 872.52612 10
e 421.40952 585.57578 5
e 309.11036 973.73841 9
e 81.16840 193.87170 9
e 197.64167 687.41997 10
e 659.79576 1042.63419 11
e 196.60909 681.14721 13
e 359.12920 966.93222 12
e 46.96581 402.31588 9
e 501.20252 217.44079 10
e 441.46068 536.32163 7
e 132.02086 792.15498 10
e 650.57903 808.60307 9
e 546.27489 62.09121 9
e 660.54622 874.31547 11
e 94.60223 953.10689 9
e 481.72602 446.50010 5
e 455.77046 745.16344 13
e 532.13930 114.60898 9
e 263.93311 252.28242 7
e 439.21395 272.66220 5
e 322.46672 326.00687 13
e 445.84550 860.10129 12
e 597.85842 654.06887 13
e 104.62709 416.97420 9
e 413.30070 989.91208 8
e 236.98217 476.75316 10
e 641.36715 184.78232 9
e 400.26012 133.67166 10
e 254.64916 866.77524 11
e 30.23898 165.39760 15
e 210.22857 634.41993 8
e 55.37434 861.71074 10
e 667.27952 72.34066 15
e 492.95954 578.17399 9
e 393.08029 520.72561 9
e 436.96779 309.15040 7
e 347.60595 349.02976 14
e 167.99274 596.71981 10
e 535.49607 781.39266 7
e 183.23397 429.13554 5
e 328.31229 1003.22946 12
e 340.20793 700.56626 11
e 395.40149 58.67430 9
e 677.47168 954.65476 8
e 424.82506 292.91708 9
e 571.30813 847.08106 9
e 519.18573 722.41096 9
e 119.81267 344.74664 12
e 295.37711 450.52609 13
e 389.26204 505.99799 8
e 93.95957 562.18244 8
e 110.71076 1048.31935 10
e 305.71707 698.66586 7
e 697.98795 845.72680 12
e 332.05199 487.09784 14
e 411.64056 650.29612 7
e 272.46926 487.13926 11
e 616.38518 207.24407 12
e 366.66605 64.02387 5
e 224.62533 107.52569 10
e 114.40957 934.81305 7
e 52.47676 1058.90338 8
e 685.78534 377.81633 7
e 50.17593 358.57112 14
e 535.47560 415.92097 9
e 438.39854 530.14205 17
e 371.23487 59.85145 10
e 313.18443 932.37563 6
e 110.91595 691.48836 10
e 511.38002 164.16827 5
e 25.19531 906.02093 7
e 260.66559 507.51841 11
e 34.57889 112.13524 6
e 638.50188 90.45770 11
e 22.55512 183.92068 16
e 337.24178 400.54654 11
e 326.22412 534.37313 10
e 631.80128 770.83304 3
e 600.83023 129.04803 10
e 24.82504 74.54567 6
e 271.48956 913.24041 14
e 633.34145 522.70591 6
e 435.71818 521.15180 6
e 461.25471 817.02771 12
e 119.99117 756.54675 5
e 411.67190 837.12076 9
e 332.77219 241.93008 10
e 72.64628 828.10808 11
e 415.84121 111.26823 6
e 462.60370 467.99396 12
e 618.17492 415.38202 7
e 404.80980 347.93471 5
e 303.73281 530.31801 14
e 56.81509 83.14800 11
e 289.08629 793.32125 9
e 231.86514 59.23277 10
e 403.45833 176.40419 6
e 317.27373 655.47702 5
e 123.44536 127.56927 9
e 545.82428 535.72028 12
e 620.44764 253.62061 10
e 214.11388 1002.24830 10
e 47.54116 775.94794 13
e 257.47052 684.72821 11
e 571.77422 463.95974 8
e 572.84036 143.53999 3
e 685.27872 443.78074 11
e 659.74708 475.96876 9
e 424.52275 912.34396 8
e 39.04688 968.90156 4
e 196.13070 1064.87415 15
e 26.51445 926.43755 10
e 234.76147 100.25047 7
e 586.66119 372.08498 7
e 333.84017 42.57689 6
e 142.14117 1023.17357 11
e 525.26417 747.19330 9
e 354.32527 943.76357 9
e 498.49976 421.40287 12
e 691.90768 272.50259 6
e 529.18964 432.80604 7
e 625.39776 145.92286 11
e 445.36402 11.23957 9
e 215.53632 557.09570 17
e 622.60566 779.70726 9
e 672.48153 737.02022 10
e 368.84935 130.44624 12
e 612.92236 665.30249 6
e 289.36286 458.77922 7
e 194.11621 25.96426 11
e 407.51661 220.63228 10
e 94.77682 992.60442 10
e 390.52097 834.61828 8
e 455.40321 773.08588 6
e 375.73583 981.83117 10
e 478.76687 818.92480 5
e 645.68324 740.63032 14
e 225.42999 581.64357 7
e 12.54870 683.39892 9
e 171.89545 828.32714 2
e 238.06147 357.24963 9
e 603.44648 1045.91215 8
e 292.75887 643.11384 6
e 496.92027 199.05290 11
e 586.53354 415.33436 9
e 272.45380 332.34849 10
e 256.07826 948.30560 5
e 74.34525 966.89186 9
e 59.59099 875.32357 12
e 71.92821 86.82679 11
e 434.16429 227.56170 5
e 693.26170 81.56513 8
e 430.20774 56.14928 10
e 604.36717 570.75140 9
e 551.25453 300.51015 7
e 590.55474 108.13050 9
e 321.06803 217.94410 11
e 232.91165 468.47623 7
e 207.54049 24.01944 12
e 571.24310 308.84281 6
e 101.63666 1030.61546 8
e 702.52739 282.52283 9
e 268.71445 387.27701 7
e 227.43071 180.54375 16
e 76.79964 563.34069 9
e 93.52281 809.27307 11
e 669.01078 948.48596 13
e 92.27109 805.57906 12
e 524.66298 68.88517 7
e 451.53825 988.88539 9
e 670.46076 319.32883 9
e 275.50524 269.67185 7
e 612.71789 312.34645 11
e 431.68047 587.55668 6
e 284.23252 178.40020 6
e 98.71882 1017.10004 10
e 706.30377 251.19571 11
e 121.69806 918.65932 10
e 675.77454 534.55696 11
e 656.69100 736.96109 14
e 268.00245 659.29376 9
e 607.90712 688.81058 10
e 629.62438 141.83652 3
e 133.46939 74.29457 9
e 284.62135 601.97289 10
e 330.51019 165.43596 18
e 313.83268 53.71094 10
e 455.96527 1018.21951 5
e 269.19122 99.81377 8
e 588.28191 924.86698 11
e 629.41088 668.87750 10
e 552.86516 310.18052 8
e 564.53390 336.19387 8
e 247.18115 963.51503 9
e 568.40795 267.86901 8
e 230.72757 1037.04759 6
e 697.88848 447.26572 7
e 293.54662 482.84515 9
e 597.71835 703.63115 7
e 695.40858 660.22152 7
e 693.25589 938.06454 8
e 348.29871 309.04294 8
e 576.62215 731.34742 8
e 481.39755 423.63034 8
e 48.54393 875.43009 10
e 586.99781 490.68725 10
e 343.49031 40.42499 7
e 656.95977 767.27073 3
e 290.94862 870.89993 6
e 425.49698 349.51923 6
e 576.19348 347.64918 9
e 115.52610 142.22716 13
e 676.24759 652.32219 12
e 670.78017 1032.39476 11
e 266.12673 128.76250 10
e 308.11096 668.18858 4
e 371.73400 606.41941 6
e 89.02957 119.64115 5
e 172.79739 817.87928 11
e 392.36938 133.34493 8
e 186.62286 57.15520 8
e 607.50016 892.95035 7
e 27.94097 367.53923 4
e 214.53010 676.51206 6
e 678.40465 199.80678 6
e 469.88002 379.38059 7
e 486.07670 591.82532 6
e 45.54204 790.54257 7
e 435.16243 1047.08374 12
e 488.06809 912.87718 15
e 260.80927 76.74930 10
e 422.66709 581.78934 6
e 40.79282 862.37822 11
e 233.94740 151.48549 10
e 24.46138 226.54506 8
e 576.97189 919.28911 10
e 283.18136 811.42819 10
e 312.50050 1016.52667 7
e 129.15000 813.80648 6
e 555.51982 362.72887 14
e 418.63403 472.19244 9
e 528.07488 86.22958 7
e 646.17346 138.13531 13
e 142.65352 983.65073 16
e 416.05579 191.39089 15
e 218.20306 464.66109 12
e 43.78545 587.69813 7
e 525.45844 915.33602 12
e 461.50720 414.02549 5
e 652.56655 672.41491 9
e 415.40484 126.66517 10
e 192.55486 882.98689 11
e 420.60384 544.04377 11
e 623.38868 272.71039 8
e 291.90477 979.83892 11
e 298.86890 320.12796 12
e 534.44475 434.87512 8
e 274.09405 99.22390 10
e 97.50056 206.88649 9
e 459.49226 934.80586 5
e 290.51817 928.97732 9
e 37.16906 755.52846 10
e 208.01670 771.34271 20
e 138.05850 1067.28865 9
e 364.22397 185.67149 10
e 30.28319 653.85909 8
e 61.12980 707.70762 7
e 678.82282 168.15609 8
e 644.88763 457.88295 6
e 191.71774 902.74286 6
e 176.47126 231.16924 9
e 595.98118 175.25775 8
e 227.63312 496.31303 9
e 197.88260 65.46952 8
e 535.51486 596.44444 13
e 247.55416 535.24220 12
e 498.24160 252.59307 10
e 19.80274 105.69815 9
e 497.26793 577.19332 4
e 526.34834 733.47291 21
e 93.81238 225.90977 13
e 698.87602 688.53735 10
e 297.39718 167.81573 10
e 434.30865 425.37860 8
e 233.28700 733.69662 6
e 307.12078 560.94575 10
e 313.36315 382.67054 9
e 259.41393 1012.96611 8
e 444.84842 420.90953 9
e 363.26394 229.56156 8
e 316.32201 826.06817 14
e 94.53767 949.55532 15
e 621.35912 483.87692 11
e 40.10943 889.01664 12
e 233.96913 109.24941 8
e 385.97216 1010.89000 8
e 494.00535 49.47788 12
e 645.16147 851.21303 5
e 394.69691 644.88784 6
e 621.84360 215.54805 11
e 246.15372 273.17213 8
e 84.17350 833.93929 8
e 652.48767 404.78190 9
e 556.67319 32.95018 5
e 41.97870 918.83824 10
e 225.45620 832.43105 9
e 341.44658 981.68717 11
e 290.75391 736.43654 8
e 680.76612 421.03337 7
e 459.06169 1007.94771 8
e 317.11652 740.40609 5
e 187.15370 586.92201 9
e 68.64704 272.82059 7
e 587.98965 869.45138 9
e 616.09951 96.18634 3
e 358.19941 1035.54456 5
e 641.75381 569.16020 9
e 58.19312 1066.99027 10
e 188.38507 733.71069 4
e 554.01648 1042.65921 6
e 550.98338 181.12118 11
e 30.13947 114.38829 7
e 552.59883 599.58316 6
e 487.53871 733.23153 8
e 570.79919 29.35972 10
e 48.01304 781.45094 10
e 419.52679 462.17115 9
e 628.82673 692.85194 9
e 693.60178 956.46417 8
e 293.96553 176.42840 7
e 186.14219 54.16530 9
e 495.89150 703.43902 10
e 446.59374 335.96878 8
e 46.30062 1014.21105 6
e 466.78650 554.65587 11
e 651.86201 531.36703 13
e 88.93097 759.49597 8
e 387.15708 961.12632 6
e 155.91094 106.87921 8
e 41.66654 598.54600 17
e 641.25049 697.81518 7
e 462.16977 555.80155 13
e 670.42432 292.03867 4
e 271.36104 169.71844 8
e 651.91763 387.07716 16
e 291.86873 739.17385 9
e 492.66890 99.67786 13
e 503.88977 1048.50381 4
e 602.75884 87.17300 12
e 194.60253 837.14568 9
e 159.47627 609.50675 11
e 26.60288 1017.14753 6
e 286.70588 983.40094 7
e 126.94263 728.60498 9
e 501.10604 805.15169 8
e 645.47628 956.99035 15
e 145.35701 263.40486 13
e 13.35982 34.45112 13
e 230.84402 1039.69004 13
e 92.17034 587.17910 11
e 210.82865 700.69443 12
e 366.40274 780.56899 11
e 492.57486 269.57472 7
e 481.09518 1058.48056 11
e 252.62561 122.29516 16
e 22.02883 1006.61397 8
e 112.92161 384.71390 9
e 254.25529 614.40221 3
e 561.67648 761.26602 8
e 265.47075 998.26249 17
e 646.22502 979.09757 6
e 180.81773 953.44321 14
e 679.11370 534.68470 17
e 635.39486 420.81498 11
e 629.99905 982.50460 10
e 243.73071 392.85215 10
e 247.98119 747.85079 8
e 115.21241 128.38207 6
e 297.16325 523.68404 8
e 47.02722 450.46069 8
e 660.37119 461.40449 9
e 486.91637 756.75444 5
e 523.94786 191.83997 11
e 515.90855 160.30886 11
e 86.10362 685.19557 8
e 683.32922 701.68344 10
e 43.91980 102.69649 8
e 623.57271 596.50773 12
e 335.25777 22.31517 12
e 360.46696 584.50640 9
e 596.90404 158.47012 9
e 348.69192 222.86604 4
e 80.85921 449.38303 10
e 313.48818 624.63696 14
e 13.78429 774.35667 13
e 620.25776 155.18213 11
e 647.99747 216.44132 9
e 475.88526 305.11759 3
e 194.39071 552.88666 9
e 331.22565 553.51092 10
e 587.80596 56.59510 11
e 171.19201 261.56474 5
e 544.17064 442.37457 9
e 163.38938 1014.13832 9
e 703.88280 886.75544 14
e 225.79602 128.92610 8
e 471.23896 439.80218 11
e 655.30014 574.78876 10
e 312.80166 737.65403 9
e 660.14358 300.81079 7
e 403.35938 941.46413 8
e 372.43113 82.74997 9
e 154.40015 536.09013 7
e 141.86333 407.02986 8
e 117.51920 589.68858 8
e 517.52185 740.21415 6
e 186.53477 518.36691 14
e 267.71898 776.74302 8
e 21.47902 1015.46760 9
e 530.41579 958.17913 10
e 66.77509 335.61420 9
e 437.20235 802.70793 7
e 241.85400 72.95145 7
e 79.09720 1012.75528 6
e 407.78451 264.48843 7
e 225.92395 894.19156 14
e 12.33265 937.89713 8
e 562.42189 756.75106 9
e 257.97506 243.44807 10
e 523.56481 471.14864 8
e 139.69132 436.19943 7
e 532.44985 687.45940 7
e 43.04474 167.14369 14
e 342.81360 393.58379 8
e 198.06037 889.70182 3
e 31.02731 34.35151 14
e 397.20228 69.15227 10
e 304.80805 728.70174 12
e 168.21907 561.89103 7
e 286.73669 307.65650 12
e 594.66823 281.47521 10
e 362.41588 621.55764 10
e 130.79043 134.87841 6
e 343.36975 411.42189 7
e 562.14225 711.27089 8
e 536.92958 715.70327 10
e 291.69821 402.93999 7
e 589.16808 211.90390 7
e 161.95089 1050.99721 5
e 280.26361 387.35267 7
e 153.74191 173.85678 9
e 143.39420 267.50981 13
e 658.12105 106.18211 19
e 142.06862 565.60615 6
e 116.50595 911.49797 18
e 351.25015 589.23812 9
e 178.96642 94.04025 14
e 698.93502 590.32865 14
e 230.37701 886.44614 10
e 34.43407 409.05361 8
e 211.61235 184.22813 8
e 156.48172 512.59183 7
e 663.26380 555.78452 7
e 402.89497 791.32459 3
e 462.10436 681.58999 13
e 116.18793 1067.13316 7
e 81.81314 973.53959 9
e 310.12905 105.89194 7
e 400.91874 549.90254 18
e 540.92134 718.28518 8
e 174.23019 157.98064 10
e 462.85076 1005.73527 7
e 142.28819 683.50947 8
e 46.95808 294.26427 12
e 625.41060 822.72741 12
e 353.66972 148.82961 6
e 140.47694 251.64817 7
e 454.13713 610.74658 8
e 165.12054 344.45359 6
e 63.38427 923.30220 10
e 476.73680 26.33934 14
e 551.29563 519.85583 9
e 542.27221 844.89999 7
e 386.68463 996.55700 8
e 631.42332 321.72439 13
e 506.32402 298.61684 11
e 518.15378 328.69169 9
e 220.82648 568.91241 12
e 337.76232 20.72725 14
e 208.55868 976.25936 6
e 121.54900 200.75573 16
e 61.69142 194.56799 11
e 538.60978 500.15465 8
e 372.64902 867.96718 6
e 543.95447 599.79476 8
e 278.81450 526.69724 9
e 293.33611 698.93863 16
e 306.20966 1065.56146 9
e 488.00881 881.91406 6
e 343.88755 171.56883 10
e 45.13125 222.69637 10
e 247.75194 879.25673 16
e 152.56250 933.09069 14
e 193.52858 718.12969 7
e 467.42048 770.34532 4
e 529.53275 27.85514 5
e 557.75291 1047.82295 15
e 306.75776 955.89410 9
e 170.52041 131.69862 12
e 281.58028 256.46636 14
e 509.47298 994.10568 12
e 634.53363 783.87619 10
e 557.02833 638.31946 10
e 84.82028 799.05867 8
e 10.95398 1028.13552 9
e 691.47947 276.84929 11
e 75.13635 459.07017 9
e 14.06421 242.42831 10
e 137.90707 628.30798 15
e 277.79471 896.48041 13
e 412.48091 718.25775 7
e 696.68964 506.22530 6
e 139.68969 512.32159 9
e 538.06544 18.16685 12
e 224.62989 684.75965 12
e 257.39813 304.57571 10
e 414.16183 21.01084 12
e 78.87247 905.28084 10
e 512.31258 769.25454 9
e 328.65990 641.86622 9
e 171.19638 795.13335 6
e 289.98540 449.72168 6
e 302.72536 797.27276 7
e 560.20257 249.51908 8
e 439.63313 813.95529 9
e 146.40068 269.17750 4
e 129.42295 257.78928 6
e 64.41217 915.60069 9
e 86.93571 127.59676 6
e 700.64610 984.24796 11
e 205.78191 1051.04025 8
e 612.24861 14.07626 10
e 227.69770 872.32728 8
e 346.91043 1024.87516 8
e 336.31845 895.79375 13
e 36.15945 255.66578 8
e 346.81824 462.59204 7
e 271.82980 474.41863 4
e 120.29903 136.82474 7
e 626.20185 397.24485 10
e 532.36349 230.55628 5
e 602.05783 328.79712 14
e 627.98685 826.62598 9
e 607.98544 724.78727 8
e 10.28281 84.36828 9
e 653.84481 154.63903 15
e 525.59727 710.30259 6
e 66.78472 391.44448 6
e 45.28198 67.84364 8
e 682.38228 311.47564 3
e 418.77992 19.99931 7
e 141.94664 476.13132 7
e 556.14896 280.81805 4
e 179.42351 920.92657 8
e 121.98172 935.54216 9
e 674.57912 622.32013 6
e 173.34329 595.58030 8
e 683.10401 346.34906 14
e 186.82517 219.67158 13
e 572.57905 989.79892 7
e 492.02992 281.09521 11
e 271.05874 980.10362 8
e 170.18870 745.74370 6
e 92.49459 350.11041 11
e 238.52286 677.51150 9
e 489.24119 157.63875 6
e 337.24533 526.91718 11
e 528.21462 444.16685 10
e 601.40882 974.79902 13
e 473.04339 950.78231 8
e 269.86637 887.72322 10
e 687.13004 1061.80183 12
e 279.74728 345.71972 9
e 492.17995 481.47659 7
e 663.85544 417.88861 10
e 249.21051 177.18043 8
e 373.02624 25.33488 8
e 658.88834 1022.10485 8
e 512.78028 475.45529 10
e 558.75568 47.65695 11
e 288.05626 40.40112 18
e 652.26393 58.37557 5
e 438.56259 1067.43122 5
e 589.00617 552.44938 11
e 116.50194 1039.11302 11
e 587.07166 235.63616 9
e 573.37330 261.02364 8
e 374.62199 110.19183 5
e 303.31609 209.66729 12
e 315.31915 109.45718 7
e 536.28952 473.12972 4
e 203.38994 764.33841 11
e 164.58109 303.01605 10
e 410.21299 547.14401 7
e 261.51200 911.75643 7
e 507.37695 94.72896 11
e 696.96542 633.46622 13
e 446.47235 122.05654 13
e 242.08902 905.21443 10
e 240.33895 792.42320 16
e 69.66316 645.32738 7
e 625.47499 178.56166 9
e 446.08682 576.25263 8
e 187.94819 687.23382 17
e 287.95427 179.27293 9
e 215.89242 939.74786 9
e 112.86008 504.06374 12
e 336.47226 808.63042 8
e 35.30899 858.19768 8
e 664.49710 727.28994 12
e 308.85462 392.90307 9
e 400.93530 197.91511 12
e 586.15398 335.51572 4
e 418.62727 478.31566 10
e 259.63105 709.65808 10
e 134.84791 690.64337 11
e 146.22695 53.36691 9
e 214.43998 476.21201 7
e 405.59929 846.63914 5
e 116.12062 111.51167 5
e 149.59381 364.29645 10
e 169.45422 981.72030 8
e 295.86007 657.84826 10
e 90.85781 306.21401 14
e 94.64720 991.37379 5
e 120.88673 325.47566 5
e 97.91953 306.02863 7
e 118.62525 1039.69677 9
e 31.95880 1015.30694 7
e 626.71256 636.41905 8
e 184.74558 970.64142 11
e 541.34735 58.17614 9
e 82.49443 351.83983 11
e 308.34717 618.42940 7
e 558.16636 598.39343 6
e 178.38730 908.28545 7
e 485.15206 390.26137 13
e 199.75289 935.88707 12
e 200.18094 735.42048 7
e 284.80516 562.92672 9
e 29.44478 798.61916 14
e 352.06301 1006.69973 18
e 391.38512 163.62190 11
e 197.15161 147.54148 9
e 536.25451 942.38682 7
e 292.39800 629.95667 4
e 540.53798 165.82097 10
e 195.24071 974.67361 7
e 552.21837 276.69554 5
e 423.62302 672.82686 4
e 271.84585 147.37039 14
e 218.30537 607.11436 7
e 386.87785 251.19981 8
e 193.65992 440.14715 7
e 171.47102 1012.93800 8
e 215.18401 170.11677 8
e 249.98210 928.03920 9
e 214.83482 493.81415 8
e 521.20111 227.05138 6
e 426.00218 549.15114 7
e 649.78818 755.44259 8
e 118.15098 87.28929 11
e 56.23280 483.82753 7
e 633.09855 379.14515 13
e 704.05224 185.52755 15
e 269.88692 299.51829 8
e 534.25643 926.27447 9
e 559.93067 992.44445 11
e 676.58940 366.36787 6
e 256.65671 728.08715 8
e 579.30515 448.72142 10
e 448.73951 105.47251 9
e 306.17569 1016.08901 5
e 97.51476 647.95478 10
e 211.56866 1004.03801 7
e 609.83252 864.20690 8
e 279.74801 414.71866 7
e 291.84037 843.33830 10
e 452.08673 1004.03011 7
e 515.36329 974.04427 9
e 149.30031 609.20777 11
e 71.11333 862.76866 12
e 66.77662 21.27233 8
e 364.05661 353.65200 7
e 312.86136 224.39991 10
e 371.78392 556.26200 11
e 13.00258 226.02472 6
e 494.57297 378.86571 7
e 335.62940 131.97785 4
e 561.96289 39.32642 13
e 707.26141 557.36450 9
e 582.89355 689.67762 17
e 622.38434 968.88242 12
e 187.02176 191.00211 11
e 358.19249 569.82837 10
e 236.60272 469.33602 8
e 396.98694 144.44062 6
e 77.26740 416.91901 7
e 431.76752 232.60957 10
e 243.87699 618.35552 6
e 244.87371 201.41246 8
e 703.47104 795.42887 7
e 240.14198 530.60080 7
e 458.40555 599.97173 8
e 77.87600 234.08742 4
e 551.55161 236.46239 9
e 154.79838 574.27100 5
e 173.98217 713.45923 8
e 31.75801 712.18937 16
e 649.98535 12.49158 5
e 605.64875 288.92386 9
e 414.31477 763.75056 7
e 439.89783 989.58735 11
e 445.24309 1014.01677 11
e 656.06835 545.93597 9
e 565.84979 990.62550 9
e 325.37422 54.04727 7
e 613.21295 840.70753 10
e 297.67624 491.50369 7
e 277.26060 489.46183 10
e 362.37118 666.38447 9
e 250.92499 613.54288 4
e 80.35199 1012.43092 12
e 481.13745 962.12933 9
e 249.67709 134.62687 17
e 549.78082 956.95129 8
e 605.11902 212.32692 10
e 310.55604 544.01209 10
e 518.94566 306.54192 9
e 400.92669 69.32456 10
e 625.60295 172.35465 13
e 659.37965 388.00221 6
e 508.34538 201.20198 7
e 39.18137 110.19948 16
e 636.71707 86.51011 8
e 392.99750 182.25330 10
e 700.90377 519.07778 13
e 406.35494 274.86259 11
e 671.82163 889.42446 13
e 442.27075 516.32458 4
e 229.87142 191.81838 9
e 300.73999 332.55288 5
e 79.31483 41.60292 4
e 282.18211 792.16857 9
e 635.12535 1059.79687 7
e 521.91883 396.48048 7
e 472.20985 862.23121 10
e 33.56641 62.30804 8
e 65.50350 240.47704 9
e 646.12886 249.76264 11
e 328.73969 11.75040 9
e 284.16097 732.63656 10
e 201.90961 343.56822 11
e 268.10505 169.89223 6
e 178.43421 639.76692 8
e 217.79506 915.14019 11
e 242.16254 891.05854 11
e 637.38682 856.14434 9
e 593.50393 787.66672 8
e 329.34920 210.49212 11
e 132.19695 781.30339 7
e 353.56945 342.45952 11
e 623.46768 926.93871 6
e 372.16399 803.33111 10
e 681.86325 673.44382 9
e 660.65267 223.87242 12
e 643.90842 469.84814 11
e 12.52771 132.36809 7
e 164.63585 268.27465 8
e 554.27777 256.69539 12
e 658.70166 49.73309 10
e 517.28448 78.46794 8
e 266.88856 878.89997 6
e 16.71262 74.59353 5
e 589.26543 897.00930 10
e 470.43358 511.30608 8
e 130.38157 221.39024 6
e 313.54686 285.91602 12
e 533.87097 90.54756 11
e 522.89502 84.67267 5
e 495.26883 1015.76935 6
e 415.49812 849.83506 8
e 657.26612 231.33973 10
e 552.18126 734.17579 13
e 610.90119 693.11485 17
e 509.15270 633.34040 7
e 53.98364 701.84880 4
e 336.37848 929.21585 9
e 471.11647 647.81050 10
e 101.03839 108.79012 10
e 84.88595 789.73836 14
e 329.00554 539.67398 14
e 247.88127 1014.43731 7
e 50.89050 253.57565 6
e 624.83631 652.41433 8
e 503.50610 216.57469 4
e 496.23541 364.60867 10
e 77.24881 387.27367 6
e 126.02413 347.68124 8
e 637.79769 534.79115 7
e 48.20196 73.41021 10
e 685.87516 227.40753 6
e 526.38209 260.41245 15
e 214.26982 22.07849 3
e 415.96892 407.87379 7
e 231.58461 477.89676 8
e 147.76900 826.64921 9
e 248.79881 241.89689 9
e 685.31400 834.69334 5
e 632.99901 149.10708 7
e 19.98710 791.61332 8
e 523.08757 559.20890 4
e 462.51013 556.85480 12
e 115.33391 800.60625 9
e 121.58623 83.31788 10
e 136.34591 822.19007 12
e 535.19045 246.36440 7
e 94.17109 465.68749 9
e 506.34755 98.56992 14
e 377.47583 979.24633 8
e 457.02534 502.64610 7
e 100.62998 952.50018 8
e 656.18878 788.77085 9
e 249.91365 395.48010 10
e 493.65925 727.35433 10
e 82.26226 889.12876 9
e 568.88569 1044.37141 11
e 387.48156 178.26124 13
e 194.37697 1018.93117 15
e 269.49210 732.26982 8
e 517.66898 971.20556 13
e 657.47497 968.54773 7
e 31.70114 562.53162 7
e 156.53099 574.75390 13
e 337.28868 783.60294 12
e 293.21393 1050.25127 9
e 512.21643 752.37219 9
e 339.42916 175.33950 9
e 275.83328 440.20881 8
e 75.84031 132.36713 14
e 66.28446 1014.13015 10
e 674.53968 833.77113 10
e 86.33709 94.84757 8
e 690.43729 871.36887 6
e 437.65351 870.35204 7
e 692.85921 389.53301 14
e 412.67260 960.71889 10
e 129.30688 852.13892 7
e 345.20824 641.26679 12
e 440.46974 826.21030 13
e 316.41440 580.52853 9
e 299.55117 421.98114 5
e 417.13317 184.03624 12
e 631.27247 911.11085 4
e 52.01471 671.94016 9
e 262.39312 942.90837 13
e 703.67097 224.64821 11
e 455.31556 928.43341 8
e 676.30026 290.40833 9
e 396.92685 465.54224 9
e 267.27352 758.37333 10
e 37.42741 662.54652 7
e 608.29526 772.20963 8
e 452.78356 1004.03619 9
e 103.28575 728.28195 8
e 522.21859 613.00283 5
e 334.22435 596.60855 9
e 537.88027 674.49836 8
e 432.29553 287.91127 5
e 473.54403 124.34189 12
e 164.76144 373.18703 7
e 243.95051 382.90701 10
e 680.53431 139.82913 8
e 673.07169 983.05556 14
e 513.60348 351.07535 6
e 85.23589 519.97038 11
e 378.98763 689.78947 7
e 373.69633 974.63281 13
e 180.24605 461.66657 12
e 536.73986 1006.97131 12
e 317.11530 832.70872 7
e 141.35747 491.10049 11
e 595.19001 219.03262 6
e 429.98283 693.04920 13
e 554.89850 711.32329 6
e 42.28486 1032.89067 4
e 428.25598 399.78572 13
e 462.89471 94.49138 10
e 664.50034 1019.04099 14
e 279.44647 378.58815 8
e 117.65519 49.65619 6
e 142.13052 548.07915 11
e 486.57027 396.65679 6
e 298.13091 251.20090 10
e 11.41474 426.72834 12
e 396.74682 294.64360 9
e 151.17143 850.62680 14
e 571.64816 676.58039 5
e 688.60612 1065.50162 9
e 358.27109 801.90115 8
e 670.78048 829.60831 11
e 628.93382 51.02619 8
e 432.96726 904.60544 6
e 65.39887 756.87301 10
e 195.20534 570.81023 8
e 633.18828 849.97849 12
e 377.76207 763.94294 4
e 164.33933 26.39463 13
e 376.02981 114.71426 9
e 508.62337 543.20337 11
e 203.16073 911.19419 9
e 398.36765 915.91566 11
e 362.99834 152.00907 10
e 68.10015 467.97361 9
e 38.63978 87.78786 5
e 369.59693 357.86909 6
e 34.36601 338.41349 7
e 579.58992 378.02715 9
e 481.91653 418.69868 6
e 341.41541 1033.15808 10
e 300.54474 108.24343 7
e 294.76091 443.04911 6
e 197.63557 514.23389 6
e 297.87126 576.92024 8
e 569.93818 349.56830 14
e 333.16193 385.79883 12
e 460.35480 308.40892 13
e 137.52078 625.74087 8
e 167.40438 19.81461 7
e 481.16802 578.62657 6
e 699.00522 715.26865 7
e 264.30788 202.63187 6
e 477.20945 950.40820 10
e 154.16909 491.09457 8
e 146.85224 647.99909 10
e 446.45973 1021.34380 8
e 667.97463 952.47500 8
e 297.75872 461.15390 8
e 707.51649 509.56494 6
e 225.30365 973.57204 6
e 129.15912 561.06401 8
e 536.38288 406.37082 3
e 103.51995 995.95660 13
e 503.15668 736.22155 18
e 302.15224 184.81063 6
e 702.87825 289.68715 8
e 406.99051 700.92658 7
e 293.05303 22.57573 10
e 240.17177 385.98857 8
e 530.42769 855.19415 18
e 286.12034 88.97588 12
e 136.77744 1016.56368 8
e 365.70191 184.45964 9
e 697.22627 198.84952 14
e 670.50435 554.62569 10
e 292.08028 1008.96923 11
e 129.67281 151.85078 7
e 320.64104 779.60027 13
e 667.64161 225.92323 4
e 248.56295 973.86879 10
e 701.32929 154.73965 10
e 70.11284 724.10301 8
e 683.86686 876.65112 7
e 305.58753 672.55365 9
e 384.63973 218.86019 9
e 681.42207 640.59789 9
e 197.92835 191.74597 6
e 315.52722 949.44042 11
e 137.62735 755.73868 10
e 359.15160 951.68887 15
e 597.83125 113.86610 10
e 76.49790 798.00856 11
e 176.38042 1055.15749 15
e 653.86373 1002.73181 12
e 235.15275 402.17611 7
e 705.40319 530.35518 7
e 700.12165 199.92943 4
e 622.14971 18.23093 10
e 103.69719 653.45568 7
e 461.00223 354.11713 5
e 468.41142 537.31896 7
e 95.35387 286.75891 6
e 145.72780 413.09861 7
e 503.33952 645.12763 8
e 398.88575 492.70967 10
e 353.10071 803.15613 13
e 59.61838 399.45603 10
e 483.65014 657.83350 11
e 637.37240 116.39605 8
e 426.83029 712.06431 9
e 390.85645 392.27197 10
e 187.08341 202.62352 8
e 89.69065 129.30338 11
e 577.82215 919.38158 8
e 436.43741 56.44061 8
e 356.69279 629.19019 11
e 126.42723 221.90952 4
e 194.05954 975.92046 13
e 100.35403 608.44743 12
e 633.89776 331.75604 14
e 111.58476 887.87764 9
e 565.76820 50.63583 9
e 334.35201 599.71520 13
e 247.62441 797.53193 8
e 453.09806 403.76649 6
e 295.29896 201.79936 10
e 318.12715 795.26055 14
e 478.88142 725.92862 9
e 656.24182 807.51951 10
e 631.52913 264.17024 5
e 248.82069 392.09137 8
e 496.50863 612.93876 9
e 496.74954 798.45941 9
e 349.66609 226.46957 8
e 347.87476 266.39336 5
e 192.27440 520.78826 7
e 349.34025 271.21439 8
e 199.19799 1010.44672 9
e 98.09302 98.85667 10
e 241.40563 168.36611 5
e 267.94751 762.43119 10
e 24.12308 837.45695 7
e 290.26240 518.85937 6
e 308.46196 579.03280 7
e 230.60137 325.30135 8
e 334.86367 1000.63511 8
e 25.64117 439.92515 10
e 525.22854 235.40135 10
e 165.96814 477.05030 10
e 508.39538 1050.47145 12
e 348.16191 409.92816 17
e 107.31408 65.55609 11
e 182.58097 634.36182 11
e 314.34395 252.07516 7
e 158.49228 150.99638 6
e 282.71445 541.52186 5
e 425.41386 194.33095 9
e 356.19513 1065.53475 5
e 530.15917 402.18749 10
e 533.64124 607.68713 5
e 237.57776 58.37300 7
e 183.75853 725.28375 8
e 344.55766 1051.69832 11
e 63.47565 109.14908 11
e 209.25132 623.67229 7
e 17.68689 396.78288 6
e 192.77770 620.96395 7
e 431.82695 849.20899 12
e 286.51666 233.09317 6
e 614.50900 759.46601 5
e 486.14484 498.04735 5
e 462.85660 722.24161 6
e 72.71314 870.66857 9
e 411.53339 135.28752 14
e 266.81736 779.12473 9
e 61.12893 735.95019 10
e 17.89440 26.91673 6
e 691.97583 614.27984 12
e 120.53768 356.09123 7
e 249.23023 582.06062 6
e 79.47359 496.80141 3
e 130.79639 1063.06098 8
e 488.96898 415.86225 12
e 285.72789 984.46633 10
e 655.54326 775.12888 8
e 70.24397 554.24866 12
e 243.14121 745.87642 7
e 89.45203 683.65324 11
e 256.49235 267.39800 6
e 122.01410 191.07425 9
e 401.81396 930.83207 14
e 102.43391 804.24598 12
e 152.11647 602.78403 11
e 328.71058 224.78367 7
e 263.82918 1035.65440 12
e 253.93005 788.02023 6
e 489.84788 412.39641 6
e 479.81326 737.62696 12
e 513.33751 368.37429 10
e 532.93242 863.25259 11
e 145.25610 1019.45442 9
e 453.70218 445.89885 7
e 108.39432 227.04842 10
e 43.75062 333.83112 9
e 74.49029 181.85135 15
e 498.58048 507.09145 8
e 111.79604 718.41811 11
e 106.38066 752.65328 11
e 520.91723 166.58868 11
e 708.94248 751.00748 15
e 298.25712 760.35812 11
e 337.29556 105.24198 13
e 159.05817 35.31815 7
e 357.33210 362.75465 9
e 319.16300 237.85615 8
e 461.46558 520.86176 9
e 629.31669 855.70189 8
e 177.24074 292.64063 13
e 702.06781 274.17633 8
e 95.40698 469.43245 6
e 611.72019 988.00712 5
e 263.18040 1048.87616 9
e 394.67218 281.61175 5
e 619.87427 386.75545 8
e 613.73463 113.29882 3
e 600.82041 69.33243 8
e 90.42741 441.73984 13
e 370.33335 299.14513 8
e 653.57779 346.27141 8
e 412.41780 403.65107 9
e 588.54158 305.43963 15
e 86.03946 300.37885 13
e 55.99796 919.76356 13
e 294.23948 732.58420 13
e 599.17372 776.68928 4
e 153.92650 158.33093 8
e 517.27441 360.84726 4
e 254.24544 953.27173 12
e 178.24071 730.55698 9
e 114.03711 256.85993 9
e 316.63460 275.31568 9
e 515.74970 832.98396 16
e 266.81771 457.55390 9
e 24.51890 628.67882 8
e 355.52317 433.68750 14
e 210.61010 419.74047 7
e 515.70400 695.43608 8
e 62.24126 416.05517 12
e 98.99718 491.30093 4
e 671.08589 181.60100 4
e 622.35903 773.50019 8
e 595.65955 1062.87763 11
e 597.01183 278.94826 7
e 278.85109 667.38897 6
e 20.64689 361.71694 8
e 455.65450 875.80089 11
e 358.50921 32.62852 6
e 439.74358 426.67962 13
e 140.11787 701.20038 5
e 284.19945 1024.25444 12
e 671.11435 432.57312 8
e 249.84393 477.91554 9
e 42.26160 939.18054 7
e 41.02878 354.77741 8
e 288.26659 383.53441 7
e 485.22804 75.21066 6
e 453.35517 431.44239 10
e 33.13310 258.44431 12
e 544.29739 172.20812 7
e 171.50215 1026.46716 9
e 94.17508 613.06971 6
e 162.99220 1042.63282 8
e 119.46009 949.25537 11
e 497.36750 626.26701 6
e 579.30913 311.46304 7
e 258.02186 217.41565 10
e 648.59328 518.54872 12
e 598.46608 896.94511 8
e 336.65829 70.16646 7
e 466.26075 762.72725 7
e 318.99597 616.02699 8
e 531.61276 808.71560 9
e 568.38279 108.37260 8
e 701.31642 400.99459 12
e 113.39382 388.56211 5
e 280.36147 1021.73537 14
e 95.13176 664.03941 9
e 511.66440 586.60168 9
e 551.39627 795.83013 6
e 254.59271 625.96054 8
e 479.43407 865.82347 9
e 321.74658 656.56056 13
e 150.65717 680.15450 11
e 49.08218 348.31652 15
e 547.98168 387.53773 16
e 633.58330 580.75889 9
e 173.37975 920.85543 6
e 71.28961 767.70282 9
e 488.09551 119.92098 9
e 458.48885 14.54274 5
e 45.21814 432.29112 15
e 382.84536 378.31975 4
e 470.38417 602.64441 11
e 142.89653 147.70722 11
e 692.36310 247.37509 12
e 693.08096 677.90491 9
e 111.46283 547.73436 14
e 346.66209 511.79103 9
e 402.14430 460.89087 4
e 468.93076 369.58043 11
e 252.62138 864.43558 8
e 46.14226 1067.38353 5
e 675.82446 297.46163 7
e 319.29479 32.78435 9
e 465.92010 788.48350 7
e 184.86801 921.01391 8
e 82.53481 939.14000 10
e 235.96755 646.15352 7
e 390.58877 164.41997 9
e 536.85469 59.77584 6
e 349.44496 74.10825 8
e 380.34561 845.69360 9
e 689.94299 968.04519 6
e 63.91019 824.13618 8
e 404.08038 156.27953 10
e 95.86316 923.76652 12
e 270.86053 362.37299 10
e 240.45848 163.73639 6
e 619.64796 675.53071 9
e 499.10436 756.81191 7
e 542.73599 145.85967 11
e 477.97334 410.62437 17
e 577.06928 991.36015 7
e 701.16852 745.54450 10
e 340.77770 329.53567 5
e 678.63849 761.99483 10
e 387.47369 644.19409 13
e 564.72955 660.32649 10
e 649.94950 50.20681 10
e 418.91948 1064.00039 12
e 202.36627 295.52428 20
e 376.70528 229.64378 9
e 332.79080 718.22879 11
e 559.61084 976.57874 7
e 239.19707 56.43950 6
e 622.23681 15.39376 11
e 642.55132 934.04730 9
e 347.12285 17.93919 7
e 318.64979 73.77198 13
e 466.14484 305.41059 10
e 327.58333 549.68273 9
e 563.21135 993.92524 9
e 374.60074 330.61546 7
e 357.31846 477.17336 13
e 32.45520 788.14615 9
e 30.59102 1038.03181 8
e 507.99304 1065.87725 10
e 238.55451 509.91312 6
e 129.97906 641.27245 9
e 643.89173 798.17919 13
e 707.45063 335.67443 7
e 406.90706 1009.21095 10
e 146.63077 768.11113 6
e 289.58575 362.23268 8
e 550.21605 584.71194 6
e 653.00964 186.15217 8
e 703.39689 1038.64916 9
e 101.91476 643.95287 18
e 706.42431 308.13913 4
e 691.56333 518.52799 9
e 294.15179 221.04440 9
e 368.40660 924.54733 14
e 360.90725 402.67487 5
e 698.20282 732.20717 13
e 291.42395 979.53934 9
e 425.23763 839.24370 11
e 478.87130 645.11988 7
e 318.99007 756.55510 8
e 129.55679 949.72664 13
e 294.50158 65.66781 10
e 663.44071 557.27309 12
e 673.06913 380.14008 8
e 283.18237 573.56322 10
e 341.71848 259.00108 9
e 468.71983 883.16831 7
e 584.48133 726.43836 5
e 336.66051 210.49232 9
e 586.43928 504.78132 10
e 453.25662 27.59033 11
e 435.18877 59.06269 5
e 566.72166 563.28605 11
e 701.62427 226.73352 7
e 246.21610 469.16041 6
e 560.77091 184.08303 7
e 244.33603 259.69664 8
e 277.96017 249.15076 10
e 400.13832 801.44997 7
e 70.53679 488.76303 8
e 360.38109 809.14379 10
e 391.95794 178.57573 13
e 313.11704 455.76825 11
e 109.09528 540.30575 13
e 386.42779 143.54004 4
e 628.74470 435.30643 11
e 106.56311 667.24844 8
e 527.14924 766.27934 8
e 53.42526 154.52612 12
e 657.47479 696.48617 12
e 402.17385 942.01477 12
e 508.00456 931.45109 7
e 156.68548 331.60296 9
e 23.48644 294.72870 11
e 241.45433 658.86002 11
e 640.28193 342.57016 6
e 301.16846 1048.35559 11
e 581.73414 584.68443 8
e 169.86968 883.38826 8
e 579.81019 1007.89076 5
e 405.11649 181.59787 8
e 97.77099 278.19600 13
e 165.45681 785.79291 10
e 467.44853 367.53823 5
e 515.72476 522.24185 7
e 465.78660 38.97057 7
e 160.29078 603.87639 8
e 409.20673 183.19951 3
e 143.33133 102.37555 12
e 274.11934 297.10775 6
e 104.43735 331.27218 7
e 622.07582 299.70715 9
e 283.56395 479.08715 20
e 143.61979 189.61730 14
e 159.14949 696.00734 17
e 272.97783 950.63902 6
e 356.81189 259.40209 6
e 496.55673 126.28026 7
e 310.33373 79.37344 11
e 618.31061 649.55963 10
e 204.71610 1015.17041 6
e 278.11053 686.33340 8
e 338.70203 142.43703 9
e 506.64625 804.04230 8
e 275.59447 717.37454 6
e 422.53872 310.48617 14
e 245.24838 120.61582 7
e 310.17992 1034.50155 14
e 542.25003 759.92492 8
e 674.58963 286.89404 13
e 532.90644 286.36457 7
e 433.98165 769.78492 7
e 76.46654 143.05930 10
e 474.44954 681.80672 10
e 442.81493 787.56749 13
e 487.81307 342.37661 6
e 692.85459 321.56493 11
e 109.60789 113.38648 5
e 593.78540 971.02961 9
e 275.30766 240.62468 13
e 387.68305 667.84382 13
e 552.37764 249.68228 7
e 509.66444 595.61734 12
e 410.80662 602.91093 4
e 73.35376 1032.07311 13
e 441.39318 430.17382 4
e 677.64016 210.14610 11
e 134.36243 695.21885 6
e 390.38223 959.21988 12
e 561.08529 133.94237 9
e 264.59132 412.21165 9
e 104.47308 414.73360 5
e 664.54072 699.37243 4
e 478.26969 68.85712 9
e 438.39904 142.06189 11
e 396.46177 182.45328 10
e 106.02342 68.08540 9
e 658.33650 116.58593 14
e 121.77533 445.54809 12
