c ./output/rectangle/uniform/uniform-rectangle-0-4000
p rectangle 4000 720.00000 1080.00000
e 653.32936 737.63656 12
e 110.91184 536.70910 10
e 459.62819 1007.76857 8
e 188.85964 43.38823 7
e 195.42130 720.73851 12
e 71.58828 777.41948 8
e 621.86461 449.25448 8
e 469.98883 135.53490 8
e 122.41869 717.04903 6
e 195.74648 357.59514 9
e 571.80786 243.59764 9
e 136.69119 514.74262 11
e 49.43778 507.25446 9
e 370.32679 390.37637 6
e 504.79781 508.52055 7
e 369.55046 860.42877 7
e 385.61342 967.71882 8
e 382.98154 840.65511 7
e 150.12727 49.28360 13
e 663.75329 426.73555 10
e 96.14027 1054.68441 6
e 294.51722 1005.60557 10
e 222.55698 24.65452 8
e 173.71248 929.17090 10
e 326.19138 738.48704 5
e 162.35053 939.08262 15
e 517.17750 797.97160 10
e 639.71870 125.97137 10
e 575.54918 778.91420 9
e 684.75763 869.32055 8
e 154.73597 782.67461 8
e 123.64822 116.54864 14
e 182.68117 349.00853 4
e 213.67875 1004.33509 10
e 197.95880 663.67079 13
e 88.33860 977.28417 5
e 346.29664 272.86640 4
e 256.73251 377.02503 16
e 475.15353 37.40710 9
e 546.82171 274.54489 13
e 592.22671 686.70858 7
e 324.35439 954.47045 12
e 618.21347 846.04039 13
e 548.77321 1032.22745 5
e 151.65211 401.96573 4
e 350.74498 683.79490 10
e 580.87363 701.61533 7
e 705.74260 1041.48942 9
e 233.42567 528.25179 8
e 571.08250 145.35408 9
e 298.71950 926.05702 7
e 154.32015 698.67867 11
e 247.44768 735.24162 13
e 26.95655 1049.00274 13
e 47.47880 1009.74656 9
e 338.45645 760.24784 6
e 392.13004 812.11107 8
e 322.30765 997.55219 7
e 561.69645 135.29611 15
e 509.09053 832.50299 10
e 490.48535 716.40878 7
e 150.27123 1013.63469 10
e 511.38062 370.19292 9
e 708.45370 440.59623 7
e 92.12607 375.94196 11
e 323.27602 762.32857 6
e 567.22157 852.37251 8
e 222.73855 300.83315 5
e 172.76553 47.66454 8
e 647.54375 763.49529 6
e 16.97388 93.11885 16
e 454.31223 1022.73758 9
e 24.25574 398.01677 6
e 693.17255 906.63062 9
e 371.47760 522.15768 13
e 187.36119 908.89212 9
e 403.19528 90.98997 11
e 502.17606 615.73314 8
e 181.34173 584.68118 5
e 313.67767 156.39591 8
e 694.60231 299.29140 5
e 377.49921 590.72501 4
e 278.06543 58.10712 11
e 427.31260 429.99475 11
e 605.53218 951.68474 9
e 700.69711 830.98418 7
e 483.02747 780.73263 9
e 163.43351 901.38624 14
e 529.27487 939.73657 10
e 464.50823 987.00544 9
e 31.68105 370.60600 11
e 225.45947 761.43623 7
e 669.03508 998.88061 12
e 471.74357 449.96423 15
e 412.03629 328.80832 7
e 173.70231 14.62228 7
e 550.84018 656.16034 9
e 600.70178 121.82933 10
e 466.81838 25.33793 5
e 444.84457 264.32141 13
e 181.53964 18.41229 10
e 505.99652 313.50669 12
e 222.51455 951.46630 9
e 186.89457 627.93198 10
e 521.74668 645.71387 9
e 250.36025 621.13795 13
e 68.45569 1015.20282 7
e 554.56052 11.16239 13
e 521.66885 583.15351 8
e 591.90907 1021.48186 2
e 517.82224 630.15422 8
e 298.46064 311.19676 10
e 705.53771 702.04974 9
e 185.71643 922.84982 7
e 236.99162 689.80270 8
e 595.93310 185.53208 9
e 327.14214 1027.85763 6
e 352.87768 475.22831 10
e 355.40842 940.28523 7
e 480.39746 992.99387 11
e 466.39646 925.55228 7
e 215.67959 526.90142 11
e 18.22763 357.08442 12
e 553.14087 319.86924 6
e 487.68547 19.85219 11
e 178.34457 486.41579 11
e 25.84060 76.46996 7
e 414.20321 134.35670 11
e 34.53672 38.69966 7
e 419.67968 729.32416 10
e 539.97990 113.09296 9
e 446.19204 623.30094 12
e 542.69344 59.06614 11
e 221.99785 904.22649 9
e 441.27221 51.49466 11
e 697.56620 258.26662 7
e 493.96680 869.88362 13
e 669.21971 472.63482 11
e 226.34777 825.57642 11
e 392.16397 769.12734 12
e 251.21870 539.32975 11
e 438.44330 788.08416 12
e 297.18407 380.77914 16
e 302.40729 546.68105 3
e 32.18942 417.14101 8
e 407.34676 826.29994 8
e 510.48745 68.68385 6
e 691.61398 917.04604 8
e 90.79592 399.93355 8
e 21.56753 961.65836 8
e 192.31859 444.84407 8
e 275.50380 46.14341 11
e 203.91763 571.31670 8
e 534.19846 12.36508 4
e 427.58957 228.57864 8
e 513.84997 953.56227 7
e 539.89197 364.02180 12
e 449.65362 22.16781 11
e 27.00701 46.45336 8
e 352.01564 605.39975 7
e 15.71550 1060.50171 9
e 693.75991 1026.52368 9
e 105.90917 31.73049 9
e 85.31827 393.74563 9
e 91.47389 236.82845 9
e 16.11606 653.34630 10
e 542.18908 715.73852 12
e 191.46389 251.58026 7
e 134.47833 307.45747 4
e 705.87962 98.25478 6
e 539.37180 916.29782 14
e 193.70214 937.16582 9
e 677.02392 876.13386 13
e 272.31300 197.18302 8
e 405.13035 375.19036 9
e 483.30490 571.25594 9
e 13.15658 797.68186 6
e 654.47125 786.97910 9
e 489.39961 317.24530 6
e 676.62038 869.19715 6
e 534.67639 553.07386 6
e 518.34360 52.57675 5
e 191.03751 248.12081 13
e 249.67072 590.99251 8
e 381.62050 503.44459 10
e 603.24426 15.69869 4
e 281.46957 691.47082 11
e 480.13236 22.33855 8
e 257.19727 628.66672 9
e 598.34854 1031.13264 9
e 426.31444 286.85317 10
e 341.15992 203.30697 6
e 532.38637 847.56544 6
e 154.69497 816.97951 10
e 345.22985 251.12433 14
e 178.01958 169.98547 11
e 552.85708 186.31601 8
e 128.90059 11.05551 9
e 188.09134 466.36410 9
e 653.82891 289.02507 9
e 339.58392 849.82264 10
e 455.43036 886.64431 6
e 564.40003 211.75517 6
e 532.10410 401.92302 12
e 469.89872 930.56931 9
e 641.33103 1069.25541 9
e 38.96828 479.26477 10
e 44.20174 121.70915 8
e 430.38480 668.88898 16
e 581.44074 620.47198 8
e 110.19633 81.38985 8
e 501.01584 666.64767 12
e 374.11837 474.30499 8
e 256.24176 781.53913 12
e 530.13444 664.32930 10
e 454.15708 937.46068 10
e 131.05044 324.17781 12
e 499.17625 761.30270 8
e 46.35408 1014.58344 11
e 231.28537 893.88928 15
e 220.86800 92.76849 8
e 420.69266 571.40977 9
e 379.59999 328.81775 7
e 62.97207 551.89122 10
e 521.57343 378.10354 6
e 106.75354 226.36751 7
e 316.88418 581.57178 13
e 703.65747 523.59524 8
e 141.59156 244.65512 6
e 311.29872 451.39242 6
e 621.68442 33.47704 8
e 503.51796 1035.85685 11
e 365.71947 338.49761 8
e 152.51845 985.53370 8
e 338.45873 91.75979 9
e 635.60074 279.30108 9
e 251.19746 433.86649 8
e 78.37123 78.57542 6
e 259.52639 466.95874 11
e 396.64176 587.89211 10
e 332.06418 204.75463 9
e 116.86809 409.28540 8
e 345.76701 307.93092 15
e 572.29633 290.18996 4
e 22.57301 705.58892 6
e 613.66710 412.55675 7
e 106.73156 686.14436 15
e 188.66967 672.62034 15
e 549.36565 230.88430 13
e 284.41121 447.18689 7
e 219.33972 13.77187 4
e 405.53403 762.03246 8
e 247.04803 46.87595 6
e 698.98493 996.01145 8
e 664.36909 409.06966 9
e 381.35854 974.40154 8
e 501.80392 357.06128 14
e 202.05759 961.50171 10
e 48.27260 520.22047 9
e 441.42491 503.04870 6
e 149.91391 364.00861 10
e 405.22474 73.65514 9
e 638.45005 678.19143 9
e 319.73596 783.80468 9
e 199.13080 1049.66748 8
e 696.33174 61.41354 4
e 154.64914 294.30377 10
e 407.06885 402.07554 7
e 609.85627 22.10268 11
e 327.15236 234.72363 7
e 648.10225 242.97985 15
e 356.10200 643.89252 13
e 263.29576 633.27205 9
e 474.07423 71.99397 10
e 662.46624 715.39956 13
e 109.68676 576.92168 17
e 351.14079 679.80105 12
e 354.40286 803.86359 12
e 28.31118 359.83739 13
e 391.96197 13.22815 8
e 625.13731 920.86735 9
e 633.84540 597.78646 8
e 170.11299 681.04443 6
e 624.11988 640.82172 7
e 631.43160 1051.63015 6
e 288.41604 605.41382 8
e 705.62507 27.53444 9
e 57.19130 480.60417 10
e 412.49847 1033.47582 7
e 515.11397 586.98661 6
e 611.64290 621.49144 10
e 287.90538 191.28318 13
e 359.35546 448.01388 9
e 610.66333 483.91186 9
e 629.14532 81.75292 9
e 250.66314 52.08657 11
e 629.98648 718.58783 8
e 92.72817 1020.27306 10
e 20.94756 750.13412 3
e 301.43176 413.73474 10
e 559.90490 721.50863 7
e 505.19618 54.41180 8
e 55.10192 866.39403 10
e 303.49029 417.68826 9
e 258.19245 36.12868 10
e 615.37064 962.58364 10
e 531.28813 877.95144 10
e 264.83188 101.73840 12
e 390.46332 234.25719 5
e 562.92717 464.66323 9
e 436.16252 15.16809 10
e 259.56312 762.19756 9
e 535.33326 297.22033 6
e 434.59216 945.23802 5
e 25.60785 635.19538 4
e 370.65619 78.55140 7
e 396.50532 819.28397 7
e 401.81634 728.42937 8
e 327.52195 192.74163 14
e 284.15555 247.94809 5
e 19.84363 136.02586 13
e 204.49326 884.79391 7
e 414.19258 373.26682 7
e 647.96325 169.30131 4
e 660.85037 824.56394 10
e 256.83990 754.24305 6
e 402.51342 346.13547 13
e 434.72369 713.71382 9
e 405.68906 253.09268 9
e 659.60371 1010.39675 6
e 494.74807 277.08687 9
e 685.98932 474.59263 7
e 538.50018 624.85623 6
e 146.46949 73.22391 8
e 370.58569 632.92036 4
e 122.86442 745.34329 10
e 586.68756 879.26882 13
e 379.66569 65.80346 8
e 190.82189 565.78292 12
e 468.78355 169.86265 7
e 112.88757 511.10068 9
e 528.51103 342.42604 9
e 233.52446 465.16818 10
e 186.22419 213.20275 13
e 467.84975 260.88924 13
e 78.28684 697.29738 14
e 172.98966 160.34318 11
e 276.42323 1041.67739 8
e 433.05361 750.55501 11
e 31.80739 275.45118 10
e 645.58512 338.13641 9
e 436.07798 913.21230 4
e 365.57657 16.06668 6
e 290.33514 839.53708 7
e 138.22358 689.45986 5
e 409.92016 146.21741 13
e 570.71262 444.06904 8
e 564.66918 777.06884 8
e 264.88037 446.66943 5
e 383.08065 915.40505 8
e 241.29583 567.91144 8
e 535.17914 396.60696 12
e 449.15406 92.85018 7
e 114.03491 673.33618 10
e 637.30326 115.15092 10
e 181.62702 888.51927 9
e 640.34846 184.54351 7
e 113.49651 229.86228 6
e 681.17890 321.09445 8
e 640.83902 551.37151 10
e 30.42483 226.31570 10
e 615.70389 409.61570 7
e 535.17417 372.08434 15
e 687.60363 916.69391 8
e 531.68674 197.88541 12
e 53.42394 239.32458 8
e 238.73667 848.02161 11
e 147.80661 933.32155 8
e 332.09908 1052.00737 16
e 702.33430 460.22628 10
e 207.04401 760.13787 10
e 703.40003 548.94717 11
e 233.06696 111.86601 8
e 621.07738 933.57209 5
e 492.99561 994.03666 7
e 163.25557 512.95266 11
e 339.40639 857.75539 11
e 416.89191 364.79617 7
e 467.11031 282.54884 9
e 349.15490 773.93524 15
e 418.15115 24.54727 5
e 133.11849 728.78789 15
e 613.04689 246.19467 7
e 607.72543 862.67284 8
e 513.71221 376.87160 8
e 708.68886 347.28314 14
e 424.43874 74.18800 10
e 65.51367 67.16165 14
e 331.93282 499.53318 7
e 350.40793 485.50744 4
e 46.54415 266.92518 10
e 494.12826 467.35004 10
e 290.61660 343.03002 9
e 464.24331 177.94498 10
e 75.18522 168.86986 10
e 688.60354 997.62038 6
e 182.27620 466.55780 5
e 427.31000 503.37737 10
e 506.98350 812.71014 11
e 97.00390 231.09766 6
e 282.52733 472.05810 5
e 182.60726 646.72749 8
e 645.88519 357.07229 10
e 516.86601 39.86377 6
e 654.10157 272.11502 11
e 628.57739 1024.84581 12
e 261.83048 870.96499 4
e 620.64587 487.89480 5
e 482.11594 931.36072 11
e 180.65975 814.62534 9
e 650.38763 645.12804 10
e 433.98125 602.14724 10
e 501.40000 84.41027 10
e 707.81421 935.53670 11
e 489.11186 82.63355 15
e 683.60975 979.71876 6
e 259.28035 759.77186 5
e 357.48092 769.16250 12
e 172.74555 61.76231 6
e 245.23860 472.93020 7
e 300.82937 863.31657 10
e 686.45832 768.52705 9
e 361.85191 459.86759 7
e 190.68731 229.63499 10
e 55.31820 990.72467 8
e 511.26505 514.11271 10
e 700.52587 199.13821 7
e 452.92422 939.05113 7
e 302.67476 423.33432 16
e 49.42480 531.01407 7
e 357.53398 697.26775 8
e 241.60149 38.44942 10
e 373.11815 42.20911 15
e 525.90484 379.74090 19
e 694.44789 394.11684 5
e 464.02081 41.66850 9
e 482.81443 78.64604 6
e 639.62759 678.35203 14
e 33.98765 555.67876 8
e 106.72676 491.78389 10
e 159.54174 391.09719 7
e 696.20519 798.73002 7
e 566.21856 910.68345 14
e 131.91740 961.56806 11
e 382.77643 555.21659 11
e 295.26576 372.63312 6
e 264.61855 1007.90965 11
e 618.55575 458.87740 8
e 350.70841 1068.69781 10
e 334.79950 442.76440 9
e 358.57126 481.56255 5
e 367.75405 1007.50646 10
e 17.04373 383.98369 7
e 645.83117 936.63210 11
e 221.93001 678.52508 10
e 526.38936 74.00314 11
e 551.68955 336.57500 11
e 614.78323 365.28905 14
e 427.98496 272.15514 6
e 648.09765 62.02771 12
e 289.26329 683.66059 7
e 42.79559 822.23967 16
e 83.35639 412.52141 8
e 659.67195 72.63881 11
e 470.66486 508.04422 8
e 314.65443 383.73270 13
e 48.88354 343.00242 9
e 148.69766 708.53228 10
e 117.78608 696.80718 10
e 451.12613 566.50928 6
e 598.09189 911.88584 9
e 266.14889 55.69988 6
e 149.10278 645.19045 9
e 395.28187 896.27992 7
e 701.48760 788.46181 8
e 485.19135 731.49201 9
e 644.41404 536.49226 11
e 442.27261 263.86665 5
e 430.99340 217.39781 11
e 352.84300 783.01409 4
e 340.85134 370.46499 11
e 534.29987 69.27572 11
e 183.34045 974.87523 10
e 153.58354 862.44249 8
e 696.51265 49.69670 4
e 493.62179 867.88803 12
e 126.70245 556.30367 7
e 511.91638 488.30632 5
e 637.01978 539.63490 10
e 51.63229 232.32749 13
e 245.86878 356.60001 14
e 140.62716 918.07659 10
e 691.24227 92.51920 6
e 194.75666 545.68122 6
e 40.67839 280.83592 9
e 605.59165 748.26239 11
e 589.56742 1061.50188 11
e 298.14495 807.13331 20
e 675.63960 394.87498 7
e 136.08357 269.12651 11
e 174.14187 921.84281 7
e 570.71643 786.21897 14
e 196.14249 632.42641 13
e 302.11585 130.22730 6
e 467.65054 938.71684 7
e 25.89902 404.36738 10
e 504.35980 988.92263 9
e 363.08736 258.08292 13
e 628.03825 835.88076 13
e 619.91625 653.30957 9
e 480.16122 499.78711 8
e 687.33779 798.24520 7
e 28.51233 321.46894 9
e 276.48766 444.48542 8
e 234.54076 984.56497 4
e 361.05063 249.43439 8
e 34.51725 539.23365 9
e 583.95921 615.72903 14
e 396.40788 194.65528 9
e 519.21559 255.53089 7
e 312.42058 846.55620 9
e 529.96657 830.49334 12
e 272.28438 1048.89285 13
e 429.57521 274.07971 10
e 26.27567 296.30051 13
e 429.32018 992.21679 7
e 582.73341 182.01991 6
e 436.53893 686.16868 11
e 470.19081 509.91509 11
e 653.89263 101.49763 8
e 244.76932 554.81065 7
e 637.75908 946.16334 10
e 622.43126 177.37574 8
e 122.38219 181.21415 7
e 223.39880 901.24113 11
e 320.33674 1002.64154 5
e 479.23216 569.82570 8
e 236.04705 268.14378 11
e 251.92315 358.14362 6
e 463.12221 645.32714 7
e 24.80389 77.63309 6
e 135.82401 896.71184 11
e 435.86222 573.21135 15
e 671.40720 168.85957 9
e 188.61623 26.09362 13
e 650.93249 895.32234 8
e 603.70357 431.26491 11
e 126.48264 264.66845 16
e 58.45190 777.87152 7
e 401.34318 228.83610 16
e 121.24367 114.00239 7
e 614.75625 631.51386 5
e 33.98499 889.95537 12
e 603.07328 41.92151 8
e 333.73832 623.74409 10
e 417.06383 633.19710 6
e 452.86277 189.07174 10
e 81.99745 21.66304 7
e 548.48858 114.74896 8
e 336.72399 451.96816 14
e 238.26825 479.48620 9
e 523.32643 482.26319 7
e 542.62005 462.67748 7
e 321.72592 41.98769 11
e 606.24317 985.50633 8
e 692.60531 1045.36032 10
e 289.34519 739.63771 14
e 163.32956 104.66992 17
e 142.29135 200.40541 3
e 240.58763 513.31916 13
e 65.74698 270.49182 10
e 291.90476 586.34537 5
e 315.35067 17.16681 11
e 363.55075 599.40689 8
e 247.84707 674.30909 9
e 78.43825 1033.76993 10
e 172.89261 23.79555 11
e 240.27846 538.96927 10
e 281.77696 1000.13942 11
e 569.93995 554.68561 7
e 103.33585 946.64539 13
e 306.33784 81.63878 12
e 708.84005 548.76103 7
e 543.46459 193.05918 11
e 696.64649 258.08207 10
e 589.36001 873.46638 12
e 384.22342 532.53605 10
e 119.48354 402.00103 10
e 498.83197 777.04616 6
e 335.55574 946.01847 11
e 35.51614 891.22791 10
e 623.00726 896.80697 8
e 174.69828 153.56024 10
e 26.82794 34.19471 10
e 641.49351 363.83581 4
e 248.09873 438.07041 4
e 76.79307 587.85200 11
e 489.35976 1056.41043 13
e 158.94365 278.19397 5
e 403.83108 1012.16794 9
e 674.14712 396.89412 9
e 133.37711 374.02685 16
e 261.08744 76.72056 9
e 515.20098 119.04295 13
e 566.18288 1035.85231 11
e 552.27771 732.23393 6
e 341.18945 96.43687 10
e 207.68682 760.78121 8
e 484.26383 307.02654 8
e 107.76044 996.11863 9
e 699.79241 603.04217 10
e 506.72055 573.30465 8
e 30.52557 687.32293 16
e 56.61653 615.89997 7
e 463.81635 722.24003 14
e 331.77705 208.22573 17
e 174.35443 232.47376 5
e 404.83392 753.01413 13
e 132.16627 994.39723 7
e 156.18829 654.72774 7
e 526.47961 630.50634 9
e 480.14190 15.99928 10
e 531.06159 294.48660 10
e 238.90947 407.44118 8
e 578.18506 485.43150 13
e 704.36248 703.10111 6
e 362.74854 485.71087 7
e 455.34008 188.96515 6
e 480.98231 953.24465 9
e 287.27602 136.11715 7
e 459.03933 638.64911 13
e 434.78719 754.29150 6
e 425.65358 290.79939 14
e 390.88729 533.30670 8
e 159.04041 92.88384 8
e 227.10265 1016.11221 8
e 152.97634 127.29325 10
e 571.62758 604.29385 15
e 377.27761 473.54981 13
e 367.79349 419.88882 10
e 56.26026 33.25031 6
e 58.72090 575.62822 7
e 365.84827 450.10822 7
e 315.73861 42.98073 10
e 422.73672 256.24707 9
e 456.42949 956.60412 9
e 199.62759 970.53906 7
e 611.83988 947.69889 11
e 412.75522 170.25865 9
e 635.48329 949.89160 8
e 551.17929 322.26638 16
e 668.39438 814.67304 7
e 227.93022 393.88461 10
e 276.51741 998.74910 7
e 433.44641 835.27494 11
e 668.77815 35.60710 5
e 290.93578 866.75865 7
e 364.43490 672.01065 9
e 635.97582 612.94071 14
e 155.48852 970.44434 7
e 362.31700 966.46255 5
e 653.24049 499.18522 9
e 660.41732 316.46910 9
e 699.56806 263.20651 2
e 114.10985 811.23001 12
e 632.34995 332.83184 11
e 51.56593 1026.62787 10
e 264.04073 495.90478 11
e 625.58870 573.02884 6
e 526.28562 252.38203 6
e 50.17625 930.35057 11
e 83.95223 12.37931 13
e 639.38822 592.63495 11
e 57.99829 193.34954 11
e 501.20338 1012.62929 11
e 276.71864 462.09972 12
e 621.27619 121.68314 12
e 492.87639 1025.79312 4
e 360.71050 92.65639 13
e 570.85565 640.90024 5
e 93.54973 272.05997 8
e 326.92772 512.27164 9
e 577.72498 365.57100 9
e 643.74518 1056.50964 10
e 15.20680 829.83373 5
e 163.93488 945.77909 7
e 569.86341 676.58649 10
e 356.48720 981.17885 8
e 179.99963 368.46092 10
e 11.28534 651.80730 8
e 621.16702 495.28070 4
e 371.97049 426.69780 13
e 397.90710 268.90232 6
e 130.73466 753.66124 6
e 259.20219 72.66255 15
e 551.46377 658.47812 7
e 706.12686 580.45407 9
e 556.51281 346.17502 21
e 494.32055 325.78371 6
e 225.39453 43.63839 7
e 303.48811 859.31656 12
e 470.10602 218.62256 15
e 451.22464 965.69319 8
e 139.34562 672.36194 11
e 625.84961 357.86927 6
e 313.73376 413.25700 10
e 414.43492 829.64921 9
e 187.70481 438.73714 13
e 29.67186 735.89296 7
e 518.33879 103.25238 8
e 207.36068 646.84292 8
e 313.74241 140.26984 8
e 306.72856 663.32697 7
e 24.72410 393.05961 5
e 361.07563 738.04741 10
e 27.10630 497.33280 5
e 12.47732 584.02490 5
e 463.86098 998.31999 14
e 118.40726 293.96963 6
e 488.16738 81.36597 7
e 171.67189 682.56356 13
e 533.96160 216.13815 8
e 333.59444 896.58257 15
e 706.98137 791.54433 11
e 696.67926 540.88302 8
e 247.36704 920.77802 6
e 389.19175 469.52059 8
e 164.85792 799.74839 6
e 408.23407 595.51029 7
e 195.82970 702.71211 10
e 248.61422 294.17192 11
e 67.66655 541.00351 8
e 657.91800 840.66448 9
e 161.46094 49.17755 7
e 278.33768 169.44219 17
e 467.65168 1043.98502 7
e 361.48155 773.41527 8
e 322.31829 18.80786 6
e 357.55879 506.97183 6
e 144.87180 332.49666 8
e 38.24476 938.09456 8
e 21.52317 38.48472 6
e 368.23341 942.38072 11
e 194.67853 1026.21783 9
e 42.17921 863.61094 10
e 96.60912 676.12191 12
e 12.67920 528.93982 7
e 571.27703 903.16994 9
e 533.44145 119.85958 12
e 13.74523 686.38848 11
e 119.01548 814.89678 9
e 545.21415 257.08009 7
e 132.20570 289.29421 11
e 691.17643 187.01865 11
e 182.35052 1003.56571 6
e 577.60343 862.93210 10
e 637.54027 680.56428 11
e 457.07803 288.05632 8
e 62.37126 386.01019 9
e 382.81166 1041.50406 9
e 633.20055 147.76494 8
e 535.86567 516.53986 9
e 303.39176 597.54394 11
e 128.27005 102.45881 10
e 70.20929 769.71148 10
e 658.23973 1045.73488 12
e 325.95992 169.83195 7
e 669.76627 495.90990 16
e 501.42638 632.22937 6
e 650.98966 871.96652 8
e 197.56902 1056.72560 4
e 643.35593 493.00920 9
e 157.29459 821.20419 8
e 204.84253 800.59063 10
e 79.04123 518.70154 9
e 94.76686 280.12972 8
e 578.16802 162.60365 9
e 348.84953 857.81847 5
e 434.06165 323.00485 11
e 559.75677 202.96185 11
e 122.80169 858.15839 8
e 517.74563 622.52779 12
e 366.06024 712.43092 7
e 227.12063 562.33976 10
e 464.87513 423.14042 10
e 665.28267 80.65743 8
e 55.22659 792.92954 10
e 460.68037 626.13123 7
e 487.22233 292.80201 12
e 454.41823 687.66782 8
e 158.88858 607.65631 9
e 312.06781 915.83260 8
e 531.37009 614.44342 10
e 676.49983 753.62555 11
e 677.02315 1059.42652 11
e 396.04260 120.34085 9
e 262.49231 833.63327 8
e 59.95567 370.78469 11
e 513.00015 539.17956 6
e 395.47740 216.53982 7
e 213.58531 729.27104 10
e 652.11512 366.84009 7
e 222.20934 490.26673 12
e 167.24841 952.61890 4
e 477.92470 755.11021 10
e 587.56711 491.94451 7
e 277.10797 748.40484 10
e 576.03558 994.43941 8
e 655.11387 170.72833 5
e 10.24595 123.22097 5
e 654.59754 137.04735 14
e 430.77951 822.87782 6
e 82.30982 517.96072 9
e 59.39040 1023.96251 10
e 583.79331 285.80161 16
e 200.62778 419.30735 11
e 190.14298 398.93856 10
e 133.74799 173.93936 7
e 645.54820 327.62500 12
e 610.90734 411.10143 8
e 98.37438 802.33497 13
e 578.95067 763.16648 9
e 129.83104 296.05843 10
e 416.16870 23.36753 12
e 585.85188 49.76888 14
e 167.12340 524.86032 12
e 293.81014 697.25660 11
e 268.43692 987.66373 10
e 371.91185 756.83433 5
e 510.94537 899.33334 8
e 198.37849 342.27745 5
e 284.21522 886.73779 8
e 589.71994 237.58714 9
e 451.29893 264.29947 5
e 276.64757 341.53760 10
e 324.51331 284.24931 10
e 650.68084 224.74606 11
e 89.74900 512.15687 6
e 220.64117 1016.37999 9
e 525.34005 837.10775 7
e 309.01664 1060.98198 11
e 344.42532 46.97081 4
e 106.90642 783.67100 12
e 93.62782 380.44450 14
e 556.58031 632.36725 8
e 317.16769 748.67051 8
e 571.79511 881.02087 8
e 333.17828 306.75061 9
e 149.27225 450.56897 8
e 438.72968 848.92717 9
e 37.25927 635.15994 14
e 650.75174 549.03837 13
e 336.72564 71.77304 7
e 46.68743 1039.95129 12
e 620.10303 922.49027 8
e 378.12421 876.14335 8
e 632.45990 576.82218 8
e 122.34061 777.19247 5
e 226.10520 68.60512 6
e 539.06812 368.53870 10
e 449.90748 508.85978 5
e 468.94050 100.99639 11
e 341.53811 1030.12106 10
e 537.79116 511.94674 9
e 330.12239 75.66839 4
e 242.20505 714.18078 9
e 97.29479 943.97128 10
e 55.47175 940.52896 9
e 140.29257 465.22798 10
e 216.34399 1030.40900 8
e 604.18495 198.40213 4
e 620.46643 95.36856 10
e 313.18504 735.30394 10
e 508.17554 596.88526 7
e 398.35436 517.75693 10
e 695.40235 818.15604 11
e 190.65426 498.42650 8
e 230.21466 177.57538 8
e 362.14961 1043.96014 8
e 45.45872 428.40187 10
e 242.03491 978.44636 8
e 395.40606 515.78273 11
e 421.93948 18.73909 10
e 226.79818 238.86606 6
e 355.87856 557.97143 10
e 674.50378 88.44561 13
e 118.59651 840.56103 15
e 323.94097 160.65148 12
e 306.76698 23.06985 14
e 130.64761 636.37869 10
e 514.47705 443.66277 10
e 99.42653 456.38648 11
e 623.84122 1040.49330 9
e 145.54721 775.94830 7
e 443.22884 134.40062 16
e 300.23858 73.52856 7
e 584.06848 90.90918 12
e 339.13003 950.55687 15
e 694.74350 865.72089 10
e 520.67298 169.45869 7
e 29.01997 795.63206 7
e 437.72858 177.76491 5
e 218.61819 682.60465 7
e 583.36757 655.14210 9
e 141.99495 419.34051 9
e 319.30928 773.40487 13
e 124.60573 885.99143 9
e 643.11026 863.73216 5
e 162.76507 349.18630 8
e 243.46054 117.82898 12
e 596.47723 667.83578 4
e 384.80165 1043.67991 8
e 243.55586 948.63390 10
e 152.25940 753.53514 10
e 521.78356 54.32857 7
e 89.98260 659.35179 17
e 68.34274 591.04623 6
e 361.99513 650.41656 9
e 158.99623 790.58964 9
e 291.66300 840.86008 6
e 166.58526 337.30331 5
e 144.71408 24.26940 5
e 288.34264 363.82323 9
e 342.02031 138.67598 10
e 108.07430 177.36090 16
e 104.29094 819.40840 13
e 26.30443 504.69726 8
e 606.11922 406.43908 10
e 299.19068 223.86280 11
e 261.49420 56.22571 11
e 338.11022 507.76986 6
e 464.02542 799.15728 10
e 302.30894 602.66102 8
e 338.81472 646.50324 6
e 202.51736 601.69234 6
e 307.14869 449.46422 13
e 56.54077 67.61718 9
e 414.83537 484.89877 12
e 106.72458 69.25681 12
e 104.30554 1045.12635 12
e 556.44236 251.90547 7
e 21.72726 279.76874 15
e 271.94431 816.78276 7
e 45.33510 579.30018 8
e 426.81207 347.54623 8
e 497.77079 789.43524 11
e 691.81222 736.84894 7
e 375.25484 1016.66891 14
e 196.86339 747.49792 6
e 634.82902 338.59189 13
e 671.41169 295.89859 5
e 364.86657 463.82132 9
e 583.99747 113.03623 11
e 52.86414 1062.10809 10
e 211.74397 626.38458 10
e 262.15747 82.38281 11
e 495.10097 292.08884 7
e 88.13242 935.32704 10
e 396.20543 665.33055 7
e 129.39847 833.14386 10
e 492.31433 51.04010 8
e 12.05937 873.33995 6
e 307.08342 499.78766 7
e 277.07222 899.12489 7
e 625.48179 439.90491 14
e 491.73687 254.68800 10
e 351.45021 242.25099 6
e 181.80004 416.07415 6
e 16.07907 183.70828 10
e 268.24245 559.93028 8
e 495.33923 391.14095 8
e 56.69966 914.77584 9
e 398.87936 828.13263 11
e 113.06748 496.51239 10
e 76.45380 276.41591 11
e 262.10488 759.16769 8
e 264.76168 964.11949 15
e 101.21383 136.16049 16
e 668.82974 389.53453 12
e 239.41237 323.30788 12
e 43.59044 555.90176 12
e 459.85155 605.23720 13
e 430.99636 224.86251 9
e 294.54560 543.73402 9
e 551.42729 654.27047 10
e 649.72980 987.54384 12
e 313.87818 30.18103 14
e 619.11070 895.47210 6
e 598.80615 979.24047 6
e 497.13194 126.44765 8
e 597.57191 491.18845 8
e 511.68059 565.20163 5
e 650.53999 1023.40804 12
e 84.73569 281.43646 7
e 107.36865 400.25088 10
e 249.77041 46.87803 7
e 157.87857 176.88341 9
e 229.01483 629.90835 10
e 516.97688 829.26586 11
e 330.81296 34.69400 6
e 155.73688 300.26273 6
e 267.74531 378.02192 10
e 159.46840 538.59943 6
e 101.13576 797.78833 11
e 235.93148 652.66746 10
e 601.06802 526.19064 10
e 45.44867 280.62957 9
e 258.84658 393.24469 10
e 566.04578 854.88095 4
e 239.86815 198.74247 9
e 590.82550 706.75722 11
e 18.06268 29.19057 11
e 403.25936 291.65059 7
e 612.70283 838.88369 7
e 495.90253 606.01143 8
e 690.49528 732.19349 13
e 234.36195 684.69247 15
e 433.73920 960.53229 6
e 225.38457 878.80442 15
e 102.43332 91.36976 6
e 13.51800 569.62246 9
e 514.35416 254.02964 11
e 99.57673 552.21730 7
e 67.15399 595.80908 12
e 285.85065 13.14819 11
e 93.23292 914.09106 5
e 546.42113 25.75446 7
e 611.35033 1006.90540 6
e 181.43519 615.78545 9
e 276.53433 98.48162 6
e 211.71278 1034.60262 9
e 304.39731 1023.26076 9
e 335.42114 338.71263 7
e 265.95844 556.41739 10
e 435.43789 876.75882 10
e 219.68353 257.98010 7
e 653.23036 96.80690 8
e 477.14517 178.07392 10
e 677.90709 645.28513 9
e 192.86797 972.41124 11
e 11.79075 461.85780 7
e 95.55344 171.56206 8
e 475.17378 627.67456 9
e 328.57911 753.36300 6
e 595.64491 899.64361 10
e 160.52592 196.18285 9
e 667.55724 22.00055 7
e 535.61470 898.43949 15
e 529.28723 456.20033 5
e 455.70351 1017.29494 10
e 15.11706 552.22896 5
e 179.32491 864.17979 5
e 396.51950 775.64477 10
e 33.66288 1045.46313 13
e 469.37012 506.07055 11
e 376.98353 568.03347 12
e 556.05302 687.10537 8
e 371.80690 1053.99290 8
e 603.20614 271.52648 2
e 675.38998 729.78171 10
e 352.40183 745.33248 9
e 580.95410 663.58246 9
e 205.19545 17.57252 10
e 114.67949 882.93053 4
e 289.78232 605.30070 8
e 53.03029 403.15153 15
e 241.90992 74.66297 6
e 506.69097 1023.29306 16
e 243.48788 299.57226 11
e 614.35404 399.13489 9
e 425.34738 503.23978 7
e 53.42453 671.25452 11
e 374.70715 636.00524 10
e 346.39123 121.13912 14
e 248.13789 222.86033 10
e 454.75825 674.00378 9
e 445.39870 985.49566 10
e 386.61421 830.38402 10
e 92.96570 409.52796 9
e 484.42348 713.52208 14
e 540.76661 828.23065 8
e 428.93367 307.11936 8
e 225.53534 245.94985 7
e 467.46319 673.88667 9
e 397.50446 147.69372 8
e 10.69634 510.24235 12
e 422.33005 647.49250 12
e 373.85982 1037.10780 10
e 483.54055 451.64811 11
e 22.38955 131.59164 10
e 356.97921 453.45068 11
e 87.34373 826.24686 9
e 360.85880 300.53201 15
e 187.69060 310.53424 9
e 166.71763 1049.28728 10
e 367.50819 288.77015 7
e 650.61852 836.60661 13
e 612.59199 361.14568 6
e 237.72531 158.88933 9
e 217.80636 343.48634 9
e 454.85942 736.08322 13
e 164.80784 438.19971 8
e 428.65683 755.49082 6
e 699.14136 526.00747 14
e 483.63054 207.16261 7
e 253.34041 1059.82800 6
e 122.29885 775.67289 14
e 366.69902 514.25676 15
e 240.75583 101.23880 8
e 415.65137 669.15724 10
e 243.20645 927.34122 9
e 135.19569 287.91302 8
e 255.39481 1016.65431 12
e 216.14589 319.21217 9
e 616.08663 222.11756 10
e 149.07358 921.68885 12
e 491.45101 730.75556 15
e 359.84892 557.99238 5
e 503.40110 525.81978 15
e 125.71958 137.09796 7
e 491.87644 998.26308 11
e 363.80450 36.87363 5
e 160.60387 195.20658 9
e 180.68306 226.52551 11
e 379.94144 827.24247 13
e 301.88626 608.04835 8
e 317.65663 994.21455 11
e 698.71061 79.54178 11
e 512.30773 291.89019 14
e 12.77732 601.18981 9
e 101.84605 982.21181 7
e 366.08194 789.95398 11
e 695.42848 231.18150 5
e 703.07261 287.87985 8
e 135.47065 529.73368 10
e 93.97044 265.63309 7
e 476.85853 109.97963 8
e 622.71755 772.73878 14
e 51.42764 921.68646 7
e 498.77114 839.91604 7
e 359.39010 417.10224 11
e 435.90627 194.14315 11
e 440.84816 602.17546 6
e 648.52111 422.22934 12
e 307.94170 483.76665 15
e 653.28931 1060.16107 7
e 292.50584 705.66742 8
e 201.12246 185.55520 14
e 20.99986 185.94049 9
e 12.87219 247.44587 5
e 302.40771 482.29408 12
e 133.55942 140.57695 9
e 480.71480 489.67641 6
e 489.72440 1000.56173 11
e 400.77835 747.25057 9
e 312.31338 288.60927 5
e 301.42572 773.41761 6
e 635.11149 244.39593 17
e 686.97545 383.72668 11
e 25.23986 990.63397 8
e 422.83137 534.49722 11
e 346.33271 979.45730 9
e 559.18665 899.46769 6
e 264.89148 716.14622 10
e 632.47454 496.61042 6
e 533.95825 995.45197 9
e 576.59722 208.43037 11
e 92.95143 815.89720 6
e 641.43343 36.53349 18
e 311.20038 505.77134 11
e 481.81024 554.50493 11
e 126.53241 232.83216 8
e 225.97710 295.71896 15
e 511.29597 1044.61958 9
e 52.47767 35.73296 4
e 472.78759 417.07783 9
e 36.50892 113.44690 16
e 402.23697 1039.99766 9
e 544.08844 810.88100 7
e 119.99508 777.15751 10
e 460.55064 675.50883 9
e 317.27635 223.50698 7
e 365.27883 34.69030 9
e 447.15254 75.87225 9
e 209.98469 577.10376 6
e 17.88761 856.98221 11
e 137.72706 1001.36394 7
e 664.72133 719.97627 13
e 202.13390 97.97970 12
e 485.20673 986.89040 8
e 269.89516 639.20408 11
e 70.53373 915.14189 13
e 160.79087 824.60369 7
e 208.86358 703.35908 6
e 170.68630 356.78902 4
e 573.78479 466.84401 6
e 191.66079 350.14855 7
e 311.71316 707.68054 6
e 251.15747 565.92258 13
e 110.12122 399.30522 7
e 287.90511 872.37757 16
e 646.68214 926.65940 12
e 408.93390 362.86615 9
e 86.04125 552.64502 11
e 86.38891 208.74578 7
e 439.07143 154.89703 14
e 590.64523 693.01081 11
e 649.75702 852.27381 12
e 46.56380 237.00312 13
e 631.84844 638.19308 16
e 636.01335 802.18053 14
e 100.26490 943.73089 10
e 612.05984 222.81516 8
e 171.72376 635.53540 10
e 675.98919 446.62015 6
e 653.15909 694.14869 11
e 94.23632 550.93372 7
e 228.76390 938.81244 9
e 47.33414 898.76540 11
e 458.10495 271.09998 12
e 57.44493 300.69114 6
e 611.19630 584.61419 10
e 392.34266 416.83298 11
e 410.38283 311.32023 9
e 124.39518 356.57108 16
e 120.98809 875.46213 9
e 333.73923 743.04815 4
e 641.93237 690.98156 10
e 445.32432 566.26666 5
e 637.67652 41.02579 9
e 566.46728 1027.86615 13
e 632.61488 559.96019 6
e 180.64814 714.45355 14
e 677.00438 481.74363 8
e 642.22251 535.26618 8
e 646.86498 1026.10670 6
e 676.14064 297.59091 14
e 363.72676 775.81186 4
e 419.91385 1056.47375 7
e 606.64532 928.70410 10
e 706.94043 857.34273 11
e 486.92289 875.82622 8
e 74.69540 381.26303 12
e 323.36644 832.81266 6
e 551.84741 276.13325 6
e 638.99331 470.17856 6
e 172.52551 617.86741 13
e 648.32992 122.62449 9
e 416.61836 374.18243 7
e 454.88143 940.30441 9
e 107.11692 934.12765 12
e 482.84805 337.00803 7
e 590.34006 470.38237 8
e 371.04763 81.08431 6
e 567.53999 15.23168 9
e 333.63472 936.61499 8
e 106.05064 545.71646 8
e 465.54393 722.63239 15
e 196.79552 658.77518 10
e 228.02605 243.03485 9
e 402.36357 665.86169 10
e 513.00421 566.79790 9
e 696.61873 564.00307 8
e 219.51490 687.26837 10
e 168.43957 986.97605 8
e 371.74550 959.02842 8
e 407.99740 748.34669 5
e 345.70634 720.75215 13
e 594.24253 882.97875 8
e 110.49675 564.03550 15
e 479.74916 267.55383 8
e 27.60811 89.67956 7
e 665.83603 1005.32507 9
e 476.31092 279.10138 8
e 262.30289 13.62821 9
e 603.58348 34.61988 10
e 365.16915 920.22565 6
e 89.74918 59.20721 8
e 234.46829 840.94112 9
e 352.14290 752.34709 15
e 653.88401 473.28581 10
e 406.63972 859.68791 9
e 263.71790 391.12914 6
e 544.81481 62.72322 9
e 280.58856 1056.09347 10
e 503.30142 673.72141 6
e 708.51878 38.45363 8
e 608.20432 894.51695 11
e 409.00357 893.32581 11
e 616.50432 812.38825 7
e 292.64031 418.32303 13
e 291.90432 951.62260 14
e 205.53374 1016.99811 12
e 376.66912 818.33889 13
e 194.05524 1056.77260 8
e 183.22710 891.41651 6
e 218.20263 746.70933 9
e 325.72606 646.59896 13
e 389.46250 105.80086 4
e 587.95671 742.70761 4
e 296.74843 774.58836 9
e 685.39416 572.15978 12
e 610.15381 399.08039 12
e 192.35411 996.81596 9
e 224.41623 124.28929 10
e 332.04814 749.02007 8
e 126.65568 706.93559 8
e 556.26474 883.64312 10
e 94.83307 49.37271 13
e 60.23827 237.80191 10
e 40.40543 672.77295 10
e 334.31559 823.42292 5
e 394.37753 260.37412 6
e 103.35050 490.90607 8
e 318.46755 1010.55672 9
e 570.12861 751.12087 9
e 125.18040 892.47007 4
e 212.44987 403.88785 14
e 23.86618 271.43305 7
e 80.26134 997.74766 8
e 342.28138 713.22834 8
e 468.67514 271.12665 9
e 75.10197 837.46098 10
e 435.78617 203.01722 11
e 263.85699 17.72169 6
e 500.47700 1047.97720 5
e 649.50249 898.84069 14
e 300.85605 887.97735 11
e 11.06441 87.19776 6
e 228.92727 137.16363 9
e 446.70429 1016.13953 9
e 216.79456 910.38025 6
e 151.27340 891.92014 5
e 102.02048 133.12023 4
e 654.36737 790.78922 12
e 537.43324 599.45171 8
e 681.75090 426.23599 4
e 58.14624 940.35556 7
e 304.10048 810.71783 6
e 403.15090 352.50747 8
e 89.99747 354.82708 16
e 586.14661 288.79375 9
e 281.05701 834.08361 9
e 498.79307 612.36562 10
e 630.39067 388.03181 11
e 399.59186 405.89076 6
e 351.90258 553.69279 8
e 453.51324 202.63223 12
e 187.56708 570.68112 9
e 667.31127 187.06171 10
e 213.22701 1001.74377 12
e 251.17614 368.61217 12
e 634.34815 311.70023 7
e 314.36875 488.03835 6
e 594.31754 725.61068 15
e 666.35861 55.91862 7
e 518.49680 316.50903 8
e 370.51147 889.12737 16
e 228.01041 874.53940 10
e 180.50997 36.06556 14
e 646.67446 165.92258 9
e 263.69581 949.80443 11
e 559.32993 427.48582 7
e 459.97997 736.27584 12
e 221.12070 331.62882 10
e 212.61271 954.65443 14
e 93.27080 618.09480 10
e 101.68584 203.33049 8
e 184.47885 533.75963 6
e 272.63297 24.67431 4
e 425.30689 861.23135 8
e 630.81472 378.33507 15
e 495.40749 691.03533 12
e 381.64639 986.85334 7
e 186.34032 113.04759 13
e 35.33468 487.43978 7
e 519.38330 851.94390 8
e 142.93986 58.59931 6
e 173.11086 598.63755 9
e 229.72365 961.65556 17
e 270.20516 1011.50574 9
e 662.82528 53.07186 9
e 298.76490 1021.23921 13
e 572.92230 1043.26634 8
e 393.58835 812.60768 7
e 175.27732 845.58841 8
e 138.51299 103.46353 7
e 350.29120 206.35589 6
e 77.72926 589.19446 9
e 202.29192 748.55041 12
e 402.38583 463.74705 9
e 321.19212 554.80430 11
e 537.35176 765.90946 6
e 692.81507 229.81366 12
e 401.57910 154.41117 10
e 165.44590 154.03913 11
e 498.00397 110.92915 7
e 310.54718 221.12042 9
e 172.53307 531.85355 15
e 705.67368 694.10266 11
e 347.36703 889.03799 8
e 77.63022 243.34234 11
e 327.10187 458.16168 9
e 14.84395 902.28134 9
e 186.67216 843.15431 9
e 191.14927 618.91138 9
e 379.77739 477.25270 5
e 204.24186 379.65704 13
e 441.42443 92.13391 9
e 590.76582 523.87362 11
e 681.63435 643.64483 5
e 641.31871 302.69797 11
e 604.37445 947.75871 7
e 26.63956 856.37334 9
e 258.05196 675.38888 13
e 161.55041 312.61963 4
e 391.47630 1062.51310 12
e 582.76042 1017.48201 15
e 602.96216 731.64937 4
e 27.38098 798.24770 8
e 154.49288 55.38864 6
e 426.26361 615.33011 7
e 612.55916 1009.93607 10
e 619.36348 658.04350 7
e 452.18415 245.29921 10
e 50.89725 799.72574 13
e 245.46714 145.26470 7
e 65.98182 933.19941 6
e 27.28257 601.84531 9
e 312.21167 44.08017 10
e 432.26756 40.92404 8
e 378.32145 1017.46059 12
e 481.52226 1019.18606 6
e 311.73675 379.70896 8
e 67.19684 328.28353 10
e 706.99784 172.74268 15
e 528.87814 869.70669 12
e 370.77708 244.28399 10
e 652.62827 702.16579 8
e 244.42766 826.79457 9
e 643.98694 476.75886 9
e 318.44433 400.65190 9
e 150.98224 253.37747 10
e 560.65106 892.46048 5
e 259.25540 800.31214 10
e 665.37435 647.61529 10
e 197.44314 817.94280 13
e 107.86004 504.09080 5
e 583.83555 327.62891 14
e 200.38776 543.33092 10
e 259.85307 320.38804 6
e 701.44575 587.96742 7
e 618.15563 442.17995 7
e 183.14395 266.10221 7
e 676.73709 830.11823 7
e 545.93749 317.80960 9
e 674.37909 740.34893 8
e 416.77338 1035.43463 8
e 263.43996 306.58978 11
e 122.86384 511.23107 9
e 708.31431 1046.60800 7
e 484.35686 908.72438 9
e 430.27530 76.72042 9
e 168.47444 792.99911 10
e 403.60859 711.75905 10
e 615.37000 770.77364 9
e 290.47612 973.77655 11
e 158.77239 332.34999 7
e 524.28634 295.78278 15
e 93.05707 516.17745 5
e 490.40881 640.30107 10
e 624.33489 23.51392 11
e 466.56844 101.20533 6
e 144.79765 542.34588 11
e 564.67257 432.43934 12
e 486.07402 1032.63099 9
e 464.82632 885.34263 9
e 597.37186 914.16103 8
e 483.67154 1050.60769 6
e 20.41609 1040.55587 6
e 454.22506 767.41643 8
e 512.98223 480.25722 9
e 147.71577 153.68744 13
e 411.76225 503.31272 9
e 676.01495 412.00837 9
e 557.49971 922.18302 12
e 577.25050 945.61212 10
e 465.49729 663.48557 12
e 558.04923 648.75647 12
e 546.63430 557.83140 10
e 296.49690 727.45275 15
e 216.30374 780.29365 9
e 376.40307 561.16572 10
e 445.93750 98.05419 6
e 253.28992 560.58233 7
e 165.17929 220.53456 8
e 98.48372 103.92213 11
e 396.97316 901.86474 6
e 426.28115 336.42355 4
e 76.21400 925.41538 8
e 216.32056 468.21380 9
e 701.73581 661.50739 4
e 413.49397 392.65555 7
e 52.45764 73.76801 11
e 635.96747 623.33432 5
e 190.50196 855.16081 8
e 336.26192 53.67972 9
e 51.46921 682.79345 11
e 439.15321 557.56911 13
e 678.10542 145.77034 6
e 106.74876 299.99844 5
e 18.74469 1026.46162 5
e 102.15672 937.39914 10
e 102.40935 647.39388 12
e 124.39461 743.38427 10
e 28.67636 404.25151 12
e 417.13733 512.00911 15
e 476.10226 1021.32367 10
e 53.38974 696.88145 7
e 88.63857 500.76213 13
e 210.21795 613.36578 15
e 402.18125 637.93557 7
e 212.02179 889.91836 5
e 151.89222 448.70655 5
e 52.14206 646.12544 6
e 120.51978 297.75153 8
e 522.13153 578.71610 14
e 589.70014 958.23040 11
e 142.96530 120.90261 14
e 249.53193 532.19813 9
e 307.64432 171.82201 9
e 439.87998 448.77851 9
e 108.38696 731.98956 10
e 323.18721 758.99891 9
e 631.12903 605.55753 7
e 97.57012 647.81268 6
e 103.31068 463.05450 6
e 25.91763 294.84554 9
e 565.88094 528.03335 10
e 422.62318 333.56817 5
e 492.91686 496.22630 12
e 617.10093 483.39790 8
e 523.18911 268.63579 9
e 699.44778 87.19275 8
e 709.53800 132.42181 11
e 614.32430 763.75052 9
e 58.60085 62.30139 11
e 566.27038 1049.42218 8
e 99.57036 601.60716 9
e 22.25105 279.84782 7
e 627.25948 640.53927 8
e 224.33331 353.77435 11
e 516.44940 358.52855 8
e 412.89322 991.47510 14
e 71.70385 980.43076 9
e 85.18675 932.28515 6
e 588.81302 912.45334 15
e 649.63618 252.46456 11
e 191.12277 866.52032 4
e 290.72657 623.73881 8
e 220.96043 625.72751 6
e 222.99538 100.57643 9
e 537.28719 315.64001 11
e 157.13723 901.88836 5
e 145.49960 953.54267 8
e 63.90983 51.47604 7
e 692.30593 129.54863 10
e 60.53208 145.96672 11
e 243.36181 921.41785 8
e 480.50572 13.36613 10
e 518.18601 281.68551 8
e 663.04551 967.10559 8
e 336.62056 1066.31103 6
e 46.26290 677.89452 9
e 26.21310 257.41458 11
e 540.62484 710.55963 8
e 38.03030 714.77779 12
e 38.37360 558.76477 9
e 69.62276 544.79372 7
e 600.50195 682.61884 8
e 267.25837 280.43764 9
e 597.69647 965.78288 8
e 409.90739 296.75525 13
e 532.79665 598.27802 10
e 94.57978 47.68141 9
e 502.38783 691.28455 11
e 119.65118 804.80539 10
e 186.50770 671.83009 12
e 339.67616 271.07550 8
e 133.04288 645.89006 8
e 618.16759 826.01123 6
e 641.11264 214.70372 9
e 24.69946 741.94692 6
e 266.75592 347.06915 8
e 424.56575 200.70037 15
e 199.09769 752.32949 5
e 409.73890 952.09883 9
e 162.29261 1069.17427 8
e 126.23703 847.47842 11
e 64.10836 859.20178 5
e 128.98938 919.31915 15
e 621.76205 270.64994 5
e 57.17024 675.14455 4
e 470.38273 772.24791 9
e 563.16550 866.05318 8
e 231.95926 403.69143 9
e 100.17974 601.09078 21
e 131.93121 796.52678 6
e 215.30237 666.70044 9
e 634.13951 760.43554 13
e 674.59976 286.28730 7
e 364.81635 24.59951 10
e 376.52382 722.93002 11
e 300.46997 1028.42553 10
e 496.55423 898.55675 7
e 630.68816 548.47104 9
e 322.96835 809.04415 12
e 328.43995 681.73554 4
e 86.28913 589.75709 7
e 357.15219 967.06209 7
e 192.58948 349.00596 7
e 461.64320 257.94221 9
e 452.57659 822.47693 13
e 35.92508 526.65799 6
e 356.82320 952.07050 5
e 61.69125 594.44403 9
e 107.46460 953.20824 11
e 368.97844 947.82508 9
e 505.45236 616.21149 9
e 162.64317 139.33782 6
e 230.96009 503.42026 6
e 580.61219 1055.41851 11
e 596.39430 233.49513 10
e 421.30370 508.67640 5
e 440.23019 518.72626 13
e 569.52805 183.20327 14
e 76.91223 841.67292 12
e 468.02630 602.53331 4
e 146.15325 472.33175 7
e 155.40318 829.74001 10
e 341.01825 505.81022 15
e 208.52579 172.61499 9
e 707.20774 600.34667 12
e 386.98508 902.87558 12
e 276.06488 142.88577 13
e 559.42715 169.40767 11
e 167.59525 807.89896 10
e 227.08111 627.97973 7
e 468.57827 938.99990 12
e 591.23664 717.38139 8
e 438.19814 720.77306 11
e 443.96875 843.51472 13
e 674.74931 439.24377 7
e 552.68969 501.81167 12
e 132.05527 1054.64769 13
e 234.67206 545.39997 5
e 191.36012 886.71249 12
e 390.12763 230.79983 10
e 459.32967 681.58102 8
e 201.32713 1017.11321 5
e 307.31774 890.69652 14
e 246.37100 380.40691 6
e 32.21119 1051.89802 8
e 46.42150 635.86127 8
e 535.28821 219.10392 7
e 295.51449 783.12860 3
e 265.73301 629.56246 12
e 481.41884 232.20923 10
e 484.26560 304.33579 8
e 700.40642 997.50713 5
e 107.22705 1039.85875 8
e 575.14726 1063.67151 10
e 385.75464 219.32870 13
e 325.52075 440.74896 12
e 557.91394 18.86214 15
e 293.23757 1020.10324 13
e 698.41526 412.65062 10
e 265.33310 321.50278 11
e 112.58672 430.39661 9
e 497.79268 308.07700 11
e 98.79158 31.36847 10
e 628.22329 398.04103 12
e 671.91164 1063.09265 6
e 46.45341 845.11702 8
e 162.52548 773.49217 15
e 26.83535 747.57930 5
e 457.88133 753.34991 11
e 680.44495 875.21015 11
e 147.29754 848.78516 13
e 440.98719 360.21149 7
e 219.23016 430.30754 11
e 622.67271 916.02882 9
e 463.75089 573.83681 10
e 228.22395 465.47058 7
e 151.48551 385.30874 7
e 549.40483 978.88994 9
e 78.77198 699.09514 10
e 103.11790 108.76751 7
e 354.20110 509.37044 4
e 422.42165 142.10216 11
e 114.74267 334.64349 10
e 168.62655 598.28453 14
e 578.49841 385.97968 9
e 316.53641 479.23714 6
e 188.86412 418.26130 8
e 248.05968 649.21998 10
e 524.87814 47.47716 14
e 640.64156 519.84243 4
e 323.27558 593.76852 8
e 132.54846 442.01815 7
e 244.30991 204.76368 7
e 682.59917 403.11068 9
e 312.23602 219.94347 8
e 84.46702 589.52831 6
e 294.12463 203.14433 7
e 471.27807 795.80556 9
e 253.01909 816.04693 9
e 521.46571 58.72530 12
e 68.87645 504.43795 11
e 379.40432 502.72210 11
e 209.14115 417.50208 13
e 697.81141 306.82943 15
e 432.50072 1029.75600 14
e 643.51661 504.73455 14
e 441.85169 964.01289 14
e 271.74001 480.24136 4
e 267.34773 87.58185 12
e 333.29518 252.80332 5
e 242.81459 298.54949 9
e 274.80845 577.95413 8
e 241.75097 522.88360 7
e 191.42726 280.41881 6
e 221.98800 544.53807 5
e 606.44826 1012.19262 12
e 436.58582 262.70871 11
e 60.19104 1028.06035 8
e 103.07983 211.50126 15
e 387.01327 815.21640 15
e 704.15664 923.92976 5
e 271.90920 1008.15055 12
e 564.62788 769.78097 9
e 477.76237 818.88583 10
e 273.92251 206.93889 14
e 404.57524 514.78051 10
e 569.36177 900.91572 11
e 235.73046 897.11081 7
e 586.40729 193.08268 11
e 287.78276 641.54135 14
e 291.95383 43.89575 9
e 269.68191 381.51913 7
e 28.48651 84.70872 11
e 410.93075 804.70921 8
e 206.37525 423.24362 11
e 391.56697 453.41309 7
e 158.14007 927.68973 7
e 93.09317 627.70314 14
e 177.72188 769.25058 7
e 38.25366 858.08274 8
e 201.47268 786.60581 11
e 301.38786 23.55817 7
e 522.28386 168.44993 9
e 647.19536 1037.05785 12
e 330.27174 825.95525 8
e 458.73711 487.60372 5
e 269.24531 202.00497 11
e 709.49268 877.64969 10
e 256.39000 126.16631 9
e 271.83399 564.88786 7
e 197.77989 997.74558 14
e 579.86190 342.77409 7
e 39.51041 578.41488 12
e 427.05493 176.50871 5
e 709.08749 500.78754 13
e 478.01791 180.54657 11
e 602.38684 199.25417 8
e 694.88017 990.88772 12
e 118.05238 673.49554 8
e 494.53882 148.33822 9
e 704.52332 672.05548 4
e 85.13407 538.14009 14
e 682.70083 98.88098 10
e 231.87696 1036.29137 6
e 42.81940 484.48669 10
e 682.98387 806.93970 13
e 658.85116 912.84808 11
e 339.58035 888.82043 5
e 674.42498 740.84237 9
e 103.67029 849.89105 9
e 463.48008 616.48207 10
e 314.43771 218.69405 11
e 139.16049 34.64829 6
e 482.37981 205.13790 12
e 181.64089 549.29391 10
e 72.69414 435.12054 12
e 151.92705 127.74938 7
e 482.81434 440.66782 6
e 599.84814 162.70566 8
e 571.10190 588.85848 9
e 113.09803 108.10416 8
e 625.99941 726.74887 7
e 475.83282 256.12164 7
e 11.91022 941.90617 7
e 22.05429 370.98509 15
e 421.79432 912.78689 5
e 277.12834 395.63822 4
e 462.23989 505.24165 7
e 571.18877 322.00676 11
e 534.57080 1048.60755 5
e 188.27979 730.82641 15
e 261.46281 388.20086 7
e 611.74182 104.51692 9
e 20.64582 1063.81883 13
e 241.50654 660.78111 4
e 53.83912 548.84930 7
e 53.26475 260.84419 7
e 354.88367 147.90647 9
e 475.40961 259.65910 6
e 631.67539 112.66363 13
e 160.23161 729.39402 9
e 596.24353 439.78062 11
e 432.20758 112.29559 7
e 384.78059 922.45628 11
e 471.69115 816.10572 10
e 649.00545 673.89558 8
e 58.57915 301.20611 5
e 85.41709 472.52412 4
e 104.54980 562.25112 9
e 81.69246 589.72235 10
e 661.22573 220.83824 10
e 584.17879 389.08809 12
e 345.23115 541.16653 8
e 55.29987 115.59564 12
e 170.55143 735.57234 9
e 658.91937 962.31080 9
e 697.13866 437.01576 7
e 241.00180 936.69121 7
e 296.34724 1010.60900 9
e 391.56345 10.30175 12
e 686.44236 741.54762 8
e 46.03626 284.17715 17
e 406.12316 597.63537 8
e 354.52822 470.11985 11
e 409.05150 758.34435 6
e 665.33901 671.14435 9
e 547.23589 985.72938 6
e 183.68078 620.69157 8
e 536.53945 766.41658 9
e 647.72687 573.05688 7
e 427.01580 208.46718 8
e 250.32738 929.45887 8
e 108.89820 812.05197 8
e 519.59336 650.45642 5
e 659.49649 867.39986 6
e 88.57146 39.04106 10
e 36.22905 413.77478 13
e 548.43954 633.49016 8
e 144.61296 37.47077 9
e 442.92521 548.79761 11
e 327.44419 836.75044 14
e 116.99590 537.99883 13
e 82.26004 913.82479 14
e 436.07402 909.52566 7
e 693.87770 245.90445 12
e 581.94719 55.86884 11
e 419.90359 727.52903 10
e 708.23871 630.60342 6
e 414.09505 267.88521 8
e 39.54746 529.47656 5
e 244.34054 555.32536 15
e 53.61636 85.25124 15
e 525.89823 900.22578 7
e 397.86200 521.31024 8
e 359.74934 597.34989 8
e 36.12954 457.64790 10
e 101.20719 964.78754 15
e 536.97822 185.14743 10
e 391.52924 919.52574 7
e 480.11333 800.37662 13
e 461.40242 889.95189 4
e 67.98737 199.03880 10
e 635.79915 592.08133 10
e 666.56401 411.63711 7
e 116.54340 808.58404 12
e 123.83768 687.09999 4
e 247.63389 329.10745 10
e 568.84928 88.50337 9
e 50.43394 799.08366 12
e 406.79155 225.80172 6
e 245.13462 69.46330 15
e 244.83688 431.42924 10
e 523.04276 1034.31967 10
e 540.18857 1024.68704 10
e 216.31089 797.66170 11
e 172.31030 910.46538 6
e 190.67300 808.89387 12
e 639.63487 783.37915 9
e 170.79091 88.26678 8
e 313.84097 31.75997 10
e 473.39946 335.17272 11
e 572.98973 116.34549 6
e 668.96737 632.65644 5
e 13.52051 897.20707 16
e 453.77267 437.14357 8
e 90.75803 938.03548 9
e 540.18739 220.41442 18
e 176.40911 10.63395 10
e 491.47782 826.40195 7
e 430.22905 247.48661 16
e 33.37942 78.87992 9
e 690.81398 708.07237 10
e 333.95169 622.71483 9
e 373.71812 540.27911 8
e 25.57026 819.78290 10
e 192.71249 623.81542 7
e 685.46965 389.72221 9
e 237.94902 403.75177 10
e 472.26454 453.03308 8
e 680.61763 316.65221 4
e 692.62879 28.01856 8
e 596.58277 290.36094 7
e 471.48851 601.14096 7
e 66.04675 89.06391 7
e 657.70279 310.18387 9
e 518.98167 1051.09371 10
e 505.11764 863.54611 9
e 108.36512 513.00941 12
e 585.73726 158.34648 9
e 99.96752 175.87378 12
e 65.82527 879.51633 9
e 78.53900 578.02563 10
e 14.14704 22.98629 15
e 102.59332 339.40632 8
e 503.52998 396.77279 11
e 609.64060 580.26378 8
e 69.52218 984.59393 5
e 43.09077 990.25756 6
e 47.05295 641.39152 9
e 256.48723 637.90905 10
e 296.55500 511.72559 5
e 307.11866 145.97193 10
e 302.62899 560.38080 10
e 195.49506 599.39614 8
e 359.83505 676.37069 8
e 127.38135 266.69798 11
e 444.19371 296.31218 13
e 692.54621 196.99428 3
e 515.69418 788.14995 11
e 431.53984 667.22625 12
e 591.49193 956.20845 10
e 430.66612 894.25048 10
e 212.58280 852.55112 12
e 540.35984 240.12062 13
e 671.65126 794.49660 7
e 442.95343 333.57110 10
e 696.58334 930.16645 7
e 234.26863 850.69721 12
e 185.24314 327.73487 8
e 619.83647 976.82272 9
e 438.19844 544.35789 11
e 292.09378 108.72043 8
e 129.27664 357.43800 10
e 401.99417 15.41028 7
e 38.87450 569.06938 10
e 24.88819 759.46647 6
e 426.68589 1067.29924 6
e 510.19150 605.31226 10
e 385.83626 853.20800 11
e 208.55483 779.87620 7
e 631.69747 387.92076 10
e 27.74433 838.47321 9
e 660.67000 746.88127 12
e 346.36727 888.29353 6
e 198.44215 777.16644 9
e 149.06127 24.73271 11
e 681.97643 131.96472 9
e 521.57387 143.00248 14
e 227.03203 963.33661 10
e 216.17028 125.33242 12
e 129.95694 601.64060 16
e 12.15130 628.63980 12
e 564.15961 1062.72000 7
e 284.58990 713.17320 5
e 387.32189 654.29705 10
e 227.19505 690.74803 9
e 418.48382 209.43310 9
e 20.79020 511.91494 10
e 417.53971 524.38972 11
e 264.76435 881.57064 9
e 608.41464 529.03461 9
e 656.03031 21.62007 5
e 200.77800 698.84392 6
e 592.42516 529.35334 9
e 228.29658 114.48680 7
e 515.73807 700.74918 8
e 285.60558 635.72644 13
e 453.32552 616.80236 7
e 33.05701 644.06859 12
e 141.29180 313.87673 7
e 323.95331 195.44229 8
e 456.80468 780.42052 7
e 122.98378 915.83246 9
e 183.44863 391.63563 13
e 491.25042 716.02733 7
e 637.19297 679.56509 8
e 420.23715 1044.89331 8
e 32.60196 863.85714 6
e 595.72305 1017.12778 7
e 353.93363 1050.63345 7
e 295.60508 708.54742 10
e 644.37647 111.58526 12
e 542.70280 835.79653 11
e 495.62281 791.06618 10
e 602.42827 421.80051 7
e 143.44002 695.78815 7
e 544.14939 806.84771 9
e 368.11563 666.55558 11
e 71.29240 991.83983 17
e 427.16142 989.54706 10
e 702.11554 258.76351 11
e 272.95396 176.10958 8
e 448.89966 599.61678 15
e 674.80630 578.32881 6
e 540.85390 404.77179 10
e 405.12683 139.20643 10
e 611.31184 292.24696 5
e 178.11892 1029.77355 12
e 707.94456 192.56632 12
e 195.77036 777.84592 11
e 377.54710 415.39140 5
e 266.76763 73.19032 11
e 192.88977 591.55785 7
e 190.60060 760.19125 9
e 465.88803 997.33226 7
e 169.98981 678.64474 11
e 72.20260 229.90771 8
e 588.92648 974.72258 13
e 483.16988 1058.73785 7
e 541.64270 845.22905 5
e 343.00688 613.34980 9
e 470.80903 438.44160 9
e 703.51282 694.15720 14
e 115.23845 580.52928 10
e 160.53272 1053.66431 7
e 573.29153 400.64130 10
e 274.35449 311.07812 5
e 559.20355 16.89904 14
e 456.27395 616.49944 8
e 487.17883 715.85742 11
e 650.29889 13.19927 9
e 263.33142 891.41052 11
e 538.93935 505.64149 12
e 482.94852 86.19061 8
e 569.02718 339.23809 10
e 695.62093 807.80390 11
e 126.79322 538.42004 8
e 695.20924 609.67451 8
e 393.66756 740.26799 12
e 327.09005 310.23914 9
e 144.39506 367.17007 10
e 365.35389 634.30471 5
e 277.68236 559.21298 16
e 494.29838 514.24232 8
e 95.64079 452.81430 10
e 53.19465 775.43413 9
e 143.43580 582.76278 7
e 426.58921 56.18326 10
e 319.67707 1056.55717 8
e 467.40518 823.38968 6
e 445.36416 626.93013 8
e 323.51439 356.98616 9
e 627.90414 803.19779 11
e 306.29686 376.24009 9
e 88.08932 299.28744 9
e 487.69735 344.45574 11
e 11.62364 102.84659 8
e 58.62220 137.28402 4
e 698.76461 330.73354 14
e 231.94629 264.18465 6
e 164.56609 936.36676 13
e 628.91738 196.03511 13
e 606.03706 26.89394 15
e 570.50500 176.12267 9
e 370.57852 408.36373 9
e 94.34516 147.05812 9
e 278.92054 962.37687 8
e 620.41477 773.09786 9
e 468.04142 754.40122 9
e 529.75781 275.31565 8
e 224.09596 728.39301 12
e 481.22379 76.65818 13
e 53.23869 73.11352 8
e 488.41337 213.59583 11
e 166.79291 538.14877 10
e 563.88125 924.72041 8
e 32.69651 907.30302 10
e 391.26870 511.50428 7
e 319.06709 605.15614 8
e 263.75553 608.90060 11
e 265.54869 262.49138 5
e 257.84273 533.72157 5
e 28.50070 606.83974 8
e 119.44779 166.46197 11
e 388.88440 383.57741 6
e 381.78629 869.95314 10
e 179.56801 555.69109 6
e 352.75473 820.88780 11
e 624.44101 138.19096 15
e 75.86370 353.82915 9
e 412.64180 302.56110 4
e 655.78602 627.17883 8
e 200.74159 448.91725 11
e 13.28220 198.95126 9
e 649.19743 116.34246 6
e 326.79523 282.55401 14
e 141.26572 19.04279 9
e 575.33703 578.55628 12
e 179.57941 786.97866 5
e 416.48012 937.06595 12
e 177.78497 681.80665 10
e 408.45328 64.38933 7
e 131.95535 159.90553 6
e 222.65425 606.98874 10
e 483.54191 297.63975 12
e 454.07081 291.56866 7
e 194.03284 531.48354 16
e 427.43839 164.45092 7
e 368.57971 944.38120 7
e 233.21420 212.49243 13
e 453.16446 157.41932 9
e 507.46795 401.90521 8
e 437.51838 616.15185 11
e 45.68413 448.99156 7
e 127.89234 1018.72138 7
e 680.11092 344.54153 8
e 234.40392 966.61976 10
e 59.94919 699.15166 14
e 260.61613 19.83318 12
e 549.43686 590.56796 9
e 19.99727 49.27199 11
e 52.83327 707.42172 8
e 342.85202 877.30309 4
e 307.28549 212.45489 8
e 498.06800 476.31754 5
e 343.37334 761.96533 9
e 281.69384 250.74980 11
e 111.85330 828.46187 10
e 376.02503 693.62222 12
e 412.94397 265.72913 7
e 49.55358 744.09509 6
e 52.34063 890.94492 13
e 681.02854 141.89679 7
e 467.94609 199.95464 7
e 278.27498 699.34243 7
e 220.52747 320.83584 16
e 304.33522 272.94692 10
e 157.53789 476.95895 8
e 347.57091 411.36020 6
e 143.64836 763.66279 15
e 449.03465 887.63189 8
e 554.57284 28.14663 6
e 333.08079 171.85750 11
e 200.55963 961.50354 13
e 315.27283 73.35583 9
e 343.74092 583.00909 10
e 655.96953 68.52871 10
e 129.89125 828.98666 13
e 643.81165 86.82912 7
e 387.88983 71.95256 11
e 322.95255 723.98971 10
e 291.68790 614.42615 7
e 640.75945 743.90315 9
e 93.43808 943.07786 9
e 441.88284 214.51597 11
e 477.96751 210.12409 7
e 176.83745 745.19791 6
e 608.90621 514.40635 10
e 590.60892 707.17029 10
e 190.82420 192.36889 15
e 130.51121 941.20785 11
e 411.82773 169.76913 14
e 157.98158 1001.69691 13
e 654.76211 773.18670 4
e 402.29546 986.68515 9
e 62.68721 573.33761 6
e 652.55141 1011.81063 8
e 268.58740 181.55501 8
e 84.62852 976.23595 16
e 426.34066 810.39957 10
e 247.36619 372.73178 7
e 688.61023 896.10085 9
e 371.84672 782.50865 12
e 114.19235 935.40431 14
e 566.01109 52.75313 12
e 462.19694 357.33136 8
e 404.26147 591.05593 10
e 411.15173 728.53641 8
e 376.94071 74.41894 9
e 260.27668 182.60163 12
e 332.67921 396.85331 7
e 589.52767 904.04085 10
e 44.84914 356.59466 8
e 558.84746 928.34658 10
e 316.61558 1036.51752 11
e 451.69637 463.72037 13
e 689.67805 667.34551 7
e 344.85348 556.64704 12
e 110.24182 113.01532 14
e 46.42661 88.44699 6
e 143.47077 466.65426 7
e 500.51126 163.70045 10
e 206.25389 946.96407 5
e 462.21944 133.56214 6
e 373.24584 844.55036 11
e 638.20758 252.23241 12
e 152.58059 311.41741 8
e 471.30677 454.44024 14
e 602.12797 182.02717 8
e 92.79215 472.65493 7
e 366.12362 145.86379 8
e 362.94260 238.47292 12
e 152.79046 447.53659 6
e 349.23656 829.02172 10
e 57.43277 623.27283 9
e 418.33149 743.33093 11
e 293.73031 727.82662 12
e 41.68943 452.57061 13
e 499.98327 251.05386 7
e 698.00749 399.40451 9
e 588.02449 304.34716 7
e 24.27933 447.10827 6
e 575.97530 342.23560 7
e 281.96079 767.84056 10
e 267.93391 490.55566 8
e 465.88754 662.67661 10
e 176.75766 275.91006 9
e 10.36920 501.76550 11
e 451.45087 122.88988 11
e 430.72000 469.07259 7
e 261.44119 214.31627 9
e 689.69446 436.92570 7
e 365.91166 164.61436 10
e 24.41066 298.99730 11
e 659.85044 418.47939 9
e 567.63050 827.21894 10
e 452.69754 924.89924 7
e 295.44874 327.22301 12
e 639.27909 614.76144 17
e 210.14852 858.61585 7
e 607.59733 886.70589 7
e 471.79680 952.85674 7
e 122.70286 945.70932 8
e 178.35271 355.62774 12
e 81.74763 406.04075 11
e 505.13372 158.13402 7
e 590.11492 487.62768 9
e 551.80629 301.19789 12
e 347.30259 311.32127 6
e 272.22510 153.41790 7
e 453.66792 673.93627 8
e 526.67267 754.27726 6
e 164.30855 1054.53136 14
e 271.11421 417.84221 11
e 608.24445 1032.87110 8
e 404.10188 40.29290 9
e 241.46290 356.28508 11
e 131.78915 660.70216 12
e 606.44622 62.21911 12
e 624.62384 363.72613 9
e 156.10539 1054.71409 9
e 618.26326 1024.78272 8
e 284.28565 656.65948 8
e 241.57107 249.11989 7
e 12.60798 21.09593 9
e 589.81476 883.23302 11
e 29.58373 244.25077 6
e 351.72373 498.35503 7
e 303.08153 409.15612 9
e 162.84530 960.70375 11
e 63.22258 70.77498 7
e 375.65697 74.62797 11
e 130.35676 380.75534 7
e 191.59287 870.12230 16
e 141.59441 599.87141 8
e 143.97074 39.01962 12
e 584.38197 798.06567 11
e 232.55495 591.87981 10
e 169.25746 759.64081 6
e 138.87267 638.54364 12
e 665.26730 1030.35514 6
e 220.95876 981.67192 6
e 469.66733 251.86765 11
e 480.98739 933.43573 11
e 169.03871 672.87834 13
e 299.73228 937.83417 6
e 468.14967 926.72413 9
e 45.22295 1003.68613 7
e 530.23388 321.41659 5
e 412.77393 1012.08551 8
e 659.04732 238.30234 13
e 156.11988 368.23176 17
e 659.56474 71.35086 14
e 256.70282 282.94114 4
e 252.09491 840.54275 7
e 94.77373 702.34406 6
e 476.18987 750.53577 8
e 368.90460 859.62412 4
e 645.13243 546.42608 5
e 576.86936 787.28441 9
e 624.84371 228.78103 8
e 108.35656 335.66258 7
e 432.36457 586.32322 5
e 680.12309 375.46601 11
e 392.68415 235.26521 12
e 432.42594 998.84904 10
e 516.92445 851.98946 5
e 339.47372 159.13872 8
e 671.12030 567.41030 9
e 493.66135 564.23607 9
e 155.87668 107.00135 7
e 128.19628 710.55148 9
e 693.30198 340.67385 12
e 223.39711 129.16408 9
e 417.05614 250.11919 10
e 331.86114 948.98143 11
e 595.50220 360.59395 11
e 86.58004 333.85385 11
e 301.60565 661.90897 8
e 273.47900 801.08432 7
e 252.26366 694.14729 9
e 205.66275 781.69893 4
e 270.91056 626.57755 6
e 638.08505 51.30542 10
e 379.68486 977.49548 9
e 414.39425 553.43800 7
e 672.78387 976.36075 8
e 685.47126 443.06538 8
e 653.39953 192.70985 11
e 229.25180 315.66779 5
e 253.08801 309.05846 5
e 631.45823 442.49778 7
e 412.54717 343.54261 8
e 279.55377 91.66214 6
e 513.59381 253.17513 10
e 279.27327 903.57110 12
e 499.98036 208.16734 7
e 707.15094 398.17349 9
e 279.03225 796.01070 8
e 590.86040 884.64436 16
e 243.68905 1042.60443 6
e 486.75247 311.94231 13
e 323.66642 320.21125 8
e 559.22801 673.60443 9
e 649.63817 369.28869 12
e 241.76739 1036.55941 8
e 176.19086 227.02646 7
e 406.95280 550.63252 8
e 289.90803 377.25179 11
e 690.86037 1007.69243 13
e 354.15618 928.14702 8
e 618.75197 651.92376 14
e 682.19477 619.95469 7
e 304.21028 643.80100 7
e 670.72114 459.32259 11
e 22.34875 941.61927 11
e 481.47689 420.67405 7
e 643.23936 305.16357 6
e 43.46010 1001.17648 12
e 524.29476 307.91599 10
e 292.18401 67.31857 17
e 507.60162 373.46881 8
e 661.19484 38.25584 14
e 190.56706 692.44216 5
e 79.46761 131.48342 6
e 54.48628 175.26186 10
e 26.51749 97.03411 9
e 53.29108 184.06861 9
e 604.25368 701.01126 6
e 360.89469 506.80969 9
e 242.49227 290.26820 8
e 129.15871 158.62583 4
e 664.42778 403.68155 12
e 26.56282 146.53545 12
e 189.99704 946.93337 6
e 426.06386 247.95024 15
e 684.43631 836.64992 8
e 290.19182 33.57823 9
e 461.46372 723.17586 14
e 572.78806 820.81469 10
e 81.43118 253.86246 11
e 653.09315 98.83382 6
e 93.27908 652.68193 9
e 686.26991 158.91845 8
e 410.12935 639.55284 8
e 669.72065 473.59167 7
e 458.58045 530.91448 7
e 22.77556 752.24405 9
e 674.55403 568.03589 14
e 226.41352 363.56553 7
e 423.01931 1015.32210 6
e 565.23485 682.29481 6
e 442.14714 157.01589 10
e 386.48856 509.33906 5
e 239.61662 322.71885 8
e 328.82921 680.26661 10
e 706.37316 135.83509 9
e 196.73517 599.36942 9
e 419.27577 479.73852 6
e 69.68145 670.89158 10
e 536.67594 818.59424 5
e 44.01218 738.75609 6
e 203.90674 686.12872 10
e 541.65482 662.11384 8
e 66.51648 138.92663 12
e 14.76362 288.71132 7
e 247.22119 316.40652 8
e 229.81745 760.24061 13
e 223.42254 1019.80910 14
e 681.07045 276.56748 8
e 329.22521 349.33909 8
e 241.81698 177.69088 14
e 491.41417 407.61717 13
e 269.97989 621.09335 10
e 301.92985 640.95832 16
e 425.78992 473.56188 6
e 294.52128 819.32829 9
e 90.45123 506.24444 12
e 13.62130 815.61419 11
e 356.27479 450.83804 3
e 547.79771 285.21858 10
e 226.22643 215.50130 7
e 350.45405 323.23380 10
e 271.09038 1060.41034 12
e 528.01853 926.67055 6
e 705.88570 514.63357 8
e 194.85676 801.03706 10
e 427.70754 269.38738 16
e 230.59726 611.16613 7
e 82.94731 779.24939 15
e 296.58722 443.39825 6
e 31.30223 50.84797 12
e 87.88867 1060.15897 7
e 243.94467 318.85711 8
e 324.06447 847.61759 9
e 570.97067 935.11519 12
e 660.27659 578.12354 21
e 508.39027 1035.88189 7
e 607.85925 656.56674 7
e 237.65033 1029.63427 4
e 79.99854 547.78782 7
e 314.70968 879.25712 5
e 253.33879 773.32448 12
e 694.62845 367.39145 6
e 447.16999 212.55251 8
e 155.46594 1060.30170 10
e 650.52121 406.11792 8
e 269.48697 772.41159 11
e 130.69322 267.13215 9
e 346.90191 633.27224 9
e 624.71510 699.00778 6
e 706.43413 194.63001 6
e 271.15137 74.65558 10
e 612.12564 12.01957 13
e 148.62882 837.09366 17
e 640.49490 870.37807 12
e 118.31269 419.74148 11
e 678.86851 333.36879 10
e 701.92008 743.64211 10
e 600.82430 337.04456 11
e 185.71795 373.07606 7
e 193.42124 776.21468 8
e 550.23655 524.43330 7
e 197.71788 634.14875 12
e 562.17705 569.75306 9
e 686.98104 756.07179 12
e 119.20765 432.87563 6
e 133.93904 898.39702 13
e 558.34314 920.49402 11
e 494.40533 837.35705 10
e 151.09483 914.69417 9
e 182.69161 863.02180 12
e 499.22188 699.61119 10
e 127.82004 369.37982 14
e 157.57483 861.72156 8
e 128.12999 460.98237 9
e 112.48310 371.61345 5
e 170.63802 503.97453 5
e 430.90165 658.06904 9
e 144.43891 541.15438 7
e 191.16807 571.29438 12
e 445.49359 801.09746 11
e 569.67722 358.95229 7
e 107.33655 935.55013 11
e 92.23604 519.49946 11
e 556.95477 348.87981 12
e 58.48900 276.35471 12
e 358.50309 679.51643 4
e 651.94882 838.39445 5
e 189.65250 593.49972 9
e 257.56865 611.76404 11
e 363.87578 362.83152 9
e 26.48327 91.73555 13
e 121.33204 960.55043 11
e 549.14038 992.91901 13
e 297.73781 134.52939 6
e 36.78089 673.23365 7
e 38.86739 1021.84084 5
e 197.65666 787.66785 5
e 318.23956 102.21620 8
e 672.59987 730.69273 8
e 184.20213 1030.66629 7
e 445.35129 347.78798 9
e 378.95039 153.53868 9
e 241.12124 243.98184 13
e 349.17213 257.05173 5
e 51.12271 245.11243 11
e 339.64637 162.12054 14
e 567.88073 517.66015 3
e 565.51350 441.99220 9
e 411.21309 903.16625 7
e 700.59971 28.38880 12
e 443.07386 61.21253 10
e 97.97209 611.30968 8
e 238.35145 856.24507 12
e 10.23327 70.93043 11
e 41.65062 525.96958 13
e 536.24338 201.19918 9
e 242.01300 773.15149 10
e 35.94722 616.91885 13
e 122.16126 375.18157 8
e 687.50984 888.80133 15
e 234.77072 19.35922 8
e 517.07168 712.30419 13
e 311.99554 126.30985 8
e 279.87723 875.74605 8
e 439.02044 1023.61692 12
e 340.64105 553.16734 10
e 587.79657 773.48548 13
e 67.53703 530.79264 11
e 602.13159 28.89495 6
e 398.67478 444.17869 6
e 639.05445 845.37718 11
e 459.77291 154.33030 9
e 20.27619 356.37840 3
e 61.80875 440.59310 13
e 465.72528 103.16744 13
e 598.96578 351.70225 9
e 581.74087 557.51532 16
e 349.41586 902.56970 8
e 62.20106 23.43888 5
e 239.19414 933.57363 11
e 10.11130 425.98380 6
e 425.78017 964.20534 10
e 684.46920 155.27815 15
e 301.98495 838.94784 7
e 547.87529 458.73545 13
e 615.23582 813.05320 11
e 55.85713 293.10872 12
e 150.11615 258.58136 10
e 216.52411 51.49951 11
e 208.66948 1030.93680 8
e 378.21291 474.83206 14
e 406.92015 145.31563 7
e 314.56574 693.03849 11
e 599.80832 342.67597 15
e 156.11962 921.49924 9
e 667.82400 686.06559 12
e 371.30159 578.07493 8
e 156.79073 672.84578 13
e 213.11408 699.20678 10
e 548.34385 39.72908 6
e 398.71910 299.33930 7
e 503.83331 812.96423 9
e 410.87067 66.47750 7
e 81.92786 764.58197 13
e 122.06308 1024.12489 8
e 477.07806 682.30330 14
e 323.15115 296.15349 7
e 23.86548 297.39806 10
e 33.40491 329.16926 11
e 31.21543 918.22783 10
e 623.19685 622.40505 10
e 127.38767 76.45289 10
e 152.98713 876.62992 10
e 83.63992 1006.76606 12
e 76.89872 270.35655 9
e 363.61550 401.93490 13
e 378.13120 733.63017 12
e 398.49321 240.29417 8
e 275.68772 935.61307 9
e 455.40024 965.24993 11
e 410.37424 1062.19672 13
e 475.87208 653.81908 8
e 351.95243 560.80114 16
e 333.90604 355.87113 6
e 33.92847 768.54706 9
e 384.19564 255.99274 6
e 181.11277 1028.80037 7
e 691.64212 453.95458 10
e 665.72173 743.11003 9
e 438.14697 289.70041 5
e 182.78012 767.43465 9
e 115.75136 902.18738 17
e 654.28804 621.64503 13
e 82.11468 691.60800 9
e 259.53900 501.56766 12
e 259.46214 308.82599 9
e 35.73137 241.47549 11
e 550.58478 351.95394 9
e 689.84849 273.15483 9
e 217.70153 1049.48967 7
e 588.98544 623.43342 9
e 395.62177 678.35815 12
e 396.62089 743.65730 14
e 382.87854 626.29714 4
e 339.77854 895.66380 9
e 353.83943 125.83648 11
e 42.95257 455.83202 7
e 214.12660 235.38126 8
e 649.69354 89.18998 10
e 506.69287 965.20949 7
e 160.51957 572.72286 8
e 138.49507 413.79141 12
e 70.48936 167.75015 10
e 189.40443 371.92627 12
e 243.48613 819.14574 5
e 253.16873 599.00657 6
e 65.90861 707.30265 6
e 444.81032 90.61925 11
e 353.94378 1006.97642 7
e 55.76917 498.19686 7
e 397.49673 420.88778 9
e 622.44671 185.16463 11
e 282.84807 925.39938 12
e 622.70259 45.16063 10
e 108.66078 640.26438 8
e 566.78778 897.75711 10
e 423.35805 845.10289 7
e 665.35528 571.70648 10
e 482.03414 156.22045 8
e 186.99396 53.92505 7
e 618.46812 811.79896 10
e 97.94415 186.39142 4
e 387.78563 42.76768 11
e 299.79166 814.60866 11
e 41.29833 75.34766 9
e 187.54203 428.79218 13
e 511.34510 1027.26102 12
e 453.89846 678.79191 10
e 468.39849 769.42982 19
e 177.19108 157.22655 7
e 159.38042 356.26904 8
e 248.70817 930.22267 12
e 553.38168 332.88145 15
e 608.76760 787.24608 12
e 303.46225 1050.81970 8
e 607.35812 224.58737 18
e 115.15747 443.99999 9
e 366.72052 952.60838 9
e 108.32014 643.69534 8
e 649.08297 473.46816 4
e 324.13508 702.04530 10
e 79.81533 240.36294 6
e 284.16419 255.61748 11
e 231.87036 406.81164 6
e 126.67657 747.62711 7
e 494.52035 611.32232 12
e 274.52584 837.19600 15
e 389.88226 607.88748 7
e 697.09633 374.09592 10
e 441.27179 142.34832 8
e 554.87709 277.38467 5
e 136.51895 260.93561 7
e 291.12826 486.62872 13
e 296.88029 657.70500 6
e 666.26338 482.21097 13
e 187.27649 255.22778 11
e 585.23510 190.67513 13
e 560.96889 225.18896 11
e 628.63005 384.01285 16
e 285.88701 608.82451 10
e 632.49698 884.47296 8
e 134.69964 966.25300 8
e 46.34269 759.27427 9
e 395.83518 438.48598 14
e 152.69371 515.70677 7
e 60.81058 904.41843 11
e 561.96682 541.40681 12
e 565.64417 95.15316 6
e 392.55558 491.52852 6
e 314.87878 135.66104 9
e 421.62377 939.22083 9
e 134.40850 90.23804 11
e 304.60892 299.71811 8
e 511.07374 946.64607 9
e 466.49208 271.58472 9
e 483.31177 931.59325 10
e 694.22728 910.53838 7
e 462.53186 886.95235 9
e 475.52861 919.72592 5
e 557.94911 761.68494 12
e 499.94027 1023.82332 12
e 91.57732 959.55721 11
e 576.72394 404.85544 12
e 174.67486 912.21660 11
e 12.17456 697.71418 6
e 314.08466 853.15851 13
e 186.53922 737.00665 8
e 96.71735 502.37329 14
e 363.59309 596.35298 12
e 442.12683 51.96242 9
e 460.98914 152.00998 10
e 431.12632 217.56881 7
e 333.55898 161.10747 9
e 26.27685 560.20841 7
e 136.42351 277.40815 6
e 611.57732 1010.87525 8
e 79.21156 483.17728 11
e 312.10138 897.48482 7
e 324.29020 282.87381 5
e 596.05482 188.72102 6
e 451.89595 753.35207 11
e 490.79358 216.56660 14
e 466.61117 426.01255 9
e 153.80855 615.81861 9
e 39.11003 941.19181 9
e 403.29305 171.78973 6
e 493.67663 488.28382 7
e 40.81261 172.51912 13
e 151.93116 801.18152 7
e 245.21656 898.78937 8
e 684.15687 1006.11825 8
e 220.35993 432.99109 13
e 694.68529 653.15316 7
e 687.17488 757.51387 9
e 402.60326 519.29249 9
e 618.82361 1009.43158 10
e 446.44179 114.10787 8
e 34.11571 803.96979 15
e 179.39916 1032.74552 12
e 328.06089 1069.30097 5
e 189.23166 316.28140 10
e 305.83726 549.62382 7
e 22.06265 327.11423 8
e 635.73568 107.20450 9
e 403.87239 136.30565 5
e 393.68064 545.85828 8
e 527.39234 166.46889 8
e 112.84325 757.75890 5
e 658.95840 865.70774 9
e 260.87524 555.53437 10
e 504.66204 1021.49626 10
e 406.69367 441.62402 12
e 594.70608 472.92158 5
e 335.66227 337.09573 12
e 447.92938 27.16209 6
e 477.01213 425.35456 7
e 474.26102 600.38143 8
e 566.03186 944.79426 7
e 559.06378 197.40491 15
e 518.39975 178.61427 9
e 26.23834 382.53639 7
e 516.13885 40.18278 9
e 498.53287 661.16987 12
e 149.88497 1039.40553 5
e 278.87656 179.23553 9
e 316.96203 92.77284 11
e 493.90589 302.04816 9
e 631.34025 782.68811 4
e 585.87206 268.15624 12
e 213.43293 982.91734 4
e 205.63054 268.54247 5
e 137.97164 955.76892 12
e 246.80140 401.47674 8
e 582.64196 381.91376 9
e 546.30825 676.64387 8
e 343.77909 316.40755 8
e 336.99647 880.71369 13
e 96.02482 70.66603 11
e 634.22010 990.58159 8
e 73.96941 977.14744 13
e 56.68780 400.80505 8
e 217.80928 737.96626 5
e 649.05942 722.14493 7
e 685.93932 833.61475 8
e 662.77382 566.47392 6
e 295.13570 671.54984 8
e 693.04221 262.55941 10
e 31.19937 249.47235 9
e 545.71382 525.66375 4
e 207.21802 647.80101 12
e 471.83602 427.97145 10
e 547.07001 936.23840 7
e 603.13418 57.58376 13
e 263.97940 379.22647 6
e 429.37731 950.33077 6
e 75.28242 504.30606 8
e 395.91549 376.01789 6
e 656.32874 1032.46457 9
e 457.92124 803.57772 10
e 546.32182 581.69636 12
e 177.72039 184.21563 8
e 465.35064 523.24452 9
e 648.20018 155.64682 6
e 367.27817 848.24382 6
e 345.63938 144.72061 7
e 479.28302 274.60844 5
e 296.23338 657.09653 9
e 659.18795 510.48405 9
e 294.25156 768.57133 7
e 366.60887 89.45688 11
e 340.70746 449.80246 6
e 623.22273 350.50804 16
e 630.13794 1002.35064 8
e 341.09955 51.96199 6
e 163.93340 867.01602 11
e 87.10049 147.46232 9
e 670.40701 690.44135 10
e 666.49993 877.71837 9
e 40.58399 1048.08684 15
e 439.77988 589.98786 8
e 640.21515 420.71805 6
e 140.83460 560.64307 11
e 452.10222 1060.89506 13
e 686.27434 888.67650 16
e 515.42075 485.80918 11
e 470.48972 682.60462 14
e 415.52472 715.96799 9
e 571.68597 619.63328 13
e 377.17436 608.24674 8
e 587.69838 402.63407 7
e 385.34612 107.65578 8
e 639.95931 360.43611 10
e 77.27947 830.43505 10
e 413.33433 278.83783 5
e 530.74780 644.54282 10
e 257.72676 838.94995 7
e 393.06579 137.60766 4
e 219.01207 619.55378 7
e 707.42175 678.00869 8
e 25.15192 746.19623 6
e 284.86234 690.63691 8
e 60.35904 795.66863 5
e 296.89194 833.00817 12
e 531.43374 713.66665 12
e 476.01628 418.51004 5
e 217.86583 784.28068 9
e 483.89484 480.57860 12
e 244.47018 950.53795 10
e 111.99666 926.77782 13
e 623.95085 918.50208 8
e 430.18659 464.51017 8
e 62.10504 664.21495 5
e 352.91345 209.34566 10
e 583.14603 911.12790 11
e 578.05576 405.84814 9
e 648.09540 782.58912 9
e 158.45528 877.03626 13
e 473.02201 723.64626 12
e 594.08162 842.75161 13
e 138.88313 862.34305 8
e 278.28209 845.67303 10
e 80.26235 934.53036 7
e 35.84223 540.64757 7
e 174.89641 427.46913 10
e 13.77931 369.39237 14
e 104.85241 113.65780 6
e 541.55730 744.33252 4
e 174.72794 505.68401 11
e 658.01842 669.60619 10
e 680.74647 1027.39700 13
e 344.00414 343.14710 6
e 275.89440 167.41284 11
e 435.24316 858.24331 11
e 117.36696 688.67023 12
e 229.12282 940.94187 10
e 403.01511 144.60443 12
e 136.41782 875.70000 6
e 657.31501 535.88326 8
e 137.82127 977.91633 12
e 635.19436 452.55637 9
e 379.80310 797.01659 14
e 433.21004 378.86587 6
e 55.31926 972.64077 8
e 364.07858 854.61769 8
e 617.17381 362.12323 12
e 131.35377 459.33500 10
e 265.69673 973.96000 5
e 571.58799 938.90011 9
e 384.32865 785.45582 6
e 219.21755 183.19856 10
e 243.04342 144.20351 9
e 697.35254 890.88456 11
e 642.89451 246.14792 12
e 513.09294 880.93950 13
e 227.62385 1003.49622 9
e 365.43916 128.81050 8
e 647.86191 211.95634 12
e 266.50640 544.49552 9
e 235.69074 428.44852 12
e 16.41194 196.13500 8
e 73.26167 581.91187 9
e 54.47807 924.12574 6
e 527.10756 493.99159 8
e 120.26351 569.19799 10
e 290.61537 1029.60654 13
e 454.38027 66.94043 7
e 613.25988 323.39533 11
e 699.47238 852.77315 14
e 168.58813 74.49748 11
e 537.97961 698.09323 11
e 640.79861 401.09264 9
e 53.02023 972.31321 11
e 52.12040 503.16561 8
e 535.69399 955.47018 4
e 249.18870 850.68959 9
e 523.53807 976.01906 12
e 425.92105 322.48122 9
e 361.37109 1062.39413 7
e 683.78267 241.23652 6
e 116.77465 820.87374 10
e 393.54720 942.85410 10
e 19.25664 996.38366 9
e 511.69842 908.03405 11
e 291.75452 13.23487 8
e 309.59066 524.29191 6
e 435.32491 134.74879 10
e 541.81520 214.62439 8
e 514.40037 322.19352 8
e 175.55079 156.73392 6
e 424.74517 873.10106 4
e 392.86174 511.27682 8
e 634.88535 286.56822 7
e 633.99860 478.84450 13
e 144.77388 634.86514 9
e 278.60213 916.58618 7
e 282.63110 859.44072 5
e 447.26632 352.05972 10
e 123.57536 1035.26733 10
e 90.21006 141.60505 7
e 17.76841 46.67698 13
e 559.13477 358.27453 9
e 230.20392 669.33981 9
e 24.35709 625.28723 9
e 509.28906 953.25712 12
e 658.67298 43.13896 8
e 274.64972 335.29423 11
e 243.42574 708.68112 7
e 667.04986 1009.28735 8
e 561.26885 419.28166 8
e 507.00269 979.71111 5
e 12.98092 28.45490 5
e 51.82644 492.85210 10
e 176.49566 1001.92392 5
e 258.89427 644.09041 5
e 654.76580 541.16229 8
e 351.58256 423.29461 8
e 215.39517 354.51484 9
e 89.36172 806.61413 9
e 258.80903 1002.26342 8
e 54.77511 106.64596 11
e 217.12658 955.67824 10
e 549.87213 26.88005 7
e 456.76547 40.43941 10
e 587.83219 73.00970 8
e 372.76132 465.65738 12
e 130.59671 803.09830 8
e 673.83930 95.44794 11
e 538.54328 504.07800 8
e 577.67919 817.58632 9
e 608.88521 268.54222 13
e 620.74309 471.94367 6
e 537.82729 63.74508 4
e 539.79485 718.62160 7
e 615.57373 550.36745 6
e 624.21926 813.69132 3
e 367.53153 620.82583 12
e 134.31055 227.43699 6
e 48.23746 12.12760 9
e 147.67264 341.07892 9
e 543.54456 1010.22493 14
e 554.53714 261.43988 11
e 170.12893 191.06950 10
e 297.65769 340.68678 10
e 540.64496 638.44382 8
e 27.63130 521.61473 7
e 530.65491 850.31985 10
e 210.77368 79.97395 7
e 559.78763 436.13554 4
e 395.57647 478.97116 10
e 590.11051 673.34780 7
e 532.20910 619.32864 9
e 261.34945 447.25532 8
e 342.09177 732.39325 19
e 133.76785 146.17154 3
e 298.94281 304.08542 6
e 291.74649 491.42457 9
e 294.23061 815.98223 13
e 451.70250 305.42156 8
e 480.94800 464.44906 10
e 553.77530 48.53384 13
e 97.02232 421.80807 17
e 685.61244 650.94689 12
e 535.59969 860.77496 11
e 47.01882 63.52804 11
e 322.34235 109.80531 13
e 576.69673 548.65481 7
e 26.37416 352.65961 12
e 320.18115 978.23784 10
e 554.70586 914.10654 9
e 280.34464 373.20783 13
e 156.85864 466.39417 10
e 606.78636 261.05403 8
e 387.52031 722.12893 11
e 468.47029 201.66722 9
e 225.17826 412.54320 7
e 414.53591 623.47607 7
e 631.05078 90.68346 7
e 305.74434 909.20164 11
e 557.38732 942.69726 12
e 591.53652 426.03906 14
e 170.17656 790.56294 8
e 421.06682 519.02300 10
e 537.46375 589.79603 13
e 356.43240 68.45142 8
e 364.03528 214.84830 11
e 334.57567 948.00650 4
e 483.08592 1008.47258 12
e 422.76066 770.11266 6
e 565.97942 748.60495 11
e 608.08278 71.19487 6
e 359.52555 624.13062 10
e 150.25339 240.36240 11
e 611.40822 316.28296 9
e 224.68325 281.20240 8
e 598.66817 489.37569 9
e 680.44549 16.74834 7
e 598.00796 301.62101 5
e 191.31933 569.59527 8
e 406.07434 445.70844 9
e 546.48487 237.05672 4
e 219.50914 713.46578 10
e 553.16407 515.13111 10
e 478.21311 936.12974 4
e 215.19376 616.29332 10
e 293.54177 348.21328 4
e 642.41388 34.61602 13
e 696.36666 973.03069 9
e 660.41772 1033.12929 14
e 637.72045 170.50089 8
e 196.71379 848.01753 8
e 43.71354 33.60026 7
e 449.97525 446.75446 8
e 413.02281 253.25126 9
e 495.23328 967.56209 13
e 477.61942 838.82253 14
e 118.24312 349.94834 12
e 299.63197 643.82862 8
e 404.55224 523.39587 9
e 75.25365 138.10280 5
e 636.81926 643.30483 7
e 637.26369 278.36307 7
e 656.93674 698.63742 9
e 686.10990 1035.27465 7
e 315.39270 950.94606 11
e 402.18393 930.96400 13
e 495.89693 393.56488 15
e 508.54026 547.98184 9
e 641.83414 430.67926 13
e 258.88547 349.48669 9
e 214.50555 803.47101 11
e 26.99819 149.41218 9
e 194.45216 1037.22407 8
e 560.41920 526.75074 9
e 30.95140 949.88051 16
e 526.22639 279.28463 14
e 599.34674 1054.77331 6
e 550.67910 856.87683 8
e 519.60764 309.77805 11
e 280.22737 364.33031 8
e 250.65079 379.15497 13
e 445.26999 338.02017 7
e 447.72418 689.51444 7
e 320.33869 407.86845 11
e 376.18402 71.12540 9
e 121.29584 129.25888 8
e 538.55348 883.98687 8
e 103.28424 517.06112 6
e 677.20009 931.96399 9
e 52.90289 799.50802 10
e 579.37836 737.75188 9
e 101.43334 668.27287 11
e 440.90363 156.73862 10
e 632.62258 222.82027 7
e 263.65942 986.22954 12
e 572.10332 869.72051 8
e 184.33318 372.75542 7
e 571.27194 33.70907 7
e 358.48450 881.29651 11
e 692.59742 920.39025 8
e 600.65706 861.90493 9
e 314.42862 104.51276 11
e 463.64370 340.86680 10
e 588.85837 667.01466 12
e 526.67238 612.22782 7
e 569.23552 89.32188 11
e 138.67441 816.26056 4
e 103.61283 982.39965 6
e 631.78279 232.92346 13
e 537.07057 105.92632 8
e 530.67381 751.86000 4
e 460.47440 793.28611 9
e 231.34261 115.91630 7
e 162.20923 343.57175 8
e 39.03942 144.07869 9
e 306.22889 681.13510 8
e 260.85415 1060.10584 9
e 462.44277 179.24442 10
e 138.71069 403.72006 5
e 657.55182 258.69223 12
e 502.45101 689.64795 8
e 317.79368 653.18303 10
e 420.46566 714.04178 9
e 148.67012 477.36992 8
e 383.28531 1023.31194 16
e 415.71661 486.79707 5
e 52.14016 616.87545 7
e 361.99917 958.13389 9
e 243.66053 615.15388 6
e 309.49630 147.48201 12
e 385.76144 956.25346 7
e 693.54731 97.21735 10
e 406.75170 814.67138 11
e 624.86378 459.65375 13
e 107.18515 829.30957 14
e 176.50657 257.22514 6
e 440.28117 607.32134 7
e 615.73265 1065.73361 6
e 456.41405 260.86362 15
e 145.51211 131.16314 10
e 473.93091 623.38840 7
e 368.94549 420.12394 10
e 18.47176 1023.38751 10
e 61.11935 911.61367 6
e 257.65702 127.82123 9
e 554.77272 604.39158 12
e 559.44515 324.31854 8
e 215.36111 179.70603 9
e 380.96327 383.20950 9
e 539.68524 986.58709 9
e 708.75311 373.81917 12
e 482.51069 829.75189 10
e 559.45851 918.76893 10
e 347.01035 212.24504 9
e 300.26135 337.62652 7
e 414.11036 880.52532 13
e 456.62090 690.52336 4
e 183.05691 822.81172 7
e 267.24312 391.05146 11
e 215.44004 410.98438 5
e 356.56883 302.97252 7
e 183.32642 958.90589 7
e 472.65818 392.80907 8
e 89.48792 328.64684 9
e 586.52641 140.35167 11
e 320.82244 321.59590 13
e 376.23601 780.76795 8
e 200.68693 126.41270 8
e 618.66961 11.84668 5
e 625.82100 218.51793 11
e 195.27040 524.03846 10
e 400.96701 21.33105 11
e 41.77921 510.25528 6
e 569.89935 311.27094 6
e 570.30166 152.21528 7
e 442.14078 250.21791 14
e 64.08123 571.96026 8
e 667.10964 871.13410 11
e 84.29400 26.46347 7
e 334.72010 689.34574 7
e 528.05178 278.57610 17
e 677.30184 591.95783 7
e 671.58071 238.63274 14
e 698.67891 18.80190 8
e 121.09265 661.54251 5
e 448.22863 604.36765 7
e 222.85816 606.45015 9
e 71.64926 658.08177 11
e 332.01919 137.02006 11
e 129.98373 996.05742 15
e 278.86957 25.61128 8
e 470.59735 413.26308 8
e 664.50077 22.28628 6
e 216.68741 691.55647 6
e 626.43703 95.24104 9
e 47.53687 181.82299 9
e 421.88304 491.67284 9
e 559.75177 927.58428 7
e 577.19046 334.40236 4
e 252.85233 693.82020 10
e 500.44714 960.84438 10
e 175.27414 832.42554 11
e 39.84108 592.49219 7
e 427.19520 645.45017 8
e 234.45973 106.20865 9
e 663.32225 826.91592 10
e 365.25614 951.07817 10
e 625.35422 1049.80126 8
e 459.34286 98.56170 9
e 611.64102 555.85712 10
e 92.92500 633.67079 6
e 351.37874 669.12373 9
e 148.28627 265.99269 8
e 518.98761 739.05533 9
e 161.86819 176.72939 7
e 149.82685 939.54544 7
e 448.53490 431.07177 9
e 11.65069 691.29536 6
e 281.47056 848.05847 6
e 96.76681 810.81107 10
e 213.93220 318.34205 8
e 357.42521 949.24584 10
e 294.11710 296.95221 8
e 368.53910 843.41088 13
e 400.18087 970.81906 11
e 347.58142 1026.69848 17
e 289.16308 836.86574 9
e 246.50885 641.00668 7
e 222.25743 419.72465 11
e 494.89581 450.63649 10
e 426.00585 658.95408 6
e 707.70213 1048.95141 6
e 596.51761 737.80567 10
e 168.97253 513.43869 11
e 441.63680 865.97558 13
e 578.77181 243.34506 8
e 263.94495 671.30103 6
e 226.77087 158.79263 7
e 45.17237 324.39906 9
e 538.92760 365.96759 8
e 386.35516 93.75112 6
e 492.61319 582.38231 7
e 199.09664 133.10256 6
e 113.21085 197.75536 7
e 402.07976 401.95196 9
e 346.82579 963.48278 13
e 360.86799 467.62327 11
e 109.47528 1016.09254 10
e 107.98576 501.64769 5
e 415.73143 45.74741 18
e 296.75418 740.52972 11
e 172.02793 858.63438 7
e 706.47055 597.16392 8
e 671.51466 956.46824 7
e 137.33139 719.09703 11
e 292.10511 681.50744 10
e 372.72082 364.49915 6
e 622.66836 831.93077 10
e 419.19347 861.48112 10
e 225.92177 329.17603 7
e 77.56256 637.74738 4
e 631.99241 380.87180 10
e 553.15125 10.31655 11
e 532.40144 21.38614 7
e 326.64779 280.81518 5
e 158.08607 54.15969 8
e 469.25951 697.70673 6
e 114.80382 790.49504 6
e 400.34108 553.39356 6
e 687.21058 712.16313 12
e 327.87609 1042.85809 10
e 615.40579 403.24847 9
e 659.28814 756.55312 11
e 407.49261 977.11033 9
e 312.51928 852.42693 8
e 444.83327 267.12764 8
e 147.72431 667.30822 9
e 326.53246 232.25736 10
e 171.26884 31.07098 7
e 510.61600 866.29953 11
e 385.16771 994.29909 12
e 214.30522 677.08076 10
e 569.57484 841.81450 12
e 348.09010 916.79181 7
e 638.34043 853.43846 13
e 193.54582 417.20676 7
e 157.15241 999.57065 9
e 91.98505 284.24535 13
e 39.50208 547.57523 10
e 57.79081 838.66177 13
e 19.01198 986.98688 9
e 451.20743 535.75820 7
e 179.71767 777.38613 11
e 271.16566 65.64114 11
e 25.36832 269.55523 6
e 206.90986 13.22208 11
e 692.86063 994.51816 10
e 340.93869 761.49954 8
e 588.83769 376.60484 5
e 463.59406 702.91671 8
e 344.80486 406.15960 10
e 280.35380 388.15921 6
e 146.04465 99.65271 9
e 643.69554 245.13587 17
e 594.80450 976.87998 11
e 420.22427 192.37093 7
e 417.52004 124.38718 5
e 566.07489 572.37358 13
e 20.49136 967.24570 9
e 277.03436 217.42536 7
e 539.01920 964.23726 16
e 662.46381 844.21657 6
e 279.27108 792.70884 7
e 420.81745 337.65278 12
e 29.89736 575.57662 8
e 173.32479 535.88833 11
e 630.20201 921.86147 9
e 393.02516 934.75578 10
e 27.88300 292.36354 6
e 198.17576 668.26491 9
e 148.96986 392.26229 9
e 49.12191 384.74942 11
e 581.13632 117.65110 9
e 35.22765 308.92077 8
e 679.08523 157.57914 3
e 599.66867 461.11350 9
e 45.34524 917.58716 7
e 216.07506 158.85123 7
e 284.75923 195.14131 7
e 607.37376 854.49231 6
e 369.58547 966.90650 7
e 281.28109 960.65630 10
e 653.03168 907.26753 8
e 493.97452 962.80345 8
e 523.95245 36.79653 11
e 699.32759 677.80356 8
e 499.95619 33.45340 9
e 209.41001 699.05579 7
e 288.68719 667.13628 5
e 385.26479 283.85180 9
e 523.85610 498.32972 13
e 160.27597 842.51781 13
e 328.37674 886.77042 12
e 468.20588 188.67499 5
e 203.02119 227.23531 11
e 238.47702 575.16294 10
e 375.90184 988.65827 5
e 554.26081 879.19863 9
e 654.29409 267.92712 8
e 582.70690 81.08546 6
e 44.09632 356.61849 13
e 294.30874 116.45985 9
e 352.45921 821.04672 3
e 348.29961 498.48807 12
e 10.49365 519.12255 7
e 479.55389 401.88327 10
e 594.82076 846.72753 10
e 435.90169 234.85288 6
e 155.40018 272.64767 10
e 220.93706 233.45701 3
e 186.53786 505.99257 10
e 179.28601 470.39865 10
e 177.35884 378.80286 7
e 33.40567 873.48171 14
e 295.44322 873.04781 10
e 664.51632 396.88639 9
e 475.17239 979.83305 8
e 225.69523 100.76642 7
e 435.94895 516.07879 8
e 93.08501 304.61323 14
e 209.56370 581.34168 12
e 84.57008 696.40679 8
e 440.89976 708.98965 9
e 662.60299 876.64012 9
e 284.79101 982.85449 17
e 557.10866 545.68997 8
e 518.91088 109.93511 11
e 380.11794 147.35276 7
e 619.74194 1045.56280 11
e 618.56620 434.69347 8
e 619.91446 161.94940 18
e 19.94889 63.47384 6
e 513.62292 1040.85416 12
e 569.23997 1028.41701 8
e 385.51838 251.24873 6
e 238.34576 915.42714 9
e 153.63491 358.30033 10
e 241.27049 229.68868 9
e 130.81293 469.27399 13
e 36.88515 717.73603 9
e 395.50731 420.50734 8
e 634.89825 316.20906 10
e 592.79048 717.25726 11
e 224.01459 934.66401 4
e 11.94947 341.34974 7
e 610.89667 79.54328 7
e 567.70591 963.70545 11
e 177.16845 906.10778 9
e 539.63904 612.16222 11
e 88.81333 466.57594 7
e 431.71091 565.77005 12
e 325.81576 202.47717 9
e 330.50162 662.61527 8
e 629.54826 640.88690 12
e 436.17293 988.69190 12
e 75.80964 236.12471 11
e 609.40333 135.96683 11
e 382.54730 486.07236 10
e 97.40386 655.47620 8
e 339.50307 437.59792 10
e 11.03408 658.67800 10
e 387.15803 190.83682 13
e 482.94354 71.36706 10
e 32.42157 628.47810 10
e 281.14689 264.60198 8
e 624.07130 907.50020 6
e 544.64328 786.37197 7
e 426.04949 179.03882 10
e 38.78901 504.68677 9
e 466.41810 593.05612 9
e 442.03056 453.16390 9
e 460.43104 19.28515 7
e 502.44451 1069.93044 11
e 333.30950 272.19022 8
e 26.71065 936.05915 8
e 287.45081 779.64946 6
e 16.12141 275.83789 6
e 182.22762 207.47805 9
e 211.27315 435.56828 10
e 373.58126 328.05780 9
e 306.25173 220.28163 14
e 69.43802 973.54252 7
e 500.44183 168.45187 10
e 667.80421 102.39565 11
e 178.00598 702.72586 11
e 308.71759 710.37943 14
e 548.02905 809.50748 15
e 263.87692 799.05588 10
e 463.01749 848.00390 6
e 359.60584 44.15311 4
e 176.82259 661.63291 8
e 672.33979 37.67942 7
e 110.80167 674.34622 12
e 68.91805 393.79143 4
e 571.82848 462.92073 3
e 677.45631 556.63474 12
e 365.86546 17.69678 8
e 155.92685 896.77271 8
e 243.86293 785.36029 7
e 283.55883 1054.22450 7
e 477.64985 1053.25379 10
e 296.71364 549.00458 9
e 633.31321 662.02487 6
e 526.36090 565.64579 10
e 297.64180 816.87473 7
e 572.35426 322.95588 7
e 597.57057 537.40286 8
e 296.73682 124.35259 10
e 491.95842 360.34696 10
e 678.96195 67.04107 6
e 563.23890 969.96551 12
e 703.60522 184.51268 9
e 66.92429 803.93833 4
e 699.56393 966.83750 9
e 612.91499 365.52621 12
e 204.64379 826.37989 12
e 209.16661 764.64671 10
e 665.74525 1065.12582 8
e 366.39070 513.36081 7
e 319.46981 462.01672 9
e 352.68564 257.66557 9
e 547.79239 412.35617 11
e 502.61392 171.95803 7
e 84.01928 24.84603 9
e 520.46867 956.42119 7
e 123.33539 851.11696 5
e 179.92146 980.26016 18
e 253.04020 419.30361 8
e 201.53535 487.63860 9
e 699.04013 967.04935 9
e 322.19972 487.30656 9
e 259.41834 352.87991 12
e 614.84779 776.17749 8
e 46.08421 31.21886 10
e 693.55938 1042.93856 5
e 178.66543 541.25762 8
e 206.64459 990.32019 11
e 110.55467 29.98518 7
e 528.26382 254.05081 4
e 592.84034 707.34530 9
e 634.78641 362.40143 12
e 640.66831 76.09633 8
e 577.48962 729.40569 8
e 706.50494 363.22700 9
e 277.16101 527.08331 11
e 106.29174 183.73228 3
e 432.34140 286.44906 12
e 448.72467 832.54636 8
e 145.61488 117.40764 9
e 552.67019 915.58690 9
e 475.51590 439.64607 18
e 424.31080 692.82011 9
e 324.13922 620.42247 14
e 79.91634 106.39959 9
e 185.66240 1015.70357 7
e 681.35076 883.36950 8
e 357.50952 465.41962 5
e 413.20165 18.77570 10
e 23.90261 906.44122 5
e 592.38204 1054.38828 9
e 529.12741 196.29662 11
e 19.32701 590.80652 9
e 167.73897 339.31546 10
e 184.68754 460.68109 8
e 369.89222 818.63571 13
e 483.31661 991.03710 12
e 356.74446 525.65906 11
e 329.45907 408.58794 7
e 700.96511 708.57237 6
e 592.05034 842.32726 5
e 610.80432 277.49576 6
e 79.34412 141.71269 12
e 80.96154 446.13516 7
e 632.23794 83.64430 6
e 234.40648 771.66575 9
e 87.70046 667.62962 10
e 152.24583 332.23780 7
e 299.28651 211.55458 9
e 336.20918 276.38638 9
e 395.13764 440.87041 6
e 315.35314 140.88507 9
e 265.26654 1067.68663 7
e 425.72738 797.83451 8
e 387.30486 103.53593 10
e 597.84147 275.98445 6
e 51.75896 797.87352 7
e 88.85710 658.54263 14
e 630.49467 466.91058 10
e 149.95162 294.62262 8
e 359.42770 170.19546 8
e 526.07965 831.18859 9
e 78.53952 665.26769 15
e 642.99768 762.12025 9
e 439.27422 866.49967 7
e 641.80716 204.67585 12
e 218.37905 159.40291 14
e 179.45003 863.34047 9
e 347.94184 927.27364 3
e 165.20898 709.47129 12
e 285.75480 543.65052 7
e 478.16612 979.88562 7
e 590.35850 130.22029 11
e 78.59730 255.72644 8
e 676.44747 862.23441 8
e 212.86158 147.76719 8
e 269.29416 294.67877 6
e 350.30937 894.59696 13
e 564.62799 722.99717 10
e 362.17534 788.21212 7
e 526.78399 986.46317 12
e 332.55171 173.47253 11
e 321.44307 841.27813 7
e 19.53469 12.23723 8
e 509.19662 814.74276 11
e 68.65257 388.03089 12
e 338.73113 324.09026 9
e 521.30145 568.45046 15
e 398.05790 329.42609 8
e 544.52658 277.85213 7
e 584.37299 990.77552 9
e 485.47202 780.89119 8
e 568.50973 693.01706 11
e 122.78371 60.16547 10
e 295.22506 892.83759 12
e 360.71979 331.14853 10
e 650.94777 611.50439 10
e 204.35956 546.50346 8
e 126.30352 655.21127 14
e 317.12140 970.98984 8
e 496.64398 258.21496 10
e 135.19537 220.44974 8
e 606.50883 213.27805 7
e 214.08069 203.18671 13
e 435.13964 15.10756 9
e 501.11839 347.01206 18
e 612.84788 765.67784 14
e 35.13888 984.85125 10
e 455.91119 350.59522 9
e 208.04666 305.68663 6
e 579.80997 1051.43449 14
e 270.25424 585.66098 8
e 121.58696 258.77813 8
e 126.12418 695.42290 10
e 435.32212 579.93979 10
e 500.83980 1062.75127 13
e 460.38996 606.60633 10
e 228.19094 490.45400 9
e 29.07519 185.94203 8
e 338.50570 111.06773 10
e 608.13663 196.59891 7
e 110.54555 995.62206 8
e 387.45103 559.16412 8
e 62.42645 754.60971 10
e 31.11368 54.02166 7
e 629.38359 118.24382 11
e 465.99918 531.68078 8
e 610.67685 353.99552 8
e 98.13295 855.21880 13
e 652.28731 460.11230 8
e 706.49358 579.82472 15
e 239.98545 1046.25763 7
e 431.62995 57.58166 9
e 144.57024 558.74634 7
e 435.92192 478.64043 8
e 546.44129 97.42772 10
e 120.18655 402.80343 13
e 156.19176 115.81637 15
e 524.73405 990.18141 4
e 130.29119 40.10400 8
e 628.19624 105.27775 9
e 575.99859 548.76498 8
e 504.62330 407.52025 5
e 338.18982 521.32890 13
e 219.52738 662.24512 9
e 168.06296 585.90273 11
e 544.33214 585.26956 13
e 119.79910 531.42438 10
e 400.87810 944.34679 5
e 325.66117 587.93769 10
e 658.71413 475.75928 7
e 460.94348 316.68072 2
e 386.82308 939.03868 10
e 363.45820 451.97676 9
e 489.22655 552.74207 5
e 188.41352 116.03541 10
e 693.23197 163.57540 11
e 618.92769 672.87380 13
e 103.64347 383.65568 9
e 426.71936 97.66276 9
e 328.76106 745.67452 10
e 262.12383 370.17370 7
e 535.58383 489.18059 4
e 462.43605 20.74919 13
e 552.13257 698.54321 13
e 314.80362 309.94357 11
e 136.37781 303.18925 8
e 107.17223 688.73138 13
e 345.44791 276.10941 9
e 653.14740 389.59736 10
e 84.65338 1007.58694 13
e 601.29249 387.29712 11
e 574.64338 850.40375 10
e 422.59841 816.80167 10
e 374.15724 306.96077 8
e 586.72720 126.22986 8
e 92.37810 418.68910 12
e 576.55953 645.95865 6
e 415.21219 341.53793 9
e 533.76855 744.46235 7
e 338.08912 125.21846 12
e 319.69505 799.20100 9
e 232.77790 903.79114 12
e 321.83947 270.52066 8
e 429.99870 770.40878 9
e 379.02288 305.64207 9
e 524.00358 211.91491 6
e 424.54275 910.19084 11
e 171.17376 810.97917 10
e 341.84711 80.95985 7
e 342.00896 530.61120 7
e 421.28469 963.35002 19
e 329.53594 691.20652 13
e 96.15871 861.61179 11
e 20.75642 342.45703 9
e 663.71640 525.45569 5
e 243.56361 1059.72335 5
e 365.53242 24.24914 10
e 169.34861 659.12559 8
e 168.53821 202.38087 10
e 379.07067 170.87945 6
e 588.55775 521.94347 11
e 478.78382 475.23897 9
e 438.21491 526.18122 7
e 625.29366 137.24129 2
e 655.39348 120.85297 9
e 382.62496 988.48927 4
e 320.87709 947.60692 7
e 489.26014 412.77945 14
e 137.42710 749.41620 5
e 689.97508 112.56795 7
e 11.87409 120.15976 10
e 346.30766 765.77626 9
e 491.74540 552.46838 12
e 217.07221 295.67849 11
e 332.15439 283.95350 6
e 604.39451 1056.00304 9
e 697.28784 1019.60709 13
e 630.27720 139.70260 9
e 634.13006 498.80489 6
e 33.83554 587.64540 12
e 283.40891 755.29273 10
e 312.89210 176.76141 12
e 55.87249 561.84830 7
e 616.57847 457.90783 11
e 443.20893 96.23836 8
e 617.65018 540.90211 10
e 144.02252 868.71147 10
e 658.03708 775.13221 13
e 531.56721 1031.35433 10
e 676.62204 773.62091 5
e 181.09322 64.86383 12
e 18.74751 203.98918 9
e 44.62395 502.96032 10
e 110.71403 294.18023 14
e 440.40418 811.66536 12
e 441.31304 234.63609 11
e 528.90363 745.23371 10
e 603.44156 599.91801 10
e 82.36109 370.37463 7
e 585.81149 599.31203 6
e 76.89997 497.02118 5
e 322.90469 892.80776 8
e 413.77096 601.88512 8
e 528.56819 577.04887 5
e 23.27834 838.35867 10
e 393.12321 571.96280 8
e 36.55848 953.95636 8
e 118.65444 863.01082 15
e 446.70855 1062.04506 9
e 567.68727 326.15339 13
e 321.86762 416.41821 10
e 547.20047 445.61200 6
e 675.73437 457.11278 5
e 499.81248 803.35115 8
e 41.64093 749.50914 7
e 420.85228 671.51302 16
e 213.16305 672.36462 12
e 546.75832 881.98466 8
e 686.92863 389.38724 12
e 324.50191 559.29758 11
e 242.55436 847.25181 5
e 377.19320 914.75693 10
e 448.05559 568.60228 8
e 117.19083 586.50779 10
e 34.64939 114.57655 7
e 471.25373 489.00756 9
e 266.45004 973.56917 11
e 489.69287 261.26692 14
e 570.25920 913.01511 7
e 28.46582 101.14847 5
e 693.20896 526.08676 10
e 687.38428 925.38505 7
e 584.24913 341.43385 16
e 27.21723 322.31451 14
e 406.38183 205.41455 9
e 467.12316 397.22842 9
e 396.04040 939.32431 10
e 197.49573 1001.98231 9
e 557.70409 91.91623 11
e 378.42899 615.49692 7
e 387.76663 842.13721 9
e 339.98642 57.98968 11
e 511.09674 457.06690 18
e 298.83769 1019.41047 2
e 90.58296 146.14388 5
e 395.92512 918.28098 7
e 211.42797 982.33036 7
e 450.79754 434.28109 10
e 370.82833 790.67430 11
e 389.93756 744.84543 6
e 428.58135 701.83659 10
e 187.97286 194.47855 10
e 680.78156 959.78587 11
e 546.63143 466.47574 10
e 60.55739 253.81206 7
e 641.17021 832.07827 10
e 603.75013 747.56879 10
e 501.53226 363.27068 6
e 68.92536 705.50917 10
e 479.82074 786.35292 5
e 282.90954 309.82743 6
e 615.33715 892.05719 11
e 68.46492 1050.24478 11
e 482.15020 567.30204 12
e 215.84923 241.27167 11
e 185.80203 34.64391 14
e 693.88075 389.09069 6
e 169.83385 381.35267 11
e 361.99972 522.56020 10
e 208.90321 687.76118 15
e 46.33451 292.53232 12
e 488.37747 77.62880 5
e 574.44180 64.43625 8
e 86.93211 124.00003 7
e 147.10641 752.11695 13
e 433.65094 533.01947 11
e 178.78083 714.22906 12
e 218.44386 37.89329 12
e 189.80890 833.21647 11
e 107.21033 167.70162 13
e 214.29107 948.70280 9
e 588.29331 498.74734 10
e 607.83839 528.47995 8
e 628.23680 317.66069 10
e 181.84181 249.90913 4
e 54.77201 207.86836 9
e 592.62802 792.96508 9
e 525.23912 485.58404 9
e 635.42314 633.48925 7
e 88.81045 777.43649 11
e 439.81184 386.05927 7
e 557.48011 192.37732 8
e 371.77097 738.04702 9
e 486.06472 692.64120 10
e 631.22729 271.44328 12
e 396.51344 291.17826 5
e 36.77618 315.68062 9
e 412.42106 399.09727 6
e 67.50119 126.87611 6
e 376.72166 203.48156 6
e 587.11436 241.16549 8
e 102.24030 191.83584 8
e 220.57337 1053.25120 9
e 495.20971 184.00373 11
e 431.71770 179.71248 8
e 95.40175 627.21813 11
e 435.22671 969.13421 16
e 272.26315 1045.20093 8
e 278.57143 334.32861 6
e 277.08337 180.84866 9
e 672.49525 229.47037 10
e 528.88950 935.75698 8
e 371.20122 307.79816 13
e 204.84185 222.75610 8
e 161.14195 526.26456 11
e 594.46609 745.14854 9
e 689.35862 522.93336 7
e 460.83706 728.76292 8
e 709.80999 1049.86246 6
e 171.54774 994.54056 6
e 176.79900 444.44465 7
e 629.65191 401.57546 8
e 537.28890 386.21865 13
e 550.68884 1049.99169 7
e 211.08794 403.49446 3
e 674.77893 962.01376 17
e 390.30773 385.96990 8
e 141.83897 296.55307 8
e 337.92037 125.14494 13
e 508.47739 683.04941 11
e 677.08092 550.44403 14
e 533.41947 554.38210 15
e 150.22254 764.55153 12
e 620.12439 246.92038 7
e 684.50005 302.90057 7
e 697.71090 882.25057 10
e 175.24710 348.24666 8
e 116.07299 824.10758 5
e 361.57475 774.71963 10
e 699.05897 202.97976 10
e 444.43948 973.18964 8
e 598.54103 968.37421 11
e 147.22095 587.13825 7
e 503.12014 666.93966 7
e 140.17499 264.87799 14
e 256.84667 823.34751 9
e 695.87424 48.48599 16
e 157.37994 893.55836 11
e 709.16649 241.35018 3
e 367.00495 509.52112 9
e 417.22986 93.66148 10
e 703.02450 1016.53931 13
e 592.83380 428.28274 13
e 265.85351 862.85286 11
e 223.91623 433.45601 7
e 199.06809 198.97956 8
e 691.06519 822.23242 8
e 46.40965 425.49336 6
e 266.98363 1038.50102 5
e 156.34465 422.33066 11
e 200.71098 613.89893 8
e 497.52576 282.73076 9
e 688.62759 857.54296 7
e 489.47546 786.87826 10
e 398.82160 918.32939 17
e 286.94134 260.29982 10
e 12.66259 390.45727 8
e 464.05071 199.71073 9
e 584.23817 746.00646 9
e 245.74060 553.09257 11
e 348.90246 183.77803 6
e 333.77194 93.96314 11
e 610.21064 334.34075 9
e 57.97322 99.81431 6
e 472.23231 167.27596 16
e 360.89959 33.04264 7
e 685.53440 352.54183 10
e 271.53569 703.08194 9
e 586.12829 829.31478 8
e 285.55107 911.56673 13
e 124.69023 211.85059 13
e 299.05233 141.99949 10
e 574.50992 88.58272 6
e 246.70496 875.79158 9
e 107.76988 146.45067 8
e 128.03085 252.57710 8
e 635.62837 446.22206 6
e 202.01044 869.69523 11
e 197.91996 142.80131 12
e 502.35265 746.45503 9
e 411.88184 134.36701 12
e 354.67117 44.14429 11
e 317.33805 231.59343 9
e 638.38602 102.48298 16
e 194.64565 1032.78024 10
e 699.17480 714.89461 8
e 197.55703 611.35781 7
e 354.83614 997.62412 9
e 18.34580 626.30055 8
e 305.65569 593.22785 11
e 127.61783 682.12907 9
e 558.03593 1035.67754 4
e 353.29399 384.78713 9
e 349.98719 481.39735 12
e 587.26552 1024.71287 8
e 426.17801 514.69351 8
e 117.79072 470.60920 11
e 424.70505 410.15201 14
e 700.98525 820.96563 8
e 671.27900 634.88643 12
e 309.86737 153.35141 7
e 341.42587 957.89302 12
e 116.93014 615.78757 10
e 245.48737 687.42417 9
e 704.27875 157.68185 11
e 355.22681 843.73432 9
e 371.16907 395.58361 6
e 675.77319 431.15265 5
e 121.22383 578.00980 15
e 78.51662 684.09405 13
e 200.22313 370.16050 9
e 292.26206 194.62002 9
e 654.68019 708.63547 10
e 186.60691 763.37749 9
e 177.95681 908.90868 12
e 319.36331 974.43808 14
e 259.01790 34.13494 19
e 420.21320 941.06197 6
e 448.44934 734.09691 7
e 63.74835 202.14425 11
e 485.76743 260.65169 7
e 663.92993 223.62190 12
e 614.54849 807.09419 10
e 422.56573 911.10483 11
e 592.31984 747.21621 7
e 410.23266 31.54342 14
e 371.94416 510.58537 10
e 506.71636 880.48998 6
e 489.33601 558.23315 8
e 224.48593 835.63823 10
e 134.36289 62.71745 12
e 699.86468 309.45440 6
e 448.36308 200.94245 11
e 458.52824 894.55426 9
e 347.20087 666.85319 13
e 627.92423 764.51213 6
e 678.81072 823.26705 10
e 415.56539 204.79238 7
e 654.13047 607.26910 9
e 319.03343 512.29098 8
e 394.61794 191.30832 12
e 382.91845 725.74756 12
e 183.19967 603.42685 9
e 176.87245 416.66644 9
e 401.99453 177.93335 9
e 403.22880 683.47032 9
e 416.01527 1021.97476 9
e 297.16028 793.66577 3
e 328.26413 158.93740 11
e 322.37644 561.47345 10
e 56.09072 130.72337 12
e 227.74162 1013.05285 7
e 606.24934 683.18044 8
e 372.35044 574.76507 8
e 222.48609 168.41339 6
e 443.80674 172.44689 9
e 165.87950 464.13110 13
e 455.35088 132.96613 4
e 298.06627 740.91125 11
e 236.52202 961.87753 12
e 52.00851 1015.16471 13
