c ./output/rectangle/uniform/uniform-rectangle-9-4000
p rectangle 4000 720.00000 1080.00000
e 280.63233 549.64934 12
e 387.17656 947.29489 6
e 222.77607 272.04892 9
e 127.52410 455.49407 12
e 220.24868 389.88748 11
e 508.76847 207.89860 10
e 688.22485 423.24442 9
e 338.62579 992.49588 10
e 658.32990 371.89638 9
e 29.02341 576.69201 6
e 290.87947 680.49720 7
e 390.71176 790.50025 10
e 123.33166 1025.72536 4
e 540.99676 957.70188 8
e 348.12192 818.26877 9
e 12.19009 799.89367 6
e 264.44275 194.37343 5
e 526.79957 97.29882 10
e 330.91840 1038.84704 10
e 536.83868 1017.74497 13
e 530.76358 624.71771 15
e 80.67187 423.73577 6
e 317.84072 279.50832 6
e 122.64423 531.26379 5
e 29.19108 771.50439 13
e 562.28179 741.45104 5
e 141.29218 158.01909 9
e 44.18419 830.87215 4
e 413.76667 539.66777 11
e 524.67510 23.34259 11
e 20.88130 600.19966 5
e 650.44099 778.57017 10
e 370.33521 31.21807 9
e 302.96967 389.57117 6
e 137.09959 672.92193 10
e 636.58747 813.97389 8
e 98.30711 293.71057 10
e 465.62903 62.49319 8
e 49.61479 882.47075 9
e 174.63712 389.31130 9
e 533.91904 505.60251 9
e 645.95254 159.63463 11
e 43.06611 1024.28334 11
e 23.87242 350.71086 9
e 54.47587 360.67721 12
e 343.68990 490.28281 10
e 542.31488 1009.17701 7
e 690.81511 676.13788 10
e 118.28683 592.70931 9
e 189.80452 691.62417 9
e 551.59682 123.02146 4
e 60.63936 481.29300 3
e 465.22390 1038.81790 12
e 633.13088 872.95236 15
e 514.87196 677.78226 11
e 270.13723 239.74029 6
e 693.98094 1064.86341 14
e 531.01140 694.72220 8
e 132.25402 57.54952 9
e 439.52014 1055.95690 7
e 592.18696 729.93210 13
e 402.44749 916.73066 10
e 469.19133 998.79321 7
e 626.59899 183.53813 9
e 20.15301 628.59468 8
e 326.74029 481.43022 14
e 707.37822 949.13524 10
e 681.65248 434.75336 12
e 528.76544 772.20265 7
e 362.76681 912.79102 11
e 633.92880 99.14465 16
e 196.32788 367.87585 10
e 68.58556 686.11927 7
e 31.23439 736.94769 7
e 705.92526 77.99360 10
e 320.45177 113.98056 6
e 366.48943 407.52102 5
e 461.98630 915.86104 11
e 225.36604 908.82239 10
e 548.63718 123.85810 7
e 350.56438 157.62070 9
e 40.30815 578.76915 10
e 272.43957 458.47969 10
e 75.30114 371.82900 6
e 118.99849 447.57740 10
e 42.46496 214.58842 10
e 243.56482 1064.84806 9
e 352.08722 746.03149 15
e 550.36010 57.43538 9
e 530.73776 508.97718 4
e 74.80592 834.21998 8
e 392.39606 545.22910 7
e 612.35794 939.79764 11
e 447.15016 587.46044 9
e 632.58317 382.88595 19
e 177.61070 580.57298 10
e 260.89803 520.43006 5
e 628.83234 312.79717 5
e 707.40897 448.09435 6
e 596.23012 848.44649 8
e 359.73285 117.33435 9
e 665.15109 1050.21110 9
e 586.96615 775.66952 9
e 161.12007 198.45534 11
e 171.88243 652.45187 8
e 508.17682 755.50981 10
e 531.28176 124.03623 13
e 363.46185 916.38950 6
e 688.14584 202.85569 9
e 575.53590 208.01866 13
e 703.22165 693.40127 12
e 213.34987 850.96238 4
e 597.99360 358.06182 6
e 316.58795 275.72123 4
e 348.56753 204.20691 8
e 153.12240 748.38189 9
e 630.31285 229.34424 5
e 217.58941 223.71522 4
e 328.02597 227.04957 5
e 679.32809 299.87863 7
e 344.03980 758.67022 6
e 593.09641 437.53715 8
e 545.90383 916.79248 7
e 627.25421 794.23593 15
e 287.09737 863.62122 7
e 382.05299 1016.45888 10
e 520.14139 891.50886 13
e 371.69832 490.62477 6
e 79.24543 199.53244 7
e 53.31026 924.61466 9
e 557.49788 447.76679 5
e 462.33465 416.41398 7
e 344.17144 580.92602 11
e 541.03052 228.91399 9
e 414.44388 881.81782 12
e 675.63680 56.61476 7
e 358.40882 89.97719 10
e 485.29318 685.15662 7
e 305.44712 75.34324 11
e 210.57683 847.84256 12
e 532.95648 415.20964 13
e 71.99067 591.64060 9
e 210.73966 404.78479 16
e 699.56304 367.19230 6
e 689.49839 600.63134 9
e 438.96766 772.65829 11
e 548.67332 142.06399 17
e 272.31031 954.55198 9
e 62.74932 840.59367 6
e 296.55172 503.45089 11
e 23.00812 881.97325 6
e 545.43502 895.89233 8
e 621.79113 279.97363 9
e 607.35397 98.54876 10
e 178.25374 646.70444 5
e 636.61449 848.35127 8
e 328.14637 790.98043 10
e 177.03675 404.00825 12
e 212.53404 1052.24834 13
e 463.35124 1053.00214 14
e 509.13456 646.99641 10
e 217.26865 994.43768 11
e 308.78385 1064.55263 5
e 274.67685 818.76700 15
e 421.32823 762.26121 9
e 704.24613 318.88822 10
e 316.69732 132.74071 15
e 693.91328 962.11565 7
e 166.66941 262.99158 9
e 505.87707 724.22308 13
e 527.93312 637.68005 8
e 266.96898 36.44722 9
e 29.20280 1026.67670 4
e 303.35914 817.30328 11
e 238.97228 716.08167 7
e 13.17905 803.46877 7
e 426.47340 161.79498 14
e 104.35054 145.47863 8
e 118.06203 707.35454 8
e 670.25593 81.37175 4
e 30.38859 504.68882 12
e 268.49300 534.84909 8
e 186.57398 780.96607 9
e 188.99191 504.66606 10
e 83.89242 305.88498 6
e 628.41884 557.75377 11
e 681.47413 275.28290 9
e 26.88377 550.92417 10
e 525.38453 282.38808 6
e 195.48515 903.94699 6
e 662.37694 16.48350 9
e 86.91768 925.58881 10
e 514.39933 172.29312 13
e 330.18904 412.04238 11
e 387.41369 335.40044 5
e 500.14852 23.06655 8
e 297.97021 1031.16039 11
e 657.57932 701.03990 8
e 603.25222 282.10723 11
e 348.50204 384.75828 7
e 14.64188 445.94856 10
e 332.72717 128.56934 10
e 78.47516 77.61744 11
e 171.65392 1046.98233 10
e 459.87815 634.75598 5
e 94.30932 45.81433 8
e 323.58799 711.54886 7
e 541.76865 649.20795 11
e 396.93191 169.65830 10
e 173.47286 686.49530 9
e 300.84857 1034.06665 11
e 148.42621 330.74441 13
e 589.96080 543.93367 6
e 292.63022 70.48827 3
e 539.87462 860.34200 7
e 51.53963 240.31013 15
e 247.43648 464.12602 8
e 82.17895 248.21586 10
e 82.62356 526.49923 9
e 670.77472 248.05889 12
e 660.34258 477.69521 11
e 447.32918 564.00947 8
e 482.26510 165.46049 6
e 240.63758 529.44801 15
e 566.11979 593.09846 10
e 609.42379 436.18518 7
e 592.45141 621.82557 6
e 631.66250 181.21949 9
e 601.87854 837.79845 8
e 312.17779 17.80140 9
e 353.25723 21.76452 6
e 342.60618 462.27612 12
e 474.09027 595.21730 8
e 39.42776 257.06050 8
e 699.06069 572.64831 12
e 565.49950 186.51314 7
e 229.58980 479.82612 4
e 605.64508 1056.07514 10
e 88.42892 522.47995 9
e 166.51007 973.19120 10
e 277.88032 569.63687 9
e 421.91135 1063.70276 9
e 284.37213 590.69314 7
e 594.22465 398.74108 9
e 677.34656 387.17240 10
e 97.34311 591.02587 9
e 471.95535 687.33798 10
e 450.89043 240.49479 10
e 512.72261 414.19769 8
e 34.43360 625.11610 10
e 437.52038 806.98560 7
e 422.31270 827.41829 9
e 629.49336 906.64148 8
e 156.06849 651.71319 7
e 559.63619 727.92863 11
e 262.35552 264.37904 14
e 45.19259 675.45513 5
e 566.07154 651.84193 6
e 459.87365 26.68609 13
e 219.76126 256.92439 11
e 461.33739 48.58275 6
e 536.83753 972.38456 6
e 498.62197 448.95549 7
e 634.24457 418.88368 7
e 471.78605 704.05364 8
e 396.51063 10.95301 8
e 203.31047 476.23877 6
e 624.75310 796.58629 10
e 93.32155 437.24587 6
e 666.96633 628.94420 13
e 667.51128 577.01928 11
e 683.13214 506.47283 11
e 32.43222 159.17160 12
e 143.15269 371.73251 9
e 275.33201 241.80306 8
e 131.15105 716.00541 7
e 280.34144 241.63403 13
e 299.56063 338.95977 13
e 533.54486 703.61148 4
e 19.04646 348.04785 12
e 196.14139 679.40537 10
e 544.05775 480.16293 8
e 21.51186 306.67909 15
e 451.19460 222.97585 4
e 259.11454 983.23128 11
e 32.44421 103.12891 6
e 702.56437 889.58649 10
e 593.16016 615.87825 13
e 64.12504 729.33909 5
e 205.46434 541.75562 11
e 572.62537 270.62119 16
e 54.05927 104.74367 8
e 59.93876 936.82593 5
e 319.76710 891.90141 11
e 403.34059 810.48594 9
e 605.43378 1027.60576 8
e 375.40895 775.96029 8
e 645.62581 822.60631 9
e 630.16504 669.96793 6
e 54.38332 672.15598 10
e 316.80999 765.35589 14
e 595.35197 958.87195 4
e 548.56744 686.24374 10
e 568.80058 394.52741 7
e 665.75386 537.29112 10
e 477.78668 565.22002 15
e 283.63584 703.87244 9
e 670.69774 257.14261 13
e 663.00022 334.41702 6
e 498.84529 965.12288 5
e 652.56641 818.24629 8
e 486.16292 143.53094 11
e 331.09300 107.00843 10
e 690.25378 140.70484 8
e 298.27751 729.04349 5
e 344.42443 162.97650 6
e 384.57034 1017.83601 5
e 112.25689 816.65727 12
e 274.67578 905.43015 13
e 491.11540 566.88992 4
e 435.99660 500.99811 10
e 97.01827 333.14827 11
e 525.29852 283.82384 13
e 47.62563 558.74005 7
e 112.23844 260.38209 10
e 453.52170 749.26800 8
e 358.42151 368.82090 10
e 168.77758 286.62358 6
e 440.45294 394.75769 7
e 393.67017 387.30658 9
e 319.09476 574.16246 11
e 435.80512 387.33858 11
e 305.22223 901.86940 11
e 481.09356 957.37736 17
e 383.87688 433.35339 9
e 542.49383 392.14890 6
e 201.63416 505.69007 8
e 74.82181 359.56666 7
e 24.83197 662.61520 11
e 431.64094 77.38786 5
e 597.53960 333.30202 9
e 129.82362 974.06488 11
e 108.04014 243.26292 9
e 262.76655 250.35585 11
e 564.42859 542.48297 5
e 236.55545 162.32480 13
e 442.81742 899.26071 7
e 467.75071 798.98117 9
e 402.85241 609.07547 7
e 130.57381 425.41443 9
e 202.72939 649.35279 7
e 154.13500 751.46968 9
e 643.37069 1035.22676 8
e 387.28649 377.16281 14
e 603.25922 798.63627 12
e 31.42354 777.15819 14
e 368.05784 206.26212 6
e 598.85151 156.35728 11
e 207.72810 1043.95343 12
e 97.30079 66.76879 10
e 613.43169 1049.70887 8
e 203.49523 404.08577 11
e 459.15224 893.13861 14
e 683.85209 75.44161 10
e 123.50726 282.51166 16
e 522.96927 559.04031 13
e 527.24672 594.03579 12
e 470.96429 274.18478 4
e 583.06393 700.89792 7
e 283.76319 790.83467 7
e 330.96051 268.17762 7
e 176.32415 731.97018 12
e 436.93375 1008.21983 14
e 523.10129 1066.16638 9
e 117.03783 807.10131 6
e 353.28388 930.46455 5
e 377.75637 687.35614 9
e 475.61966 656.89421 5
e 19.81885 662.18304 7
e 19.74998 883.43071 9
e 599.61425 155.86365 8
e 220.40332 944.24829 5
e 417.75996 439.00096 8
e 336.84196 1005.87796 11
e 573.82660 403.15890 6
e 686.66822 625.82445 4
e 547.46799 10.75935 12
e 355.35654 203.96831 7
e 618.07875 30.64592 10
e 176.78814 1065.88304 10
e 43.62163 634.52867 11
e 345.18889 56.58537 19
e 76.98144 37.65531 8
e 64.21435 781.26858 5
e 563.03660 329.70283 10
e 264.00524 560.18938 9
e 614.69606 166.46609 13
e 250.92638 280.88724 8
e 484.82778 487.53922 9
e 80.76713 633.99107 13
e 181.40943 398.79626 5
e 10.26407 226.76694 8
e 371.14572 552.42371 11
e 243.43585 70.60634 8
e 24.78618 960.83942 8
e 602.55242 563.96892 11
e 476.72302 762.29347 11
e 495.23530 296.70205 9
e 513.01570 485.27740 11
e 583.73177 152.50299 7
e 407.38713 1051.27305 9
e 37.90355 545.84244 11
e 263.18062 418.67672 6
e 24.12686 22.38781 11
e 690.18009 680.80091 9
e 639.86160 1042.94775 8
e 362.29915 595.29926 9
e 709.55095 798.25164 10
e 461.71741 688.38857 7
e 452.55524 114.42876 8
e 566.54872 861.37175 9
e 20.88591 113.07341 9
e 337.56665 1050.32103 8
e 142.19549 454.00545 7
e 263.42773 321.34994 11
e 429.10646 501.57467 9
e 27.78087 111.62143 8
e 354.63282 869.17449 6
e 629.13020 58.76656 9
e 705.92881 23.18444 9
e 288.59890 71.34256 4
e 122.98559 955.93795 10
e 257.02435 17.29980 11
e 320.98711 1054.35904 11
e 16.86250 68.48815 6
e 614.06608 443.16224 11
e 114.89580 204.19048 7
e 452.27717 370.17717 8
e 314.85155 253.88264 7
e 262.08050 267.55440 8
e 465.98143 372.54299 4
e 243.99988 655.23452 9
e 487.08767 722.51003 7
e 79.40791 1046.40425 6
e 235.49321 1035.99156 15
e 15.25332 683.13078 10
e 218.75818 309.03313 10
e 660.93348 609.49502 7
e 143.58117 711.96174 8
e 538.38691 73.29330 8
e 638.22505 269.13434 8
e 586.57604 804.77152 12
e 522.72676 604.49292 14
e 359.40914 778.23967 7
e 360.46584 385.83372 9
e 562.45833 531.57509 11
e 592.09537 664.21938 7
e 669.14396 924.04898 8
e 381.24089 899.84069 11
e 222.39485 950.19489 11
e 176.21713 576.80151 7
e 576.62356 499.66110 11
e 622.45227 457.82540 9
e 659.31092 618.75522 8
e 400.37086 999.14675 4
e 274.65212 122.05381 8
e 346.62165 283.24625 7
e 657.38332 215.10253 12
e 10.41035 898.19419 8
e 376.03923 435.80521 8
e 64.32561 1019.83541 10
e 612.97824 75.69826 13
e 158.61540 580.19519 10
e 89.37630 140.76863 11
e 368.30305 234.26748 12
e 264.71724 562.70461 8
e 291.49223 424.60269 7
e 495.85987 871.74786 8
e 156.19582 1060.94954 5
e 260.67733 157.00773 13
e 43.63935 666.69243 7
e 600.70349 473.26428 10
e 163.83617 614.57276 12
e 424.53648 723.87371 8
e 613.98910 349.21089 8
e 64.82154 389.93861 5
e 267.15273 641.08614 11
e 570.28019 372.75859 7
e 135.67858 912.87957 11
e 568.81378 116.41244 10
e 191.73098 376.09083 9
e 413.26151 978.46938 10
e 655.19548 199.28834 9
e 511.28138 126.73308 8
e 48.02650 207.29061 10
e 503.18995 137.46877 8
e 188.29526 375.94858 5
e 151.61687 479.47975 8
e 322.91512 1004.54312 10
e 77.39702 145.91631 6
e 102.22693 917.70479 15
e 198.87837 816.65687 7
e 556.93689 110.14536 11
e 276.51777 330.15733 7
e 275.30409 661.78019 10
e 224.77225 229.54696 10
e 114.08164 728.53602 9
e 647.79670 713.62574 5
e 482.54277 826.84939 5
e 57.46239 716.73502 9
e 513.20088 306.18402 7
e 638.25288 373.74293 8
e 410.32447 461.24342 11
e 333.46564 326.03324 12
e 177.98926 651.11359 9
e 257.19528 507.97540 9
e 464.38880 240.16692 10
e 690.51255 445.19075 12
e 321.90038 271.19435 6
e 397.43517 209.60631 13
e 354.83571 763.09258 14
e 409.44325 630.55980 5
e 237.93887 201.02818 5
e 647.62386 724.48026 8
e 677.81322 856.42055 14
e 218.79187 61.93656 14
e 566.81341 397.93002 7
e 589.36954 804.68586 12
e 65.30089 145.15803 10
e 597.09447 361.13419 6
e 43.78665 281.39627 8
e 423.19324 895.48285 6
e 402.66207 899.87987 6
e 197.95273 676.31139 11
e 363.84238 949.44964 7
e 296.25578 837.20603 9
e 617.81955 353.77281 6
e 41.86393 553.28775 11
e 440.18309 233.90776 13
e 331.90929 761.32450 8
e 261.40610 662.58005 11
e 579.38413 1058.19276 15
e 186.44646 407.60048 10
e 649.20104 773.35564 13
e 339.98303 403.77404 13
e 187.17216 181.12365 11
e 76.17533 756.19468 6
e 283.69258 530.11114 5
e 509.11876 252.27405 12
e 266.65955 592.78188 4
e 699.72091 876.94310 9
e 507.10034 422.78520 4
e 671.01435 521.14221 10
e 562.77634 276.21994 9
e 610.79766 583.07654 8
e 161.95747 614.60397 5
e 234.23483 353.21605 13
e 663.75956 824.83996 7
e 569.09088 680.22856 9
e 279.41905 728.72558 9
e 94.57125 951.91219 11
e 21.32599 48.44456 6
e 588.89053 15.74031 9
e 233.70416 741.23856 13
e 227.76406 241.86918 8
e 306.44811 767.34971 8
e 191.38102 938.23480 15
e 311.06458 958.68343 4
e 274.53785 75.35134 9
e 364.00191 1015.91096 11
e 227.04061 393.36370 10
e 73.74120 182.68344 5
e 110.14016 143.60313 12
e 343.66235 753.36678 9
e 192.17710 868.46828 8
e 15.14627 284.71201 12
e 649.52917 560.15908 6
e 480.94525 975.44848 11
e 442.06546 1020.32015 7
e 449.34669 737.94792 12
e 367.77918 683.97549 2
e 542.79962 826.02543 9
e 140.75248 267.95360 6
e 341.16486 851.45308 11
e 82.18401 390.79050 5
e 581.18419 849.33567 14
e 683.98661 371.15830 6
e 204.11726 409.12591 3
e 42.02693 382.94458 8
e 610.51139 488.35271 12
e 250.61785 221.37036 8
e 187.46734 829.27769 10
e 650.69643 879.75695 11
e 273.12153 962.69432 8
e 56.25160 57.17568 9
e 223.70477 925.41425 7
e 435.59974 105.98508 12
e 119.98759 206.37525 10
e 196.36416 1066.35681 9
e 60.22295 372.94446 9
e 447.76101 990.55792 13
e 679.46832 633.82221 13
e 645.86136 1047.69440 9
e 273.75578 353.14487 8
e 209.75894 795.73574 11
e 100.31040 336.54501 5
e 266.48639 484.34646 10
e 507.10022 1012.21163 8
e 676.30635 767.17816 9
e 219.53129 363.88709 6
e 494.75442 1068.46812 10
e 466.73679 365.46232 10
e 293.83391 333.43423 5
e 59.29203 616.09204 13
e 640.17582 801.06579 7
e 507.65002 360.49453 8
e 589.23871 866.11425 9
e 593.78520 599.79264 13
e 89.86872 551.11998 7
e 140.87565 884.07253 9
e 449.24410 725.80956 13
e 253.24358 693.75104 10
e 671.47087 1006.57834 8
e 250.82446 850.96982 9
e 134.60797 368.33567 12
e 30.74107 334.56870 8
e 433.43866 562.41294 9
e 617.38207 666.80511 14
e 561.53484 238.25023 9
e 161.23982 908.48638 14
e 369.46554 910.22778 15
e 193.07491 474.45025 7
e 530.28501 743.74304 7
e 227.51145 852.10466 9
e 384.63948 396.01153 10
e 102.82360 291.75864 10
e 217.41410 248.48309 7
e 240.63944 937.02778 12
e 629.34628 641.05787 15
e 625.86905 921.32654 7
e 142.45106 433.53155 15
e 196.35005 71.29474 7
e 168.28671 286.43442 12
e 593.79070 545.55428 3
e 82.35409 405.56340 7
e 227.73840 724.08264 7
e 195.31243 584.82081 10
e 361.21323 512.64853 9
e 68.08991 792.04966 10
e 644.29824 583.12658 7
e 498.44560 424.07250 9
e 188.92471 96.90187 9
e 43.10283 381.77356 9
e 43.47666 1027.05300 12
e 564.15763 884.64779 9
e 669.77448 924.88893 10
e 65.23782 339.75699 14
e 409.99981 179.58856 9
e 707.22254 889.24752 15
e 335.28591 689.88291 8
e 111.43866 688.03106 13
e 64.77949 451.74845 5
e 403.67347 987.33105 4
e 125.51222 133.14690 4
e 338.46894 52.16360 6
e 504.78873 1007.48630 12
e 557.55279 695.70364 11
e 569.28205 998.44036 9
e 109.68103 611.02094 11
e 601.16898 185.64720 16
e 391.61881 141.85930 7
e 13.58809 247.42715 14
e 271.66811 975.80326 8
e 26.58116 757.39087 5
e 143.41731 854.48058 15
e 296.53830 119.42771 7
e 217.70438 816.37233 6
e 430.14924 186.37744 8
e 454.72794 47.96311 5
e 483.62894 438.65799 10
e 109.17780 429.60324 7
e 364.06537 561.76396 6
e 34.27600 238.07406 6
e 47.71995 703.57579 9
e 232.42568 771.21039 16
e 439.34845 140.34157 11
e 251.55698 296.93652 11
e 16.67443 648.38049 7
e 290.63094 799.78171 8
e 420.29368 1035.92061 8
e 639.33950 300.99222 12
e 219.94769 685.97128 10
e 336.04388 433.33797 7
e 532.97623 307.72049 11
e 588.00285 815.19746 5
e 632.03673 1063.83385 7
e 77.58942 972.65644 8
e 250.12875 756.54987 8
e 159.66454 381.35488 7
e 561.65230 274.68331 6
e 352.54690 37.38425 8
e 396.77633 445.18105 11
e 483.22510 577.87498 8
e 352.30325 313.17523 10
e 76.45910 216.19285 11
e 548.79697 100.71929 12
e 635.88585 66.21188 7
e 241.37084 1028.89352 11
e 150.68046 1026.88181 9
e 678.00992 254.51649 7
e 398.57095 638.57969 6
e 74.20860 848.42102 10
e 460.14729 431.72626 13
e 180.96615 631.27982 12
e 61.82821 73.15644 7
e 14.22755 275.31685 8
e 657.90579 288.36316 10
e 225.93655 920.51285 12
e 493.42881 876.53284 6
e 129.23309 654.53641 4
e 378.49243 806.63782 9
e 609.65484 1064.54482 14
e 12.13009 921.96414 15
e 586.39454 196.36474 9
e 631.22299 50.10318 8
e 477.01924 152.67985 8
e 361.70946 918.80332 8
e 613.52886 157.35198 8
e 561.76535 889.29381 11
e 343.50533 293.94657 9
e 499.68152 272.43025 10
e 640.56649 794.43477 7
e 557.70651 406.65234 8
e 289.94980 179.60150 9
e 339.46582 247.28978 5
e 456.41566 621.74631 8
e 278.04973 1063.04671 7
e 54.20890 170.39511 9
e 240.10278 633.28146 7
e 458.44390 149.84430 15
e 359.26583 259.76356 8
e 292.88156 409.25393 5
e 199.65792 172.74868 9
e 608.71983 96.49844 10
e 396.19372 716.00454 4
e 291.56169 449.75968 10
e 155.58258 880.15931 11
e 44.01133 89.07978 6
e 394.79460 744.32690 10
e 100.24488 257.00432 9
e 580.22388 959.60180 9
e 37.83081 382.54303 7
e 177.94913 38.13393 10
e 68.74596 851.83386 10
e 290.34442 89.77091 18
e 705.61404 776.43965 7
e 558.74674 961.54747 7
e 38.73746 340.37306 6
e 146.79909 963.66190 12
e 676.87967 1048.17889 9
e 233.58028 317.11390 10
e 261.18100 165.85773 6
e 538.25855 853.21097 8
e 703.96721 841.62263 6
e 250.40646 948.45158 6
e 214.09763 327.23617 9
e 411.81397 1067.85475 11
e 266.36339 366.77344 15
e 694.59656 808.07983 10
e 200.41480 66.16672 6
e 219.04409 210.93413 12
e 226.11594 284.08858 9
e 461.52900 122.08056 12
e 101.48243 253.37891 7
e 99.36075 874.45123 4
e 272.65371 77.31439 10
e 359.00199 742.79928 5
e 609.78937 680.96077 10
e 621.54444 438.98945 7
e 142.10836 244.32385 11
e 56.05730 726.42265 12
e 24.49731 116.56169 6
e 113.56646 650.68147 7
e 235.87823 520.67252 14
e 280.72697 848.76530 10
e 648.35355 763.33369 5
e 479.31149 419.89288 5
e 455.98183 908.33784 6
e 211.68834 88.23317 18
e 490.62160 25.40709 11
e 330.36206 955.13222 13
e 183.85371 745.83191 8
e 323.94783 846.85684 11
e 178.47351 845.22192 10
e 320.68403 422.92402 3
e 257.97077 535.60927 9
e 379.22283 1012.82412 8
e 587.10923 929.55277 10
e 218.34929 250.65447 5
e 44.62054 43.94842 9
e 287.10933 71.14966 9
e 104.63281 832.05874 9
e 609.34646 794.45694 18
e 294.48970 810.37535 10
e 284.14655 1059.94804 6
e 685.62659 1014.18268 10
e 334.17136 238.74986 9
e 577.73405 848.82362 14
e 320.40930 712.88767 8
e 366.39748 202.18846 5
e 210.70575 1026.97556 4
e 368.66816 962.46254 7
e 496.64665 526.31691 11
e 361.02997 469.00767 7
e 23.26850 913.02293 9
e 245.72363 121.32750 15
e 101.61725 392.18599 9
e 685.46369 14.16489 9
e 613.54947 439.99811 11
e 341.80146 983.90546 11
e 57.85027 31.92352 8
e 208.68721 824.70567 9
e 131.12435 505.13341 13
e 397.03903 544.00319 8
e 19.42014 105.23903 11
e 488.07248 490.39231 9
e 233.36802 497.24124 9
e 292.50692 634.77785 9
e 570.54229 404.08667 8
e 425.48911 821.67406 13
e 677.77487 979.96417 11
e 691.87004 218.18121 4
e 459.24886 731.46550 7
e 262.69804 500.19905 7
e 653.05349 561.19618 10
e 694.22768 933.62252 9
e 34.16958 809.38743 8
e 42.15625 114.47007 4
e 556.92417 847.65320 7
e 221.03358 636.99915 11
e 292.76645 14.65489 7
e 564.07728 37.93101 8
e 281.14308 267.77497 13
e 116.72982 118.82293 12
e 443.09616 432.52289 10
e 284.10216 929.96414 8
e 242.30829 751.16516 6
e 684.23225 877.27456 13
e 365.53897 108.48782 4
e 274.69329 188.85388 15
e 555.25299 244.03622 10
e 326.58789 531.11089 8
e 356.40901 930.73472 14
e 348.08190 106.21224 15
e 208.15502 485.50068 9
e 501.51571 184.25884 8
e 200.75603 684.28510 6
e 210.59096 46.97599 7
e 225.92789 129.17617 10
e 345.11912 297.91570 8
e 570.14753 247.40848 9
e 523.99511 325.19166 10
e 105.60221 395.83028 9
e 518.72258 752.58426 9
e 624.25272 46.30692 9
e 476.85751 45.36599 10
e 304.78891 449.08503 9
e 283.02043 648.86609 4
e 523.60121 87.74930 11
e 207.72463 516.23497 9
e 603.01944 216.83371 9
e 204.38205 252.98269 13
e 649.83227 12.86456 9
e 641.82906 737.48594 9
e 527.84350 595.40685 7
e 290.53334 391.26046 4
e 190.17364 399.78243 10
e 171.12619 909.36391 11
e 576.96375 1067.22001 14
e 471.94723 41.14758 15
e 680.11875 60.96514 11
e 672.16116 447.10665 10
e 479.32747 745.93013 9
e 382.28608 198.67641 11
e 258.29315 714.51454 7
e 380.57562 677.37850 11
e 554.30909 255.70852 6
e 417.86124 553.31372 10
e 317.37255 1031.92109 9
e 221.62848 329.69919 14
e 366.21395 616.36930 9
e 202.15074 209.07240 11
e 604.85234 905.24255 7
e 511.11045 992.81809 7
e 463.47778 303.11414 5
e 633.51366 676.34849 8
e 561.43687 341.62773 5
e 483.73058 698.87166 7
e 187.91326 320.32070 6
e 694.01334 262.33096 7
e 320.23241 44.33202 8
e 269.55793 116.97790 10
e 593.45021 231.56058 16
e 243.69631 961.59124 12
e 669.08045 101.72096 7
e 328.64035 1007.10973 13
e 327.22664 861.17089 7
e 464.32211 96.87281 14
e 243.56805 712.92100 7
e 250.47399 767.53995 9
e 244.54388 524.68154 10
e 642.36439 124.62983 7
e 486.62198 297.72594 5
e 654.09370 483.14616 11
e 597.44947 669.16991 10
e 387.35678 1008.02247 6
e 409.16317 489.37771 5
e 363.34277 689.29849 4
e 395.68159 649.30220 15
e 106.60255 339.30051 6
e 341.17558 642.08224 7
e 160.97736 836.64385 9
e 63.35305 509.69008 14
e 171.56306 1037.60348 7
e 36.64671 889.83440 13
e 606.66481 210.23386 5
e 591.82383 712.49877 9
e 657.48723 397.34150 6
e 541.65896 220.67666 13
e 182.88945 372.55318 8
e 221.37784 237.79763 11
e 220.33741 46.27158 8
e 309.23507 408.32525 13
e 302.94969 937.51375 7
e 109.01633 574.24296 11
e 182.80810 60.63810 7
e 366.82936 336.82506 6
e 426.85831 622.61970 5
e 310.89652 457.81336 15
e 619.43856 1000.18069 4
e 261.47776 864.43028 3
e 377.65673 766.95777 9
e 263.95056 546.65197 6
e 408.67974 156.77021 10
e 289.85987 1008.91973 12
e 401.21090 107.08199 8
e 156.49617 308.07836 10
e 690.62887 624.12697 8
e 697.76398 817.86151 14
e 561.59329 510.87176 14
e 276.55685 83.43288 15
e 694.02098 361.80370 12
e 236.14783 785.89216 16
e 219.16688 703.64701 7
e 13.77656 203.45367 9
e 137.91240 318.91110 9
e 543.78539 63.61698 6
e 41.07161 790.67031 7
e 237.28777 687.35902 10
e 465.71645 945.51200 8
e 341.72683 171.81533 7
e 667.87210 1052.27413 10
e 124.50977 80.16251 14
e 17.31651 747.54299 6
e 383.98564 866.51898 11
e 665.34203 855.11173 10
e 418.96070 234.16736 9
e 151.42043 295.95111 5
e 621.51006 783.43062 12
e 601.76936 634.77725 8
e 378.30737 689.92993 8
e 178.80220 987.60652 8
e 359.04388 1047.40687 11
e 49.69046 44.07527 11
e 250.36656 863.52836 12
e 370.85064 867.54097 8
e 483.02394 890.21521 8
e 444.70864 467.60715 12
e 528.30525 456.93351 11
e 602.82755 978.99903 11
e 396.06283 912.86007 7
e 677.49502 847.15753 8
e 480.67775 965.63196 5
e 36.82323 497.20473 16
e 15.16620 256.23159 7
e 97.94354 806.30997 12
e 73.82109 988.03775 8
e 646.29163 199.91841 9
e 317.73314 295.24524 8
e 492.95460 768.42737 7
e 311.16122 293.43702 11
e 413.34798 21.71918 5
e 644.88023 566.05806 8
e 176.26756 942.89723 8
e 356.34020 468.23907 9
e 700.99561 180.15487 10
e 698.15368 204.49780 10
e 148.11358 388.03767 10
e 18.36820 970.88784 9
e 224.21499 234.85592 4
e 471.18630 247.09678 11
e 237.31058 136.48441 6
e 454.20678 981.85084 10
e 702.43564 1006.37121 6
e 662.29697 829.12683 14
e 146.00392 914.65747 4
e 276.16241 960.59493 7
e 628.19426 615.32913 10
e 389.54341 34.45184 10
e 676.87868 584.38146 10
e 532.50365 684.46312 7
e 500.22745 445.91143 8
e 417.29591 698.83715 9
e 475.12687 188.73733 4
e 484.18603 917.50676 9
e 252.56136 1042.71910 5
e 80.43267 166.46225 8
e 379.95964 67.45679 12
e 492.44708 26.14464 13
e 16.88981 89.31057 8
e 641.68735 559.61649 7
e 583.55893 1027.62081 14
e 470.89527 334.23868 5
e 612.42695 1034.12683 5
e 154.80400 888.10036 9
e 619.01851 761.12936 7
e 370.67661 797.22916 16
e 107.53371 886.25822 6
e 367.96101 723.87270 11
e 552.96027 552.16588 13
e 167.65539 1016.17281 11
e 96.09878 387.94847 10
e 593.82040 284.28511 8
e 26.11815 518.55514 7
e 353.64373 1047.71911 15
e 296.32121 738.13638 8
e 129.57393 298.95304 6
e 311.89366 507.32207 7
e 508.03533 725.53414 17
e 202.22102 437.00317 12
e 311.95250 874.32135 10
e 681.28820 715.71529 4
e 571.38636 906.88621 12
e 114.46654 665.87361 7
e 52.29922 271.53170 6
e 563.16024 708.21084 7
e 198.16299 577.11784 14
e 172.66731 836.25671 4
e 675.77681 522.24146 8
e 75.14562 485.67803 14
e 32.11517 162.30649 9
e 652.80882 606.49660 6
e 257.68690 78.24842 10
e 317.32159 759.06362 14
e 305.14350 389.37978 12
e 675.58145 1030.28757 12
e 39.37921 26.95554 9
e 366.94090 811.53437 9
e 487.44387 1027.61755 6
e 407.70877 773.01846 6
e 442.55272 715.10436 13
e 643.89990 788.99065 8
e 482.50785 462.01603 9
e 518.62781 559.73230 8
e 303.13934 710.78111 10
e 117.83389 227.90470 9
e 405.24761 751.23835 11
e 234.75395 136.90988 10
e 172.89139 164.29354 13
e 216.08432 307.46722 5
e 181.18371 1023.62723 9
e 252.77378 155.61990 7
e 588.81912 930.33376 8
e 349.21072 1003.05479 7
e 61.83884 286.17020 13
e 649.82642 417.33137 12
e 208.91782 819.92490 5
e 483.31193 956.12997 10
e 541.25583 99.03453 16
e 127.39198 121.85852 8
e 691.90953 757.62189 10
e 577.47352 175.69177 9
e 397.48077 168.59959 12
e 12.17457 787.17118 10
e 185.70078 83.55762 12
e 625.20599 306.49312 9
e 460.22082 10.68442 11
e 116.23471 21.04821 11
e 542.62315 365.25720 10
e 433.18104 645.16948 10
e 204.58514 201.38278 10
e 11.55320 62.60311 10
e 71.12294 310.43053 10
e 657.43851 250.10275 21
e 639.16561 408.89509 8
e 400.86333 206.20849 12
e 94.02788 699.49336 9
e 486.58701 161.30301 7
e 627.81655 742.23436 8
e 353.31240 1026.52482 11
e 259.31662 551.47324 9
e 354.63822 328.48329 14
e 314.74554 617.71589 9
e 170.56277 885.21881 9
e 409.43301 711.25260 9
e 381.08402 765.70021 8
e 404.33867 839.54945 14
e 401.88111 648.78257 5
e 178.03330 225.26107 5
e 588.17648 810.28414 8
e 195.28077 340.23699 10
e 557.84455 700.89062 12
e 549.17336 1044.56790 13
e 458.93383 547.06112 7
e 202.70800 414.23842 9
e 230.74469 60.21155 9
e 281.71482 54.34950 8
e 690.35422 337.62923 6
e 413.73105 962.09643 9
e 569.68961 201.74803 12
e 489.03093 828.03442 9
e 697.36183 745.86442 5
e 146.61614 65.21519 9
e 548.38485 183.11207 4
e 191.12735 248.64503 4
e 635.24561 267.35353 8
e 508.97518 1040.15964 8
e 701.52309 939.09363 9
e 217.47328 547.48155 9
e 552.22569 699.75233 8
e 136.98547 70.43728 7
e 545.79985 127.34547 9
e 67.02664 430.71797 6
e 476.77217 200.32694 11
e 266.80731 942.63907 5
e 114.22808 228.12860 9
e 207.65738 191.40756 7
e 135.97287 600.66484 7
e 606.62180 724.65352 10
e 693.81101 366.82148 15
e 367.77649 504.36362 11
e 571.59545 431.02784 8
e 441.79754 140.40749 19
e 162.84323 252.74699 11
e 163.87028 836.66015 7
e 140.23445 85.47000 15
e 656.18947 946.45351 9
e 126.05137 941.27857 9
e 172.60607 364.53863 6
e 467.65283 66.00391 13
e 176.61523 576.47529 13
e 391.62448 97.26810 10
e 638.95015 691.65217 9
e 448.70484 673.81806 7
e 283.60611 941.75319 9
e 627.93390 140.75192 9
e 623.66518 221.22507 10
e 158.80073 874.67725 12
e 554.84104 419.20409 8
e 18.51241 796.99255 5
e 608.95802 367.79647 13
e 133.61612 449.91731 15
e 454.16032 187.09880 11
e 435.95219 1043.28533 10
e 464.04266 459.30829 6
e 432.49612 48.39858 10
e 172.16010 854.26141 5
e 653.67858 504.17839 9
e 316.74864 95.63100 13
e 343.29258 641.84506 12
e 367.84098 609.26599 5
e 205.69653 982.67391 10
e 145.48361 956.66170 8
e 82.48696 388.08214 10
e 246.44695 365.67548 10
e 448.15275 826.83635 10
e 671.66126 440.63254 7
e 281.24030 849.83618 6
e 161.33590 598.18677 13
e 349.25843 975.84658 5
e 47.95770 720.29390 7
e 95.44445 843.37804 15
e 662.81872 870.33620 6
e 69.95599 859.71183 3
e 565.31703 188.01197 16
e 614.85403 467.60556 6
e 616.93413 335.53322 8
e 119.57381 187.69232 13
e 451.53962 419.05925 12
e 393.07655 163.26021 15
e 164.13925 296.73647 6
e 657.46092 519.49074 11
e 77.29266 704.75662 8
e 138.95060 169.13613 8
e 300.83654 428.44312 14
e 335.40067 977.57788 11
e 409.70022 923.88076 10
e 550.49873 556.58945 10
e 38.48497 836.33437 9
e 502.16513 501.59496 8
e 81.88277 857.26187 15
e 214.21263 388.43670 7
e 125.41648 43.19412 10
e 536.47626 544.01133 9
e 301.58943 477.26323 9
e 256.88699 604.27901 7
e 388.49627 734.16020 13
e 585.66210 1023.24899 7
e 565.45096 308.70931 9
e 263.58778 957.02665 10
e 100.51608 375.39034 9
e 122.25004 66.46055 11
e 306.34658 86.27485 14
e 380.59990 217.79726 12
e 98.74905 838.56855 13
e 343.50770 722.20421 6
e 335.74812 530.10364 8
e 313.35666 161.50538 15
e 282.13433 694.76521 10
e 50.27198 954.51798 12
e 617.75974 596.92689 10
e 556.96058 511.88126 10
e 105.90649 969.09746 7
e 421.40943 926.82362 9
e 391.21755 231.25975 8
e 516.95254 768.29875 12
e 595.36758 24.28074 13
e 651.03448 701.67804 6
e 393.66221 573.77671 11
e 257.99705 750.65735 8
e 82.22573 417.71783 7
e 197.03111 875.63648 10
e 667.60557 598.11626 9
e 117.46752 449.84385 13
e 598.47788 182.36472 4
e 206.53961 867.12924 8
e 88.57719 156.73735 9
e 397.57734 262.38333 12
e 408.19887 365.85208 13
e 217.20095 127.30672 11
e 123.07593 831.78859 12
e 494.37745 396.31636 12
e 696.37950 375.36701 10
e 442.88305 947.54447 16
e 220.51818 83.45778 9
e 353.13323 173.73717 10
e 684.27740 1065.39944 10
e 79.57034 369.98338 9
e 177.58217 844.07972 10
e 53.20136 67.37821 10
e 267.33080 1056.68312 8
e 24.13252 154.79581 8
e 124.60131 632.81905 7
e 189.39596 578.52678 8
e 422.91000 417.57004 10
e 573.60172 81.97463 6
e 403.64562 919.00149 6
e 210.51645 1060.36556 19
e 359.71641 271.75598 11
e 438.02767 849.97014 8
e 294.53801 317.39635 6
e 432.86196 855.77592 13
e 424.85347 835.20842 6
e 159.74619 254.28093 11
e 11.05900 10.50601 8
e 268.80747 322.06591 7
e 374.47613 1057.85757 12
e 634.62726 478.17606 10
e 619.77640 824.52749 6
e 631.30795 220.14694 18
e 151.59505 694.45877 7
e 675.52393 279.14311 9
e 123.42820 930.54358 8
e 17.60194 467.69016 9
e 331.13418 148.46852 10
e 300.32851 1056.89078 7
e 108.71778 875.55907 12
e 663.97687 595.59629 9
e 449.32486 608.51071 7
e 133.45480 771.69361 8
e 646.83991 1005.86940 11
e 387.13900 24.81757 9
e 547.50054 778.34713 9
e 93.72559 757.92379 14
e 562.21003 304.50587 6
e 371.28023 387.97565 9
e 104.77072 482.25396 7
e 451.49536 247.32746 8
e 469.55135 357.03409 7
e 52.06817 921.56259 11
e 60.60899 1003.44760 12
e 399.99051 598.61112 8
e 338.07751 1046.17718 12
e 401.34314 346.05211 6
e 559.72064 309.69124 8
e 597.85294 533.05824 12
e 354.61140 294.23305 15
e 475.66174 668.57495 10
e 47.06746 365.29304 13
e 358.53485 589.01238 8
e 61.83716 652.83972 6
e 74.51726 876.60143 5
e 553.97144 745.99785 8
e 461.85138 416.96586 11
e 42.64741 782.14802 8
e 649.78748 509.33835 3
e 621.15130 345.46457 10
e 319.77558 694.28438 5
e 427.13983 583.04414 19
e 702.03674 733.38862 12
e 111.62124 803.24384 7
e 290.88827 937.14163 5
e 165.33132 143.27798 8
e 378.37879 1045.21656 6
e 285.64659 564.29954 7
e 225.36768 985.78656 10
e 32.42242 147.55280 7
e 556.18699 917.47969 6
e 112.60255 32.16061 6
e 214.54847 694.78704 12
e 205.53536 181.26532 10
e 495.57429 945.11569 5
e 235.43594 901.18060 10
e 640.12086 587.84305 9
e 436.29640 576.19748 14
e 160.71522 670.41501 11
e 58.53217 43.09008 9
e 524.46447 68.87982 7
e 414.10439 88.16556 11
e 562.69149 513.14392 8
e 143.54256 326.56689 10
e 436.89843 712.39674 6
e 684.13955 875.29553 12
e 128.64770 589.64065 4
e 86.61964 519.09273 12
e 674.53617 726.23159 7
e 345.35283 581.88514 7
e 199.54817 390.77810 8
e 550.48301 476.56984 15
e 62.58016 967.18694 4
e 527.48016 593.94188 15
e 563.23914 286.07790 12
e 23.19538 53.21371 12
e 574.08657 1032.82116 10
e 19.18347 606.39761 8
e 608.21156 991.22162 10
e 657.84782 827.37653 10
e 41.24806 155.97342 11
e 414.75262 109.40168 9
e 511.60184 410.26560 14
e 31.23966 376.52157 7
e 579.28817 842.55230 9
e 16.08778 250.89282 5
e 473.60901 203.47988 8
e 657.48655 925.24507 13
e 304.03138 418.26397 3
e 120.23312 51.07405 9
e 706.33218 827.65466 8
e 449.06487 877.96690 7
e 219.02646 586.95086 7
e 547.34302 820.76290 8
e 240.88202 747.32526 14
e 219.60446 1062.38335 7
e 692.76053 997.95024 11
e 583.56430 656.10651 8
e 176.04058 48.87992 17
e 640.40025 472.30730 9
e 124.21062 720.84999 8
e 528.28421 388.86853 11
e 635.96511 444.61974 11
e 157.29695 152.58839 10
e 149.51471 127.84809 7
e 279.27041 92.60156 16
e 456.78099 70.84801 9
e 272.52587 779.54513 7
e 599.15300 1002.15237 7
e 153.82220 192.11420 8
e 13.45894 360.76036 15
e 646.56437 237.03702 9
e 462.87440 168.29254 9
e 498.15878 815.70072 4
e 99.38384 872.46349 16
e 427.62897 147.59594 5
e 280.31049 493.91592 12
e 576.13472 827.91637 9
e 287.14730 488.75687 6
e 437.11642 822.45337 12
e 689.46659 415.70824 6
e 134.55446 100.70860 5
e 105.51921 1019.79673 11
e 145.88025 55.19021 7
e 495.55300 432.50094 6
e 77.25068 627.79449 6
e 190.25772 569.49067 4
e 347.26509 959.72342 11
e 112.38881 429.06805 7
e 548.08573 534.59242 10
e 81.00990 1030.95928 11
e 330.86391 445.59594 8
e 496.99427 472.23589 7
e 112.99999 955.85149 6
e 362.83083 529.69110 8
e 333.20315 72.75913 10
e 319.83321 722.72731 8
e 226.72077 825.78355 9
e 263.91972 941.22406 10
e 140.77936 749.46312 9
e 574.50820 888.68162 16
e 395.98179 576.39955 7
e 515.30829 710.78304 10
e 502.37350 795.47264 9
e 391.25254 378.23748 10
e 113.10301 639.48097 6
e 243.02673 63.51557 13
e 192.98259 841.77523 6
e 517.18567 615.99914 5
e 27.82689 43.62911 7
e 449.28343 87.75119 8
e 99.57749 669.78249 17
e 625.81243 998.95697 7
e 203.11586 585.47375 12
e 605.66159 376.36831 8
e 372.22334 865.39154 15
e 497.22272 831.49211 5
e 535.19999 263.27271 12
e 646.60093 200.63316 11
e 435.14403 881.83792 9
e 650.45383 234.83260 9
e 633.30519 968.11014 9
e 231.99213 711.64419 8
e 177.34508 532.48515 9
e 269.90220 283.94232 9
e 336.29757 583.16226 10
e 633.36337 122.22191 6
e 261.00384 319.91935 11
e 306.57061 819.19781 6
e 271.86478 314.30626 11
e 437.13810 977.31234 5
e 243.46560 466.61144 17
e 204.89648 349.17495 15
e 707.36100 684.00017 9
e 595.69324 18.85289 6
e 530.71365 479.85071 8
e 398.41463 109.70755 9
e 234.85731 773.43789 20
e 681.78530 683.47243 13
e 300.27118 796.93970 13
e 553.46626 718.73147 9
e 575.21708 104.61323 6
e 570.23575 750.20570 8
e 126.84242 11.94220 10
e 289.75939 635.50493 13
e 610.19342 411.87244 10
e 388.29345 901.24940 4
e 521.72302 396.46010 6
e 664.08742 793.79592 9
e 126.42194 206.11228 7
e 468.08075 946.14210 5
e 312.81363 450.18220 9
e 595.95302 156.61103 12
e 198.96326 404.64768 10
e 55.60677 751.44532 8
e 170.76085 174.17488 8
e 348.15381 459.00106 9
e 316.98942 654.85566 5
e 591.30688 511.71132 6
e 511.18424 598.82613 9
e 153.24394 928.10052 19
e 91.09082 1026.51256 8
e 675.81499 340.31003 12
e 32.37502 464.63791 11
e 276.96988 952.14117 2
e 286.61984 490.45490 14
e 620.60069 986.43018 5
e 346.28693 603.07042 8
e 452.24245 639.76393 6
e 171.77007 388.39925 8
e 72.20915 337.92469 7
e 291.57861 74.02321 14
e 364.35766 81.61767 11
e 577.19059 239.68420 7
e 109.20012 405.52009 8
e 333.99150 125.56124 10
e 664.65573 259.35945 6
e 213.86773 842.22841 11
e 696.79642 195.67654 16
e 483.94066 1006.27067 7
e 270.56123 691.87792 6
e 198.57246 366.64558 8
e 46.06233 276.92257 15
e 563.52825 479.95007 5
e 186.51680 863.83885 13
e 477.82154 921.39435 12
e 571.57344 45.56098 12
e 551.76969 545.52736 6
e 298.78619 853.98566 9
e 502.49298 105.76939 13
e 217.67881 543.00925 17
e 43.25018 297.64681 13
e 56.59261 935.30722 8
e 208.32671 63.96017 10
e 698.15680 32.92478 6
e 491.35832 683.09473 5
e 340.91933 249.73150 5
e 218.47249 109.94812 8
e 122.54140 330.75704 6
e 455.76016 724.15640 8
e 556.75986 42.88640 12
e 229.57365 996.35750 15
e 483.47794 588.76469 11
e 471.79116 924.57397 6
e 229.92048 475.80010 9
e 436.07152 1006.97280 10
e 628.73768 1063.19762 9
e 531.47376 338.70908 9
e 351.97256 1066.32652 3
e 671.48940 99.43727 9
e 371.14685 182.12066 11
e 410.14396 1055.97797 9
e 40.94583 189.33924 5
e 117.33620 162.41710 11
e 582.93544 905.14548 8
e 579.79315 863.89447 12
e 574.12083 204.79124 7
e 226.90272 895.19013 10
e 194.55164 153.17987 9
e 150.26869 572.89021 5
e 645.83948 322.88791 10
e 553.27840 18.45692 10
e 532.57181 281.80325 10
e 274.80577 189.44655 8
e 373.51895 786.06896 7
e 319.59951 955.16167 16
e 226.69529 562.05730 11
e 266.47658 561.32622 10
e 350.30258 88.52125 15
e 664.46730 804.06823 6
e 367.59741 569.99534 7
e 339.84438 251.24273 7
e 326.45797 915.70201 6
e 41.76044 741.36616 10
e 59.00755 1051.21159 6
e 476.64480 775.49694 5
e 605.56573 155.57224 11
e 497.16619 494.56912 9
e 703.30769 967.85671 11
e 376.93738 643.00957 8
e 364.06077 614.32028 12
e 166.34892 997.88108 5
e 397.59820 289.23876 8
e 487.96693 396.94872 8
e 62.88040 851.44333 12
e 516.03161 93.77288 11
e 623.46751 409.72700 12
e 640.73592 712.32183 10
e 582.95401 27.96005 13
e 204.12741 130.71038 6
e 700.42682 562.64326 5
e 486.55185 582.57985 7
e 59.76727 327.53271 11
e 281.55378 749.77637 13
e 580.18966 539.10834 11
e 376.82871 234.71327 12
e 168.12831 195.78162 9
e 12.74863 568.08812 8
e 233.45111 481.82493 5
e 271.81788 926.70286 7
e 678.74485 919.18243 5
e 545.18554 499.22656 9
e 420.98331 891.46470 11
e 151.68271 781.82066 7
e 252.89792 733.98429 9
e 273.45876 91.91793 4
e 155.44904 40.47569 9
e 231.60450 262.82633 7
e 697.58906 668.11396 9
e 349.68644 599.88886 14
e 550.83729 258.23837 5
e 101.67716 99.12512 4
e 591.55274 140.42912 10
e 73.36591 623.73299 6
e 662.49287 1025.93385 7
e 504.74408 796.13074 11
e 90.99123 591.64494 11
e 528.91687 840.42296 4
e 451.29403 379.59162 6
e 483.25687 407.27953 12
e 83.41556 1007.87016 8
e 586.78679 365.19772 9
e 246.39053 813.03178 13
e 623.05947 794.09242 6
e 566.23466 966.86394 20
e 231.34730 103.39827 10
e 157.65792 79.50440 7
e 271.73446 871.68645 6
e 623.12798 841.23442 11
e 585.69311 421.15003 8
e 550.20929 559.24260 18
e 112.59729 91.52087 7
e 71.25862 701.24248 8
e 571.68851 273.58685 8
e 570.95972 306.67272 9
e 594.72518 354.13280 11
e 677.77565 180.89087 8
e 652.57477 771.99334 9
e 269.06789 24.59375 6
e 490.71012 250.98644 14
e 515.50532 300.91645 9
e 503.95082 991.99109 9
e 634.04014 1062.80540 4
e 432.54422 197.51615 10
e 584.71297 819.76427 5
e 564.51205 20.76229 9
e 554.24987 766.19699 11
e 63.06761 482.94072 8
e 134.40686 705.59963 9
e 709.43791 290.81776 8
e 192.29230 346.06160 18
e 666.34025 509.99264 13
e 52.63949 872.26210 7
e 317.30798 669.04617 6
e 500.91988 1046.06478 6
e 281.35803 803.24440 10
e 289.79024 71.05157 8
e 388.30252 758.73301 5
e 307.87958 273.98919 15
e 73.60805 387.83408 4
e 12.51203 604.45513 7
e 160.40236 71.02475 6
e 698.37621 691.18270 10
e 76.96740 261.57718 12
e 596.32890 590.71296 8
e 515.96207 405.91108 14
e 95.73270 494.69152 13
e 213.74444 464.16878 10
e 322.90623 891.06342 7
e 191.33411 820.88061 8
e 315.94752 1008.10806 13
e 275.58980 205.17753 12
e 628.20128 793.46286 11
e 513.64304 209.76593 16
e 613.69037 575.50683 10
e 168.07986 57.95431 9
e 227.05813 762.86112 4
e 397.74554 211.73980 9
e 701.88443 1028.91138 7
e 296.90401 136.06092 8
e 538.50812 210.71672 7
e 662.85932 193.83834 15
e 518.08245 512.85125 11
e 320.63265 402.16169 8
e 399.98279 656.52390 10
e 439.76825 170.48425 7
e 45.18011 361.57368 6
e 268.06356 961.97296 10
e 372.77504 1013.17825 7
e 62.29191 468.34923 7
e 670.10476 179.77028 11
e 609.47377 96.46221 13
e 103.53622 102.71337 5
e 218.96316 737.60255 10
e 672.28825 145.73290 5
e 198.69533 816.59379 10
e 110.78039 375.61447 15
e 36.16769 1056.05853 10
e 358.95957 198.94688 10
e 237.62357 893.64646 3
e 378.81355 625.93881 8
e 145.84067 337.13712 17
e 705.58494 871.24486 8
e 45.10386 226.77487 8
e 153.42988 50.33744 7
e 410.49042 874.31501 6
e 159.26827 462.53834 5
e 252.02985 653.60603 8
e 653.99550 646.37430 8
e 188.45416 533.79642 4
e 273.56666 178.44037 12
e 661.20432 160.16776 11
e 440.82635 22.44014 6
e 33.43338 453.14380 16
e 148.63009 403.58327 7
e 87.76865 132.67434 5
e 296.56948 608.72450 21
e 634.79236 526.88232 8
e 126.71675 925.94676 11
e 264.78701 35.80719 12
e 278.32873 1064.01213 7
e 233.59451 363.38202 12
e 377.08741 483.78318 8
e 332.79994 839.62648 7
e 321.42452 773.52224 4
e 170.77139 726.68794 8
e 501.75378 962.57224 6
e 226.24311 1052.16543 8
e 88.80815 640.60919 11
e 698.77217 870.86646 8
e 67.99627 311.23394 9
e 619.61209 854.61841 6
e 458.61034 736.45552 10
e 646.97788 763.63427 7
e 61.54163 302.44870 7
e 473.59213 805.91408 9
e 459.82943 617.25078 10
e 400.39002 914.05816 7
e 38.39529 662.16089 9
e 48.09586 894.18571 7
e 454.42010 271.79592 13
e 357.11143 1035.48849 4
e 69.63607 873.90480 9
e 167.04290 308.31162 14
e 404.81899 94.02173 15
e 317.89106 262.25885 9
e 657.76607 193.61203 10
e 422.97167 900.42825 8
e 531.53135 471.56626 6
e 422.72121 424.89059 8
e 218.09040 350.50037 8
e 500.97070 1019.40928 8
e 125.16635 298.43214 9
e 593.62009 681.80971 11
e 186.61255 513.38324 7
e 268.45157 527.13222 9
e 385.16869 955.25845 5
e 652.33840 452.84165 19
e 644.84576 392.13385 10
e 413.70116 422.03202 8
e 34.03679 1030.22446 7
e 705.92541 309.29749 14
e 361.44782 364.80359 5
e 417.58890 850.27637 8
e 577.85748 773.01334 7
e 294.17669 911.06223 4
e 107.42341 594.36096 10
e 428.60450 236.29383 8
e 55.84638 1040.93591 8
e 562.89664 593.41282 7
e 501.55259 908.73528 12
e 435.70505 562.21320 13
e 313.39934 369.56820 14
e 645.28565 98.72194 13
e 197.07641 69.11752 10
e 276.75632 966.14596 10
e 562.16690 259.60711 8
e 256.84004 681.42107 7
e 11.85974 192.59415 10
e 580.48009 688.26128 7
e 319.92716 615.54525 12
e 25.40680 488.81599 6
e 146.64824 398.08744 15
e 124.15798 520.33071 12
e 591.04510 31.63602 11
e 267.20937 1030.60455 15
e 634.65083 662.34454 7
e 665.49889 166.53727 7
e 374.34941 261.13839 19
e 36.08249 17.81889 7
e 165.72811 144.24633 11
e 327.15331 426.25546 9
e 289.81612 602.21327 11
e 343.89280 1000.18926 12
e 570.26565 499.97001 4
e 140.35490 852.75149 11
e 321.75199 38.01050 8
e 536.97393 783.30813 9
e 156.29387 903.50699 7
e 125.52650 601.56764 10
e 376.62076 576.13477 8
e 153.49101 813.35715 9
e 681.09085 501.91900 8
e 331.77927 202.36691 7
e 485.32644 532.52257 13
e 109.04634 901.76231 4
e 151.33636 17.54632 6
e 225.20326 186.40097 11
e 79.32890 1045.24846 10
e 92.43685 145.10339 8
e 55.55660 586.16454 8
e 101.36445 883.35470 5
e 81.94584 935.71346 8
e 557.23338 405.53960 7
e 100.57309 407.42008 8
e 129.45131 868.62893 7
e 205.68595 1069.00484 14
e 554.75806 963.29654 14
e 136.54942 705.44828 14
e 192.83157 39.17758 6
e 673.06081 246.90691 11
e 345.91898 63.30346 10
e 505.71693 132.40714 8
e 170.71474 990.30251 8
e 216.11561 305.91267 8
e 197.60660 710.28307 15
e 143.57605 690.46810 12
e 363.75599 211.42681 9
e 302.66769 311.95858 12
e 31.22143 560.22188 7
e 153.53596 422.54867 13
e 582.59896 436.01259 13
e 580.67111 642.31077 9
e 121.63771 612.10985 6
e 389.80790 338.20514 6
e 122.64585 594.76488 7
e 573.01745 420.85390 7
e 203.64107 1056.09015 14
e 279.53130 473.75997 7
e 429.07920 191.65813 10
e 265.79910 459.69232 13
e 377.44858 714.00556 10
e 309.07938 405.96436 9
e 380.93804 455.34711 9
e 345.76319 610.23663 7
e 403.08820 694.58205 11
e 379.53530 359.67350 9
e 622.09911 1005.38140 6
e 22.84617 539.23810 19
e 573.07484 811.10353 15
e 350.85544 487.57174 13
e 282.37052 287.06127 10
e 612.07805 609.99545 8
e 311.05525 696.32842 5
e 707.15012 23.10001 20
e 453.96964 421.10131 6
e 530.44917 139.91013 10
e 417.71402 391.06669 11
e 407.39853 945.32643 9
e 276.76716 137.98766 10
e 468.88098 73.46896 8
e 554.85246 612.35025 8
e 500.54859 565.92136 15
e 173.95798 432.47947 9
e 460.76822 394.34480 11
e 380.82358 10.51834 4
e 449.51557 584.34957 6
e 548.59197 447.86582 9
e 549.47750 477.64733 11
e 496.97137 926.96050 11
e 299.70688 82.05454 10
e 385.15549 395.86541 13
e 340.57792 835.99573 9
e 151.15433 326.72612 8
e 106.81361 228.45668 10
e 243.91880 770.41117 9
e 674.09428 739.31746 11
e 125.58777 831.87694 8
e 25.79752 110.93756 12
e 695.88496 745.77126 4
e 23.22413 1049.04852 10
e 316.17813 821.89121 8
e 199.89451 678.38881 12
e 526.63038 479.63529 9
e 213.13599 911.40996 8
e 649.72384 556.37327 6
e 452.90522 91.12122 13
e 80.88624 687.57254 7
e 405.55947 316.38562 7
e 257.89617 1025.48484 14
e 549.57989 688.06088 11
e 628.64460 501.77370 13
e 347.85682 591.66914 5
e 103.24963 243.32709 5
e 238.96192 1053.55307 7
e 100.75934 207.36234 10
e 518.71989 478.06642 13
e 253.59836 594.39918 4
e 12.38965 411.45639 6
e 168.04212 936.28980 14
e 58.80974 928.64084 14
e 593.40299 347.11943 8
e 422.69887 672.40400 8
e 54.88000 476.98497 20
e 364.63794 920.31109 13
e 241.34324 447.57505 8
e 160.85791 772.58852 11
e 563.21891 244.01592 8
e 431.02242 667.66267 14
e 171.59868 139.58869 7
e 422.13647 83.84833 9
e 267.79988 520.26915 7
e 262.30914 591.29137 9
e 424.44907 196.99451 10
e 97.87286 147.68557 5
e 193.05179 524.60556 11
e 130.92097 809.01957 7
e 554.23687 1039.42968 10
e 374.42010 808.86245 8
e 308.01429 506.21160 9
e 428.68747 24.35109 7
e 204.52426 688.70489 5
e 623.44455 513.66951 13
e 549.46616 813.13907 11
e 133.42261 723.20134 10
e 132.43857 127.96884 15
e 239.25469 444.49505 13
e 100.87451 918.88960 9
e 183.13520 554.37205 6
e 676.90904 406.74217 6
e 312.06565 787.30231 9
e 125.67420 773.27733 10
e 661.43452 1029.85413 15
e 462.26137 385.35104 5
e 592.80719 867.61433 12
e 11.95121 383.33008 5
e 701.93963 815.96329 6
e 325.65615 272.97243 5
e 230.34965 311.89535 12
e 88.92524 843.08108 10
e 577.48061 944.77981 6
e 215.26369 975.85522 15
e 262.93255 457.59626 13
e 143.14013 77.90304 9
e 262.85239 53.55075 7
e 86.20868 859.55976 8
e 466.57636 728.65431 10
e 574.71013 789.19656 7
e 693.33745 130.27485 13
e 483.96279 427.49497 7
e 683.46090 436.73065 7
e 489.58315 764.58945 8
e 180.87825 657.22092 13
e 611.68736 579.76945 8
e 107.68401 115.87444 6
e 316.33606 353.77618 5
e 465.37836 719.08536 11
e 290.74414 72.97374 13
e 227.58292 487.79443 7
e 81.46314 257.74232 9
e 377.24870 810.89291 8
e 571.24480 177.92545 12
e 374.62704 559.66863 5
e 546.21227 958.42036 13
e 600.40232 788.28517 5
e 574.07335 221.65476 17
e 259.23591 88.65372 5
e 644.50870 263.19701 8
e 30.87102 872.48710 12
e 114.57652 599.38353 6
e 38.76765 970.29464 6
e 14.48345 311.37602 10
e 79.30651 628.90979 10
e 582.56855 401.36458 10
e 366.22917 839.90195 11
e 151.76375 626.15424 8
e 468.18284 524.10696 6
e 487.29142 991.68146 16
e 704.19848 222.32531 6
e 610.61797 160.29893 11
e 206.14857 506.87421 9
e 231.95787 94.46668 8
e 582.28316 759.42074 8
e 316.84900 908.20632 9
e 32.52534 221.87683 7
e 507.85020 130.54593 7
e 90.23132 261.51580 9
e 121.67198 424.83886 10
e 324.63268 949.66837 9
e 10.91595 900.53289 4
e 336.96084 781.09361 13
e 79.03829 422.79906 6
e 479.57772 848.66128 7
e 405.94461 974.11197 4
e 193.93313 484.20288 9
e 414.79506 385.85890 4
e 434.23512 1040.39107 10
e 641.77286 425.36571 10
e 652.93767 1010.95750 5
e 705.95691 45.17373 8
e 64.39703 977.38137 12
e 691.25716 781.17907 8
e 37.01671 755.88051 8
e 51.58719 435.14406 11
e 411.61009 671.24973 15
e 533.61077 215.49183 7
e 517.88872 70.36621 6
e 523.12853 1021.97765 11
e 73.94174 373.28971 13
e 692.15469 184.44282 8
e 517.98485 926.15100 9
e 595.53279 978.94785 8
e 382.97394 346.18353 7
e 347.58172 711.36596 9
e 495.78877 976.41811 12
e 318.07678 824.44865 12
e 616.12261 350.47142 7
e 80.51509 704.53454 15
e 200.56887 563.52151 13
e 247.63268 941.60574 11
e 346.13833 489.45336 10
e 380.16878 871.99576 8
e 506.34433 452.61988 6
e 398.03593 706.53834 11
e 138.25299 997.75918 8
e 468.06982 687.19693 17
e 497.16377 241.39795 9
e 412.30675 492.91750 7
e 444.67935 853.95723 8
e 669.53701 139.86431 12
e 601.16851 269.20939 8
e 195.65867 953.80875 6
e 392.23311 384.72613 5
e 243.88853 355.15130 11
e 638.65003 810.22366 4
e 409.04160 403.37987 11
e 493.16089 503.96740 7
e 634.01036 781.32153 6
e 490.48710 497.35095 11
e 309.35117 116.05122 9
e 125.23911 889.13178 6
e 643.94431 962.04455 12
e 153.14080 1060.99291 6
e 321.43193 1013.87667 11
e 197.30784 373.77700 17
e 395.55310 229.82796 9
e 342.35824 210.97415 7
e 141.75521 779.78413 6
e 102.19906 1051.74796 12
e 416.22212 365.96631 8
e 100.61864 880.75717 10
e 532.32372 509.63757 9
e 170.95257 445.76782 7
e 102.95782 138.20994 10
e 437.33276 333.36553 8
e 140.15593 369.34278 12
e 635.34329 659.26431 10
e 272.39043 489.61981 4
e 462.68151 926.60798 7
e 203.34854 233.10588 9
e 41.59630 359.59022 8
e 496.47294 672.58676 7
e 200.20283 978.29402 5
e 359.56670 613.73941 9
e 564.60174 920.70077 10
e 513.12545 557.07339 9
e 38.09301 831.08494 8
e 100.15357 934.66391 10
e 689.54338 932.55470 7
e 468.14935 396.03047 10
e 496.38454 34.15325 14
e 630.91917 978.66650 11
e 502.52954 300.69824 12
e 265.52991 531.97101 11
e 111.71522 654.26089 8
e 585.97557 474.75967 10
e 392.47055 429.59465 11
e 372.54234 837.06654 8
e 79.76529 119.98005 11
e 618.38796 659.13845 13
e 281.08624 516.73562 7
e 481.25836 1055.54948 10
e 435.91118 735.17073 14
e 708.88586 83.85870 11
e 552.59430 955.46598 15
e 348.00745 670.16083 11
e 188.58327 68.09788 7
e 638.24944 137.06632 13
e 438.66327 292.28112 11
e 594.01880 221.64111 7
e 98.39199 61.89144 13
e 515.54155 938.94373 9
e 487.51807 59.81650 13
e 199.48251 555.10318 7
e 591.16526 111.19378 11
e 556.17197 908.54962 7
e 213.76222 965.50112 10
e 667.22380 13.37667 9
e 526.46140 921.15401 13
e 539.36408 841.14933 6
e 288.77642 620.27628 9
e 327.54558 159.01331 11
e 247.90600 191.13612 7
e 438.20051 588.53180 13
e 403.89931 288.13945 10
e 468.60640 1041.60662 9
e 312.81282 687.17768 9
e 85.93895 748.57493 6
e 501.03073 114.17785 8
e 228.66190 1033.44551 6
e 540.63312 424.22391 11
e 421.96534 797.15737 9
e 255.50673 315.23555 6
e 467.02995 552.63369 6
e 118.94998 151.24987 8
e 446.69434 36.86455 9
e 136.41626 460.76977 11
e 293.23774 679.04189 9
e 247.61374 403.03957 13
e 409.91269 96.24062 3
e 380.22076 676.89609 6
e 41.03884 289.84553 4
e 337.70963 976.37208 7
e 143.71780 413.00192 6
e 93.08043 200.73999 10
e 145.99699 19.34430 9
e 476.74087 765.22010 11
e 187.26299 977.34910 9
e 481.57673 714.55723 11
e 466.93353 446.13821 9
e 203.07758 508.33364 12
e 585.25335 241.41317 8
e 585.56140 278.18087 7
e 703.64573 758.30396 7
e 53.94281 233.17083 9
e 608.04716 903.38542 12
e 385.10234 1045.87134 9
e 314.75870 337.61335 10
e 677.78696 438.17300 10
e 689.24009 658.61332 5
e 639.10664 501.37573 8
e 476.29825 805.20994 8
e 616.51761 930.15190 14
e 77.65633 662.68916 13
e 262.52201 805.21985 6
e 462.59916 885.62516 16
e 416.12884 1001.51191 8
e 114.20570 880.69646 9
e 425.87382 1038.02319 7
e 583.59111 264.41139 12
e 50.96100 460.44098 4
e 375.75037 196.32750 9
e 604.10254 1012.10145 7
e 224.69049 87.80336 10
e 418.22836 592.51096 11
e 413.38474 910.42111 8
e 613.78149 549.48945 13
e 480.14489 720.90365 8
e 142.20073 681.12804 11
e 686.45928 440.60975 9
e 404.11324 492.58105 9
e 16.33599 538.98588 8
e 300.78687 814.05158 10
e 92.23049 65.76177 7
e 423.78337 998.41194 7
e 507.50551 65.90545 10
e 705.17001 20.37621 5
e 482.18992 670.99498 9
e 72.76273 1068.77650 6
e 363.41497 947.98733 7
e 247.31224 525.79412 11
e 14.55218 153.21005 10
e 196.05865 781.39924 4
e 231.74515 240.91515 10
e 509.75944 692.43675 9
e 673.79522 1063.92436 4
e 143.55569 1021.03247 10
e 105.36839 64.08597 10
e 421.22625 652.23452 13
e 636.80980 84.63922 10
e 26.90925 934.45141 8
e 520.85654 959.95268 10
e 498.64242 251.66068 11
e 341.14579 887.32458 6
e 581.89205 530.98901 5
e 294.03345 707.45882 10
e 532.61466 47.63439 6
e 120.66371 976.57828 13
e 458.91766 88.21927 14
e 602.61213 41.85293 9
e 21.32540 802.89852 10
e 205.32634 607.34322 8
e 573.03125 168.79392 10
e 232.61874 891.56701 9
e 340.93372 63.72758 13
e 334.10399 10.46825 9
e 189.24893 659.99296 10
e 96.57741 851.26820 9
e 40.80620 89.62530 11
e 598.59188 87.05900 9
e 343.33928 1061.77157 6
e 447.70585 687.82362 11
e 698.44793 941.19942 11
e 108.93014 373.59958 7
e 623.01378 947.98756 6
e 270.35626 90.68172 8
e 118.17348 215.77938 8
e 379.36145 587.29763 9
e 594.08533 25.79293 9
e 310.22615 903.54065 14
e 476.22178 924.69632 6
e 551.56143 813.49533 11
e 697.57707 753.05624 3
e 244.57018 110.45288 11
e 393.18413 229.05652 8
e 229.42308 881.98155 8
e 402.74897 48.62395 9
e 309.45187 1014.61298 9
e 240.86438 883.31939 12
e 91.57043 115.54603 9
e 637.04209 350.74718 12
e 375.35251 704.02450 6
e 513.47125 808.73751 4
e 596.35657 42.33921 2
e 320.68160 1033.09239 8
e 560.99989 900.15940 7
e 477.90779 46.28754 8
e 653.20716 841.33853 6
e 581.74555 475.83536 7
e 47.40707 243.36364 11
e 545.47870 690.12979 7
e 119.91376 843.10958 10
e 400.38172 163.31915 13
e 122.68029 609.49684 12
e 100.85148 254.08266 11
e 400.91392 721.34688 7
e 162.54862 672.08259 11
e 203.34840 99.16462 10
e 538.58897 508.10221 11
e 342.91684 205.27500 5
e 154.61986 101.81649 7
e 449.87951 142.26406 5
e 214.20249 327.29091 4
e 671.53569 529.16722 8
e 92.21696 846.47573 8
e 332.90773 687.42189 10
e 485.64663 972.10832 13
e 223.66987 1056.50034 12
e 260.57936 523.36064 15
e 403.58670 1043.35826 12
e 208.63351 534.07274 10
e 537.76783 946.35453 12
e 289.80805 688.35830 11
e 497.30784 227.35618 10
e 201.42965 239.05529 16
e 67.23047 779.45073 14
e 71.05475 188.42457 10
e 653.08884 140.89390 11
e 708.33191 693.96152 14
e 571.20508 542.75090 8
e 99.46382 230.23685 8
e 419.87570 695.10299 7
e 528.98617 978.24724 7
e 500.28931 266.18094 11
e 348.87219 933.42270 11
e 362.24834 1018.04621 6
e 225.56029 61.47568 5
e 12.73480 718.30611 13
e 553.54019 292.07312 8
e 431.39285 196.56998 7
e 437.79111 421.69355 8
e 683.45598 535.33639 8
e 62.84006 909.63710 9
e 700.28041 893.95196 4
e 421.09976 1039.85190 5
e 321.63412 627.71930 12
e 145.34451 917.43214 9
e 688.58170 460.73265 7
e 551.51191 587.89716 12
e 357.25588 17.36303 9
e 707.58436 73.43159 8
e 320.40605 212.07757 8
e 181.82503 1056.48993 15
e 95.13230 825.75588 7
e 371.56282 71.10772 13
e 281.30311 1051.24702 10
e 55.69110 615.69678 8
e 173.42346 578.95294 14
e 183.12197 415.73029 7
e 116.75676 526.17628 5
e 197.96035 578.57516 9
e 303.57239 671.83122 9
e 276.90600 755.46114 5
e 31.99646 905.99196 10
e 17.06810 171.36540 10
e 273.40153 368.97558 9
e 384.43834 43.28072 12
e 589.41778 1067.34412 6
e 645.83802 598.91565 10
e 178.65886 327.75474 9
e 208.02352 806.98506 6
e 438.73126 336.87848 11
e 87.62753 999.27409 7
e 400.18666 47.17214 8
e 527.22838 793.14523 11
e 164.45527 166.74867 10
e 355.68428 324.78918 6
e 275.66417 782.54070 10
e 651.11744 822.40528 12
e 486.68150 330.96185 13
e 369.86015 465.13110 7
e 484.51719 1046.16124 6
e 254.04845 39.27734 9
e 328.83654 27.32906 9
e 685.19452 718.24593 7
e 397.83920 867.69259 8
e 16.08742 60.32783 9
e 187.93347 164.53627 10
e 371.09702 467.93637 6
e 513.05025 231.88148 7
e 574.07666 879.10797 8
e 501.93582 504.83631 12
e 344.11668 712.82468 9
e 428.75559 397.49201 12
e 343.63942 67.46317 5
e 296.71744 791.13543 12
e 371.47202 891.26384 11
e 111.04323 214.17876 9
e 685.29444 255.86827 8
e 329.28279 673.82469 6
e 149.17362 351.41648 9
e 369.87196 62.19148 12
e 458.52197 67.76458 5
e 52.92535 357.80558 7
e 142.07071 97.87071 7
e 383.12048 391.85243 11
e 452.22719 176.98646 11
e 286.49854 126.94440 6
e 706.70560 674.36154 7
e 649.11122 311.13427 10
e 120.75915 34.06623 8
e 643.44135 1056.22691 12
e 136.59060 462.37160 6
e 272.08265 943.73405 10
e 704.28902 610.53594 6
e 517.19370 273.64980 12
e 159.29318 628.31527 10
e 429.21706 86.12280 7
e 146.31301 343.15270 7
e 20.81816 51.33261 13
e 156.53061 256.84001 6
e 599.10430 492.80842 8
e 116.89471 536.16721 13
e 583.77238 395.89017 11
e 303.14801 899.67908 7
e 641.25821 264.60468 10
e 696.04446 784.23469 10
e 315.31068 282.84922 8
e 179.64438 180.10418 8
e 493.83210 177.88290 7
e 461.33071 270.52648 9
e 117.37219 55.51871 9
e 41.69611 872.00915 9
e 357.59303 429.78914 9
e 174.73968 787.68321 10
e 706.08353 610.65289 7
e 74.44858 75.28111 9
e 68.93496 684.67752 9
e 210.53145 1005.57240 8
e 217.87018 920.60294 6
e 170.26667 627.54643 14
e 402.42362 261.39957 7
e 359.90722 582.77431 6
e 466.89338 31.56451 6
e 510.59678 629.81807 6
e 128.24212 425.29813 12
e 422.28582 519.53257 7
e 28.98874 822.62820 4
e 402.01294 399.15351 9
e 208.13232 208.60171 7
e 137.82368 1004.25728 12
e 13.85527 457.84875 10
e 478.31600 307.15957 10
e 532.10990 922.70700 7
e 231.17322 646.18207 4
e 94.05893 610.45380 6
e 699.73874 819.01039 17
e 290.81059 492.51285 11
e 50.55483 309.55719 8
e 274.05538 951.70477 6
e 511.52230 629.22487 8
e 582.86010 180.86647 7
e 151.93665 356.50252 18
e 66.76113 419.00166 8
e 492.85007 401.12667 12
e 11.48052 348.14498 9
e 330.90923 658.54529 9
e 281.70566 956.92769 11
e 22.45206 257.19280 4
e 433.15398 806.52897 10
e 275.95566 188.38036 10
e 265.31480 563.15272 9
e 208.82626 848.37391 10
e 632.22103 64.19983 9
e 137.16475 457.58057 8
e 616.78609 243.81295 12
e 645.49947 1021.75401 9
e 144.39559 1024.08191 5
e 272.99397 1012.69342 10
e 512.57481 327.29861 4
e 363.60887 86.75209 8
e 226.79609 460.51176 10
e 409.70530 183.29332 7
e 292.08816 576.85396 11
e 243.72962 681.63594 12
e 282.58840 858.81100 9
e 253.33602 930.54768 14
e 321.84271 191.98504 10
e 551.49030 50.70598 14
e 97.63308 571.50440 12
e 166.52955 587.35926 7
e 351.20164 963.17781 9
e 266.13735 860.15468 8
e 306.39133 616.06222 10
e 603.02020 1005.52435 11
e 688.41924 401.59642 8
e 223.98592 1057.94147 8
e 675.41990 81.79269 12
e 528.40251 303.63340 12
e 576.09006 29.95582 6
e 498.06928 588.55561 13
e 218.53647 653.13768 14
e 121.16039 504.41756 9
e 330.60067 997.47242 6
e 121.24459 220.40975 13
e 702.94745 33.66384 9
e 368.80301 34.57618 11
e 699.00313 373.80206 9
e 71.03319 488.84995 9
e 648.17248 637.52010 6
e 135.54540 527.14323 8
e 83.46195 663.74362 8
e 570.87956 861.65356 11
e 658.97799 278.87244 11
e 682.27899 225.79992 11
e 443.08192 726.68217 7
e 156.33950 471.63936 6
e 316.56576 144.72101 14
e 453.89726 626.26620 9
e 539.85706 1048.60259 7
e 643.14020 783.77036 11
e 549.49035 614.88607 9
e 661.93453 121.45259 5
e 22.62335 590.25144 13
e 652.28857 544.15758 7
e 167.30224 691.06969 5
e 397.88610 629.66236 12
e 695.17380 72.51209 4
e 625.79789 865.69584 10
e 149.73535 832.14460 12
e 564.55471 516.37568 8
e 365.71196 1011.40309 8
e 62.96800 445.95100 13
e 201.10326 443.74440 8
e 201.46216 900.40996 7
e 351.14263 450.50280 4
e 350.27178 831.74674 8
e 537.51767 726.38773 16
e 652.83328 935.38267 10
e 540.69899 960.76507 11
e 352.30009 534.29725 17
e 674.46000 644.42365 11
e 541.41153 158.79670 6
e 220.67993 864.73397 8
e 457.54527 721.13579 13
e 324.13485 576.61448 16
e 659.63953 838.41378 8
e 227.19034 274.73229 7
e 547.66331 720.54844 9
e 50.48514 754.65480 8
e 539.79018 466.67066 7
e 128.91111 1026.36766 10
e 280.14494 789.28452 8
e 226.04333 789.21393 11
e 496.09475 619.75467 9
e 626.29348 83.64536 6
e 247.56938 22.32645 7
e 501.79385 955.82872 6
e 222.40027 311.06135 15
e 342.06520 786.16032 9
e 283.04597 897.51855 15
e 14.21025 146.89517 12
e 274.04643 263.24726 4
e 606.89560 595.49680 9
e 314.06920 182.40856 10
e 196.48600 714.23215 12
e 655.82968 581.09795 5
e 291.60283 879.98328 7
e 223.31406 604.36757 6
e 454.08704 49.81455 7
e 235.34943 129.04219 8
e 239.02722 266.83935 10
e 74.36250 803.21874 20
e 677.54129 193.12366 12
e 549.30021 163.40179 7
e 423.41987 979.12785 11
e 220.86066 304.21078 7
e 413.29483 315.98504 9
e 565.82523 226.48996 9
e 370.88252 349.23400 8
e 30.11737 699.73795 8
e 591.22393 684.51365 8
e 689.66804 416.04370 10
e 241.88954 65.68003 12
e 258.43007 573.03778 16
e 705.95401 476.92372 12
e 41.50124 892.04698 11
e 474.13094 132.65446 14
e 306.36145 543.75453 10
e 433.46952 921.40751 6
e 362.07886 438.56183 8
e 67.68539 682.94555 10
e 540.48351 322.51421 6
e 662.80843 969.39407 8
e 351.94798 826.76217 11
e 274.12590 928.29409 7
e 359.96192 312.68762 9
e 449.15289 490.17823 10
e 241.60782 208.64937 8
e 578.26636 587.96166 8
e 479.87111 789.79381 14
e 86.08343 986.93622 10
e 502.76833 922.25708 8
e 509.92881 546.91286 9
e 417.96747 278.43674 6
e 591.46082 145.48849 13
e 616.04724 615.59390 12
e 223.68562 423.86572 10
e 405.76463 802.54310 8
e 326.80006 682.19950 13
e 234.79638 746.96436 9
e 569.81557 795.44641 8
e 332.70986 267.11161 10
e 377.04169 208.22585 13
e 500.60009 948.66231 8
e 138.34288 253.67195 7
e 197.68241 591.99855 9
e 298.60674 181.68270 11
e 483.39480 938.79531 10
e 523.56921 233.85111 7
e 694.68648 281.31169 6
e 42.37326 128.49205 13
e 156.25658 86.96397 9
e 75.23638 134.22862 6
e 387.77118 545.61621 6
e 562.87088 653.33307 10
e 196.33405 86.32649 14
e 345.16922 121.75348 8
e 312.33855 797.19923 10
e 599.82270 212.32572 5
e 619.56029 582.24773 7
e 99.97971 129.20123 7
e 91.89857 147.47645 7
e 558.09013 961.74390 7
e 613.40660 228.19538 8
e 314.54073 537.01760 7
e 696.92427 40.25775 5
e 691.55270 134.21819 8
e 283.37647 254.32310 8
e 476.62035 854.16055 13
e 566.33207 544.59219 9
e 344.80895 704.80532 5
e 195.70143 92.52056 13
e 375.29785 552.21031 13
e 30.90785 690.31889 8
e 149.60853 188.25959 8
e 181.97396 603.24812 10
e 573.51789 148.27634 12
e 551.14994 396.61914 17
e 229.20610 435.59974 8
e 281.93123 474.18091 9
e 583.07565 822.99754 13
e 640.22922 813.77465 6
e 676.06728 732.93927 9
e 49.44198 199.21932 4
e 37.89717 109.74996 12
e 371.88579 967.63712 15
e 376.11038 821.07518 7
e 122.07307 728.48045 7
e 169.06368 671.79301 6
e 564.39708 258.18127 10
e 140.78580 569.27673 5
e 353.22879 528.12015 8
e 627.07475 687.26334 13
e 596.55110 965.97250 13
e 170.79496 85.78265 19
e 589.64901 483.67102 8
e 443.88329 1067.11163 7
e 699.57954 504.13021 10
e 634.00875 629.96177 10
e 212.09787 970.53179 6
e 221.05714 673.15028 16
e 559.67949 1030.50608 11
e 528.18286 569.31301 13
e 125.82423 1049.18235 6
e 706.63076 494.59765 14
e 323.81533 630.50226 8
e 221.87169 1024.63283 13
e 365.13930 505.47420 15
e 262.61012 101.13762 10
e 552.20719 538.80954 10
e 275.90300 390.56034 9
e 443.33779 174.31700 9
e 440.16045 520.90868 8
e 245.61416 332.27127 19
e 556.98760 795.76580 6
e 105.83749 499.07614 9
e 428.37517 962.66891 7
e 702.46616 415.15336 13
e 680.57400 660.10905 14
e 453.80933 558.99389 8
e 659.01977 235.13189 7
e 77.88257 252.38055 12
e 679.76516 467.84221 6
e 86.07559 646.87632 9
e 54.76074 821.64192 10
e 659.41863 334.12106 13
e 173.68240 880.53872 11
e 299.58551 764.88279 11
e 144.22821 70.48734 10
e 341.09222 92.07691 7
e 606.12229 849.97000 13
e 599.67432 279.53606 7
e 268.46617 44.81822 14
e 376.10470 959.70475 13
e 194.38285 130.96109 7
e 231.26507 776.43859 12
e 597.68533 168.27629 15
e 237.51196 204.27296 11
e 23.78052 789.86483 10
e 607.42262 1001.23366 7
e 557.24157 746.81493 7
e 562.43950 515.88807 14
e 229.06794 259.71317 5
e 339.78352 845.21346 11
e 52.30958 1068.42784 6
e 579.84328 448.68908 7
e 649.98820 576.84986 8
e 591.68554 268.89663 10
e 515.83720 1064.67171 8
e 682.01211 881.88091 10
e 381.71212 319.95330 11
e 89.45221 982.51137 6
e 460.81385 880.52596 4
e 272.02324 622.95882 10
e 569.39315 303.23753 10
e 604.58557 451.25289 7
e 67.73768 165.30339 7
e 170.36166 437.98468 10
e 61.81059 201.95904 11
e 231.36219 492.20397 5
e 134.45854 202.74696 10
e 322.23191 618.21735 7
e 581.28640 227.44094 13
e 137.05508 172.91973 5
e 474.34112 654.08018 4
e 101.96007 985.64646 13
e 642.88172 464.31338 7
e 189.83505 536.12842 9
e 569.27197 390.81893 5
e 693.01784 200.24996 15
e 181.81198 729.77762 4
e 67.42559 394.77831 14
e 101.12956 331.54043 7
e 704.35368 380.35154 8
e 253.53501 103.80727 9
e 422.38099 504.68815 4
e 393.12824 617.63722 19
e 405.79553 1011.30637 9
e 649.88706 980.63772 12
e 233.47956 64.02964 13
e 107.14487 1003.38583 8
e 143.24115 582.52523 15
e 193.16186 92.33322 7
e 649.37058 925.73473 15
e 685.14102 337.13195 6
e 593.54022 397.24763 13
e 151.29063 547.33447 8
e 602.63432 371.04618 9
e 435.14962 176.98936 6
e 390.52042 799.40812 6
e 113.41954 1064.52744 10
e 467.70287 104.54242 8
e 33.18432 416.34485 5
e 66.87645 37.78058 14
e 261.30279 679.09737 10
e 119.67706 639.39758 7
e 359.06460 84.63807 13
e 165.22587 251.98278 5
e 592.92090 387.76776 9
e 34.40261 398.85150 5
e 436.00194 398.50125 8
e 259.73853 777.16888 8
e 83.13356 661.54549 8
e 505.89907 359.58367 15
e 16.90183 1032.68717 10
e 506.28194 452.70609 8
e 542.54697 742.01508 5
e 169.78361 907.42239 8
e 27.96227 1013.70696 12
e 133.34355 868.73898 8
e 281.51204 177.76994 4
e 146.87880 1061.96896 7
e 584.48972 1009.64849 10
e 251.78464 347.03159 10
e 623.91752 100.77874 11
e 77.25386 168.55777 9
e 81.15716 455.91348 12
e 390.82204 139.82295 7
e 705.41618 674.66034 8
e 641.88616 112.66214 11
e 439.84016 959.47493 7
e 226.41939 200.48666 11
e 326.53098 610.19242 4
e 213.54559 726.40731 11
e 481.26611 184.79456 9
e 338.69532 862.79808 10
e 663.62059 532.59548 8
e 572.31920 78.19725 12
e 273.77040 676.76245 10
e 199.29613 297.72108 10
e 110.23990 751.32056 6
e 255.58610 206.93960 4
e 700.29478 967.86284 8
e 50.37508 577.00549 13
e 662.18153 345.88583 7
e 285.44882 1061.72055 8
e 695.72614 980.37903 8
e 384.82345 1065.90752 12
e 341.89514 446.36273 5
e 628.30465 228.95511 14
e 311.75490 208.41017 7
e 320.17790 580.41292 12
e 31.33179 813.56125 8
e 482.55557 592.74306 14
e 603.03246 162.47207 9
e 671.54786 394.52491 14
e 117.27973 728.65886 13
e 305.33058 906.98379 10
e 443.54125 524.22795 5
e 13.04459 932.20576 12
e 459.92402 1057.34790 12
e 457.42081 259.50379 10
e 482.81480 822.06624 6
e 613.10889 653.28817 14
e 395.73517 462.52485 17
e 676.27342 964.69672 10
e 646.97724 483.83235 13
e 624.56250 316.54263 12
e 212.35859 857.10636 8
e 576.52466 652.94319 8
e 435.26774 1005.87449 10
e 89.62586 229.13641 9
e 424.70549 986.32554 10
e 184.33977 741.23549 9
e 316.57157 437.30575 10
e 492.10702 624.74815 4
e 600.71464 932.15856 11
e 700.91303 430.33939 12
e 37.35482 750.81273 7
e 571.91696 502.03887 12
e 429.24650 413.87129 16
e 184.59680 481.67700 16
e 148.10212 428.34117 6
e 680.12116 303.36106 8
e 309.80275 244.43415 6
e 312.76329 805.76809 8
e 553.89871 85.77966 6
e 631.43015 748.79560 10
e 678.23815 424.10498 12
e 149.71071 277.53946 7
e 439.33319 706.17930 10
e 225.32199 337.86180 7
e 436.98472 632.28971 10
e 362.12801 791.39093 12
e 287.60550 472.63899 5
e 93.33224 933.31609 7
e 239.79885 375.15300 11
e 253.06848 356.59931 9
e 305.37589 140.69274 11
e 659.09096 684.30044 10
e 343.54486 560.65970 10
e 154.75490 764.80888 7
e 226.30322 908.81161 11
e 20.98899 931.71996 8
e 30.41947 833.16811 10
e 664.40268 687.87366 15
e 696.34748 541.64826 12
e 557.02948 419.09100 7
e 139.23645 776.66959 8
e 78.02451 263.20154 9
e 13.29816 686.06734 14
e 80.91827 144.30879 10
e 359.55831 584.55908 7
e 134.71113 384.22192 13
e 535.80273 101.41468 11
e 494.69070 638.74192 11
e 329.64927 871.62415 10
e 601.15880 160.16510 11
e 80.34402 141.97650 8
e 208.69589 277.89365 6
e 599.76780 426.98594 10
e 559.40721 985.13506 13
e 368.10817 65.82288 6
e 34.67689 732.14660 7
e 370.33691 790.95915 12
e 270.57517 956.08147 7
e 499.63908 94.18106 13
e 706.86421 69.02598 10
e 452.31735 398.06392 6
e 130.96877 333.67807 5
e 282.71838 803.41864 15
e 325.50464 268.00794 15
e 401.87578 682.18459 9
e 671.83484 1030.40796 10
e 17.80312 235.31559 7
e 404.56412 613.67905 9
e 74.31353 849.38273 14
e 268.29619 1048.25909 12
e 276.75484 770.86929 8
e 635.19054 454.65331 9
e 434.43771 816.42970 11
e 356.13952 237.53908 10
e 528.47736 855.57833 9
e 291.28889 715.64904 7
e 291.85192 1030.29673 7
e 230.76477 42.66154 11
e 406.96913 174.10437 7
e 17.50770 877.43982 7
e 415.41087 714.36501 11
e 443.33468 831.91804 12
e 94.67634 1067.80937 10
e 520.49596 734.00286 9
e 294.00053 57.17518 11
e 256.95958 852.69079 8
e 300.85423 729.76506 10
e 616.20740 571.12535 8
e 564.82227 780.97523 8
e 567.16994 195.60438 8
e 259.06881 19.96492 13
e 471.84242 596.03689 7
e 700.11358 414.83306 14
e 647.15931 334.41069 10
e 44.10784 394.40956 4
e 572.93747 1009.38399 5
e 616.10882 745.55658 5
e 569.71718 314.00117 17
e 493.20384 240.23144 8
e 210.34059 819.55866 8
e 636.09228 251.77420 16
e 611.41515 514.54437 14
e 624.86426 1009.78625 11
e 372.34811 441.63328 15
e 266.46141 676.68970 6
e 319.84373 905.13316 13
e 101.25150 351.54157 6
e 633.98152 676.88571 9
e 445.73129 317.84751 5
e 438.47088 135.81596 8
e 127.38304 272.11807 7
e 527.66643 1020.43701 11
e 538.80469 1007.14513 8
e 288.55486 449.07084 10
e 560.50810 417.47168 7
e 469.24288 829.68066 12
e 629.30669 408.37942 9
e 403.44954 148.52803 14
e 556.66274 1062.71704 11
e 382.23199 998.25623 6
e 227.16433 1018.94032 6
e 638.53863 853.66521 8
e 648.35248 807.71408 8
e 523.64385 867.45837 10
e 632.47988 883.85205 5
e 377.99553 233.19402 7
e 307.31988 256.06004 10
e 203.97194 786.46719 6
e 302.66123 286.09477 14
e 168.78188 629.20149 10
e 328.90930 633.32127 9
e 562.70842 325.22175 11
e 49.83634 921.97502 9
e 369.39921 435.97744 10
e 361.21558 55.12228 7
e 676.11663 405.72531 8
e 155.29739 196.63435 6
e 12.77541 467.36247 7
e 126.83553 353.23841 13
e 586.29955 825.69901 8
e 82.24217 993.19540 10
e 675.92278 89.55315 12
e 652.29394 563.62422 12
e 407.35289 229.04495 9
e 579.15783 697.35848 10
e 225.67624 603.94310 9
e 98.24866 17.11290 7
e 315.70147 757.68747 15
e 479.38121 522.51140 7
e 414.04889 963.12103 9
e 204.09596 13.83969 5
e 219.72389 1049.48906 8
e 627.52891 852.00587 8
e 538.90617 926.06091 10
e 654.49940 453.41292 10
e 296.94187 535.92212 10
e 22.20299 675.84886 7
e 198.73452 203.15310 7
e 391.54748 359.70673 10
e 47.12957 513.55564 8
e 192.53409 75.80681 10
e 296.66568 1008.69185 12
e 90.39819 566.71847 6
e 641.57498 665.49291 9
e 172.27593 805.33516 7
e 544.56835 336.43469 6
e 364.49639 115.92284 2
e 89.93114 837.49723 13
e 17.70584 181.72509 15
e 577.61004 957.50533 6
e 442.43406 389.39879 10
e 288.56500 391.86947 12
e 631.30924 506.92087 8
e 270.73310 155.97127 16
e 615.14110 520.81880 6
e 95.81233 740.30847 9
e 126.69742 764.03664 11
e 58.17627 462.75371 8
e 94.18286 202.94992 12
e 316.45227 600.98178 11
e 134.01767 221.21378 19
e 640.57942 77.92346 7
e 341.04406 644.52063 10
e 702.42958 333.64709 11
e 35.61714 1024.80055 9
e 688.29558 855.56727 9
e 127.87364 516.98129 13
e 229.53669 878.03049 15
e 658.70600 447.95829 8
e 514.29089 182.71051 11
e 482.01428 576.09909 14
e 688.29118 49.41981 9
e 115.45846 1043.70128 6
e 154.43059 806.75570 10
e 531.99213 981.34080 8
e 359.72664 889.90994 10
e 73.07556 371.40714 10
e 436.34689 228.68912 11
e 160.49308 640.22449 6
e 442.27931 383.06812 10
e 409.85921 1047.18582 9
e 133.41069 332.98657 5
e 537.33203 661.63812 11
e 657.82738 570.86012 13
e 578.24906 622.89824 7
e 632.81944 959.51069 7
e 202.80352 345.37005 13
e 143.74241 978.57759 10
e 249.97003 78.53763 10
e 128.16178 1032.75784 8
e 88.68990 954.78996 10
e 566.65469 964.00476 6
e 589.16403 1051.04810 16
e 462.37251 873.48809 10
e 678.57929 480.27568 5
e 510.21061 1034.66040 10
e 22.40503 212.65066 9
e 689.66189 832.82068 6
e 17.47890 617.92285 13
e 533.90436 631.61731 10
e 550.13996 684.45649 7
e 445.45633 51.95007 7
e 601.36407 497.61529 4
e 541.66472 956.81378 11
e 478.04201 379.62671 8
e 81.10229 605.43854 5
e 672.40519 427.68766 5
e 29.05777 985.28932 10
e 699.95644 15.42009 11
e 516.85840 793.30434 12
e 217.54928 407.92181 9
e 384.37650 458.50271 9
e 118.97949 973.91401 6
e 616.90007 558.21558 7
e 476.29215 224.44610 13
e 538.41818 464.56702 8
e 147.90348 44.56907 9
e 607.63746 915.28116 14
e 628.67952 746.59589 10
e 199.51380 159.82849 11
e 352.97092 135.92131 9
e 590.16479 882.16409 10
e 704.36640 772.99864 6
e 539.39281 331.46794 12
e 480.38661 211.35917 7
e 278.77258 681.02255 11
e 538.94075 239.06479 7
e 592.65067 350.20821 15
e 509.38934 783.19955 14
e 368.70225 199.91824 5
e 380.60773 1023.57104 8
e 368.24128 156.69474 9
e 552.07177 661.47839 3
e 101.76038 600.21436 6
e 141.87594 66.83687 13
e 603.62469 588.32887 6
e 667.06824 37.35703 8
e 364.00034 235.60771 11
e 188.95310 437.06105 9
e 139.00762 97.59861 13
e 88.42014 993.06128 7
e 85.56838 598.62355 9
e 568.15349 97.53901 13
e 95.44676 400.37789 9
e 62.18907 280.92363 14
e 450.52879 332.94316 11
e 51.23010 989.40199 8
e 393.37468 804.82517 8
e 298.07859 740.95331 4
e 431.56535 164.15171 7
e 322.47757 595.69374 15
e 525.95701 717.31189 7
e 672.40964 304.43185 9
e 44.83066 192.78473 13
e 605.64563 508.10412 6
e 198.48257 953.02165 9
e 242.70988 571.91305 9
e 501.51625 532.71129 9
e 250.80854 830.60138 10
e 374.86977 762.76278 11
e 151.85616 942.45258 7
e 246.27274 191.00287 7
e 342.48054 155.33663 11
e 367.60446 93.12248 11
e 575.90989 579.20704 7
e 693.24604 1030.12858 8
e 363.98227 713.32061 10
e 623.98825 293.12453 10
e 91.04308 12.10821 14
e 559.48646 867.58041 8
e 640.45330 185.15579 13
e 596.44032 981.63532 12
e 289.42362 873.29899 9
e 642.74905 795.22625 7
e 326.79045 672.68766 7
e 215.78829 422.04384 14
e 233.73631 882.99842 9
e 80.12528 222.07977 9
e 443.82419 609.11595 6
e 539.25134 276.00009 4
e 668.09568 389.98475 9
e 592.84912 46.07393 7
e 238.72586 83.27791 7
e 664.24455 893.35732 14
e 664.00107 213.30228 13
e 616.71141 633.93489 10
e 567.78088 872.32164 8
e 370.23815 168.40003 10
e 692.60338 804.50426 8
e 583.48958 196.90312 5
e 413.85789 677.93402 5
e 121.00030 568.75996 9
e 481.19520 12.56855 11
e 60.40839 730.44882 7
e 477.79191 492.96398 8
e 420.32518 757.88798 10
e 407.07560 812.58068 5
e 553.10329 847.46232 11
e 395.31848 544.80326 12
e 332.51919 374.51158 5
e 22.99432 124.08822 8
e 703.57222 38.61134 5
e 496.62999 396.93748 13
e 540.21170 542.77608 15
e 670.45987 350.94636 7
e 135.30562 800.76765 10
e 72.15581 490.76260 10
e 408.84816 1024.65049 5
e 686.06375 1000.87023 8
e 380.66318 796.85856 4
e 337.43569 230.80629 11
e 35.33586 179.94967 8
e 432.62836 519.60115 13
e 440.97921 543.83318 15
e 677.74203 846.31785 7
e 156.91895 385.88613 6
e 318.85976 38.69163 8
e 559.00576 520.26570 5
e 687.57388 140.19731 8
e 618.06556 174.83494 7
e 282.09952 711.30241 7
e 326.62736 477.54736 6
e 243.76152 623.68822 12
e 59.82548 911.19786 7
e 312.04669 1031.94958 6
e 95.66948 129.09448 8
e 118.97747 21.21972 8
e 16.85258 501.58432 8
e 203.24874 55.93109 9
e 262.86795 702.67986 10
e 465.61382 912.82084 8
e 110.71032 991.18231 4
e 219.97453 324.16858 8
e 468.33732 358.81276 8
e 316.70611 102.38751 13
e 672.00730 296.19501 6
e 441.26561 393.70714 10
e 129.15336 814.19106 6
e 249.96746 731.24082 13
e 663.06771 470.73264 5
e 127.68682 338.91267 7
e 586.06800 581.80085 4
e 571.30425 928.93786 7
e 408.12596 878.69907 5
e 270.10114 359.99415 9
e 252.81080 488.49734 9
e 536.97572 110.74414 10
e 123.93964 639.96626 6
e 295.18451 628.26987 11
e 154.36698 296.27436 11
e 538.35925 687.70391 3
e 616.69466 464.61813 14
e 425.97237 506.35269 9
e 548.60683 282.63599 7
e 106.94890 761.22663 7
e 548.18774 92.51854 12
e 593.06111 503.85365 13
e 689.39201 330.70207 5
e 662.82425 449.30041 18
e 440.20765 1056.60861 11
e 408.08093 676.74394 13
e 259.48892 838.41876 10
e 693.71301 753.74680 6
e 327.35966 453.18084 9
e 251.49096 719.88852 13
e 564.08062 161.62853 10
e 240.89587 979.45508 6
e 243.98616 237.24145 9
e 303.78660 840.54294 8
e 104.28725 1052.53699 7
e 489.60227 306.38987 8
e 439.31896 459.42392 10
e 428.11357 808.59643 12
e 274.80083 303.56088 13
e 378.83219 874.09525 6
e 504.26549 530.67916 8
e 604.05245 982.71146 12
e 237.98512 701.24101 9
e 270.46456 618.41878 12
e 635.92932 589.27103 10
e 354.71592 834.71189 9
e 71.20688 44.33945 7
e 597.61186 491.60524 7
e 433.99716 998.52628 10
e 194.61097 35.25569 12
e 705.24506 720.10224 6
e 418.88549 738.08931 11
e 390.28609 364.73492 9
e 482.09282 878.18151 5
e 536.28212 1055.39618 5
e 75.65098 747.55545 10
e 433.38545 691.51685 8
e 53.88363 633.96158 9
e 571.46601 954.89865 13
e 301.33846 26.19906 8
e 306.59753 811.12284 5
e 481.08308 781.90511 6
e 103.38390 592.55998 7
e 639.39001 1041.15200 6
e 372.24502 177.81013 13
e 530.41693 343.27065 10
e 144.62192 68.90331 7
e 587.39809 697.14169 12
e 53.79662 415.69052 12
e 246.04991 392.06216 11
e 372.15919 248.19579 6
e 537.21433 847.95518 9
e 351.89962 760.34059 9
e 453.72010 779.97317 10
e 297.49766 638.63252 7
e 456.46474 796.72741 9
e 694.60240 551.60128 13
e 148.97206 914.10737 9
e 500.69728 587.35991 11
e 332.54588 179.58096 11
e 706.15951 728.03829 8
e 215.71524 21.94596 4
e 26.78586 853.07977 11
e 268.79015 572.77977 7
e 627.84548 120.98712 6
e 226.30185 161.95584 15
e 604.88342 459.94210 8
e 520.34477 1002.60588 10
e 597.37769 766.42748 7
e 621.99340 975.37563 11
e 372.74983 908.75013 7
e 94.11252 478.81788 11
e 509.95234 403.21115 9
e 222.73990 1008.22056 8
e 23.16725 550.47571 10
e 20.35859 418.81533 8
e 631.40526 790.75506 10
e 18.14281 170.22059 10
e 196.42743 837.83896 16
e 127.49282 577.05308 8
e 645.63651 617.54990 3
e 428.06138 520.11730 7
e 316.67315 314.62567 13
e 652.01723 546.91666 14
e 616.11844 328.63286 6
e 119.81781 187.13195 7
e 384.78204 260.99433 9
e 196.31844 185.58382 9
e 385.21658 500.81384 10
e 634.01393 957.83334 5
e 672.24023 274.66477 11
e 82.45551 599.51905 15
e 504.65855 192.53501 7
e 134.41477 1016.28957 6
e 158.64260 542.82986 17
e 76.35041 762.12346 7
e 486.41190 265.84744 9
e 386.36926 689.50845 6
e 115.14458 816.27626 11
e 353.30880 870.64987 8
e 570.24813 114.02690 8
e 229.22788 327.01400 10
e 316.93174 421.92434 9
e 625.12777 914.10388 10
e 265.91740 32.59363 5
e 169.43936 811.25048 9
e 435.87627 787.82516 10
e 63.28212 251.37003 12
e 474.35071 218.81869 8
e 668.16169 802.13620 10
e 260.42727 879.44211 9
e 360.65262 30.90185 5
e 458.26087 557.87925 6
e 109.83619 43.59183 9
e 174.45504 658.69369 10
e 634.18063 437.75859 8
e 415.97405 264.15995 9
e 486.69859 1065.29443 4
e 229.91538 573.42784 9
e 538.88975 1000.71163 12
e 431.18785 615.21555 6
e 550.42671 204.59123 6
e 428.74175 995.64362 14
e 358.77714 576.65084 10
e 383.25673 786.13931 10
e 189.44628 820.32487 9
e 420.11891 661.29380 6
e 243.45095 282.42037 6
e 73.68867 158.95149 7
e 342.08204 802.44184 13
e 11.41366 244.83486 7
e 467.85099 436.04539 6
e 276.38264 603.56268 7
e 601.12705 907.75216 6
e 71.37947 916.23313 8
e 597.24731 438.90483 7
e 578.23148 907.88727 11
e 161.00137 187.87217 12
e 656.33898 1013.33685 9
e 556.18735 469.78095 10
e 356.92735 32.96717 11
e 165.88487 17.09211 9
e 60.74291 513.87512 8
e 508.70766 421.01226 5
e 17.29797 144.32675 7
e 436.90383 263.98832 7
e 292.90115 851.89051 10
e 154.70433 457.46145 9
e 637.85922 472.59737 13
e 320.86271 721.19126 13
e 674.00780 613.41827 12
e 246.38796 321.56681 11
e 436.60549 231.95474 9
e 61.74015 467.01079 13
e 262.89254 683.00041 12
e 399.18349 471.42973 11
e 288.02182 796.38050 7
e 156.41844 177.30621 10
e 657.20942 712.78640 12
e 201.87543 762.65075 8
e 696.12600 185.34382 7
e 323.40043 273.93221 5
e 290.54503 310.66585 6
e 641.48533 660.16034 9
e 30.67456 363.59010 10
e 141.99282 771.61468 14
e 37.43226 621.54829 13
e 685.99120 233.07650 10
e 135.86453 957.46682 8
e 481.39389 287.87220 10
e 545.97638 727.09199 5
e 482.96464 741.22378 16
e 194.66178 417.39084 5
e 678.28635 955.83012 14
e 337.64440 571.36051 9
e 659.63157 566.71731 8
e 236.15796 582.43969 18
e 132.84917 801.29289 8
e 72.75814 313.47136 13
e 317.85262 804.20933 10
e 112.33160 107.64249 11
e 550.38750 438.57402 11
e 15.68741 498.33711 7
e 454.88466 1039.67974 12
e 339.38171 723.45555 5
e 619.16463 410.74943 9
e 204.15287 927.86544 7
e 267.99902 18.43033 6
e 559.87497 197.75512 9
e 612.25601 513.40701 10
e 173.10947 1013.24736 14
e 118.89589 577.96569 8
e 255.24198 1052.66911 8
e 449.94825 722.40592 13
e 415.80360 964.35565 10
e 164.12600 1064.31210 6
e 477.34423 537.70887 12
e 165.62045 567.62902 12
e 228.70936 893.85706 6
e 542.97653 41.84692 6
e 701.85029 29.67616 7
e 257.33067 494.88026 15
e 599.23647 1022.23191 9
e 371.87482 403.05337 13
e 20.60946 523.77453 8
e 272.01519 1011.24211 9
e 506.52556 696.93379 8
e 284.50368 403.89514 6
e 707.55223 220.36965 10
e 137.94840 779.41553 12
e 381.77646 159.98421 8
e 260.67769 743.50392 8
e 601.77109 931.28131 13
e 427.83964 201.93536 7
e 79.58105 201.00280 9
e 562.18260 576.52736 7
e 590.74695 427.19425 9
e 458.79794 339.35362 14
e 323.55456 469.06139 6
e 420.69351 561.26025 9
e 610.41158 827.70376 12
e 36.32960 817.92181 9
e 314.37384 204.77950 8
e 436.39986 876.05494 6
e 303.20878 338.33461 11
e 31.28444 17.54777 10
e 508.78121 690.16686 10
e 284.00713 179.95746 9
e 117.60061 161.68740 14
e 107.45436 302.86506 11
e 267.03762 934.24338 10
e 101.67338 748.63342 10
e 189.50578 361.24921 6
e 423.71985 31.93477 5
e 319.56641 786.37670 7
e 356.15680 1064.64363 9
e 683.50327 414.07072 8
e 125.78143 67.35777 10
e 334.01564 371.31479 7
e 475.72820 133.14508 13
e 191.26494 609.41827 8
e 171.76010 392.96041 7
e 435.62461 693.10451 10
e 689.72598 33.36556 6
e 33.06679 767.58152 7
e 438.07281 99.64082 9
e 563.63566 517.36436 5
e 138.55141 284.40494 9
e 557.65288 546.49786 12
e 140.56754 495.31635 13
e 186.04238 581.21574 4
e 285.67231 539.06393 14
e 571.57558 792.27941 7
e 298.78024 732.06026 7
e 207.63425 938.62588 11
e 318.51585 69.27789 7
e 10.92929 758.23517 11
e 688.11860 1051.21000 8
e 175.32682 892.85453 4
e 232.68703 397.48880 8
e 369.52589 749.71697 10
e 491.08870 322.66809 10
e 56.96083 615.24678 8
e 556.44148 356.89415 7
e 192.01088 960.71782 8
e 341.67619 648.39597 6
e 242.67382 364.74409 8
e 691.18193 470.92097 11
e 248.31609 700.71665 4
e 183.25240 272.33489 7
e 691.86798 833.97842 5
e 300.95902 123.87182 11
e 423.06713 199.34407 13
e 371.20602 171.02720 8
e 681.81770 335.11681 10
e 517.10549 1001.08255 8
e 262.34808 764.05391 7
e 200.82420 649.98824 11
e 23.49944 821.82238 8
e 137.71191 837.05289 9
e 281.28505 856.24409 6
e 285.38527 965.30504 7
e 670.49813 85.47516 11
e 626.31805 553.02585 6
e 115.57815 259.74545 9
e 142.61579 495.52793 9
e 253.46696 552.62692 7
e 167.69628 453.09344 13
e 205.87856 846.50378 8
e 700.11429 888.34289 3
e 239.06775 317.19698 5
e 209.00870 145.39797 5
e 234.35399 574.76126 12
e 337.67183 799.00853 6
e 699.40568 872.96446 13
e 364.59185 89.37638 15
e 256.91322 708.08254 6
e 93.40414 667.31016 11
e 391.60731 949.14300 11
e 12.19482 723.51500 9
e 77.51386 674.60856 8
e 38.79038 285.42989 13
e 131.98965 339.31284 6
e 57.43075 1018.92824 8
e 198.82486 192.49472 10
e 541.23284 159.80222 9
e 432.55312 369.09688 9
e 664.02035 241.70834 11
e 654.74122 223.51887 7
e 631.58942 706.37505 11
e 541.67801 739.17828 11
e 432.94822 211.31452 6
e 559.65543 102.73323 9
e 189.90763 305.98845 15
e 84.72959 513.02577 9
e 120.59253 808.75747 9
e 324.35555 119.30025 9
e 491.65559 335.28325 7
e 494.00596 327.11010 9
e 437.99984 866.37858 12
e 476.05050 736.75780 9
e 699.05818 80.60107 14
e 202.78914 544.21567 13
e 577.92368 478.99879 9
e 139.06266 912.34029 9
e 150.53905 318.87496 12
e 448.55593 299.84438 6
e 510.25302 638.90021 8
e 130.69793 603.68421 13
e 649.99155 471.74649 8
e 350.13228 727.59121 19
e 460.38589 184.42376 7
e 485.41208 715.74249 9
e 162.86796 399.69118 10
e 26.77778 963.58947 7
e 21.02911 1063.34646 10
e 544.09840 943.73279 9
e 35.41442 527.48674 10
e 699.53501 476.26712 9
e 280.25542 329.10638 12
e 108.06988 301.92456 8
e 202.82330 924.65854 15
e 320.13862 430.19404 12
e 329.43727 196.12611 12
e 691.87111 394.26787 9
e 465.39697 710.99810 11
e 354.26097 938.29490 10
e 242.53289 732.49542 10
e 49.67453 46.50946 10
e 74.60283 313.87040 7
e 620.98502 368.75642 11
e 170.70858 983.19404 7
e 667.97643 157.53272 11
e 467.31974 297.17391 6
e 567.57295 666.78524 11
e 95.92073 623.54820 12
e 46.20856 535.71334 9
e 349.39085 846.51075 6
e 553.50218 505.36727 13
e 691.64815 461.75317 9
e 207.28632 229.64499 9
e 446.39113 744.77711 10
e 228.82264 27.27851 12
e 202.53908 424.50690 5
e 102.98178 323.95412 7
e 140.67234 582.25372 13
e 52.13605 221.89901 7
e 237.89445 965.76519 5
e 474.78980 612.48359 8
e 489.73775 23.09449 8
e 289.71038 118.60233 9
e 395.94807 1004.43196 10
e 228.68577 421.06594 7
e 363.75286 961.33058 10
e 238.06647 790.43321 9
e 470.31276 291.58515 11
e 585.91460 770.28171 11
e 462.32094 134.72686 7
e 558.14917 218.61204 13
e 405.71631 991.24952 11
e 279.22576 1030.53283 10
e 359.30330 686.17541 10
e 569.49141 544.83288 8
e 53.28544 294.77414 7
e 515.64236 214.64619 4
e 346.27628 778.28294 4
e 23.84235 1037.26376 9
e 214.03719 823.67758 7
e 75.89376 1002.32062 14
e 405.34214 926.88036 6
e 632.74105 500.25552 4
e 686.81046 977.49178 6
e 221.22934 569.22107 12
e 691.73334 18.95053 9
e 371.24976 349.09577 12
e 135.52359 561.56427 10
e 296.85031 285.11979 4
e 594.00928 397.36596 8
e 302.89410 1058.88898 11
e 573.22898 814.85899 5
e 111.69255 91.11459 7
e 522.75151 127.66766 10
e 283.21854 195.38650 7
e 257.20983 881.79872 8
e 473.40630 139.96651 10
e 206.95233 851.20784 12
e 590.96927 531.02824 13
e 187.24525 209.77786 10
e 500.86824 23.11946 10
e 556.98276 489.33730 5
e 454.15889 358.87216 5
e 259.36616 800.42961 11
e 195.56855 895.82260 7
e 651.72552 475.26579 9
e 394.64299 221.62346 10
e 480.67941 1003.12392 7
e 162.90905 644.79969 7
e 48.32977 61.57178 10
e 85.46297 381.77736 12
e 592.14319 431.72279 9
e 131.29391 883.91345 10
e 283.21216 477.83967 21
e 308.25720 894.56198 7
e 183.73187 943.34523 8
e 132.29711 960.27940 9
e 170.37872 560.38746 10
e 286.79043 837.21061 7
e 187.87871 134.78637 8
e 379.75546 524.63931 12
e 273.44365 441.28707 6
e 460.37864 811.52845 10
e 406.52117 874.64543 16
e 144.52356 680.68902 4
e 150.35653 599.27875 10
e 559.71479 612.90555 9
e 581.91328 477.10690 7
e 618.34021 779.11612 4
e 549.90319 147.55724 6
e 532.97446 985.71423 9
e 293.67454 154.44795 8
e 371.16288 234.32416 5
e 316.92669 311.86013 9
e 38.39849 770.69811 8
e 386.47658 943.72514 13
e 276.61827 51.24969 8
e 163.18030 74.54020 8
e 230.80272 250.50780 8
e 295.28233 600.64169 15
e 115.23986 524.30855 6
e 188.68552 735.60910 9
e 246.02967 892.86709 10
e 186.62080 40.49311 8
e 382.93856 759.68801 11
e 215.90712 384.75975 10
e 166.35884 560.97476 11
e 66.98789 383.70005 8
e 566.37756 998.71148 16
e 179.89854 614.47915 8
e 633.41518 841.38789 12
e 429.70048 968.02808 10
e 146.44235 28.78409 13
e 258.40273 970.36840 9
e 161.70435 80.30276 10
e 708.11273 287.62327 13
e 302.38563 128.59891 4
e 418.77085 718.74454 12
e 238.35416 193.45678 5
e 691.84785 191.79280 8
e 357.29640 257.56144 13
e 514.59971 250.50961 8
e 308.09355 145.18738 8
e 70.49671 241.68214 12
e 89.04833 957.09660 6
e 338.24841 459.59841 7
e 193.72823 46.40826 11
e 39.62346 592.15174 6
e 382.66030 109.05332 4
e 562.65029 176.12211 11
e 680.98329 444.70663 17
e 663.84363 386.25499 15
e 486.83192 64.13907 6
e 14.48126 843.15789 14
e 10.53129 695.80250 8
e 258.69565 174.12090 9
e 656.84814 1027.02667 7
e 135.67111 966.07605 9
e 531.38556 1039.95253 9
e 93.85485 913.66775 9
e 410.55799 370.61123 7
e 367.74089 895.24241 6
e 143.39981 572.24215 9
e 321.11360 485.14576 10
e 13.58861 880.22443 12
e 21.92877 431.60522 7
e 686.42148 167.18176 9
e 691.71675 26.29126 7
e 378.35226 802.25798 9
e 150.89863 682.95638 12
e 700.94371 111.71684 8
e 462.57958 295.93651 8
e 47.12650 338.56620 5
e 557.33948 1062.46148 7
e 329.29616 988.96611 6
e 384.35966 451.25051 5
e 624.50071 1057.83611 9
e 425.42430 1026.41296 13
e 612.98738 726.57618 10
e 175.23822 40.92865 8
e 640.89926 427.21753 11
e 360.89103 1053.26130 6
e 590.98580 102.09960 8
e 527.30855 529.74433 9
e 323.66353 328.22744 9
e 100.42688 15.36664 7
e 534.85650 851.13430 7
e 519.61439 459.43525 7
e 207.51010 815.57108 9
e 198.63434 321.04792 11
e 614.59596 180.26050 3
e 280.63098 133.20032 7
e 49.44034 709.58386 12
e 65.14744 327.64977 15
e 699.28702 521.38083 13
e 288.62076 906.75679 8
e 266.42195 1069.92951 11
e 93.11802 959.24820 8
e 155.88580 709.18501 8
e 281.24806 353.76424 12
e 27.41539 600.41621 13
e 470.94875 345.65203 10
e 533.42988 991.58293 10
e 504.34214 1020.69780 12
e 601.21276 668.81421 7
e 400.58939 997.46720 16
e 479.33379 549.91072 6
e 570.65342 577.20171 4
e 503.92039 628.11499 5
e 700.32906 741.15980 7
e 279.54058 165.70357 9
e 47.15179 308.03039 5
e 134.62042 1026.95983 9
e 129.88183 980.47757 6
e 488.72860 848.69300 5
e 493.71048 292.48612 14
e 554.49580 462.20179 12
e 185.93271 399.54858 7
e 648.16295 830.30678 10
e 492.58403 1021.13019 9
e 328.46826 568.75141 15
e 593.47803 179.04532 9
e 197.84876 515.86950 7
e 65.85211 405.17761 11
e 463.39962 982.55100 7
e 308.90317 307.77480 9
e 288.97841 63.49985 6
e 258.46566 323.89573 7
e 133.85087 157.51945 11
e 691.47954 694.67681 10
e 557.30066 267.55511 10
e 258.79518 712.98147 7
e 120.61158 128.97684 8
e 561.94762 531.84293 11
e 25.25703 95.98225 7
e 331.21452 230.97563 10
e 556.63120 876.93562 16
e 628.67911 804.86207 8
e 479.13036 423.67697 7
e 36.14457 525.93639 11
e 484.78163 454.39130 8
e 369.54836 794.26521 9
e 428.59562 282.94394 7
e 484.85850 738.96915 6
e 426.74127 978.70022 9
e 521.91517 345.59383 10
e 593.65465 341.56191 9
e 39.03783 386.96793 11
e 467.96929 737.97087 5
e 432.62160 603.47145 8
e 284.84273 244.40368 9
e 152.77492 124.29958 12
e 182.77080 116.59709 11
e 429.78056 815.56655 12
e 48.63291 140.91887 8
e 293.16978 267.08502 14
e 283.87024 1026.70852 19
e 25.92459 1023.47965 5
e 128.47982 414.88437 11
e 580.87595 429.90378 9
e 351.75014 782.39818 10
e 217.22474 383.54948 5
e 189.51679 270.58044 8
e 566.28028 967.01959 6
e 584.42831 657.89114 11
e 346.47603 20.68278 10
e 576.04641 240.56374 13
e 121.70426 159.19790 8
e 371.55955 351.52983 9
e 342.59544 585.28612 4
e 308.11677 34.78134 10
e 371.61723 900.85589 4
e 122.97300 279.73861 7
e 302.95587 568.68929 12
e 222.11645 949.03453 8
e 488.29354 886.39278 10
e 392.23588 226.01449 7
e 160.97254 220.66201 6
e 111.48248 502.40378 6
e 147.96962 52.59898 10
e 501.95165 80.34236 10
e 40.34785 134.18134 9
e 522.75359 607.50945 6
e 179.53396 340.43495 6
e 370.86711 736.93048 18
e 376.78737 411.82471 9
e 255.79118 609.50886 7
e 381.87167 775.98099 7
e 234.70596 46.74627 11
e 282.75474 748.62339 9
e 51.49316 568.58339 11
e 171.18471 298.98873 13
e 331.57176 934.81844 5
e 547.77059 940.77950 5
e 372.78984 1029.42328 10
e 248.49395 1039.41740 3
e 289.41420 1047.46582 7
e 111.32344 687.48455 9
e 133.91886 337.93558 11
e 34.68003 853.85931 9
e 304.04930 120.13350 15
e 167.66864 768.43996 6
e 468.71566 866.60723 10
e 591.32341 339.39204 7
e 81.04151 957.02510 13
e 190.30455 612.99304 9
e 633.74065 34.13410 13
e 165.54028 579.39598 7
e 437.69817 1008.90716 15
e 44.14000 823.52957 13
e 333.27185 623.09705 4
e 515.55194 771.38302 7
e 308.95136 229.73527 18
e 177.84764 399.71404 19
e 456.62440 166.63459 14
e 94.47416 1038.69845 8
e 189.08197 227.39396 8
e 115.31950 633.15370 12
e 183.06214 763.12893 6
e 372.92544 796.21347 9
e 86.04900 341.98624 12
e 246.62543 755.42068 5
e 491.97541 84.33502 5
e 158.85663 500.95335 6
e 695.58617 801.54622 10
e 224.16729 683.45251 8
e 456.16078 561.11808 12
e 486.82836 42.90934 11
e 281.82552 737.59957 9
e 140.59002 1052.00796 11
e 359.63104 288.91628 6
e 218.84655 687.86053 9
e 674.09273 991.70353 4
e 583.79579 726.99921 7
e 79.85060 647.45068 7
e 382.37148 20.17904 13
e 592.47780 43.22455 6
e 640.25810 472.81254 11
e 454.89683 740.27250 5
e 261.41078 610.77297 11
e 451.55712 384.47547 8
e 603.07118 945.53900 17
e 40.30255 903.50667 8
e 296.79801 520.71525 10
e 604.69026 116.62123 9
e 403.06201 545.49031 10
e 221.45306 857.72746 9
e 171.81564 492.27073 8
e 271.68692 405.71724 7
e 119.41958 238.95233 5
e 243.84148 643.70135 8
e 502.14934 917.50446 8
e 472.17856 511.19143 8
e 217.79134 201.27392 11
e 345.61713 46.73881 6
e 272.37480 1064.15870 6
e 76.29404 590.84752 12
e 486.45260 650.40677 8
e 12.38927 677.51288 11
e 643.48435 58.42694 11
e 605.79597 412.48869 10
e 544.75625 759.67636 14
e 63.34733 800.76073 4
e 703.02989 314.41358 10
e 150.29747 461.97069 7
e 420.59536 886.20733 9
e 583.30225 347.28525 7
e 10.16407 206.80290 8
e 269.22571 600.18406 15
e 642.32164 280.87020 9
e 700.16312 295.40532 8
e 192.61505 197.23476 9
e 36.19847 333.00602 5
e 390.40809 859.28110 6
e 484.04949 923.37587 9
e 439.85441 124.63309 9
e 672.63559 215.22417 7
e 211.63921 109.38900 11
e 284.17229 267.36252 7
e 135.55441 992.98900 6
e 609.30730 412.35023 7
e 344.79665 142.04811 7
e 319.52028 1034.16485 17
e 182.15698 398.19717 7
e 284.69776 562.27694 9
e 393.50402 825.88342 2
e 166.38415 724.46423 8
e 636.90639 469.20476 10
e 562.33757 609.95278 13
e 82.85884 684.72519 8
e 231.21881 647.17726 4
e 36.23947 108.36761 10
e 381.88556 706.89262 15
e 438.76970 840.14427 6
e 640.31916 345.53857 11
e 556.41331 653.84210 7
e 110.29345 553.79716 7
e 425.95452 801.86677 5
e 646.65323 753.38924 12
e 299.60129 391.91897 9
e 76.41735 339.97046 15
e 693.58557 341.36179 11
e 407.94537 812.20268 9
e 684.22404 637.26975 9
e 54.34496 249.20520 17
e 313.56298 333.27976 10
e 429.59182 560.46877 6
e 260.30382 85.63472 15
e 21.53936 394.78585 5
e 533.66977 952.06123 9
e 408.77618 942.35636 12
e 218.18811 183.02070 12
e 609.83816 565.78259 7
e 302.78275 992.36367 13
e 423.34978 412.25057 10
e 331.79600 97.64601 3
e 24.30593 669.04300 7
e 537.89429 945.78975 7
e 390.49797 266.40229 11
e 450.32966 500.61102 14
e 544.16656 355.31830 7
e 695.71322 1007.76426 8
e 148.61084 382.62399 9
e 37.59151 337.30374 7
e 602.65169 849.01312 9
e 612.30425 219.83387 13
e 165.89674 1047.11696 8
e 175.48400 517.45292 5
e 510.44259 1063.07095 13
e 40.23923 760.71742 14
e 156.56694 779.91439 7
e 10.69143 623.28002 9
e 99.39284 857.42700 10
e 80.27260 772.49359 10
e 479.29296 489.63237 8
e 260.52021 952.36807 15
e 698.39598 557.01957 8
e 517.51968 537.79655 13
e 386.22358 959.47121 8
e 547.12094 362.41030 9
e 338.26656 302.99136 7
e 695.53464 1010.66172 11
e 425.22046 779.30738 6
e 210.27492 241.85038 12
e 351.60799 295.20538 9
e 15.71234 160.77298 9
e 700.16996 812.57445 11
e 561.61479 940.48785 5
e 521.49450 960.36294 12
e 327.82539 362.17460 9
e 423.27573 341.33684 11
e 493.69143 181.35962 5
e 289.36486 636.23837 10
e 341.83726 764.22754 13
e 696.68520 896.29951 11
e 322.90306 710.45898 4
e 53.57193 1002.55548 6
e 514.69574 36.66433 9
e 344.68381 291.04091 14
e 649.19384 486.88256 14
e 505.80464 275.50014 11
e 341.99832 580.77094 12
e 260.34328 863.65159 9
e 238.27693 795.62597 9
e 598.22049 1001.65476 7
e 477.64389 588.13926 7
e 488.15338 525.11541 5
e 271.37095 90.23503 8
e 397.55053 138.70199 7
e 616.76546 687.97676 8
e 249.27797 184.25955 11
e 317.86699 733.11844 11
e 228.76290 786.74650 5
e 626.66555 905.12942 4
e 701.37644 322.37316 7
e 639.64036 534.41930 14
e 429.33056 509.19378 13
e 479.86612 116.08519 13
e 243.37856 782.12182 10
e 330.44302 603.52042 11
e 73.93023 96.01034 11
e 148.55006 940.25477 12
e 126.00376 1068.80715 10
e 355.90015 267.93695 10
e 446.18702 101.06185 14
e 337.41323 299.57660 12
e 328.99145 699.18418 9
e 684.78243 1065.41410 9
e 680.69480 1062.46446 9
e 402.47776 678.41429 12
e 597.99591 446.75853 6
e 393.33331 640.15185 11
e 594.43387 309.36579 5
e 66.34213 872.97498 9
e 525.69133 321.15318 4
e 475.93184 640.27156 7
e 383.48543 1062.68224 6
e 220.66863 141.22227 8
e 243.15007 334.11526 6
e 478.06224 407.39218 6
e 188.68271 681.88090 8
e 670.91737 377.33595 11
e 563.64619 644.79594 13
e 121.03144 967.98479 10
e 43.37542 563.86091 10
e 494.47562 701.26353 9
e 288.68666 367.00721 8
e 98.57142 398.41642 6
e 415.64849 704.84158 14
e 280.48977 903.13481 13
e 76.88669 453.27993 9
e 226.07920 431.49666 5
e 174.63837 960.90727 8
e 662.57939 758.04514 10
e 319.32568 470.85173 12
e 708.59408 521.21177 9
e 390.79375 1019.10792 9
e 430.50551 557.82075 9
e 23.45136 572.85597 8
e 384.83970 625.62490 6
e 435.46883 690.96143 6
e 675.39642 778.00032 13
e 521.72871 295.76320 8
e 670.16896 472.91271 4
e 112.16278 546.62939 13
e 83.13063 934.69091 6
e 255.32030 621.50602 9
e 116.34456 897.12752 9
e 36.08921 868.75320 7
e 306.98566 392.23291 7
e 405.74317 701.79255 8
e 656.77177 508.51294 6
e 12.77850 660.38367 10
e 216.00612 874.05617 8
e 363.10507 695.49880 12
e 296.41228 963.70169 14
e 355.90176 914.42129 11
e 311.69949 903.50815 7
e 424.49550 527.56769 7
e 201.32980 946.02287 6
e 615.79077 641.23716 11
e 571.34426 784.54886 6
e 205.89880 943.29587 13
e 384.80091 390.79776 7
e 31.88684 907.76010 7
e 290.57804 794.39287 12
e 637.49551 1027.64076 6
e 462.83345 296.08507 9
e 52.23654 871.72244 9
e 568.14376 1026.46923 8
e 564.22574 267.72862 7
e 91.44054 185.68724 8
e 500.67976 517.39684 9
e 495.34281 953.25152 7
e 561.78233 443.70241 11
e 699.26917 1051.99486 9
e 142.92073 316.64773 4
e 501.37191 873.15151 7
e 663.50992 901.81366 8
e 605.67005 844.62106 8
e 644.15464 129.82403 11
e 49.98090 479.05590 13
e 219.08362 1062.51161 10
e 189.47573 496.12139 9
e 195.51830 890.92442 11
e 120.22569 274.38727 12
e 393.58696 432.91778 3
e 440.89206 450.33576 7
e 248.68731 698.00742 4
e 563.93704 799.43587 7
e 541.36961 96.21006 10
