c ./output/rectangle/uniform/uniform-rectangle-4-2000
p rectangle 2000 720.00000 1080.00000
e 60.91164 733.12582 8
e 450.55482 938.31377 11
e 488.40382 203.89927 10
e 643.99400 501.07662 12
e 306.59016 531.18081 7
e 118.71453 212.14913 9
e 63.13772 603.72953 8
e 541.96251 936.71357 8
e 554.84296 24.52479 8
e 110.28145 235.22674 8
e 137.15869 937.78054 7
e 237.07872 144.12001 12
e 354.84724 686.99587 7
e 550.12270 505.54874 13
e 238.28881 31.22493 9
e 428.43764 71.07886 6
e 503.89619 459.05146 12
e 302.54165 873.44481 16
e 372.03245 446.48078 6
e 11.23738 184.12124 7
e 154.25628 813.88932 11
e 412.66286 586.93648 11
e 664.19570 672.34429 7
e 20.83276 1007.01019 10
e 92.53170 89.63436 11
e 302.12067 149.25253 10
e 370.88938 245.41720 8
e 297.60995 452.40229 10
e 609.25031 229.56944 21
e 200.39857 616.29578 11
e 376.02389 672.53918 12
e 657.16099 806.92938 11
e 124.54297 766.09628 10
e 471.30770 148.42357 11
e 216.43274 882.82183 10
e 124.61713 363.30427 5
e 101.12496 394.25391 7
e 252.34972 584.49133 11
e 491.13923 571.74262 7
e 225.96901 416.52050 11
e 289.25770 781.80355 12
e 259.88733 573.97712 5
e 225.37589 128.41482 10
e 253.88686 866.19676 6
e 130.35199 681.60835 8
e 268.90199 59.00509 14
e 337.93160 467.06799 8
e 334.68704 635.29772 7
e 622.60582 896.73422 9
e 331.50708 729.62536 9
e 545.98121 855.59111 9
e 351.21189 83.43195 15
e 555.35081 389.99519 12
e 136.42670 94.26303 10
e 402.77054 116.90163 6
e 243.95314 249.71467 12
e 16.91526 689.30818 12
e 281.99388 113.30979 11
e 488.66420 979.77568 9
e 472.48745 243.55571 4
e 536.95747 588.59960 9
e 227.71633 622.40012 12
e 573.03536 111.74277 13
e 302.65085 222.29019 15
e 676.95499 1009.21124 8
e 536.68203 963.90935 9
e 431.42034 943.70284 7
e 642.05563 873.00371 10
e 329.22491 36.51754 10
e 685.27330 922.33931 11
e 232.60688 849.85664 9
e 216.08725 710.91706 12
e 312.76289 595.59227 9
e 429.30482 21.50714 8
e 231.00220 766.20036 6
e 642.41583 427.71280 6
e 81.12939 1053.43376 7
e 87.65751 176.73405 12
e 29.12818 325.89720 5
e 483.73920 102.75340 6
e 473.39940 1049.15707 7
e 612.85944 584.59849 10
e 340.87205 377.37977 8
e 691.20955 544.71263 9
e 629.48056 275.47159 11
e 222.56291 279.31428 6
e 102.58953 631.03353 8
e 460.59329 862.68473 14
e 579.55713 72.56234 13
e 138.01565 575.56955 8
e 682.69114 195.98499 8
e 348.90024 654.28015 10
e 411.17601 465.68880 12
e 12.19086 1053.56375 8
e 625.95901 262.73869 8
e 236.49284 86.26987 7
e 144.45151 959.93316 6
e 464.55533 227.50635 11
e 26.63414 140.94495 9
e 114.23346 288.25728 14
e 116.70377 11.15843 9
e 252.09137 871.22989 7
e 132.81473 575.55689 12
e 329.30432 25.31419 9
e 171.78949 1045.76146 8
e 168.97012 983.23773 6
e 45.64078 461.66253 12
e 206.79852 796.40686 6
e 100.11119 96.88123 4
e 69.16902 144.72768 11
e 254.80661 156.70835 13
e 229.68492 914.80473 9
e 594.69773 79.69994 4
e 708.95873 971.31608 14
e 357.03766 91.19323 8
e 510.85945 535.21008 7
e 175.14898 395.98657 10
e 403.57403 522.42889 7
e 452.74984 730.25721 7
e 702.32236 793.04594 7
e 698.75954 807.51329 14
e 156.27264 958.43848 10
e 187.85435 335.36240 8
e 551.19212 17.35489 8
e 108.02611 882.96399 7
e 276.54621 823.50025 13
e 447.18746 366.54588 10
e 666.75053 499.38652 8
e 114.17273 597.25981 6
e 181.19250 138.78974 13
e 355.99796 993.32700 8
e 209.98602 961.24957 15
e 153.08480 739.43504 7
e 544.49715 343.85736 8
e 239.16159 362.91259 9
e 166.03046 347.43920 6
e 654.32326 702.60409 10
e 413.83922 736.35703 9
e 331.54106 883.11443 9
e 655.12068 771.00655 8
e 261.93689 956.44921 11
e 600.28154 594.28654 8
e 147.16850 715.30263 6
e 261.78944 983.52003 9
e 238.32888 280.87526 7
e 666.69454 484.13411 15
e 499.19700 171.54259 10
e 191.24407 73.62627 7
e 648.09251 690.35684 7
e 533.08985 17.98829 14
e 462.08631 169.72543 8
e 53.32171 985.80349 10
e 103.83881 339.04670 13
e 330.39027 567.73541 10
e 367.14759 114.44929 5
e 95.50756 721.21212 9
e 578.90673 227.49152 4
e 659.64320 711.39670 11
e 388.10695 152.25596 10
e 312.95525 321.79362 4
e 128.70149 629.02718 12
e 266.26287 379.52183 7
e 159.29438 597.04167 12
e 39.53243 1049.39441 8
e 457.45048 320.42778 5
e 617.91462 631.50616 9
e 400.91001 269.77538 8
e 137.40559 968.69789 12
e 701.55225 740.37252 5
e 93.27154 322.87822 7
e 61.09727 272.43072 7
e 456.17528 328.73973 8
e 690.63320 115.96168 11
e 585.93495 489.80445 11
e 367.64443 857.71196 8
e 167.47244 546.93277 7
e 337.27509 498.33980 10
e 667.13623 881.54164 9
e 292.89522 946.74854 13
e 643.12268 606.76486 6
e 317.09149 1054.13381 4
e 629.10087 613.35149 12
e 353.29946 847.12549 13
e 336.72833 1006.52623 11
e 686.22489 844.76093 11
e 273.65947 448.89844 12
e 413.15619 696.68942 4
e 322.19285 723.97065 8
e 413.66147 1062.30725 7
e 579.84760 639.13756 5
e 154.35855 496.46402 10
e 527.22952 1005.89636 8
e 695.26715 681.75956 16
e 701.44784 604.54483 5
e 87.22731 106.41243 10
e 578.29483 257.84845 10
e 390.18575 32.74472 7
e 450.88286 740.51703 10
e 117.69901 722.04562 10
e 259.28466 191.16317 10
e 491.68196 660.62452 9
e 689.70061 266.55570 10
e 617.19676 41.62004 13
e 131.07529 256.71809 11
e 278.93877 581.86266 5
e 504.86435 441.37669 10
e 560.15217 160.10878 9
e 90.37935 808.22036 8
e 156.04770 717.72359 8
e 473.65981 208.43051 10
e 134.72122 413.91946 18
e 161.43590 581.95293 8
e 377.00105 775.37449 8
e 131.19179 954.02092 13
e 413.30262 1053.59989 6
e 433.76738 682.03969 11
e 699.68599 144.10193 11
e 428.63051 823.67976 12
e 373.72197 793.24913 6
e 162.44553 483.35616 4
e 686.44372 443.68112 8
e 429.12498 150.25061 12
e 25.24333 92.59522 7
e 311.47155 142.33901 12
e 665.60297 282.92569 16
e 454.55009 441.94077 8
e 163.17618 211.31825 7
e 320.44759 301.95738 8
e 599.51382 548.38743 8
e 118.01635 296.56177 11
e 329.81192 224.62484 11
e 470.22268 1069.35888 20
e 380.10294 237.18254 5
e 90.24283 641.48491 4
e 472.22471 1058.51234 5
e 659.64251 476.63274 8
e 110.60494 963.74007 10
e 320.89651 1021.47635 10
e 695.46231 1037.07624 15
e 498.02334 42.21710 7
e 660.98488 459.15867 9
e 689.20106 388.25607 15
e 80.13468 209.79711 11
e 124.06837 223.98142 6
e 276.24528 410.85128 8
e 156.06949 1065.44183 6
e 367.04525 727.08939 10
e 424.57064 371.57810 7
e 428.01738 839.43642 9
e 67.33074 252.57335 9
e 288.42436 856.10119 13
e 76.47800 398.20717 9
e 226.35222 527.24936 6
e 476.24302 375.60565 13
e 512.03657 954.50779 13
e 456.12784 116.50824 4
e 91.69726 787.52567 6
e 649.51966 842.35865 15
e 496.54890 1027.52829 14
e 279.77306 489.93829 8
e 493.37792 1062.88902 11
e 624.04053 179.32317 10
e 412.11068 718.12731 11
e 78.87474 448.96793 10
e 237.09702 385.37748 10
e 151.77362 600.92434 8
e 677.30489 735.57844 6
e 253.07639 850.39571 4
e 292.61018 777.43807 8
e 165.13770 1034.88261 8
e 103.08708 892.10968 5
e 395.63738 82.66216 8
e 173.73490 1020.53392 7
e 651.49487 281.87347 3
e 567.10628 346.54839 5
e 475.43249 834.81321 9
e 347.44975 209.98223 11
e 622.85768 203.22837 12
e 600.59724 941.31651 6
e 411.12448 349.48924 7
e 354.12523 1014.03556 6
e 449.35976 540.46985 12
e 33.21219 543.79719 7
e 694.40839 918.42339 10
e 380.56988 750.15778 9
e 293.70844 655.41567 5
e 562.46472 478.32729 17
e 639.11882 132.27715 10
e 359.06050 949.54897 11
e 400.24729 876.57402 9
e 703.14818 953.90745 8
e 249.79466 114.43483 15
e 424.82768 67.79929 9
e 258.64747 447.89750 19
e 89.82144 378.61450 9
e 200.74988 845.33929 7
e 497.19792 566.49665 11
e 154.72897 897.97638 10
e 333.17620 969.43150 7
e 645.67426 107.49904 13
e 493.84893 86.45208 12
e 128.87296 352.95478 16
e 418.83421 433.02876 8
e 571.58303 39.19982 9
e 372.76462 808.49162 7
e 640.56645 674.16039 13
e 533.41795 65.53756 5
e 382.82365 467.22358 8
e 449.38053 1017.00014 7
e 650.83227 69.31276 10
e 190.30735 1060.43800 7
e 118.03816 769.99659 11
e 24.14774 632.75439 9
e 516.65643 30.52873 9
e 688.36900 429.24410 7
e 686.57864 248.63232 9
e 16.25994 222.63621 13
e 255.44502 282.05797 7
e 555.49623 957.54456 9
e 361.75886 924.34060 13
e 433.78462 432.72604 10
e 433.13572 296.52300 11
e 74.71701 813.77313 10
e 62.50017 89.65783 10
e 594.11352 104.54436 7
e 536.07250 959.99820 6
e 405.80866 639.80498 11
e 370.91908 238.79401 8
e 382.00452 212.78498 14
e 51.76892 107.54614 6
e 491.29298 107.15753 9
e 326.21370 696.55476 5
e 589.75762 658.98138 6
e 232.04067 744.59820 12
e 491.91894 906.31967 6
e 400.12647 112.22266 12
e 412.30694 988.92012 7
e 10.13280 514.71897 6
e 672.33890 677.92230 11
e 457.92652 1011.56533 11
e 667.90506 315.14922 10
e 152.39067 501.05300 4
e 237.50557 621.72298 8
e 331.51808 291.61104 6
e 315.70440 288.74916 7
e 414.37527 1055.90604 11
e 164.09092 694.07867 9
e 16.85953 154.83905 5
e 353.30484 283.15856 9
e 632.42604 936.95586 8
e 245.18812 185.31779 8
e 565.72373 511.16964 7
e 157.22337 513.57468 13
e 377.90937 973.73966 13
e 40.25165 569.52189 6
e 79.31124 1018.60042 13
e 405.24898 765.38506 11
e 276.96481 452.40268 10
e 463.40159 67.01891 4
e 43.04242 129.49181 8
e 242.04256 920.98580 7
e 64.74458 52.72189 14
e 193.87906 289.30797 11
e 445.94044 860.93247 5
e 113.09535 574.02595 8
e 48.42359 185.60710 9
e 98.37466 373.53200 6
e 551.74335 245.22557 9
e 230.26719 822.59538 6
e 618.68498 1024.16911 9
e 419.51529 375.54145 9
e 108.62937 304.51389 9
e 80.66054 209.20242 12
e 41.28144 415.38861 9
e 609.19017 56.54834 7
e 579.10003 141.41179 10
e 170.91111 600.96924 12
e 459.52798 940.58829 6
e 153.77634 324.06000 8
e 421.88860 875.42073 11
e 207.43426 338.10639 7
e 182.05011 138.73313 10
e 608.97958 816.38536 6
e 629.01085 769.74924 10
e 75.74902 658.80088 8
e 357.88109 143.65885 7
e 57.96940 974.63491 14
e 549.67071 978.32646 10
e 180.81139 746.84342 9
e 462.85669 977.22057 9
e 517.20209 649.07197 8
e 199.00182 831.67878 11
e 195.90023 621.03624 11
e 121.50253 290.90867 11
e 118.59070 446.50657 12
e 411.87537 60.22460 6
e 301.20782 829.56909 2
e 158.46150 82.50129 3
e 185.18193 774.41504 13
e 383.17053 517.88064 7
e 38.11858 980.88965 12
e 107.22611 885.39954 6
e 587.30852 732.34361 10
e 41.24525 1017.43495 9
e 338.44201 357.37956 9
e 385.21054 187.62135 11
e 200.15751 487.89900 11
e 354.45643 816.21788 10
e 148.65794 693.24534 7
e 129.45745 733.71359 12
e 496.91646 345.23083 14
e 444.67494 256.45134 9
e 164.13782 379.52035 8
e 397.83677 122.97101 5
e 687.93675 933.80569 14
e 703.77985 181.88325 8
e 259.45783 308.07436 8
e 27.23684 458.10515 7
e 476.67808 524.03332 12
e 700.74350 447.68463 7
e 437.78897 495.59117 4
e 345.30987 741.06750 8
e 598.94603 944.42677 14
e 112.76511 594.49771 16
e 296.21481 1061.95530 9
e 610.10872 959.76879 6
e 268.36534 100.12586 9
e 244.74778 96.65917 6
e 202.73325 469.90813 13
e 447.99439 289.99062 5
e 460.92981 432.86255 10
e 691.35740 1008.15634 17
e 51.80788 124.70370 16
e 637.17442 712.42177 17
e 605.80746 762.61084 5
e 121.10266 303.78414 7
e 473.78681 705.91736 9
e 582.61221 864.89565 11
e 511.76657 318.38543 15
e 361.07187 73.44702 8
e 664.81471 988.79307 5
e 603.11349 31.21189 10
e 228.61750 153.95610 7
e 446.68592 1056.46545 7
e 374.89092 665.56424 14
e 403.05339 41.24116 12
e 536.20715 52.00842 10
e 99.29044 648.46652 9
e 330.69085 243.84321 13
e 626.63697 38.46506 6
e 186.06752 38.04385 10
e 394.39340 198.34416 4
e 520.53026 809.81684 9
e 338.31652 101.91114 6
e 349.72608 419.34456 12
e 231.32345 351.58720 7
e 353.00725 99.66440 4
e 458.12284 227.80606 8
e 398.65648 101.43019 10
e 631.67807 879.96830 12
e 324.73144 905.13133 10
e 473.14695 218.05120 11
e 153.52186 300.93885 13
e 495.45143 87.15994 10
e 326.71797 319.76715 16
e 630.97699 920.23541 4
e 183.23528 816.19303 17
e 487.19108 333.10900 9
e 461.41581 118.49820 8
e 581.28860 768.42986 9
e 396.92678 430.59066 11
e 497.03938 131.98829 12
e 705.96561 247.01331 11
e 262.16826 764.44216 9
e 630.12553 700.19265 5
e 641.94063 448.24897 15
e 209.76093 888.90865 11
e 229.03617 797.60738 12
e 492.23890 425.25495 6
e 184.48695 384.53280 11
e 286.48064 606.60742 8
e 639.79929 580.55205 6
e 365.20079 231.04594 13
e 330.57358 148.63584 5
e 651.00643 681.97296 10
e 653.76229 809.75833 6
e 258.08375 427.24954 5
e 563.79328 326.38846 9
e 211.00039 206.63052 6
e 233.37929 573.89892 11
e 483.59480 726.82987 11
e 172.43766 963.06181 14
e 219.47099 900.19767 7
e 598.63882 1063.22302 11
e 544.21048 467.78703 7
e 397.99664 673.83261 14
e 61.24217 175.64298 9
e 685.70764 541.33316 15
e 602.26176 463.29132 6
e 273.52802 665.68999 13
e 621.29354 506.46141 15
e 326.71498 1036.67047 7
e 113.93212 229.49032 9
e 134.35578 159.83320 9
e 411.95410 682.83667 8
e 95.19481 878.65916 10
e 700.55086 240.17882 7
e 466.78729 160.22779 13
e 88.45572 752.00861 9
e 119.24589 627.68638 13
e 105.32430 872.29025 5
e 343.41732 950.76726 4
e 191.97656 220.39428 5
e 31.55166 601.70532 6
e 616.98438 538.39905 10
e 406.34263 894.24906 7
e 274.02581 463.14098 13
e 568.11036 764.35630 5
e 415.68247 890.71385 3
e 610.75283 809.91416 10
e 482.76817 733.79677 11
e 547.81741 465.16297 13
e 43.09303 89.01586 8
e 382.25748 757.86868 13
e 12.71434 342.43712 11
e 239.17959 581.15255 12
e 10.33215 903.09734 10
e 559.27174 502.16356 10
e 619.06338 840.91222 13
e 327.58158 163.81936 8
e 554.29115 939.81642 11
e 241.57766 410.83496 10
e 570.31679 78.08549 10
e 547.22158 408.30410 7
e 697.90961 984.36557 18
e 497.32070 1065.40933 7
e 520.35973 882.04372 7
e 629.29281 427.51511 9
e 607.12120 534.16078 7
e 64.40635 805.92653 11
e 175.91877 245.77562 7
e 32.51933 638.91498 8
e 176.15560 722.98177 12
e 564.02823 68.35782 8
e 709.58854 788.89617 10
e 119.41449 1007.54902 11
e 478.26792 858.22316 8
e 399.12832 897.59612 6
e 523.79367 24.26375 6
e 337.88336 701.01727 6
e 607.77251 541.03887 8
e 172.69967 128.80051 11
e 115.24577 774.57713 6
e 558.26223 828.50923 11
e 90.58119 382.31036 8
e 50.35518 568.22861 9
e 304.67890 511.11279 11
e 306.82926 888.20171 13
e 563.22093 40.80273 9
e 13.24602 1064.67836 8
e 703.66235 252.05990 6
e 385.23644 283.62645 8
e 208.34276 1025.48781 6
e 182.53849 182.08147 9
e 61.97309 251.49991 7
e 449.13799 655.24086 7
e 373.15742 499.72214 9
e 381.07139 860.43858 12
e 59.35048 320.27463 12
e 668.43611 255.28414 7
e 206.43728 382.60643 7
e 31.85405 136.67215 16
e 694.84404 702.71164 11
e 210.73885 339.12035 9
e 691.25773 79.96056 6
e 13.68590 606.10747 6
e 17.77790 526.18017 14
e 130.51773 522.30221 21
e 609.62738 669.20486 10
e 161.32702 1056.96875 11
e 295.98770 143.64097 8
e 369.10061 628.14328 15
e 326.20914 1016.67645 15
e 459.65136 109.84623 10
e 691.45022 10.44811 9
e 216.12943 650.23987 8
e 219.25118 479.06950 7
e 512.91229 800.97698 6
e 669.06119 56.62450 8
e 230.26400 54.43972 8
e 194.67981 886.00830 10
e 337.82189 1028.94151 19
e 131.26160 535.91723 12
e 378.51684 168.37016 11
e 701.03940 123.63875 12
e 546.93850 183.38244 14
e 522.54543 826.98539 9
e 18.53748 35.78976 15
e 321.71421 513.15266 10
e 614.53087 400.13353 10
e 179.11653 733.87096 8
e 506.93200 953.03731 11
e 205.95122 26.79967 12
e 125.43683 556.49691 7
e 678.12963 777.54472 10
e 549.54546 31.35375 5
e 418.58214 694.14735 7
e 207.01233 735.14590 7
e 156.40703 947.73767 7
e 396.07580 800.25856 8
e 210.25776 578.98463 9
e 599.16350 831.20550 17
e 631.04095 215.10977 5
e 300.61932 235.75872 7
e 303.48135 46.25118 7
e 60.19312 579.46478 8
e 695.41602 19.73789 7
e 377.13636 734.09572 6
e 704.02277 229.70610 7
e 324.19583 878.67893 13
e 323.95596 395.39122 10
e 598.77401 1057.02277 9
e 301.62191 898.73339 7
e 654.80929 541.99487 7
e 51.33300 840.37244 6
e 551.61330 774.85966 11
e 179.57178 953.85511 7
e 499.83978 421.61160 7
e 434.66123 184.52885 7
e 654.07139 609.11844 9
e 589.17255 766.68665 14
e 459.83757 261.26503 10
e 683.09927 751.98680 13
e 304.86326 916.82025 6
e 518.36299 551.19008 8
e 697.63057 165.67372 5
e 664.30669 407.18150 11
e 166.68576 671.36167 4
e 634.75469 83.28428 13
e 11.10524 51.66575 10
e 628.47716 783.79403 9
e 331.73385 670.67092 10
e 463.37132 855.54113 13
e 255.39637 70.77095 6
e 401.08805 302.03310 13
e 589.78678 464.08822 5
e 330.23864 427.33803 9
e 523.73386 771.01847 6
e 694.62050 323.38422 4
e 187.58763 1066.01962 8
e 156.38352 110.89444 10
e 362.43908 272.94121 6
e 65.52594 102.62104 6
e 238.73685 1013.29305 5
e 351.97769 972.82703 7
e 653.81270 222.42853 10
e 646.77361 1014.08621 11
e 628.11616 977.38745 9
e 477.23583 591.38904 11
e 404.32980 501.79992 21
e 336.20229 281.52855 7
e 306.81828 107.20239 5
e 148.16584 885.83409 9
e 35.78759 604.75126 10
e 16.80740 666.67396 13
e 254.71270 184.23380 9
e 663.25288 1059.69768 8
e 103.15137 204.73974 6
e 281.82413 563.53416 7
e 91.89721 548.95680 9
e 209.66435 260.35584 7
e 323.35532 875.66686 7
e 668.16135 248.87629 10
e 179.45582 301.50172 14
e 613.24795 784.71725 13
e 309.36462 980.27428 7
e 150.33853 548.58661 6
e 139.04822 429.58734 8
e 525.15634 754.56694 8
e 154.77923 509.74709 7
e 211.20087 625.90843 7
e 628.51006 543.97880 4
e 607.88763 949.14951 7
e 342.81139 64.66154 11
e 525.75992 621.40509 13
e 678.68288 167.89833 14
e 557.95297 381.87412 9
e 360.89254 886.35063 8
e 140.78827 678.91643 8
e 34.52532 1032.41364 10
e 407.57695 86.64124 4
e 382.99447 516.65590 8
e 556.55375 467.67912 6
e 20.62725 629.10218 12
e 200.84488 456.15394 4
e 374.14723 568.09772 9
e 397.67772 157.65679 8
e 206.31588 253.30833 8
e 392.71811 990.24300 6
e 513.64294 917.19466 7
e 284.40396 873.73665 8
e 94.43673 746.30865 7
e 212.00128 790.27854 8
e 662.78003 250.36225 10
e 187.43022 783.40031 11
e 634.18401 773.71520 8
e 428.03236 371.31514 13
e 537.56698 153.21121 8
e 449.49902 793.52512 8
e 609.57265 559.60093 9
e 268.09903 763.08215 14
e 92.32007 593.29117 8
e 509.07602 1019.87701 7
e 184.01432 402.25605 12
e 187.63129 210.15671 11
e 410.98745 520.15452 5
e 438.61999 685.26398 11
e 162.77443 539.38697 11
e 403.97461 95.62322 12
e 688.82199 398.36146 8
e 354.79786 765.64255 5
e 78.30980 578.64773 12
e 491.29956 340.90390 14
e 159.00138 833.63505 15
e 228.25151 990.95307 7
e 29.80272 867.17241 7
e 520.55866 579.18163 10
e 402.43224 235.24229 8
e 212.52374 10.35471 8
e 311.39755 679.24877 11
e 191.24186 956.92197 8
e 181.01665 96.78537 13
e 623.51477 949.56057 5
e 502.20045 777.20570 12
e 145.14730 626.21047 7
e 255.17614 303.17180 8
e 383.04316 948.26982 10
e 658.84194 980.53326 14
e 143.40903 134.77338 9
e 70.46230 477.28180 12
e 382.64428 106.52856 5
e 476.44010 1069.93053 11
e 208.61976 778.18240 8
e 379.65603 392.30933 11
e 66.30251 228.13617 10
e 570.16891 202.66069 7
e 292.24077 853.28237 4
e 554.50159 810.78272 11
e 433.16946 725.55127 3
e 578.55173 152.66845 11
e 241.98505 86.83897 8
e 155.74389 129.77182 5
e 47.89751 850.96079 13
e 426.03518 1025.53159 9
e 57.71668 407.35806 8
e 563.48543 749.64752 4
e 590.57916 749.38262 7
e 557.90866 647.04961 8
e 653.45029 210.57815 12
e 661.93695 625.62239 9
e 699.44953 887.68449 10
e 445.38836 390.55207 10
e 638.33280 1026.82262 10
e 522.67900 64.02761 10
e 469.90566 129.73383 8
e 634.62801 395.95720 8
e 685.54795 319.80738 6
e 132.10507 864.03097 9
e 498.80983 791.99367 8
e 291.50389 1043.01954 10
e 540.85399 900.87009 12
e 571.91909 648.54954 13
e 49.97306 789.57833 9
e 177.66467 353.83224 9
e 263.37655 852.17523 11
e 641.98131 1004.36895 13
e 621.29682 497.43154 8
e 649.58298 78.23143 4
e 345.87404 113.11671 8
e 557.72046 429.96084 12
e 168.71611 428.63141 8
e 679.83930 254.52647 13
e 474.72300 852.53540 8
e 244.51929 588.81132 4
e 206.33865 852.90662 7
e 170.39986 173.99633 6
e 432.16627 92.31419 7
e 221.79592 603.60875 9
e 703.24113 120.40635 9
e 313.47660 1006.52142 9
e 533.03952 123.11185 8
e 152.48730 741.02861 10
e 134.25500 596.86008 9
e 37.05698 931.67912 5
e 158.56308 981.55212 5
e 295.28076 1058.39795 8
e 366.96186 655.69030 8
e 608.14646 1068.99300 14
e 581.02399 359.69702 8
e 10.52945 276.38286 7
e 618.01261 318.04731 12
e 528.38177 720.57537 9
e 206.83979 543.77325 12
e 28.31482 303.63906 11
e 177.29354 116.23822 11
e 260.47733 687.40817 13
e 188.48793 391.19782 10
e 234.13013 366.92128 8
e 639.59932 521.32787 9
e 511.07445 878.30001 5
e 242.65373 964.38778 12
e 121.48137 966.80963 9
e 520.52230 910.26112 10
e 493.72543 323.77684 6
e 207.93570 227.61522 11
e 332.46674 255.81400 8
e 573.89061 93.13883 6
e 689.64916 208.63586 9
e 528.79151 157.20512 4
e 169.79644 431.15771 9
e 131.05977 170.96210 5
e 164.45519 881.40080 7
e 700.60514 202.70995 3
e 134.41613 135.26017 7
e 499.62692 449.11127 12
e 56.64820 49.76682 13
e 650.69903 694.88777 8
e 221.16667 198.36327 8
e 489.41052 48.77242 9
e 101.64405 680.11203 11
e 610.69721 354.07763 8
e 284.71939 117.35059 7
e 67.66492 206.20022 4
e 643.51917 911.52252 7
e 301.93429 161.08922 9
e 515.15085 561.98969 5
e 342.43687 481.57483 6
e 118.54149 162.86302 10
e 211.79427 386.80842 11
e 364.33200 609.91643 5
e 240.68428 632.96305 6
e 379.40202 155.74663 9
e 271.60030 863.09903 5
e 249.47502 823.21904 5
e 209.39202 840.92079 12
e 645.88950 535.34763 10
e 561.36173 488.49366 9
e 363.67759 327.89099 9
e 263.81011 417.45919 12
e 627.83599 31.50317 9
e 37.32059 13.10283 8
e 539.31955 645.12431 7
e 42.83462 962.50805 11
e 531.70544 743.78873 15
e 76.27316 887.38329 8
e 311.55581 338.55873 7
e 335.54370 551.39134 10
e 149.16644 229.96464 12
e 341.30623 608.71547 10
e 495.81539 618.50471 14
e 48.38857 133.37468 9
e 515.32658 103.79276 9
e 494.45661 523.85550 8
e 650.15994 954.34831 9
e 217.25955 290.79420 4
e 140.75044 928.62020 10
e 601.92452 258.47475 7
e 338.78352 722.31809 8
e 80.21458 559.66311 11
e 417.71743 359.75944 7
e 11.65023 384.58100 10
e 279.85523 52.75849 13
e 521.60796 126.61394 7
e 209.50764 319.25201 7
e 330.47085 734.25389 10
e 111.69267 40.73425 12
e 218.15663 786.91612 13
e 82.26897 1013.89722 13
e 707.23893 195.66440 16
e 608.60147 332.09578 8
e 246.59771 136.28047 8
e 292.81283 471.97220 11
e 64.86827 1015.65550 7
e 316.18317 506.31919 12
e 54.05781 224.32314 10
e 212.69676 717.52179 13
e 161.12220 457.37410 7
e 247.15432 380.94017 7
e 392.00958 724.20720 13
e 491.73422 961.76652 9
e 496.40892 19.98494 10
e 466.04741 839.97971 13
e 74.63281 205.54427 11
e 290.33158 129.05054 9
e 426.85385 332.51679 12
e 241.30331 347.09189 6
e 65.90443 193.45272 8
e 381.05106 992.62854 7
e 237.78530 1038.32709 6
e 543.84715 327.93486 9
e 468.68048 167.09135 12
e 407.05914 392.55410 11
e 552.71160 105.18195 5
e 437.75652 757.94522 11
e 74.23021 20.61232 5
e 267.67624 528.00530 7
e 197.26025 1053.90605 12
e 217.36871 551.86721 12
e 259.50016 760.22901 12
e 440.40974 504.54588 5
e 628.55273 678.55969 14
e 565.18420 514.46220 9
e 246.87292 512.72958 12
e 295.25558 788.90699 3
e 527.65633 408.66714 10
e 571.70184 690.37817 14
e 120.65424 741.08493 5
e 97.41276 790.20605 4
e 215.90576 448.08289 5
e 414.81234 1039.82939 12
e 429.22133 841.16382 9
e 484.82149 417.61631 14
e 113.02617 352.33442 10
e 175.18734 266.92737 13
e 432.48655 754.19787 11
e 27.59956 212.61078 8
e 237.26855 1001.27367 10
e 380.82238 22.20453 10
e 516.22794 615.80247 10
e 691.66269 794.50589 8
e 599.52926 631.02595 10
e 333.32619 1020.82744 9
e 503.14896 507.63357 9
e 322.03799 784.42890 15
e 361.94107 415.73798 8
e 664.27285 846.56205 8
e 518.49858 512.82324 8
e 397.54624 642.68265 9
e 359.71929 171.05052 9
e 42.54449 387.15932 5
e 80.75075 393.61048 13
e 157.60407 1015.42640 9
e 80.35977 719.56221 11
e 111.47952 53.28693 9
e 706.03326 1009.86272 13
e 583.12437 625.97764 6
e 575.37640 921.22905 6
e 301.98886 1054.09015 7
e 588.91570 299.92262 8
e 109.43905 213.04366 9
e 543.66439 822.18021 9
e 51.10399 191.80889 6
e 102.68895 586.13475 14
e 203.41172 173.41361 7
e 312.07866 385.13478 5
e 402.50196 1043.97291 9
e 353.79958 332.68670 16
e 518.66742 462.23193 5
e 81.58920 303.46145 6
e 143.96768 417.62216 13
e 114.19635 820.31245 17
e 145.97035 175.21130 7
e 19.37497 378.53758 9
e 86.99875 954.79584 8
e 484.72984 1032.96195 11
e 634.66369 712.94300 8
e 325.66800 250.90864 14
e 526.67416 646.83564 20
e 241.10497 58.54737 11
e 56.06866 1019.58189 10
e 513.56087 599.77124 15
e 134.83674 727.54951 7
e 670.45924 335.11714 10
e 134.11152 798.44218 8
e 403.59272 538.66705 4
e 529.06471 444.55037 6
e 300.96983 415.37966 13
e 415.89909 221.29296 8
e 309.68561 914.05517 9
e 53.75838 778.04858 11
e 624.67624 40.34022 8
e 622.82874 238.11440 5
e 162.86282 321.82275 10
e 82.59981 269.81846 7
e 128.86463 887.54440 4
e 91.56007 170.72253 7
e 272.86911 469.28877 8
e 462.36219 587.33064 4
e 315.28364 715.51595 11
e 603.07937 900.84213 8
e 38.54659 875.41532 5
e 509.31117 724.40035 13
e 674.78172 436.60530 9
e 106.89724 394.15444 6
e 480.79333 721.56381 15
e 616.77098 832.45072 9
e 261.45506 101.37122 10
e 592.11129 808.42857 9
e 96.17007 183.41473 6
e 271.73763 569.58856 9
e 195.29592 164.53179 7
e 98.82511 750.26797 8
e 615.92163 602.05336 10
e 344.24204 1000.51745 4
e 121.17982 500.58105 6
e 495.88022 883.13275 7
e 254.61579 215.44386 6
e 514.52419 615.46425 10
e 387.81428 584.16264 7
e 244.10326 955.96022 7
e 608.91506 889.71328 7
e 311.32720 703.57401 5
e 229.07091 266.16919 8
e 71.28367 377.62303 10
e 427.07374 549.43731 9
e 552.75987 351.17794 5
e 112.95228 569.69387 13
e 598.52843 513.75633 15
e 505.33754 104.16392 13
e 348.12552 1042.64679 8
e 135.21965 870.40687 9
e 396.37671 619.99824 12
e 644.58740 346.48925 10
e 57.55586 506.57115 8
e 547.63565 664.84258 9
e 319.01490 809.53614 10
e 429.86106 731.98422 10
e 678.88259 246.26839 13
e 211.86874 997.67203 17
e 29.23891 578.91119 12
e 79.58888 574.76370 8
e 310.66661 1015.87247 14
e 72.44344 669.53157 8
e 364.70776 212.83448 5
e 166.19800 152.11303 10
e 69.00377 837.41691 8
e 609.34430 812.17627 11
e 83.23479 34.75525 12
e 350.86865 54.46734 11
e 404.83844 123.95397 13
e 282.11018 424.86160 6
e 576.17982 1050.51585 8
e 644.61776 809.92339 9
e 683.66857 543.66632 7
e 689.05558 348.80090 6
e 541.79933 221.71608 8
e 649.65061 355.82048 14
e 159.99770 332.68723 13
e 705.94283 882.91171 6
e 288.65609 196.31781 8
e 142.09768 673.64463 9
e 148.62966 189.92793 8
e 327.56470 710.74483 13
e 306.02511 82.62357 12
e 447.48384 99.39657 9
e 221.88866 49.64240 7
e 328.74560 85.56843 6
e 420.14801 456.29661 7
e 618.60234 694.77718 15
e 589.40272 55.49844 7
e 123.66490 262.41849 4
e 54.85218 312.90008 17
e 520.47146 141.42413 14
e 134.03483 455.48164 14
e 576.31067 733.40033 18
e 19.73297 702.73476 7
e 88.11820 962.69112 7
e 706.84022 491.90797 6
e 358.82585 126.03562 14
e 122.77263 89.35183 11
e 323.45275 1009.28764 6
e 205.77792 650.74886 9
e 591.37198 527.29351 8
e 682.78651 777.28571 6
e 13.18984 1048.06904 8
e 484.21907 957.34399 12
e 367.87367 543.98160 10
e 301.97835 663.77353 8
e 602.13660 470.71461 7
e 231.91405 895.32774 10
e 229.03658 819.17619 7
e 579.39510 211.36418 4
e 649.96642 863.71893 15
e 412.54600 254.44092 11
e 668.60889 978.39354 14
e 460.92211 408.60139 9
e 347.86604 202.43470 8
e 418.59104 343.63877 9
e 282.04374 262.67708 9
e 116.40594 887.46278 6
e 583.59607 84.12007 10
e 52.70417 160.60788 10
e 84.33717 882.45982 10
e 561.09922 753.97205 9
e 102.20937 651.10066 6
e 180.64924 1021.58234 6
e 524.66378 835.77637 5
e 348.01455 546.40457 12
e 138.08306 399.87809 10
e 458.62752 573.38917 11
e 590.76994 186.26147 7
e 87.86326 52.34625 8
e 251.49546 384.69895 8
e 514.42005 301.33523 6
e 549.69212 290.81323 10
e 492.98698 791.33240 10
e 270.60059 816.16890 8
e 293.10827 922.43907 11
e 392.31498 345.81348 12
e 486.74143 412.20154 8
e 88.38739 268.51471 6
e 314.41467 255.81126 7
e 223.44753 939.24323 12
e 282.76722 1028.58790 11
e 630.43325 970.41002 10
e 291.73043 516.66834 8
e 454.37805 658.50476 14
e 419.33550 233.69156 7
e 66.85855 1007.59659 8
e 197.78953 970.61417 7
e 545.36946 360.50417 9
e 446.72205 521.49680 9
e 453.83468 452.99548 15
e 12.11598 349.06413 6
e 154.35026 26.69495 9
e 339.38746 265.13440 10
e 630.25194 834.51792 13
e 139.14875 504.42050 10
e 121.92702 780.97685 15
e 68.14478 969.06574 9
e 642.25548 50.49297 8
e 176.50850 1043.93994 12
e 569.87789 651.41767 11
e 367.43302 990.44697 9
e 364.32048 476.48825 11
e 611.60566 1061.70735 9
e 697.26696 973.94311 8
e 483.50198 465.83819 13
e 219.34448 904.10457 8
e 653.05763 318.82043 9
e 521.31966 916.21048 12
e 291.86036 388.73306 8
e 504.85853 489.77059 12
e 414.05501 78.26435 9
e 574.00936 53.20617 8
e 240.54072 392.76792 7
e 155.60595 236.46701 14
e 175.12777 980.80413 11
e 472.52686 618.70450 9
e 695.95698 297.92287 11
e 122.30304 380.16519 10
e 246.19890 99.80589 9
e 166.96364 597.97195 11
e 36.90566 131.75346 9
e 196.48498 190.42416 5
e 443.97062 668.42644 9
e 222.37808 553.08156 10
e 532.45695 488.19128 8
e 280.43135 178.89184 13
e 146.20590 119.22590 7
e 689.07729 179.86082 9
e 86.10509 397.56334 9
e 671.04322 296.95655 10
e 144.27638 839.40892 16
e 238.38164 221.49523 9
e 289.21180 246.71978 11
e 377.08489 77.01110 5
e 174.86366 1032.32572 11
e 190.27177 624.31112 10
e 158.98825 699.96730 10
e 317.04256 629.79973 11
e 150.51558 455.31834 11
e 335.82496 403.41770 7
e 237.39231 21.36145 6
e 42.66692 711.61396 8
e 452.42791 75.90609 4
e 463.19864 877.40560 3
e 260.41005 182.98098 6
e 575.79670 991.17782 6
e 170.66258 929.31376 9
e 386.31810 700.15476 8
e 312.69245 716.05819 6
e 344.25433 164.41020 10
e 431.70926 798.29542 14
e 521.13756 428.48117 6
e 670.80144 427.14802 3
e 269.56418 936.12852 8
e 31.53794 128.20790 9
e 708.21017 627.28369 10
e 323.81577 622.24794 10
e 444.34879 363.52023 9
e 272.01353 565.50590 12
e 645.14766 121.41453 14
e 436.37645 389.90106 10
e 580.54694 40.28043 8
e 471.89184 159.27265 8
e 126.47756 130.23762 4
e 397.15227 850.33442 5
e 537.52377 766.04536 14
e 467.27050 941.21911 9
e 47.68769 704.42454 7
e 100.81504 250.46704 7
e 383.67905 564.28303 8
e 228.28342 938.45220 8
e 109.41314 802.42516 11
e 212.25540 92.95197 11
e 124.12803 528.87906 14
e 384.38706 757.93816 13
e 341.31002 618.64771 7
e 350.48372 547.67728 6
e 275.80300 838.56680 8
e 510.89104 490.89099 8
e 521.30431 661.80015 8
e 298.29086 167.99870 10
e 629.46712 39.60245 10
e 215.87594 363.16320 7
e 82.49191 709.26684 6
e 609.69790 851.90315 12
e 550.75675 452.48827 7
e 161.82484 32.44418 10
e 104.77864 949.64275 5
e 19.83757 651.81974 12
e 380.23216 119.69031 5
e 39.96040 807.82430 8
e 29.70510 864.40454 6
e 30.90196 1022.44210 11
e 518.44485 112.76809 7
e 115.24846 1019.37608 4
e 664.02443 331.07236 5
e 681.91843 951.67038 8
e 567.11673 905.47328 10
e 114.42209 319.50125 7
e 84.27269 307.18992 9
e 669.14226 521.71463 9
e 95.55776 321.15050 10
e 604.82672 1030.69514 7
e 297.21289 439.21074 6
e 499.68178 708.00593 6
e 577.76422 18.23455 17
e 72.41540 58.05897 10
e 413.80586 329.54496 8
e 175.74016 488.00833 7
e 144.67008 293.16289 12
e 371.71053 769.21153 16
e 32.82179 200.19342 8
e 23.71629 89.47020 4
e 439.70769 608.83492 7
e 472.81375 387.96665 7
e 210.52961 455.68976 7
e 14.79067 480.41005 7
e 580.40808 107.71210 10
e 258.68196 110.65239 9
e 295.78818 405.36904 9
e 46.33225 931.64388 12
e 461.14770 263.88721 10
e 379.06226 1004.59889 9
e 109.85038 752.83683 8
e 617.03575 94.25498 12
e 231.65570 52.13667 4
e 612.79131 1008.76056 9
e 297.51275 999.65821 5
e 150.70200 499.29424 12
e 338.22712 523.04275 7
e 679.75332 838.40753 7
e 532.98834 288.28961 8
e 267.56448 314.24093 7
e 137.87668 874.50647 5
e 691.61954 608.77518 7
e 62.99288 199.55674 11
e 348.58607 225.81193 15
e 293.38819 405.70313 6
e 366.54335 199.18973 13
e 247.17631 964.10674 14
e 371.95952 106.31793 8
e 279.57916 721.23673 14
e 625.48093 266.34825 8
e 492.70892 347.82997 7
e 348.87535 346.83056 11
e 357.54357 917.04553 10
e 549.82054 198.29742 11
e 249.05614 416.05628 7
e 246.18835 65.19564 10
e 541.03155 961.91045 10
e 139.62564 794.35300 8
e 484.83058 256.69166 7
e 318.39720 873.72751 14
e 477.43103 638.91484 9
e 427.47911 831.20216 11
e 231.09081 291.88858 7
e 514.14047 1049.35059 7
e 165.35520 648.45259 8
e 75.75342 890.32646 8
e 703.27146 459.68810 7
e 550.48778 1033.18569 7
e 199.60489 656.73062 8
e 88.23346 744.64205 7
e 640.24225 624.58156 10
e 429.01166 590.73706 7
e 423.72346 280.79337 9
e 111.06892 210.89428 7
e 277.18397 568.63464 10
e 234.89259 906.48379 10
e 516.12980 336.63773 8
e 404.20507 638.91816 12
e 627.64061 1062.96798 10
e 114.77579 782.50283 8
e 635.80552 507.40490 5
e 467.31420 375.15007 5
e 255.90161 268.02454 6
e 405.30069 636.54849 11
e 236.55613 941.21277 12
e 396.49687 118.00548 13
e 356.59071 440.13323 11
e 411.22572 245.91743 8
e 548.68215 915.44786 7
e 522.48643 15.18907 7
e 655.11245 349.55438 8
e 119.89524 531.51707 6
e 580.31915 299.88324 10
e 576.07402 853.58192 9
e 582.43602 638.76066 11
e 229.10516 883.20333 15
e 546.69228 45.17216 5
e 29.64396 874.36938 8
e 565.64268 841.12058 7
e 345.54299 192.40115 9
e 205.75961 236.22889 7
e 74.15229 201.19638 3
e 87.47964 435.25636 12
e 43.32621 803.25437 7
e 352.98492 742.13862 11
e 107.47234 486.13236 15
e 62.62338 909.47649 10
e 551.77420 150.95187 4
e 84.46870 567.79100 16
e 522.67299 617.27876 9
e 502.70582 964.17461 9
e 111.01279 749.66061 14
e 696.21868 463.75710 7
e 321.73897 516.98799 13
e 213.55974 466.85009 10
e 123.01995 691.20004 11
e 470.53178 474.45640 6
e 93.69064 805.70704 9
e 157.05809 241.73676 7
e 594.60183 75.73666 12
e 236.49895 490.21671 9
e 459.30698 315.73869 9
e 326.69430 120.16814 9
e 172.86641 706.38104 6
e 456.57187 429.70492 8
e 190.10398 537.85099 9
e 694.25670 618.98231 16
e 257.96427 550.65389 13
e 381.76893 931.19868 12
e 60.62139 893.57172 12
e 177.24594 789.64067 9
e 408.12863 372.26822 10
e 450.75336 475.20706 9
e 13.56658 1021.32101 12
e 113.04929 389.37281 9
e 596.39794 677.34595 3
e 277.50575 921.78506 5
e 557.83664 324.53416 8
e 64.28960 164.52114 9
e 549.55742 991.69657 8
e 318.24231 829.59046 12
e 259.78518 470.70132 9
e 149.06230 753.10242 9
e 306.00898 751.79140 8
e 278.87785 325.21894 12
e 54.62593 106.18607 8
e 342.89690 116.53893 9
e 546.44537 438.06359 5
e 545.52013 890.67101 10
e 42.23404 272.32845 7
e 104.63703 63.74181 5
e 350.42627 176.95047 8
e 494.64696 53.87601 9
e 330.69171 428.19308 14
e 200.25609 600.25730 15
e 544.46693 91.65166 9
e 196.66921 261.56350 7
e 352.47551 484.22310 9
e 139.44774 415.35298 11
e 49.74676 959.52008 11
e 619.83284 243.90313 11
e 208.89820 659.40420 10
e 471.13245 978.83804 9
e 542.19241 673.49587 8
e 420.20253 14.62083 8
e 589.99000 672.09177 3
e 278.89669 546.15243 9
e 18.96445 461.19040 11
e 591.38679 85.46622 9
e 277.16684 759.26795 10
e 238.64266 951.07693 4
e 709.08255 945.82609 6
e 557.14933 488.97964 7
e 146.12545 99.88002 6
e 641.76997 321.70628 12
e 168.38008 38.88846 12
e 363.61886 566.97116 8
e 673.63878 628.21307 8
e 580.56892 70.76119 11
e 401.26285 346.04278 5
e 288.33030 753.99714 12
e 474.45119 241.98754 8
e 39.67473 962.57495 6
e 71.39471 234.31249 14
e 522.36388 580.42888 10
e 87.15965 144.56044 9
e 144.25959 1006.81231 6
e 249.78208 87.67095 9
e 577.36175 298.21457 13
e 593.03011 226.59624 12
e 527.23320 437.43543 7
e 14.36088 699.57600 11
e 305.66616 624.45682 8
e 580.12192 535.74519 7
e 540.27206 236.39068 8
e 642.18528 667.22357 10
e 268.32362 621.80254 15
e 143.51975 313.06589 11
e 147.62436 147.99441 8
e 455.95116 952.98777 10
e 228.77935 897.05883 9
e 394.01934 244.19548 11
e 539.18514 662.13480 8
e 657.57312 1064.66597 9
e 514.22849 96.76940 7
e 233.57430 28.31711 9
e 513.59367 967.48415 11
e 566.13838 632.98059 8
e 581.97154 286.55764 9
e 380.77250 282.05307 6
e 203.87799 867.04105 10
e 46.91907 159.77032 13
e 498.55167 525.22266 9
e 473.96217 685.38037 9
e 216.74556 883.40613 7
e 125.10202 1031.07479 3
e 535.93051 544.83491 7
e 241.90573 345.34908 11
e 671.03159 85.29508 14
e 552.81242 86.72220 19
e 521.47937 372.69174 6
e 567.64458 956.73586 13
e 369.01476 105.80910 16
e 415.29733 331.81231 10
e 595.81820 81.92550 11
e 633.89853 480.60419 9
e 528.59716 389.02364 14
e 409.42606 55.97796 6
e 693.17813 193.05832 11
e 137.64181 1040.39155 8
e 529.16092 589.76896 9
e 357.27430 793.83211 5
e 67.29991 131.79786 8
e 238.91776 849.32522 6
e 80.26446 231.05156 9
e 16.52300 527.04408 6
e 399.74732 55.98310 10
e 219.68880 561.69780 10
e 557.96047 738.14428 8
e 166.51123 989.79450 8
e 141.89436 831.82249 6
e 126.81147 162.16386 5
e 335.30372 13.58081 11
e 73.79201 441.36700 7
e 512.47439 334.69536 9
e 247.31973 951.90269 9
e 433.33897 496.94989 8
e 351.93888 548.76810 7
e 236.43503 672.69980 9
e 307.69479 448.57035 9
e 664.71857 750.39844 15
e 628.87011 45.92912 12
e 610.99535 1048.75234 5
e 281.23204 396.05511 9
e 94.21929 955.59249 7
e 102.11777 872.32425 6
e 477.15319 393.34097 8
e 503.63712 81.03686 9
e 631.38388 684.09714 9
e 287.30339 682.04642 11
e 321.39480 650.48729 7
e 257.12206 915.48805 7
e 595.18449 1045.87484 9
e 181.62212 68.78700 9
e 402.60299 825.21624 11
e 55.57240 858.41870 20
e 124.04227 293.14145 8
e 24.20886 51.32314 7
e 625.97897 37.71218 10
e 160.46589 806.04092 13
e 463.43023 986.18274 11
e 70.50204 586.35346 12
e 348.07446 394.87227 7
e 664.03175 120.23685 10
e 45.27542 535.79861 10
e 28.08656 536.49290 13
e 19.85935 126.97178 12
e 454.58130 676.96033 9
e 108.80530 221.75029 7
e 133.97720 880.71009 11
e 154.19367 426.93444 10
e 377.95486 571.63336 7
e 228.63974 389.26675 7
e 262.97915 744.67828 11
e 533.73906 1025.73524 8
e 465.98077 758.57764 8
e 626.19543 83.23940 9
e 165.16660 867.38868 11
e 147.76754 188.44181 8
e 664.46528 792.01806 10
e 507.86203 777.97025 7
e 76.46822 1005.82228 9
e 195.37986 720.64176 7
e 613.88083 856.69522 9
e 533.45601 341.05024 6
e 452.28805 826.78520 6
e 22.44485 477.13092 13
e 212.15456 96.63900 15
e 695.39756 942.16501 10
e 13.70225 658.95184 4
e 56.29497 882.95314 10
e 394.62129 170.30376 7
e 639.14862 894.35356 10
e 649.89468 64.02441 15
e 498.10494 685.73903 10
e 391.98490 550.24342 10
e 410.68762 178.60267 7
e 379.25711 242.96371 10
e 537.28217 358.01881 8
e 67.51820 336.54829 4
e 661.31149 603.56123 13
e 487.10505 847.41820 10
e 586.34519 851.33617 13
e 620.67975 695.92389 8
e 110.94183 419.64171 9
e 648.03973 512.64559 13
e 411.63266 374.52968 4
e 433.55689 769.42104 4
e 407.60360 213.28628 16
e 301.04746 192.83435 9
e 99.22445 987.85394 8
e 634.13724 67.06405 6
e 671.57962 639.51330 6
e 371.91690 92.27486 14
e 177.08644 392.47253 9
e 469.25281 367.83184 9
e 44.13675 818.49800 11
e 266.63566 617.11780 6
e 376.88457 271.74071 10
e 483.06154 343.52784 15
e 359.21001 190.32189 11
e 347.83999 134.02758 13
e 687.81776 920.24704 15
e 245.79666 905.82279 10
e 16.71553 363.89958 9
e 558.39387 267.56656 11
e 566.88110 461.44633 13
e 702.32546 435.55451 8
e 77.73638 788.98304 6
e 501.47652 343.11666 13
e 566.20402 112.74027 12
e 701.73004 767.48359 13
e 572.69099 1058.04250 16
e 598.64486 228.05618 13
e 164.33677 204.55621 14
e 258.13533 104.39221 7
e 674.38266 624.15716 7
e 473.72268 182.28489 9
e 326.28073 761.96565 16
e 553.83231 131.96258 16
e 120.19984 408.83156 10
e 582.79444 997.12543 11
e 123.43633 564.80061 11
e 99.95118 978.31232 5
e 252.48928 630.40058 15
e 398.05317 440.60616 10
e 533.33857 680.42844 8
e 606.45200 31.02449 11
e 603.86316 750.56832 12
e 177.81188 324.85393 10
e 356.56896 176.34926 12
e 387.25064 463.85627 10
e 204.45028 1021.64321 11
e 298.27832 779.20220 9
e 321.58728 773.53998 10
e 266.93012 664.22085 12
e 111.64103 991.26563 13
e 459.55930 739.81610 6
e 555.38189 581.34147 7
e 142.92483 617.18929 7
e 128.31876 646.22258 15
e 378.88439 91.35845 7
e 386.21351 372.79764 8
e 515.87712 287.65527 11
e 248.19267 84.19604 9
e 111.70914 310.32879 6
e 680.40027 85.20466 5
e 578.94194 913.75829 12
e 447.20088 813.11688 3
e 640.70534 143.67243 7
e 278.46938 712.39100 7
e 643.52182 21.11762 10
e 671.34870 1038.76649 14
e 140.18478 54.10524 5
e 19.98814 973.19783 9
e 130.41098 249.76431 7
e 697.57577 246.67556 9
e 390.25829 143.31936 4
e 124.34094 659.36751 9
e 52.71468 618.49114 13
e 131.61302 792.61619 6
e 20.15712 35.52846 7
e 47.06499 413.68636 12
e 365.67311 923.67262 6
e 45.88978 71.38617 16
e 557.01998 609.94090 7
e 279.27967 54.06448 8
e 225.24338 1036.19570 8
e 267.53195 295.61187 11
e 548.46479 258.08218 10
e 667.91930 278.89792 8
e 76.94275 406.91599 10
e 378.87292 263.99825 4
e 644.67465 567.28321 10
e 501.83287 879.71339 10
e 675.61692 440.25180 6
e 151.86745 550.14784 4
e 652.22806 569.24183 10
e 321.19509 1008.93415 5
e 584.01106 56.81383 7
e 516.85960 859.93231 9
e 183.49611 660.83024 4
e 40.72183 214.68539 10
e 17.65434 186.59377 10
e 166.91459 942.02387 14
e 512.48679 955.65453 8
e 427.60483 84.86072 15
e 407.50071 694.61043 12
e 139.69216 757.25911 12
e 406.44738 710.85073 7
e 342.66524 476.50953 8
e 469.31716 915.84279 7
e 534.77519 561.22210 9
e 344.22814 973.50348 7
e 675.82127 808.93165 6
e 217.86066 660.24575 11
e 366.24505 411.30143 9
e 290.63475 841.43536 6
e 103.27459 676.19487 9
e 656.63562 1063.71662 6
e 305.25022 527.80244 9
e 404.69960 674.37390 5
e 314.66299 630.72800 15
e 448.96538 625.73489 7
e 557.81845 1040.59333 5
e 656.57356 1058.42725 8
e 27.66381 720.86799 6
e 164.33886 489.14994 12
e 269.46824 839.39715 8
e 423.09988 407.93340 10
e 71.70425 101.55812 15
e 514.46170 1003.78276 11
e 506.58558 122.39973 10
e 497.77588 240.32411 10
e 67.44220 772.31479 11
e 61.48497 189.07289 11
e 343.41457 285.57626 11
e 123.39458 470.47453 10
e 406.96354 417.36170 6
e 357.28300 280.16029 11
e 250.67676 1050.28604 5
e 10.86254 866.61440 12
e 703.24847 836.87288 9
e 505.22782 710.15245 8
e 312.06750 480.55777 6
e 93.00634 346.57633 11
e 400.16500 1011.54045 10
e 444.05546 325.56729 9
e 439.75909 778.74535 7
e 260.35824 793.72619 8
e 265.53015 609.39750 8
e 553.18177 867.69137 7
e 41.21240 443.45160 12
e 365.25111 464.65209 6
e 706.35752 898.41557 8
e 527.81258 1016.55414 8
e 104.11646 284.87315 12
e 291.15089 1002.96288 8
e 544.11977 897.97336 6
e 33.79520 162.55704 8
e 677.84667 111.54032 12
e 72.12743 582.04886 10
e 33.38786 386.12313 8
e 470.13004 685.27055 9
e 545.17505 468.54654 10
e 657.85602 258.05607 9
e 79.44336 703.61931 14
e 489.47986 381.11587 5
e 563.23618 548.20617 7
e 480.64483 905.49059 13
e 535.21458 61.04138 13
e 167.75842 175.20433 7
e 113.52722 419.86576 9
e 339.99668 210.17918 9
e 638.59216 388.13180 13
e 480.15532 921.38336 12
e 55.60654 968.53270 9
e 421.00442 84.85253 7
e 38.60707 294.20014 10
e 316.16357 883.83645 10
e 288.13520 885.14220 8
e 319.27603 974.41924 10
e 71.62629 356.03219 11
e 233.09987 1045.10565 12
e 217.35788 335.46026 12
e 447.93820 876.48952 7
e 158.77658 1016.76172 15
e 641.60842 31.08527 8
e 58.32001 748.00562 6
e 391.78169 121.37000 16
e 538.37206 145.33959 12
e 491.28283 706.21838 9
e 461.94274 442.18090 9
e 542.35985 730.70179 11
e 567.04079 1039.47234 12
e 416.80143 350.75067 7
e 680.73091 672.58485 8
e 569.24603 324.83946 8
e 360.27891 1040.13120 9
e 373.80606 131.27588 5
e 645.79391 139.16541 10
e 293.83705 363.09826 8
e 392.71181 1029.86646 9
e 236.88248 941.18938 11
e 295.17345 1058.67209 8
e 666.93786 673.04561 12
e 402.17498 60.55809 17
e 525.20768 552.97325 8
e 488.71517 102.20402 7
e 203.49656 872.76787 4
e 583.37476 702.82212 8
e 338.11605 949.80059 12
e 532.26837 403.94726 12
e 413.07131 547.62495 7
e 80.86882 751.05234 6
e 594.82935 76.91469 9
e 165.33010 1055.82129 5
e 601.20971 133.85245 9
e 301.05616 575.94124 14
e 593.65959 771.79607 9
e 486.40927 753.08890 5
e 255.10741 184.40764 7
e 484.61412 610.41456 12
e 187.32433 781.32210 7
e 248.53918 1008.81225 14
e 703.39231 398.58639 11
e 647.74029 765.14065 15
e 683.56387 123.14145 12
e 322.02096 344.59823 5
e 676.23146 786.57710 6
e 665.63770 758.12999 10
e 583.36598 797.94038 11
e 226.62539 402.79200 8
e 597.89740 947.02029 14
e 444.25182 906.57369 13
e 393.64994 871.38932 9
e 492.83218 277.72481 8
e 11.50082 523.84694 9
e 10.48553 131.76587 10
e 566.89695 819.34204 4
e 467.81946 436.02743 6
e 36.67969 501.00713 10
e 311.17884 583.57981 9
e 526.10029 975.76828 9
e 434.48892 739.79963 7
e 325.11171 909.87318 12
e 423.35914 275.64423 17
e 91.09877 551.20113 13
e 496.94775 44.34055 8
e 298.48859 466.36459 8
e 546.92231 55.77763 12
e 549.31802 297.96202 9
e 638.57925 1068.49596 7
e 364.43242 565.57140 4
e 162.55247 816.82899 9
e 593.21898 693.84193 9
e 211.21543 435.24214 5
e 356.13818 695.58900 7
e 231.59400 666.89128 6
e 69.14273 24.26709 9
e 627.16852 48.16608 7
e 147.79450 561.14899 12
e 421.91538 754.04465 4
e 174.40909 279.34312 9
e 491.89825 515.68724 10
e 165.28312 607.23179 7
e 223.67795 952.80880 10
e 489.05638 976.80151 10
e 567.36451 205.96739 8
e 338.73387 843.27120 9
e 28.68910 484.77004 7
e 429.76005 711.23550 12
e 89.26376 791.38284 10
e 462.23448 71.48354 11
e 179.88150 435.61674 8
e 349.70956 273.08392 8
e 292.57690 328.06984 10
e 290.83076 576.22264 9
e 376.87045 711.55337 7
e 340.89332 387.17275 5
e 111.77699 329.74720 19
e 329.01500 753.16385 12
e 505.95716 211.35846 8
e 613.81560 665.75674 7
e 591.98929 694.55015 11
e 142.76755 377.61437 7
e 611.06718 343.32193 6
e 573.13551 1062.45119 4
e 615.84680 230.14538 10
e 198.78124 482.81138 9
e 68.94033 119.88207 10
e 584.22521 887.23232 15
e 281.51964 393.36194 13
e 236.02823 685.78898 14
e 87.71193 57.16161 7
e 193.17781 24.80562 10
e 474.77536 1049.77759 9
e 519.20785 176.00412 9
e 682.75178 888.80713 7
e 603.09368 824.43094 10
e 527.36501 143.95335 11
e 649.25836 735.77456 7
e 268.51665 490.97806 11
e 195.86176 441.69739 9
e 75.81334 1037.55952 11
e 509.07292 890.20076 14
e 660.39478 178.78306 5
e 541.66492 722.42478 10
e 436.80302 279.61626 10
e 247.54580 542.94273 12
e 125.83106 793.97851 8
e 156.40113 896.14684 9
e 226.18508 325.96695 7
e 137.95832 881.80987 6
e 346.18818 778.78715 9
e 87.09244 802.93112 15
e 235.55637 618.44362 13
e 497.36204 551.92509 12
e 532.28787 72.28401 6
e 490.59218 678.02613 9
e 392.62111 576.41529 12
e 664.72837 730.91257 10
e 675.99791 716.24408 15
e 242.94321 698.43890 7
e 399.14867 466.48699 7
e 202.62822 206.53958 6
e 116.59047 441.28568 9
e 247.04953 579.14196 9
e 132.01985 47.84712 5
e 337.90971 171.94475 10
e 143.08554 567.30593 10
e 117.82468 479.70580 7
e 404.68339 544.62932 9
e 518.70111 637.69706 8
e 593.36820 882.30376 9
e 264.00812 803.63268 10
e 448.36781 933.16844 10
e 119.41723 813.70271 8
e 374.08127 199.75340 8
e 632.52458 626.48190 7
e 82.61857 65.37523 11
e 37.08527 719.39450 6
e 575.54618 493.71838 8
e 680.41834 1021.80779 10
e 254.46051 769.65716 8
e 586.02604 785.50104 8
e 700.16533 809.52758 6
e 41.39285 402.52734 15
e 298.18366 29.84833 4
e 386.64447 467.18031 9
e 709.90339 753.89721 7
e 38.86854 653.07904 12
e 347.93563 839.21648 10
e 605.50195 385.42290 10
e 256.67435 877.97472 10
e 659.47401 812.64097 9
e 193.29641 798.99297 12
e 252.07097 584.02693 7
e 361.27360 626.58205 13
e 585.31844 117.99699 11
e 211.15020 746.78738 13
e 685.31620 379.13418 17
e 128.67698 26.38216 5
e 602.83972 1006.18905 9
e 366.01783 1053.02991 11
e 213.18233 291.45837 13
e 592.20342 826.70241 12
e 637.70769 1008.08686 10
e 527.75399 910.35262 9
e 43.55582 89.02072 8
e 348.93993 684.32249 4
e 502.78087 302.51298 8
e 93.57763 479.25769 7
e 156.46661 977.67845 10
e 15.25874 601.12066 9
e 384.52948 869.83371 8
e 140.14456 773.79213 10
e 423.34451 453.93231 3
e 373.46561 16.96648 6
e 137.79824 165.94733 9
e 595.36261 434.20789 6
e 444.49506 684.35047 7
e 307.27084 18.08435 5
e 116.26068 384.44331 9
e 549.35323 724.88754 8
e 332.67003 623.67313 9
e 588.31822 349.90688 14
e 344.84290 65.50075 11
e 512.50108 846.92739 15
e 406.15054 665.73096 14
e 562.82559 271.02906 13
e 695.66230 748.01571 14
e 308.35077 235.50066 7
e 516.79833 563.76712 9
e 372.44382 124.29899 7
e 611.97651 704.86903 13
e 478.56888 921.68379 10
e 439.42405 587.63372 9
e 215.76330 611.58053 15
e 32.47457 605.96038 7
e 446.10918 631.68661 9
e 224.73057 712.34518 14
e 269.65634 294.20833 21
e 474.26243 197.13842 9
e 525.99379 719.30964 13
e 570.26588 192.43038 10
e 576.22700 696.98792 12
e 74.45450 333.00194 9
e 385.12216 412.43661 10
e 527.90647 1069.93570 15
e 73.65845 87.69540 8
e 623.57066 666.10013 11
e 393.89084 709.03287 7
e 611.23437 1014.39082 11
e 86.67095 17.58512 6
e 691.06694 142.45244 15
e 703.70191 242.99299 8
e 459.54223 46.04051 9
e 447.86022 503.89229 13
e 623.95572 489.56081 9
e 361.18843 623.20270 7
e 239.37216 845.39598 5
e 501.74758 206.84811 12
e 16.52988 1011.79377 8
e 18.54416 132.55393 12
e 166.46835 511.11495 5
e 322.81541 383.50148 13
e 625.98442 941.51366 4
e 186.21618 755.65445 8
e 571.95214 813.89994 11
e 448.51947 576.16709 6
e 183.38444 762.22668 9
e 443.29942 559.29369 9
e 453.92577 336.26591 8
e 650.69020 916.04181 16
e 590.43219 201.80579 9
e 147.69335 383.91528 9
e 563.94151 949.56497 17
e 76.70812 981.32020 6
e 466.76731 477.46115 8
e 347.89935 131.26376 10
e 142.33049 800.46396 10
e 89.98506 815.17016 11
e 272.71001 463.02603 11
e 573.92925 696.14514 8
e 556.43409 106.66486 14
e 313.62158 429.82883 13
e 612.83926 448.08758 7
e 232.73027 591.49630 9
e 495.70191 786.26458 8
e 397.22354 236.46826 4
e 486.53210 1005.98448 6
e 26.05292 169.85417 13
e 604.44947 243.06596 11
e 169.57860 169.91268 10
e 561.62781 678.62687 10
e 367.23602 779.67170 14
e 588.62275 534.25051 7
e 485.65147 646.39313 8
e 690.79908 398.96287 13
e 289.85068 779.88029 11
e 421.76407 655.42094 4
e 704.63887 727.59433 21
e 398.54550 704.05698 7
