c ./output/rectangle/uniform/uniform-rectangle-7-2000
p rectangle 2000 720.00000 1080.00000
e 104.54074 690.79010 6
e 623.01215 656.75839 8
e 286.40242 366.09874 9
e 474.18352 765.98909 12
e 238.16048 123.84021 13
e 111.12954 388.23080 12
e 16.17434 131.40158 12
e 488.25961 808.45655 10
e 305.77168 912.36558 6
e 79.33629 1045.51414 14
e 85.74309 365.66426 11
e 644.28005 717.43010 7
e 290.95404 933.64937 10
e 160.40700 945.42133 10
e 143.24624 981.90484 6
e 194.56379 763.57607 12
e 707.08706 804.29798 5
e 102.60783 512.53534 12
e 366.36658 100.85338 9
e 292.74630 482.02430 12
e 630.88356 407.28648 11
e 701.70084 561.98459 8
e 32.39811 36.64536 10
e 388.60457 1049.26266 7
e 260.57600 617.37591 10
e 40.77528 784.80734 5
e 570.80336 295.13527 10
e 175.32519 306.39857 8
e 467.55987 316.40327 5
e 95.84751 855.18266 10
e 514.77329 185.90370 9
e 482.23778 290.11873 13
e 519.99607 599.97611 9
e 145.71166 611.03264 11
e 648.00612 1006.94345 4
e 239.67913 733.21579 8
e 189.88157 854.14741 9
e 59.20198 124.58357 7
e 119.32218 521.31618 12
e 232.30283 648.86362 11
e 556.65668 761.59863 6
e 479.95888 882.28602 4
e 475.76689 1036.23846 6
e 509.93716 273.56104 8
e 690.94320 219.79673 14
e 37.70844 382.08531 6
e 577.70308 634.42397 13
e 629.40822 46.94004 8
e 625.65154 777.54656 10
e 652.52234 1051.32843 8
e 705.77552 855.49142 7
e 100.47745 990.83774 8
e 78.14982 642.10501 6
e 499.49131 946.95518 14
e 145.24968 367.45544 12
e 130.27989 296.79984 13
e 274.89343 235.22593 10
e 425.16914 984.32265 13
e 31.83552 642.92030 5
e 564.46614 690.94548 9
e 203.36367 244.29941 10
e 535.80678 576.66063 7
e 526.87340 649.11698 8
e 610.96648 517.05633 9
e 420.61294 673.17895 6
e 386.60451 21.23990 12
e 282.65848 741.25402 6
e 220.75020 789.29994 9
e 96.90984 307.22493 9
e 184.75718 512.03199 8
e 13.18284 974.19100 12
e 299.50234 867.92789 7
e 384.62945 977.51445 9
e 361.15044 765.40015 7
e 47.01193 1015.47630 11
e 644.88124 339.48695 7
e 163.34851 56.71157 6
e 227.97246 489.95562 12
e 640.19026 700.32876 8
e 51.41061 708.27630 10
e 388.21789 887.17822 5
e 49.33587 964.24732 7
e 382.03760 873.01121 5
e 452.09644 466.19007 10
e 405.79567 853.80344 12
e 100.50526 170.86626 8
e 127.88801 967.81153 7
e 222.19106 427.28592 7
e 120.23658 166.17138 8
e 222.37209 687.91623 9
e 462.08327 879.97407 10
e 539.01650 512.93348 9
e 332.27813 521.95791 14
e 330.56458 1001.21301 10
e 515.60225 223.16711 8
e 47.07165 480.28376 14
e 27.35895 926.25360 11
e 266.64302 167.74728 9
e 474.89675 854.18356 9
e 219.33639 551.41761 6
e 366.76005 10.82461 13
e 671.97746 466.61833 12
e 539.52438 66.89942 10
e 538.50100 426.50586 8
e 219.42792 348.20741 13
e 664.58011 180.11437 11
e 350.46520 630.80068 6
e 287.35837 956.22275 5
e 461.33445 724.83111 11
e 329.94297 1035.43724 8
e 107.74123 356.05728 8
e 183.11588 848.29745 6
e 388.53951 448.77253 14
e 412.26371 57.91439 10
e 128.03670 742.37827 14
e 286.80442 679.76005 10
e 92.62606 680.40597 14
e 411.98077 270.73278 10
e 88.45137 577.73327 7
e 413.23348 608.53935 7
e 698.96636 978.46844 14
e 462.81457 358.43374 9
e 582.45849 540.44955 11
e 103.99171 680.17724 6
e 183.06417 411.41905 11
e 138.85749 838.15568 7
e 129.05282 169.37811 9
e 495.17608 780.44249 12
e 515.40935 755.49538 8
e 591.34091 394.24175 11
e 685.80965 562.55565 13
e 477.44483 45.50254 8
e 598.90782 193.23779 5
e 11.53540 547.45037 11
e 122.86349 1014.29652 10
e 671.40816 629.64025 10
e 492.14579 766.78329 8
e 304.27632 853.74220 8
e 80.29959 892.85414 9
e 278.10425 639.83852 7
e 396.50369 72.72499 11
e 528.07603 624.67492 6
e 159.14161 481.77966 4
e 286.57910 903.35118 10
e 391.81676 908.22891 7
e 247.72077 708.11266 9
e 708.92782 629.39646 7
e 681.23811 208.56885 9
e 302.41823 457.14236 11
e 527.60567 881.96848 9
e 440.54356 125.54885 9
e 488.34979 747.91523 11
e 351.80894 965.34914 9
e 610.83046 311.04159 8
e 677.92616 135.62431 11
e 399.41090 849.34616 8
e 367.69420 423.46743 5
e 305.69004 268.12023 9
e 470.97571 602.37094 8
e 128.59494 236.74600 13
e 390.63307 830.19436 9
e 352.67659 308.52163 7
e 59.10509 185.41436 10
e 690.63738 710.68919 7
e 641.30426 689.10694 7
e 499.76190 813.94394 14
e 672.63003 1011.02988 8
e 142.31789 297.48302 8
e 602.67614 465.21971 8
e 457.99238 659.00502 11
e 172.95051 279.28204 10
e 522.85480 71.31924 14
e 458.17731 643.94303 13
e 589.27621 441.70783 10
e 321.38553 59.79156 6
e 53.91122 51.25171 7
e 200.93695 690.13594 13
e 610.71141 518.06089 8
e 199.94539 1060.79296 4
e 342.06107 462.94361 6
e 461.60865 132.64846 13
e 566.63239 220.91400 8
e 237.24693 723.64283 15
e 556.35650 413.36107 8
e 194.73318 570.99063 12
e 551.33855 305.87176 9
e 156.29112 758.41374 8
e 112.06214 48.93697 8
e 192.54120 584.41506 9
e 80.34175 644.46536 8
e 21.64273 1009.99007 10
e 290.12749 300.50902 11
e 517.31216 874.72423 8
e 552.88841 915.58780 8
e 206.65194 234.22345 7
e 113.09470 569.44545 15
e 193.15564 126.62834 9
e 220.95805 520.49309 8
e 373.58263 948.52914 13
e 610.81679 847.55638 11
e 449.38091 498.62021 8
e 633.36233 914.50741 8
e 19.45045 849.62295 12
e 51.32114 405.80239 7
e 553.02556 595.81422 11
e 617.09304 491.91343 11
e 352.49643 532.92973 16
e 468.44700 688.37999 8
e 355.50312 467.07275 9
e 349.90125 539.22135 9
e 695.54633 742.49853 8
e 86.18184 79.63434 12
e 544.11184 352.46165 8
e 12.79055 103.07535 6
e 90.57854 605.89012 9
e 253.54480 256.66233 7
e 352.20197 530.82326 9
e 395.69737 1006.78683 9
e 657.77429 188.63672 13
e 481.30467 546.01211 8
e 486.17977 1048.82583 8
e 300.10537 438.38213 7
e 47.53706 807.13569 7
e 684.17161 639.83775 9
e 412.62383 275.71234 14
e 633.07081 523.18804 14
e 67.55532 540.90729 10
e 170.21576 1063.20728 6
e 688.78582 356.29618 6
e 662.31734 582.21349 10
e 143.29035 740.27189 10
e 28.70250 876.88489 11
e 102.08328 823.04782 7
e 632.29901 989.47315 4
e 555.35707 905.24267 10
e 650.44157 167.18562 7
e 583.92038 959.34886 10
e 589.36058 750.66674 4
e 400.88602 1013.67635 8
e 333.35895 497.56765 5
e 277.14855 271.46221 6
e 523.40811 955.99003 11
e 18.22158 590.93358 13
e 417.01269 842.41027 7
e 336.45960 993.65971 10
e 202.47251 424.78821 10
e 321.41001 230.39970 7
e 519.09977 901.80243 17
e 495.71597 943.80239 6
e 146.44880 711.81158 9
e 133.47827 98.54457 8
e 673.31885 196.31421 13
e 633.91013 795.33119 8
e 498.56545 113.98102 10
e 189.40246 688.89889 10
e 522.53048 526.26454 7
e 97.63947 396.55431 8
e 158.54023 797.50536 11
e 308.16648 31.04368 7
e 366.36769 220.39604 7
e 306.72114 830.61299 8
e 575.91399 601.04968 6
e 87.43093 165.92303 12
e 669.73560 439.56675 4
e 218.79311 534.88105 7
e 136.17226 766.50522 14
e 135.18482 928.47221 11
e 687.73767 99.10548 7
e 543.24426 127.72947 7
e 48.86880 387.08133 6
e 167.30576 1034.14149 10
e 641.36211 349.49282 7
e 635.36565 1011.45495 14
e 135.55869 1017.06684 8
e 542.65495 688.15674 11
e 526.37221 963.05662 4
e 235.49163 1028.75915 9
e 120.62259 471.40561 8
e 206.25559 722.32180 10
e 423.54470 538.78541 14
e 111.66695 706.16379 7
e 509.01316 339.86068 8
e 598.84566 14.79475 10
e 690.20948 791.21952 9
e 573.62124 877.49017 16
e 181.78536 717.72918 13
e 498.98183 214.09074 9
e 221.57865 349.54035 13
e 204.84021 15.64516 8
e 353.84342 314.24729 8
e 208.35588 1039.47994 7
e 542.06355 408.64879 10
e 677.72146 985.35941 10
e 672.98994 286.00072 14
e 223.54661 901.64888 9
e 323.90101 14.76822 10
e 547.75574 91.59553 10
e 163.27999 489.24150 6
e 284.81291 86.22909 9
e 514.62333 64.50038 9
e 445.53224 56.39262 6
e 388.90734 200.61609 11
e 668.07321 646.09868 12
e 17.53997 254.76045 6
e 477.15867 699.53175 8
e 61.15160 280.15145 6
e 569.29040 1060.58619 14
e 358.56046 727.47857 6
e 34.11037 946.41094 13
e 598.96608 941.98327 9
e 289.63386 958.78058 4
e 77.73782 441.10096 10
e 63.21799 640.89800 7
e 694.34528 1015.34147 9
e 349.30028 722.32947 12
e 325.56764 833.33799 16
e 686.01352 65.75523 4
e 157.60318 42.35210 10
e 354.55095 448.67933 5
e 705.95208 740.51648 4
e 515.20333 565.96463 7
e 51.08166 531.82458 8
e 521.04779 452.51573 18
e 291.93804 406.93356 13
e 421.28000 352.81808 10
e 462.98838 162.11460 11
e 154.10995 659.72753 10
e 35.94442 80.91090 7
e 252.78116 200.44934 9
e 391.66005 557.42537 11
e 278.98813 1052.05036 9
e 106.02252 457.41718 12
e 267.82463 360.34823 14
e 439.80598 114.16386 8
e 279.29821 941.98820 7
e 27.35717 70.30629 6
e 575.75497 92.27258 10
e 26.92206 737.26019 9
e 74.03200 286.27249 8
e 454.85527 787.76494 12
e 223.29521 990.24200 7
e 294.32764 109.55316 8
e 181.17416 902.20738 8
e 272.71325 1055.77756 7
e 585.71641 604.24292 8
e 529.01441 348.78916 12
e 80.92462 991.23831 6
e 281.04884 447.22046 6
e 649.23644 1045.60643 7
e 421.46638 629.41459 8
e 236.56484 292.63373 11
e 203.37396 422.13134 13
e 391.04739 703.71792 7
e 182.41906 783.21786 9
e 56.02940 548.94147 9
e 102.35754 144.19473 8
e 68.68077 504.09072 7
e 83.33734 416.86875 9
e 683.79508 762.25063 11
e 689.26606 872.84883 10
e 656.52443 964.88238 10
e 614.14256 394.15672 5
e 584.37170 32.82909 5
e 179.27922 18.96623 10
e 309.88126 353.35622 5
e 194.84982 1019.71280 6
e 328.88684 552.67048 13
e 178.30940 101.83657 11
e 148.40283 733.75355 4
e 686.26566 13.98435 11
e 349.95861 250.61135 14
e 82.83948 343.88655 9
e 172.26862 324.48356 7
e 164.47456 562.54742 12
e 369.47074 751.87690 4
e 342.87034 810.23317 7
e 37.57325 988.31621 11
e 238.05607 503.57073 6
e 186.73861 694.36341 11
e 248.01737 879.77415 15
e 128.47340 59.99732 7
e 626.22261 449.04454 11
e 367.65887 304.60654 6
e 672.30609 218.64248 5
e 564.12825 1056.27617 15
e 181.60917 482.52210 16
e 595.54701 827.45231 13
e 10.91391 176.54966 12
e 575.38143 976.58371 7
e 529.35672 362.29981 8
e 199.00000 232.91924 13
e 309.59839 16.75791 11
e 558.03323 882.96893 13
e 389.86356 229.79127 8
e 408.78709 197.80671 12
e 434.16145 549.75413 5
e 356.17268 355.16564 11
e 705.20474 869.72495 9
e 646.75421 443.31554 9
e 78.63966 157.13678 15
e 47.27779 301.74114 16
e 667.25399 605.65943 14
e 509.52748 44.61921 11
e 617.91536 76.91503 15
e 640.75024 728.14460 18
e 490.77414 655.26525 6
e 187.87241 30.47105 8
e 234.82258 679.35591 3
e 709.59060 573.93019 7
e 699.92582 594.45873 9
e 178.21630 428.17244 4
e 700.16568 478.61652 8
e 40.69470 744.43592 10
e 316.22780 630.90431 7
e 104.87133 915.47170 7
e 531.06169 661.68877 10
e 278.41936 438.50630 7
e 600.48667 642.02153 8
e 258.49926 431.47484 10
e 17.50639 776.76246 12
e 259.21318 883.27609 10
e 671.84327 884.31731 12
e 510.50805 548.75296 7
e 169.42766 848.23948 10
e 24.17128 657.13788 12
e 233.19877 997.00529 4
e 681.06735 998.15606 12
e 46.94135 1054.53501 6
e 157.47657 441.13481 11
e 67.19463 313.13696 16
e 143.90891 346.08911 12
e 354.28193 323.58508 9
e 493.65809 407.48665 11
e 216.03531 418.33360 10
e 58.93025 556.77301 10
e 261.95920 521.33302 9
e 438.58783 520.97567 11
e 547.65615 581.82695 7
e 541.26617 668.52517 8
e 327.35159 280.46574 13
e 180.36214 615.78187 14
e 553.60383 614.03687 18
e 442.95461 373.03186 12
e 600.20412 1023.60645 12
e 58.05629 767.78879 6
e 598.53447 896.43576 13
e 390.32971 517.13455 8
e 79.55111 606.92692 9
e 314.55281 662.31345 7
e 273.69595 449.13282 8
e 569.27379 842.89627 6
e 61.98512 116.66343 9
e 353.18927 258.19498 4
e 700.27968 925.36720 11
e 218.76004 793.87862 10
e 112.05757 90.58116 13
e 52.59882 632.11613 9
e 556.18527 97.32884 9
e 651.68381 26.76581 7
e 18.90950 520.13413 7
e 16.33228 729.98698 9
e 26.57394 136.63046 7
e 67.27132 604.08139 7
e 292.79925 275.43799 13
e 82.70558 92.58872 9
e 658.75729 773.53601 14
e 286.87066 773.36451 10
e 291.12110 646.86011 7
e 708.01279 113.59754 9
e 541.06094 804.11528 11
e 523.78996 576.91955 8
e 695.43227 377.83096 9
e 52.84239 989.51102 7
e 571.35767 381.32441 9
e 245.67960 1037.63539 5
e 576.82461 822.71167 12
e 320.53629 102.61879 13
e 182.75769 146.17119 13
e 123.74406 119.59013 16
e 546.54530 590.30678 5
e 640.62096 948.72127 12
e 459.78775 57.44811 13
e 540.98657 661.97067 7
e 693.92309 124.75467 9
e 139.63073 935.47379 5
e 459.43299 692.76842 7
e 596.47847 887.41649 9
e 464.64122 449.86483 5
e 705.76647 252.77802 4
e 103.69761 474.85410 7
e 242.57946 620.69092 7
e 652.76853 1056.20464 11
e 282.08128 963.81220 9
e 115.73686 269.32637 12
e 145.41963 77.12709 8
e 510.74768 1013.70930 9
e 330.26231 100.29309 8
e 348.74936 400.25606 10
e 304.82233 561.80674 12
e 490.72860 781.54521 10
e 262.11032 1006.21035 7
e 28.60712 33.80252 11
e 277.52339 994.20161 12
e 557.79144 1026.18787 12
e 385.60517 253.53643 10
e 287.94158 417.74172 11
e 76.65365 274.27110 8
e 703.37702 733.23743 16
e 476.95806 808.22860 12
e 369.50258 878.17285 7
e 115.92939 504.71117 10
e 180.46548 883.35528 10
e 678.34136 521.44310 8
e 199.58894 495.66608 7
e 585.45734 372.67612 6
e 259.34421 16.47195 10
e 470.43850 879.55084 10
e 403.91224 140.77866 10
e 118.96308 30.69194 11
e 62.36628 62.37276 14
e 691.88180 362.70633 13
e 659.23911 984.27792 7
e 526.32372 652.53937 11
e 397.19163 347.08031 5
e 382.71385 867.04332 10
e 441.87928 882.85789 6
e 665.49598 468.37491 7
e 638.14702 314.87608 4
e 85.42208 32.01904 9
e 531.71595 505.90483 7
e 374.71693 908.29104 6
e 348.31389 441.79690 9
e 54.71699 269.65108 12
e 569.45976 408.90785 12
e 614.58964 749.10838 4
e 262.00682 643.67263 5
e 118.22684 34.88220 6
e 566.64365 111.37170 9
e 252.58528 190.28734 11
e 474.55256 204.66544 8
e 674.61224 163.97411 8
e 363.53369 381.85582 4
e 640.37313 601.62295 5
e 145.45171 762.87471 9
e 180.38149 516.28900 13
e 555.32919 212.57528 10
e 406.46256 609.33201 8
e 426.61633 405.78320 8
e 146.91919 493.78447 12
e 619.93333 35.59326 9
e 256.57432 841.62411 10
e 263.26665 256.21064 11
e 633.06191 555.91502 7
e 556.82058 897.59790 16
e 397.22285 263.71241 5
e 493.21535 495.70887 7
e 489.02557 288.02213 13
e 89.00384 488.85613 12
e 431.46320 890.23971 9
e 455.63670 837.87568 4
e 528.04493 560.21818 9
e 297.69599 801.11726 7
e 87.45336 115.40301 7
e 340.13173 391.38774 13
e 470.44472 928.35729 13
e 360.82255 901.27969 11
e 636.78926 83.66329 10
e 658.82290 158.25174 14
e 172.25256 267.98894 16
e 127.95648 957.99262 6
e 537.08889 817.30588 11
e 510.43324 197.16279 6
e 439.83657 577.22171 13
e 391.78115 639.28407 11
e 566.45686 387.45723 7
e 424.84944 16.94472 12
e 147.98048 332.76692 4
e 519.80716 706.69115 7
e 291.77734 991.20374 10
e 398.47779 167.28623 13
e 572.42472 726.17682 9
e 658.33272 759.06105 11
e 219.67292 511.49143 10
e 682.68159 472.44971 5
e 487.78226 144.70254 8
e 66.96845 789.47132 8
e 101.92917 467.35469 8
e 652.68092 964.81390 10
e 705.21907 966.90792 13
e 339.43005 122.62491 5
e 671.81472 155.32907 13
e 442.66427 757.08077 10
e 709.19137 1048.56660 7
e 340.66086 62.93263 12
e 238.80329 484.10076 10
e 287.73627 991.05808 8
e 685.87170 68.36045 12
e 673.37110 1037.81371 11
e 95.96201 772.09362 10
e 87.15230 914.67397 8
e 153.23634 624.85961 9
e 373.18876 526.07358 8
e 332.20977 731.83371 11
e 21.34662 917.13172 12
e 228.09636 395.19093 13
e 170.44819 953.63828 8
e 517.45157 470.55738 8
e 163.21647 414.46935 12
e 193.82443 530.96782 12
e 395.31095 10.15133 10
e 177.69051 761.81897 9
e 196.45850 876.33512 10
e 594.66470 602.70461 6
e 501.31409 742.70638 3
e 219.99658 61.79069 13
e 347.48439 369.94836 11
e 44.03694 447.04649 9
e 453.84749 1007.54203 8
e 603.11952 83.70215 8
e 634.70394 92.66704 10
e 275.22639 926.07800 8
e 94.14400 253.57910 8
e 435.89553 849.51713 11
e 437.08243 448.59757 9
e 157.44877 434.65236 11
e 484.41932 924.64317 15
e 626.97708 1018.54087 9
e 331.52280 430.79282 13
e 59.22275 919.16286 8
e 344.12676 905.69515 9
e 432.62676 606.14512 8
e 425.42178 780.66021 8
e 659.59302 264.51374 6
e 404.17040 154.16924 11
e 519.00757 1022.12773 7
e 395.68808 342.14852 10
e 409.49680 240.89291 6
e 312.51638 569.52280 8
e 138.32830 212.74623 9
e 574.60512 153.97321 11
e 291.97369 1056.94443 9
e 680.79137 536.63239 10
e 642.39942 977.87359 10
e 457.58633 266.95081 11
e 583.80665 799.51169 12
e 79.04004 545.65851 9
e 413.55425 977.50917 11
e 569.38262 142.56423 15
e 605.37308 916.74973 5
e 554.49052 152.46131 12
e 481.30944 446.54657 5
e 687.50676 1019.53526 6
e 183.62145 607.81595 19
e 199.45051 83.10278 11
e 645.30353 937.17140 7
e 199.44096 37.50579 6
e 458.06152 32.93564 6
e 210.17139 67.47574 4
e 318.67977 988.49740 10
e 337.61191 194.56619 5
e 363.49500 640.75486 8
e 179.58713 99.93397 9
e 75.92779 355.43195 10
e 563.42299 975.11112 9
e 696.46461 308.23378 11
e 543.92814 659.32954 9
e 122.09241 438.43773 6
e 34.43092 403.61961 10
e 675.95087 604.59860 10
e 486.26167 1056.55790 9
e 372.89408 860.32857 7
e 331.33658 730.75714 8
e 142.86049 891.65862 10
e 398.24037 504.80509 5
e 330.16774 777.93605 13
e 179.60497 654.79790 7
e 11.22534 859.58368 10
e 13.80788 280.81106 4
e 449.66095 673.52693 9
e 185.46655 329.57420 12
e 438.22919 702.31808 8
e 233.91449 783.40613 8
e 331.82304 240.55974 6
e 102.65998 28.77915 10
e 212.14694 312.26144 9
e 77.10191 326.64537 9
e 96.29519 724.04799 11
e 442.40443 833.63048 12
e 217.03313 776.66157 8
e 601.70793 214.45906 19
e 220.38119 833.38558 9
e 251.27119 323.99983 10
e 610.24607 1066.13395 9
e 427.45974 348.94036 6
e 418.01219 836.02128 5
e 629.45055 327.85853 12
e 328.05553 650.82436 3
e 410.58227 157.14232 12
e 428.30866 309.51203 7
e 586.37973 604.17935 5
e 77.60277 1010.96868 9
e 433.38626 274.41960 11
e 115.84238 618.10876 11
e 113.85670 378.76024 11
e 193.45882 293.71810 10
e 533.34078 79.61488 10
e 574.20692 359.56515 8
e 43.41911 648.14699 7
e 527.58853 107.69358 5
e 345.32767 672.21068 8
e 349.08279 721.02849 6
e 671.66419 1028.08143 13
e 548.67122 635.13995 4
e 278.52061 984.33508 11
e 646.49951 133.83238 10
e 421.91048 534.12941 13
e 510.49747 347.28720 9
e 312.39527 760.57161 9
e 318.98492 260.70519 9
e 258.13636 260.53862 12
e 393.08780 975.92831 9
e 651.58318 427.03226 5
e 205.73646 759.51710 8
e 490.48087 1015.79159 6
e 629.15062 889.40526 6
e 123.42529 402.76680 8
e 461.08664 969.67721 11
e 361.94799 190.56717 13
e 169.64319 173.33694 9
e 626.81117 277.03058 9
e 315.94484 485.52456 15
e 597.75464 910.70958 6
e 542.42662 1022.19997 7
e 538.35907 923.34384 9
e 17.65739 809.74464 14
e 315.28167 104.02907 6
e 438.03417 775.29360 21
e 579.22323 672.32634 13
e 461.77722 258.07348 4
e 413.42368 972.47868 10
e 526.82147 1066.12577 15
e 165.75907 179.37568 6
e 681.89628 151.85647 9
e 289.26819 401.85837 10
e 314.25742 20.25921 12
e 143.53944 66.79359 10
e 578.69786 989.69095 10
e 602.34194 524.23872 11
e 676.05984 327.98091 7
e 527.17946 479.52396 8
e 206.64700 363.19375 12
e 405.62019 978.50065 8
e 243.04094 133.64882 7
e 182.87980 453.77008 7
e 299.77314 333.48461 10
e 204.52191 273.13846 11
e 157.01618 811.15101 16
e 427.86608 808.68255 7
e 178.94656 486.13630 7
e 229.94149 595.90728 9
e 287.69538 423.89585 8
e 283.19010 524.63163 11
e 344.79705 290.75118 14
e 321.84673 288.19905 9
e 447.91247 444.72889 12
e 555.15427 645.57194 13
e 381.28296 419.93196 4
e 344.71275 129.37045 7
e 304.06528 165.47881 11
e 388.00558 859.59081 8
e 206.16972 662.51289 9
e 246.82942 265.32535 8
e 110.96829 670.83617 14
e 221.44031 417.67113 6
e 396.56662 267.75071 14
e 543.39647 516.12307 11
e 617.03044 269.19170 13
e 297.80351 696.00846 10
e 448.18003 966.86531 5
e 408.11460 323.20674 9
e 691.80763 23.50867 5
e 385.93824 695.46120 11
e 452.28580 784.56914 12
e 142.71990 1065.77640 9
e 474.35455 377.06479 8
e 100.98623 899.17671 9
e 90.81401 991.51088 5
e 412.96620 763.37428 9
e 700.55068 908.54608 11
e 250.95229 59.83793 17
e 391.34285 266.47115 8
e 269.81537 191.97965 10
e 71.13731 766.48504 7
e 465.48988 827.99630 12
e 45.99228 911.69609 9
e 351.84817 533.72229 15
e 589.79657 773.88429 9
e 690.65631 859.30730 10
e 465.78089 207.42762 10
e 332.71794 1067.51322 6
e 345.82839 620.26898 12
e 414.44076 1017.28349 7
e 144.51137 639.62747 11
e 266.54977 37.66985 9
e 659.01762 648.90869 11
e 340.50600 505.94226 8
e 67.74752 159.48466 7
e 114.63926 216.87407 11
e 426.50738 497.17927 9
e 47.39245 248.21322 10
e 591.12568 197.61857 11
e 569.38471 459.81529 12
e 46.98200 898.88319 9
e 45.26250 417.04200 13
e 157.44025 419.91329 8
e 506.83246 612.54424 8
e 140.95494 717.00943 4
e 527.21346 274.21624 7
e 360.13404 601.87218 5
e 584.45683 282.35483 7
e 93.85956 86.76030 9
e 639.43063 24.04384 13
e 585.59768 187.53440 8
e 79.70597 15.14519 9
e 57.34774 890.71916 6
e 696.39975 800.35477 6
e 247.67421 509.41148 15
e 582.18577 31.33628 9
e 543.23425 1005.56834 8
e 642.60287 648.22173 9
e 534.87178 539.59896 13
e 94.72169 188.33750 7
e 699.08108 37.11820 9
e 461.77034 468.73300 8
e 358.98905 727.72802 10
e 77.62875 515.78834 10
e 575.46740 630.15542 5
e 578.83412 460.82740 7
e 59.14254 395.95612 7
e 411.48557 98.41527 4
e 145.49486 497.25221 11
e 376.62610 1028.02456 9
e 249.47967 968.38785 8
e 435.77658 526.70295 8
e 182.58824 449.03635 11
e 377.15955 409.68145 11
e 635.54973 761.74732 7
e 473.52773 501.73747 11
e 274.71487 300.27865 8
e 119.10896 733.45242 4
e 558.37137 1025.95065 9
e 38.28509 1062.10465 9
e 389.54864 452.99969 5
e 379.39793 750.93719 6
e 133.29505 1009.16578 9
e 40.92572 446.71092 11
e 162.80322 627.24328 11
e 191.12166 429.45520 5
e 301.78618 882.99656 14
e 56.52968 944.67664 9
e 549.29625 430.80471 7
e 265.24579 963.94535 9
e 323.05659 1000.36366 11
e 72.66492 766.38453 10
e 57.76018 769.99560 5
e 266.61717 891.14209 13
e 256.66682 236.88838 11
e 668.13014 337.26149 7
e 439.01550 385.67164 9
e 18.87770 412.66419 7
e 199.88194 720.31777 4
e 116.09001 964.29553 11
e 339.38791 1017.08295 5
e 594.42919 40.25262 8
e 466.76085 322.79061 11
e 536.88273 257.24221 5
e 615.36561 692.67425 11
e 188.62086 835.27270 8
e 582.31185 169.19602 9
e 352.46597 76.20386 7
e 466.38710 807.95709 8
e 678.28180 673.29113 6
e 630.38994 602.97752 9
e 186.88354 559.93195 9
e 490.24611 968.58190 8
e 98.92772 86.00270 11
e 366.20988 210.15023 9
e 469.62800 729.66997 6
e 237.85275 308.27577 9
e 432.11161 387.59334 4
e 214.32881 895.49863 5
e 499.61767 780.90567 9
e 296.67766 908.81283 13
e 178.20956 79.43209 3
e 424.44503 448.67732 5
e 482.22346 499.37027 11
e 274.14081 292.26907 12
e 96.01257 837.81453 15
e 576.70932 679.30577 12
e 661.71243 759.35859 10
e 22.46149 942.14131 10
e 18.53846 962.78060 8
e 508.87368 39.00348 10
e 55.84131 1047.71881 8
e 145.33865 532.43775 12
e 605.53340 351.19107 6
e 605.28916 887.28459 10
e 400.27715 397.30846 13
e 141.02489 626.70748 8
e 536.33926 964.16266 7
e 130.45913 660.57438 11
e 321.40585 269.72501 6
e 45.64721 296.08798 10
e 189.12468 336.23416 8
e 306.48924 649.12228 13
e 669.30062 958.41036 14
e 610.76458 139.71867 11
e 48.80749 861.64032 11
e 622.11489 82.65843 12
e 316.99072 285.94579 9
e 164.11231 908.07680 14
e 449.28453 598.06937 11
e 51.24119 284.07859 6
e 355.42041 19.32512 11
e 697.12971 1001.47579 5
e 21.29085 885.74801 7
e 672.75064 168.07914 10
e 562.67346 143.77583 10
e 603.44489 257.95743 6
e 226.77291 144.27740 6
e 226.71238 417.42721 6
e 104.68100 534.46785 9
e 68.76009 83.16393 11
e 234.89679 950.13101 9
e 165.42677 992.56574 8
e 531.25205 207.21248 8
e 469.04508 609.73179 8
e 461.77309 468.25550 12
e 341.03274 449.28959 9
e 682.22467 224.43129 11
e 477.54919 421.19057 7
e 234.55269 208.60074 9
e 328.72951 781.39973 11
e 359.33356 481.59522 7
e 159.11545 719.59871 5
e 69.55117 95.18644 7
e 101.79546 1035.48650 10
e 699.16411 197.27707 8
e 482.55416 241.02341 9
e 398.21126 887.58471 10
e 167.54546 466.91825 10
e 648.85145 409.10544 10
e 460.75819 778.55769 6
e 359.13122 122.23990 8
e 58.38711 764.24060 8
e 521.58866 700.87510 9
e 168.32966 663.31119 7
e 622.51156 114.38355 4
e 651.36560 38.16980 5
e 119.72676 356.39819 7
e 329.21230 959.18102 7
e 221.85488 440.19898 11
e 249.02721 689.75895 10
e 409.61045 941.93903 9
e 612.45828 274.53921 5
e 633.64896 730.36531 5
e 332.37276 1008.23066 13
e 555.89516 663.77834 10
e 692.47300 236.44331 11
e 47.08923 952.31166 11
e 659.16418 605.33547 8
e 526.54894 183.29158 8
e 363.86585 647.79940 8
e 239.61666 575.24880 10
e 204.50177 208.89127 7
e 147.23774 693.89050 13
e 335.67743 706.09459 13
e 183.03390 352.47669 8
e 253.58943 770.85487 11
e 331.79833 638.96780 9
e 391.96093 366.62685 7
e 520.99420 492.35552 7
e 253.48922 786.29594 5
e 121.32985 569.02009 9
e 275.76831 839.99055 11
e 587.93227 892.61182 8
e 287.13216 649.38806 9
e 393.12302 294.40778 7
e 676.34365 907.12514 16
e 580.96417 174.09897 7
e 164.34847 139.58353 11
e 536.86248 878.37482 5
e 144.42023 826.00374 9
e 421.98808 1054.00370 13
e 504.06848 669.18865 12
e 658.23085 871.02057 16
e 318.81174 721.07150 14
e 454.72241 669.09027 10
e 61.12609 676.77267 11
e 59.79277 841.20671 11
e 16.77963 172.17682 10
e 702.84343 867.58848 9
e 347.96181 657.71314 14
e 573.84487 797.59399 13
e 459.17554 705.30066 9
e 491.78923 260.45540 10
e 13.53360 437.50516 9
e 284.68921 158.32853 8
e 69.11012 796.73688 9
e 637.94588 232.36876 5
e 87.18065 279.28217 8
e 378.29229 493.90156 8
e 126.81834 325.79336 10
e 694.20966 1015.61324 15
e 493.57778 523.93752 8
e 559.55323 375.80344 11
e 458.46656 741.54642 11
e 520.51064 630.30002 4
e 520.71269 1060.97875 9
e 18.08599 996.44031 11
e 73.23067 747.65204 10
e 373.65626 536.02597 13
e 471.38872 353.61826 11
e 648.74606 26.34933 10
e 368.08370 503.02382 9
e 504.66921 206.37628 12
e 117.69770 862.61299 11
e 269.43589 937.75815 8
e 93.13371 281.57892 9
e 207.79830 464.16297 10
e 698.39952 630.53488 7
e 301.87115 845.13161 8
e 278.60437 37.61464 10
e 594.40859 623.24902 5
e 687.34193 401.21885 12
e 530.81198 886.14123 9
e 271.50146 649.58969 7
e 379.38091 169.15045 10
e 309.37024 882.82943 7
e 646.40576 735.74108 12
e 437.91033 95.74016 5
e 597.09924 832.62460 16
e 91.01201 209.18844 12
e 501.07591 341.30408 11
e 53.60658 244.49960 8
e 175.40236 691.93594 6
e 338.00928 263.91417 9
e 19.51428 247.25909 6
e 373.58213 24.22868 11
e 526.42744 461.26877 11
e 228.62833 895.75054 12
e 158.01283 496.64144 9
e 194.35710 22.63086 9
e 701.62303 688.68180 13
e 76.40137 201.71958 9
e 474.77226 688.60598 12
e 381.84297 436.66158 7
e 243.33703 220.21835 10
e 267.18778 17.49208 9
e 619.01806 278.21168 11
e 463.99632 793.73824 10
e 517.81079 676.17829 8
e 438.52375 231.60998 12
e 631.93115 818.01857 7
e 646.26884 630.84603 8
e 359.56979 874.45089 4
e 630.16311 841.74534 13
e 256.11754 873.12958 7
e 632.52898 458.02589 5
e 346.72457 340.26308 6
e 101.04604 632.89324 11
e 186.39786 1049.43011 11
e 597.07078 796.52458 9
e 193.80139 623.72358 5
e 232.29162 871.38297 19
e 215.35050 1060.74782 9
e 177.66329 1031.17416 9
e 127.23423 780.14360 9
e 52.78087 858.48618 9
e 80.63419 1063.83262 10
e 443.03946 870.70140 10
e 311.21087 479.04841 8
e 432.39933 483.01143 14
e 340.28218 706.14282 9
e 493.64757 560.64598 7
e 323.26936 149.07916 13
e 338.07288 349.05831 6
e 505.63687 1041.10511 6
e 302.96139 289.23923 6
e 367.05865 1063.06678 14
e 513.22570 491.29964 12
e 493.35013 955.76949 10
e 189.62915 909.09396 7
e 193.61291 1038.61999 8
e 333.23649 918.60316 8
e 485.31901 753.02293 4
e 702.12594 679.21839 13
e 609.04970 67.62689 7
e 203.59409 620.98842 7
e 426.29235 558.21519 13
e 206.57150 61.20500 12
e 189.72631 205.48288 10
e 12.30077 852.21854 7
e 528.00463 252.20185 10
e 128.50928 138.97876 20
e 303.04666 619.88750 4
e 273.48772 695.27338 7
e 340.80068 561.68499 8
e 326.38769 823.81879 5
e 702.59624 41.33223 7
e 78.62109 565.30685 8
e 284.66069 994.72068 14
e 496.24274 180.47571 6
e 292.20759 263.82186 13
e 588.27122 818.06956 9
e 387.12408 599.85357 3
e 36.95416 678.58544 5
e 548.98032 877.60653 7
e 351.65959 119.47508 4
e 410.80925 547.12747 8
e 611.58346 761.90981 10
e 597.12233 269.24122 9
e 564.17409 1067.04070 14
e 52.09699 822.34272 10
e 349.39441 119.28778 9
e 707.78328 95.10320 8
e 526.35423 1051.82713 8
e 360.96607 768.45277 9
e 497.77211 817.31679 11
e 36.36843 884.47345 16
e 297.29799 530.39200 10
e 56.96509 507.04402 7
e 134.65191 572.22448 11
e 608.26738 573.83258 8
e 427.05846 581.02508 8
e 670.57629 51.79938 8
e 373.66278 806.03048 10
e 525.81521 804.72177 6
e 679.78724 679.73888 6
e 68.14502 140.75926 11
e 429.76149 455.19041 9
e 263.86138 779.24297 9
e 72.95112 345.31455 9
e 273.26900 183.61587 6
e 121.92074 708.15791 7
e 387.94032 991.88950 10
e 428.83836 889.66434 17
e 399.70795 979.51427 12
e 450.63636 783.37040 11
e 340.94777 549.94935 5
e 352.05026 587.14053 17
e 651.88118 916.02532 7
e 381.64944 347.61517 11
e 477.93903 810.53233 14
e 676.32872 98.57266 9
e 197.83470 602.82785 5
e 590.78184 47.86384 10
e 663.75024 692.29987 12
e 427.36082 227.40557 9
e 255.11078 212.25005 9
e 125.17015 283.68888 10
e 615.67327 134.13579 9
e 83.48346 598.52344 10
e 426.61857 688.26344 9
e 599.82167 277.19097 10
e 119.19928 277.33730 10
e 174.75187 712.36464 7
e 233.19382 100.48679 11
e 206.71409 668.69376 12
e 698.39569 361.31294 11
e 588.04627 567.29118 5
e 396.94207 632.17257 9
e 614.87700 228.75654 14
e 221.02439 398.01006 11
e 62.86401 539.64664 12
e 278.05368 278.41158 8
e 238.81198 852.44101 11
e 274.29786 1052.50794 6
e 142.82754 15.91093 6
e 426.19498 971.86511 15
e 136.32728 772.13633 11
e 477.53388 903.99565 17
e 223.79459 670.82954 13
e 314.51525 671.30935 7
e 189.43273 221.23985 10
e 474.55921 886.13851 7
e 147.76561 98.39269 9
e 15.89532 773.62215 13
e 207.09002 695.19286 5
e 410.75912 856.42976 10
e 88.97076 1048.12532 5
e 281.38110 381.41225 5
e 276.35475 733.79333 6
e 501.51374 248.70917 5
e 154.35943 802.51989 6
e 695.96716 714.70654 6
e 629.91645 605.47995 7
e 422.53320 488.21982 17
e 307.49777 91.47484 9
e 317.37556 732.67801 10
e 28.94963 898.95424 12
e 448.18581 372.31817 7
e 613.25653 693.76990 12
e 678.73279 802.70364 9
e 374.63868 997.33797 13
e 497.63147 371.74364 13
e 561.11710 542.52916 11
e 308.51736 1061.10852 9
e 523.53058 654.26656 11
e 202.87061 258.91785 8
e 619.28981 586.09661 6
e 536.00993 541.58897 9
e 614.60354 977.07947 13
e 394.00546 1041.61213 8
e 270.60631 933.06036 9
e 201.62810 147.60790 8
e 554.33430 546.56529 11
e 112.68784 797.22684 8
e 476.20679 561.60328 6
e 88.31412 408.66231 12
e 152.30459 148.00574 11
e 225.87882 823.19825 9
e 409.18604 822.79722 11
e 197.61010 268.18218 5
e 567.32092 878.40353 10
e 557.89382 448.71200 10
e 536.12728 477.42987 11
e 500.47218 1037.04162 11
e 503.01616 191.56355 12
e 618.96456 312.04318 6
e 503.76088 185.58010 7
e 364.20878 979.87302 11
e 471.50040 80.72823 11
e 276.27432 408.49313 12
e 542.75787 82.37627 8
e 326.79636 281.91022 7
e 119.04399 371.61388 8
e 618.86495 103.72460 8
e 124.50141 1022.12128 8
e 122.84474 151.78630 17
e 692.69252 614.25782 6
e 181.24848 861.18414 9
e 547.24578 879.07093 9
e 312.16105 803.28381 6
e 566.94478 430.52910 5
e 543.86137 309.38604 7
e 604.72612 143.24395 9
e 119.70816 83.93903 14
e 291.64485 538.93845 7
e 489.13310 85.73295 9
e 389.84875 800.91121 12
e 118.56946 580.17936 7
e 236.33707 364.79729 7
e 142.40809 924.56168 8
e 255.48192 112.07814 4
e 577.24509 979.18006 9
e 264.50164 824.06552 6
e 519.49741 447.44373 9
e 644.83236 845.27565 11
e 464.43273 735.47426 12
e 407.05510 649.45558 6
e 326.91369 592.23919 9
e 530.19127 838.44933 6
e 314.38424 537.10461 7
e 674.19699 667.44242 10
e 447.95344 137.81442 11
e 487.69729 173.81079 9
e 203.32223 616.83372 6
e 477.54744 159.33423 11
e 427.84678 964.15362 14
e 439.08405 398.10758 6
e 505.86907 901.88415 14
e 423.60883 931.65716 7
e 675.48164 255.77450 9
e 456.38107 778.87824 14
e 397.40151 897.62780 9
e 30.69576 1007.33065 6
e 429.00688 592.92415 6
e 142.09966 426.30006 6
e 652.11371 454.51101 8
e 154.21309 59.06395 8
e 530.90503 455.27000 8
e 332.40132 338.42416 11
e 525.95826 485.29235 8
e 632.17395 602.38211 7
e 482.09304 747.21029 5
e 482.99715 807.00092 10
e 401.43265 738.32996 10
e 455.16194 747.16686 11
e 427.50282 342.44353 10
e 445.83154 463.29268 13
e 701.49081 273.96505 5
e 675.20587 712.05569 10
e 275.43250 745.17724 11
e 635.98837 170.57117 10
e 277.39670 87.13521 5
e 550.94801 707.39546 9
e 313.93103 28.41577 8
e 584.35742 38.20846 5
e 604.63321 69.14765 7
e 359.85970 159.02009 13
e 417.71143 659.33029 6
e 459.66134 318.80138 7
e 371.80254 201.45795 11
e 633.43856 76.32379 10
e 506.43086 849.79209 12
e 514.83645 54.32823 4
e 581.19601 295.24710 8
e 349.25606 624.26942 12
e 466.92540 269.41922 11
e 236.10114 338.77772 7
e 378.29404 384.47010 7
e 592.79716 1008.66399 9
e 434.62980 852.71666 14
e 601.37993 773.74042 7
e 474.75112 842.05856 8
e 612.45098 312.08211 12
e 506.64709 89.82366 13
e 428.15974 807.04795 5
e 29.25010 268.07880 9
e 228.22938 935.75265 7
e 57.84564 633.97690 11
e 330.32286 10.97808 7
e 243.71855 177.80694 10
e 503.57357 888.03602 11
e 101.97907 201.90062 6
e 246.05285 426.35519 11
e 618.12006 310.13929 7
e 219.53980 728.62291 13
e 156.23403 327.97573 8
e 165.58987 446.23857 8
e 11.96296 220.84961 17
e 406.88192 482.73216 7
e 326.64923 60.55646 10
e 63.55020 967.63728 13
e 61.19862 418.27194 11
e 489.02040 611.37055 8
e 46.77318 665.46940 8
e 393.76411 845.24660 16
e 70.47912 909.92491 9
e 76.14022 286.63798 8
e 381.32910 893.17385 8
e 33.09424 591.26549 18
e 101.84869 675.37926 5
e 189.39857 191.20636 16
e 529.75244 147.33089 9
e 578.46324 853.82204 8
e 61.95465 99.28571 10
e 532.32739 123.74835 10
e 535.34198 578.91891 11
e 98.95267 434.51004 8
e 601.92306 861.93160 12
e 247.30267 707.54935 10
e 602.00954 87.82107 9
e 190.30911 686.82886 6
e 699.75070 569.81368 10
e 423.65696 510.60573 8
e 707.25297 995.60980 4
e 522.29613 613.05132 12
e 677.84533 480.31300 8
e 167.75331 109.56658 6
e 82.94389 389.15449 6
e 508.70436 298.96289 10
e 129.77730 868.19276 11
e 551.46355 790.52134 9
e 160.65626 204.72735 10
e 189.80306 502.38161 8
e 238.42851 69.39263 9
e 327.23801 794.32981 13
e 307.49603 270.20416 10
e 382.84756 747.59810 14
e 326.73116 959.76329 9
e 197.54670 549.89044 11
e 182.41479 374.14236 6
e 602.77494 512.60957 11
e 312.85790 498.34243 8
e 362.14986 155.39533 8
e 345.73366 684.19345 10
e 535.91633 316.62049 7
e 36.06137 140.23245 11
e 38.28444 607.72072 8
e 373.98146 969.27344 10
e 311.96577 777.61866 6
e 273.43645 31.18493 9
e 430.94812 137.52021 12
e 291.69990 593.41047 9
e 165.87957 415.24419 6
e 610.10573 198.25716 8
e 201.60496 158.28629 9
e 274.23777 918.39604 7
e 629.37955 761.24843 4
e 236.15734 22.35010 7
e 689.69534 459.48690 10
e 338.06110 485.19020 7
e 426.60340 817.64238 9
e 299.65637 294.32439 9
e 599.06252 58.61596 19
e 127.12260 948.88704 5
e 69.64619 529.86950 9
e 198.31342 999.90353 6
e 188.22837 430.70858 7
e 452.29902 507.32041 10
e 174.87229 1002.10593 8
e 623.38321 23.15414 11
e 35.37923 599.85484 7
e 390.45519 292.85133 7
e 571.16497 154.79508 12
e 441.87283 631.91065 10
e 390.19667 224.14197 8
e 146.89153 173.13118 13
e 109.88266 346.93350 9
e 354.27605 466.57863 13
e 648.14616 988.07723 13
e 211.66919 738.42291 12
e 588.21597 98.13314 10
e 75.77801 836.89814 14
e 449.81129 602.88591 7
e 666.54861 528.12595 8
e 570.19845 31.27653 9
e 39.93106 416.39345 8
e 569.36198 153.81601 8
e 76.40454 399.99414 5
e 113.03979 23.85850 14
e 362.07380 301.16001 5
e 32.21512 165.87888 12
e 420.99490 462.23677 10
e 657.74345 298.81430 12
e 639.05261 677.02785 8
e 136.70790 577.82030 15
e 626.35433 79.93759 9
e 297.99355 731.72630 11
e 374.81847 616.98977 6
e 70.85945 691.46660 9
e 326.95351 943.95852 11
e 272.78627 218.48824 3
e 434.38179 25.81368 8
e 103.65364 501.46329 12
e 263.63746 866.42739 5
e 169.78361 339.37589 9
e 611.22515 247.06754 14
e 376.21837 418.15489 9
e 639.83051 780.10541 9
e 607.41741 253.72740 6
e 367.49139 406.34414 8
e 252.86442 460.81025 12
e 153.06449 797.59777 10
e 162.50032 240.24835 7
e 325.44521 248.03708 10
e 53.10180 1055.25324 4
e 656.58897 405.10607 6
e 441.58060 700.21014 14
e 307.33715 669.93493 13
e 265.84903 96.28315 11
e 679.76791 307.45210 5
e 571.95849 412.27216 11
e 385.91159 618.12309 7
e 511.40299 164.78255 13
e 334.50440 48.56284 11
e 469.53284 324.37070 6
e 593.59633 745.40936 6
e 469.30759 759.63441 4
e 575.93779 905.84632 6
e 293.83780 578.69908 5
e 544.22291 1044.16469 7
e 280.63658 147.16361 10
e 205.46834 497.49839 11
e 587.51381 1034.21998 7
e 638.64439 1029.13682 12
e 58.97222 688.78545 9
e 381.19843 93.59168 11
e 81.98857 612.65571 8
e 29.88663 538.67434 10
e 169.25987 847.14500 3
e 248.21710 206.79494 9
e 465.84725 1018.58444 7
e 290.84553 18.15592 12
e 258.66364 841.36833 7
e 456.12999 1045.26408 9
e 558.74737 516.59092 7
e 231.90161 68.39573 13
e 329.72920 947.11814 10
e 352.81658 477.75806 11
e 394.64094 454.66684 5
e 610.45430 641.86040 9
e 252.71080 473.27513 11
e 318.47239 965.59933 6
e 142.37793 690.36126 13
e 566.62692 535.36568 8
e 429.91939 66.50438 7
e 478.17235 173.67321 10
e 287.96987 151.82946 10
e 593.17297 392.25747 6
e 210.48433 872.44997 7
e 552.74031 928.76113 6
e 465.14003 869.10077 10
e 636.07771 287.15273 9
e 368.91011 738.13230 8
e 35.12995 35.85439 7
e 299.77682 23.63360 8
e 154.42341 826.25182 8
e 428.81536 1030.51980 6
e 109.64468 910.78117 11
e 160.59773 12.46740 9
e 396.87880 409.00544 7
e 476.12139 518.86609 5
e 330.91698 727.76347 12
e 676.28358 645.42465 9
e 182.50735 793.82068 8
e 538.07988 79.32533 9
e 405.42688 455.80266 7
e 669.38851 587.75745 10
e 222.43366 78.31828 13
e 616.79405 107.28013 15
e 89.50324 530.40909 5
e 626.85426 23.14236 7
e 679.61896 559.37384 6
e 288.22444 256.89386 6
e 164.84373 11.86651 10
e 212.12482 412.79620 10
e 398.16734 527.77252 9
e 168.84971 27.73803 12
e 116.96402 1014.88980 6
e 532.30104 597.65463 4
e 484.48763 823.02764 6
e 66.32483 166.61096 8
e 257.14368 810.33909 14
e 74.79549 787.30960 7
e 637.56870 1069.68219 8
e 692.73148 1065.99932 8
e 433.03504 574.72332 9
e 85.48152 318.55150 7
e 304.19948 856.51356 6
e 637.39343 718.25015 16
e 17.97583 466.51115 10
e 554.32146 603.83275 8
e 507.25957 249.13326 12
e 663.09096 70.22610 14
e 450.80254 917.80684 13
e 135.96123 640.49584 12
e 416.61292 972.89371 9
e 703.53833 662.32053 10
e 440.25013 509.60019 9
e 140.54642 129.96532 15
e 526.63656 708.11975 6
e 569.99846 350.78152 12
e 181.63066 563.86982 6
e 601.00718 798.94876 10
e 245.85419 393.85140 9
e 199.34531 186.98398 13
e 212.36480 348.88264 10
e 110.89155 725.40076 6
e 618.67993 35.20235 13
e 592.20069 756.10182 8
e 310.38334 284.62997 9
e 224.23848 988.43805 10
e 395.32039 643.84200 7
e 659.62195 120.25301 7
e 114.73502 620.67315 19
e 249.16178 866.82534 15
e 338.07346 320.76274 15
e 294.56301 69.05844 9
e 653.26825 1054.65802 12
e 89.18957 17.53194 6
e 308.44697 628.04379 7
e 316.43454 429.75498 7
e 518.23636 464.81704 8
e 342.34913 350.96674 7
e 669.08436 1055.90597 6
e 355.99260 469.32264 14
e 657.74810 578.87404 5
e 526.59240 958.87778 13
e 243.18400 618.23426 12
e 37.79671 778.07868 14
e 162.83907 1042.95332 12
e 497.12956 205.87201 12
e 29.51194 483.28525 8
e 625.77264 512.03281 6
e 442.38720 217.30940 10
e 46.56026 636.31421 5
e 266.86793 229.07048 16
e 622.29622 482.29306 8
e 699.53650 106.53901 5
e 450.93627 395.78027 4
e 559.30872 639.31524 7
e 110.91730 375.20906 5
e 446.50226 94.01900 7
e 241.44149 201.24756 11
e 125.92300 193.83534 14
e 131.60352 427.17492 14
e 458.38218 355.26470 9
e 205.21440 1043.56307 3
e 213.72031 379.77117 9
e 52.01905 220.33669 7
e 616.08792 920.60347 9
e 258.10280 382.81460 9
e 690.26195 888.43048 15
e 339.47186 899.37093 13
e 246.48436 1029.62270 11
e 214.20343 915.41836 10
e 664.20894 277.96321 10
e 638.51829 470.98119 12
e 375.11495 412.86188 10
e 303.17721 448.12576 13
e 438.48862 563.94505 11
e 47.92054 172.13493 21
e 689.63493 947.25494 11
e 474.82851 1033.01652 12
e 185.19342 693.20597 13
e 515.76851 831.21982 7
e 182.98858 274.53583 5
e 336.76978 299.28916 9
e 220.83240 440.39434 6
e 175.45845 876.76761 8
e 570.43191 936.78327 10
e 98.07541 1016.33425 10
e 703.31070 249.16883 7
e 336.10255 215.57490 12
e 553.89646 700.13939 10
e 35.43333 496.82598 6
e 105.92615 940.66608 14
e 90.74246 199.13729 10
e 307.13346 162.21643 10
e 258.84285 413.79494 10
e 560.53792 664.50316 5
e 639.47727 842.04794 11
e 163.16353 199.52943 8
e 15.75227 455.51709 11
e 674.31817 666.16615 7
e 609.16189 187.61973 9
e 475.36126 661.64377 6
e 104.36036 802.61281 12
e 575.64454 378.57859 15
e 72.36343 799.10711 11
e 186.38296 240.85988 12
e 335.46257 726.53007 5
e 651.97999 159.10541 6
e 228.42209 1013.35875 6
e 486.93679 107.25749 8
e 169.04529 577.82420 15
e 580.33884 122.46163 9
e 301.67516 537.70851 8
e 313.11396 679.38885 13
e 682.94518 833.50256 4
e 338.95045 481.95922 8
e 159.09715 714.86221 9
e 668.77790 198.34374 5
e 516.86718 171.97860 11
e 697.25630 649.94526 14
e 136.93411 156.91682 15
e 469.42730 758.61430 6
e 88.73384 638.96226 10
e 75.28646 314.55353 16
e 603.62916 487.66870 11
e 705.97927 596.33366 5
e 173.37410 261.89470 10
e 483.46498 507.04762 11
e 528.29619 711.35350 8
e 582.49101 920.32404 11
e 353.58485 793.46562 8
e 492.22656 914.46814 15
e 498.47590 693.36434 8
e 136.86281 103.11378 7
e 692.29502 481.99746 11
e 143.93430 518.22468 9
e 66.95238 38.27940 8
e 18.40837 881.97904 6
e 615.66358 345.85005 9
e 528.72941 391.53965 13
e 74.86247 324.06437 12
e 590.14577 1020.81248 7
e 94.59858 629.09494 11
e 610.39974 436.81783 8
e 261.75114 515.82602 9
e 596.59284 560.52228 9
e 708.41036 1060.75547 6
e 392.56891 821.09482 14
e 548.07891 991.31292 5
e 518.39420 378.38829 10
e 646.32746 406.25273 10
e 171.76130 347.68438 6
e 84.50824 262.16569 7
e 661.08607 575.27867 12
e 210.68151 194.60730 10
e 356.58615 709.39647 9
e 332.31371 893.84945 5
e 240.84986 876.41136 8
e 427.95137 439.20195 10
e 164.00102 266.19189 14
e 82.12124 527.84570 10
e 142.22200 801.29879 7
e 293.61794 891.11816 13
e 30.24088 148.93660 19
e 640.85555 87.67095 9
e 594.55077 13.18708 14
e 405.43422 202.29859 4
e 71.64492 26.98815 7
e 276.82159 151.71846 10
e 177.98436 732.73374 10
e 155.23214 231.43543 11
e 95.59697 685.73173 10
e 516.46227 599.28495 5
e 454.87555 440.50989 6
e 315.16547 390.13665 15
e 662.62041 147.83201 5
e 478.84958 416.05567 10
e 275.97485 614.27406 8
e 440.98270 421.64488 5
e 112.81458 284.14122 18
e 470.97919 488.65965 9
e 234.14290 97.93574 8
e 19.31788 311.20784 9
e 200.18702 406.66618 10
e 392.93678 44.32288 6
e 117.18611 787.69326 5
e 212.50494 11.35745 13
e 667.77382 802.32740 10
e 216.66517 731.45813 7
e 391.44071 822.58349 10
e 296.16818 1011.50643 9
e 698.21448 484.86918 9
e 618.27409 291.02385 15
e 273.62166 336.43229 11
e 660.84549 234.71728 10
e 579.96281 438.83431 8
e 411.44858 541.15597 14
e 150.33062 194.13726 13
e 96.56411 74.13191 7
e 487.02255 17.94110 7
e 454.58653 705.94311 11
e 337.74612 498.15580 9
e 675.18543 895.44719 8
e 701.04579 311.87066 7
e 419.73057 813.60918 7
e 245.38215 440.51752 11
e 694.46185 962.51023 8
e 363.90799 308.18177 9
e 451.48382 966.31802 12
e 216.10717 353.78183 11
e 143.69005 207.95793 11
e 346.67230 32.95521 6
e 453.70102 587.08809 11
e 414.21210 370.12437 10
e 378.83366 1061.49241 8
e 439.41221 1001.32467 10
e 48.83857 449.18525 6
e 636.20987 378.79354 5
e 662.90191 378.70640 8
e 107.21025 417.30699 9
e 431.35077 33.69688 11
e 518.60327 331.58579 5
e 400.11401 398.04460 6
e 620.43018 448.30325 7
e 438.51480 788.39733 10
e 670.33307 630.99900 12
e 616.42975 918.86987 6
e 321.57060 926.46830 9
e 417.05362 1053.61965 13
e 355.47072 652.03950 8
e 64.86563 755.28519 12
e 493.99802 703.67869 10
e 504.45940 1068.90388 9
e 322.84484 871.16046 4
e 453.68139 303.64387 10
e 123.88835 463.07889 6
e 334.61751 969.40890 12
e 198.66054 906.19845 6
e 132.73421 625.13741 12
e 396.93133 299.26495 5
e 162.37694 143.44497 8
e 521.80296 330.92094 8
e 58.64682 913.54941 12
e 260.74781 75.90244 11
e 701.52509 790.71177 10
e 575.58815 379.27829 5
e 637.31237 137.46015 9
e 484.43636 764.59277 12
e 696.34653 170.12735 9
e 413.03442 473.20553 9
e 228.27824 433.20574 9
e 700.42380 1008.19996 11
e 270.69556 482.87385 13
e 374.25895 65.95698 14
e 702.62265 1048.71852 5
e 584.85246 358.41892 16
e 399.80757 533.82180 12
e 675.76116 782.23017 11
e 345.68837 308.43213 8
e 271.14307 522.63907 4
e 441.33902 773.41711 8
e 355.15193 12.97809 8
e 127.75447 348.06747 7
e 442.59115 113.78659 7
e 349.82025 49.28376 12
e 376.44651 742.25783 8
e 69.26605 787.32576 9
e 343.19465 232.70348 5
e 471.14574 572.51143 16
e 701.27687 986.92561 10
e 242.31987 170.20652 13
e 169.16124 947.83434 7
e 545.68206 804.73090 14
e 680.73733 682.55547 7
e 451.47170 884.71071 8
e 693.61302 875.94732 8
e 639.91147 696.09222 11
e 508.77871 411.56758 7
e 161.10953 431.38311 14
e 530.58848 926.59541 9
e 595.66991 955.15247 13
e 481.04061 773.71976 11
e 495.53729 177.67434 7
e 39.18815 1046.99218 8
e 313.15936 598.07446 9
e 195.94101 356.95361 8
e 495.89432 819.66012 16
e 108.91047 766.98007 13
e 461.32471 812.56973 11
e 392.04616 134.82722 11
e 52.02550 651.24307 9
e 364.17243 903.00715 11
e 484.32338 215.84312 8
e 451.80265 403.72541 6
e 58.86393 918.44827 15
e 441.97119 729.10449 6
e 182.18918 181.92059 9
e 498.92935 225.90949 10
e 697.35989 415.15888 11
e 106.67131 927.06971 3
e 448.10388 860.85127 15
e 455.72995 179.92766 9
e 10.28278 47.33063 10
e 275.28323 978.17001 7
e 706.10017 756.76255 10
e 620.70413 1003.64769 7
e 93.28529 1003.13278 9
e 15.77734 250.50660 12
e 279.71755 567.77373 12
e 553.09332 836.50710 8
e 700.46827 947.56061 9
e 54.03415 443.37472 13
e 392.53839 220.36167 12
e 553.67605 306.65688 6
e 441.78497 601.74633 6
e 289.89405 1030.84651 13
e 594.16799 853.67845 10
e 521.27204 956.67299 11
e 480.25896 500.25051 12
e 216.16718 637.03388 10
e 361.88062 881.69823 13
e 34.46722 29.31341 7
e 683.16247 972.10774 11
e 348.18922 39.99850 9
e 330.42661 539.86302 7
e 320.63033 572.04424 8
e 174.07163 1023.84612 8
e 501.60872 595.58125 14
e 684.48189 550.39350 6
e 466.01856 840.29929 8
e 383.98369 30.17114 8
e 431.34746 987.80366 8
e 77.49911 759.47313 6
e 335.35208 1021.02691 10
e 185.70716 617.77165 7
e 13.94316 11.03549 12
e 650.72906 43.03102 12
e 621.34113 443.63901 8
e 83.26408 150.86451 12
e 691.58647 785.52062 8
e 20.24763 1004.23208 6
e 509.13750 29.93144 9
e 626.01535 431.45851 17
e 484.19127 592.39881 7
e 129.83421 644.63563 10
e 121.78443 862.68454 7
e 529.69813 339.97530 12
e 692.14560 377.28874 8
e 607.52821 863.30402 12
e 235.11148 461.43238 11
e 182.24927 847.99424 12
e 672.16142 308.57009 8
e 87.86181 644.62033 6
e 92.94273 482.21879 9
e 82.21362 359.04116 9
e 249.24602 29.80078 8
e 342.20047 1056.48273 7
e 447.76394 251.50534 15
e 87.61975 721.96283 9
e 392.74022 233.38519 9
e 222.10709 345.52376 12
e 577.55967 714.36028 8
e 157.56800 421.46814 9
e 670.13351 824.06358 8
e 439.92179 50.72557 12
e 397.99340 870.99595 8
e 473.63631 889.03868 16
e 138.86708 92.37783 6
e 521.00024 1052.42269 8
e 221.78898 556.16917 9
e 128.69337 938.92153 11
e 391.19342 923.65112 6
e 422.71642 1028.15562 11
e 407.51999 1030.83912 13
e 157.46476 439.48882 6
e 390.10690 992.46973 12
e 701.86444 909.90886 6
e 219.55438 304.17627 8
e 302.57779 900.16259 7
e 91.18398 943.89115 14
e 427.85992 151.04511 7
e 596.71616 234.45704 12
e 66.71932 249.54857 11
e 476.99080 363.90505 8
e 86.21918 396.44515 13
e 446.31898 611.94066 10
e 542.43602 361.89126 11
e 684.76465 779.53658 6
e 302.47112 13.49258 8
e 164.20749 854.59196 12
e 653.42779 303.09808 8
e 609.94037 451.75680 10
e 646.43444 564.10676 9
e 595.40109 600.19738 9
e 309.68824 929.50014 10
e 634.81814 673.23754 12
e 212.41881 515.89758 10
e 32.13619 599.42980 9
e 157.99668 424.80294 8
e 475.58495 68.61526 12
e 417.45264 298.89413 8
e 440.96566 376.58833 11
e 194.78990 996.10494 11
e 492.63633 334.83512 9
e 525.61016 186.54064 7
e 71.80351 929.52251 10
e 598.51657 159.34273 11
e 386.80758 49.61324 15
e 143.38066 745.97129 9
e 486.08472 447.70811 7
e 703.85208 447.32876 10
e 147.79860 99.07985 9
e 59.98424 934.07091 7
e 678.39755 539.38669 9
e 671.31357 931.85002 14
e 504.76360 843.49984 7
e 271.14494 252.31657 21
e 387.88122 397.70758 7
e 701.56429 152.32854 5
e 310.42207 331.98228 6
e 132.25106 186.44169 11
e 164.26382 173.27123 9
e 399.80623 164.30935 10
e 221.71914 157.91187 7
e 700.54262 976.74890 10
e 388.08738 316.92879 14
e 505.38108 666.53347 6
e 100.76886 531.00049 11
e 229.53250 1069.32658 8
e 556.35057 517.94173 7
e 616.64352 371.34137 3
e 572.61168 982.38838 6
e 401.66681 826.97620 7
e 132.90476 850.32503 9
e 37.09626 20.65719 10
e 279.41206 22.78318 13
e 581.13290 896.75024 7
e 507.47936 473.69967 13
e 406.82406 793.38178 10
e 489.28606 200.86741 7
e 493.07844 406.11934 7
e 410.66246 888.37933 12
e 314.49269 622.17634 8
e 398.84887 988.55413 8
e 66.22369 518.24024 8
e 214.45430 486.54019 8
e 556.55871 934.54489 14
e 635.80999 745.13947 8
e 502.37945 1045.95534 7
e 129.77249 657.30578 8
e 582.71987 1068.33126 8
e 53.71221 522.07019 8
e 313.00385 1026.14481 10
e 539.04174 600.94011 10
e 379.28568 993.43152 11
e 468.35595 84.14950 9
e 665.64258 403.32850 11
e 670.42285 820.85885 4
e 31.88379 601.43914 9
e 628.98418 338.94028 6
e 240.13754 155.18332 7
e 355.69768 20.25707 14
e 297.20684 124.60466 8
e 56.89803 219.07985 6
e 510.32826 258.81749 7
e 479.58084 1006.64229 13
e 122.84912 1042.39007 10
e 426.91499 573.62317 6
e 233.52734 858.38302 6
e 218.54548 218.27400 10
e 28.49970 17.78939 9
e 155.29585 367.12823 10
