c ./output/rectangle/uniform/uniform-rectangle-4-1000
p rectangle 1000 720.00000 1080.00000
e 60.91164 733.12582 8
e 450.55482 938.31377 11
e 488.40382 203.89927 10
e 643.99400 501.07662 12
e 306.59016 531.18081 7
e 118.71453 212.14913 9
e 63.13772 603.72953 8
e 541.96251 936.71357 8
e 554.84296 24.52479 8
e 110.28145 235.22674 8
e 137.15869 937.78054 7
e 237.07872 144.12001 12
e 354.84724 686.99587 7
e 550.12270 505.54874 13
e 238.28881 31.22493 9
e 428.43764 71.07886 6
e 503.89619 459.05146 12
e 302.54165 873.44481 16
e 372.03245 446.48078 6
e 11.23738 184.12124 7
e 154.25628 813.88932 11
e 412.66286 586.93648 11
e 664.19570 672.34429 7
e 20.83276 1007.01019 10
e 92.53170 89.63436 11
e 302.12067 149.25253 10
e 370.88938 245.41720 8
e 297.60995 452.40229 10
e 609.25031 229.56944 21
e 200.39857 616.29578 11
e 376.02389 672.53918 12
e 657.16099 806.92938 11
e 124.54297 766.09628 10
e 471.30770 148.42357 11
e 216.43274 882.82183 10
e 124.61713 363.30427 5
e 101.12496 394.25391 7
e 252.34972 584.49133 11
e 491.13923 571.74262 7
e 225.96901 416.52050 11
e 289.25770 781.80355 12
e 259.88733 573.97712 5
e 225.37589 128.41482 10
e 253.88686 866.19676 6
e 130.35199 681.60835 8
e 268.90199 59.00509 14
e 337.93160 467.06799 8
e 334.68704 635.29772 7
e 622.60582 896.73422 9
e 331.50708 729.62536 9
e 545.98121 855.59111 9
e 351.21189 83.43195 15
e 555.35081 389.99519 12
e 136.42670 94.26303 10
e 402.77054 116.90163 6
e 243.95314 249.71467 12
e 16.91526 689.30818 12
e 281.99388 113.30979 11
e 488.66420 979.77568 9
e 472.48745 243.55571 4
e 536.95747 588.59960 9
e 227.71633 622.40012 12
e 573.03536 111.74277 13
e 302.65085 222.29019 15
e 676.95499 1009.21124 8
e 536.68203 963.90935 9
e 431.42034 943.70284 7
e 642.05563 873.00371 10
e 329.22491 36.51754 10
e 685.27330 922.33931 11
e 232.60688 849.85664 9
e 216.08725 710.91706 12
e 312.76289 595.59227 9
e 429.30482 21.50714 8
e 231.00220 766.20036 6
e 642.41583 427.71280 6
e 81.12939 1053.43376 7
e 87.65751 176.73405 12
e 29.12818 325.89720 5
e 483.73920 102.75340 6
e 473.39940 1049.15707 7
e 612.85944 584.59849 10
e 340.87205 377.37977 8
e 691.20955 544.71263 9
e 629.48056 275.47159 11
e 222.56291 279.31428 6
e 102.58953 631.03353 8
e 460.59329 862.68473 14
e 579.55713 72.56234 13
e 138.01565 575.56955 8
e 682.69114 195.98499 8
e 348.90024 654.28015 10
e 411.17601 465.68880 12
e 12.19086 1053.56375 8
e 625.95901 262.73869 8
e 236.49284 86.26987 7
e 144.45151 959.93316 6
e 464.55533 227.50635 11
e 26.63414 140.94495 9
e 114.23346 288.25728 14
e 116.70377 11.15843 9
e 252.09137 871.22989 7
e 132.81473 575.55689 12
e 329.30432 25.31419 9
e 171.78949 1045.76146 8
e 168.97012 983.23773 6
e 45.64078 461.66253 12
e 206.79852 796.40686 6
e 100.11119 96.88123 4
e 69.16902 144.72768 11
e 254.80661 156.70835 13
e 229.68492 914.80473 9
e 594.69773 79.69994 4
e 708.95873 971.31608 14
e 357.03766 91.19323 8
e 510.85945 535.21008 7
e 175.14898 395.98657 10
e 403.57403 522.42889 7
e 452.74984 730.25721 7
e 702.32236 793.04594 7
e 698.75954 807.51329 14
e 156.27264 958.43848 10
e 187.85435 335.36240 8
e 551.19212 17.35489 8
e 108.02611 882.96399 7
e 276.54621 823.50025 13
e 447.18746 366.54588 10
e 666.75053 499.38652 8
e 114.17273 597.25981 6
e 181.19250 138.78974 13
e 355.99796 993.32700 8
e 209.98602 961.24957 15
e 153.08480 739.43504 7
e 544.49715 343.85736 8
e 239.16159 362.91259 9
e 166.03046 347.43920 6
e 654.32326 702.60409 10
e 413.83922 736.35703 9
e 331.54106 883.11443 9
e 655.12068 771.00655 8
e 261.93689 956.44921 11
e 600.28154 594.28654 8
e 147.16850 715.30263 6
e 261.78944 983.52003 9
e 238.32888 280.87526 7
e 666.69454 484.13411 15
e 499.19700 171.54259 10
e 191.24407 73.62627 7
e 648.09251 690.35684 7
e 533.08985 17.98829 14
e 462.08631 169.72543 8
e 53.32171 985.80349 10
e 103.83881 339.04670 13
e 330.39027 567.73541 10
e 367.14759 114.44929 5
e 95.50756 721.21212 9
e 578.90673 227.49152 4
e 659.64320 711.39670 11
e 388.10695 152.25596 10
e 312.95525 321.79362 4
e 128.70149 629.02718 12
e 266.26287 379.52183 7
e 159.29438 597.04167 12
e 39.53243 1049.39441 8
e 457.45048 320.42778 5
e 617.91462 631.50616 9
e 400.91001 269.77538 8
e 137.40559 968.69789 12
e 701.55225 740.37252 5
e 93.27154 322.87822 7
e 61.09727 272.43072 7
e 456.17528 328.73973 8
e 690.63320 115.96168 11
e 585.93495 489.80445 11
e 367.64443 857.71196 8
e 167.47244 546.93277 7
e 337.27509 498.33980 10
e 667.13623 881.54164 9
e 292.89522 946.74854 13
e 643.12268 606.76486 6
e 317.09149 1054.13381 4
e 629.10087 613.35149 12
e 353.29946 847.12549 13
e 336.72833 1006.52623 11
e 686.22489 844.76093 11
e 273.65947 448.89844 12
e 413.15619 696.68942 4
e 322.19285 723.97065 8
e 413.66147 1062.30725 7
e 579.84760 639.13756 5
e 154.35855 496.46402 10
e 527.22952 1005.89636 8
e 695.26715 681.75956 16
e 701.44784 604.54483 5
e 87.22731 106.41243 10
e 578.29483 257.84845 10
e 390.18575 32.74472 7
e 450.88286 740.51703 10
e 117.69901 722.04562 10
e 259.28466 191.16317 10
e 491.68196 660.62452 9
e 689.70061 266.55570 10
e 617.19676 41.62004 13
e 131.07529 256.71809 11
e 278.93877 581.86266 5
e 504.86435 441.37669 10
e 560.15217 160.10878 9
e 90.37935 808.22036 8
e 156.04770 717.72359 8
e 473.65981 208.43051 10
e 134.72122 413.91946 18
e 161.43590 581.95293 8
e 377.00105 775.37449 8
e 131.19179 954.02092 13
e 413.30262 1053.59989 6
e 433.76738 682.03969 11
e 699.68599 144.10193 11
e 428.63051 823.67976 12
e 373.72197 793.24913 6
e 162.44553 483.35616 4
e 686.44372 443.68112 8
e 429.12498 150.25061 12
e 25.24333 92.59522 7
e 311.47155 142.33901 12
e 665.60297 282.92569 16
e 454.55009 441.94077 8
e 163.17618 211.31825 7
e 320.44759 301.95738 8
e 599.51382 548.38743 8
e 118.01635 296.56177 11
e 329.81192 224.62484 11
e 470.22268 1069.35888 20
e 380.10294 237.18254 5
e 90.24283 641.48491 4
e 472.22471 1058.51234 5
e 659.64251 476.63274 8
e 110.60494 963.74007 10
e 320.89651 1021.47635 10
e 695.46231 1037.07624 15
e 498.02334 42.21710 7
e 660.98488 459.15867 9
e 689.20106 388.25607 15
e 80.13468 209.79711 11
e 124.06837 223.98142 6
e 276.24528 410.85128 8
e 156.06949 1065.44183 6
e 367.04525 727.08939 10
e 424.57064 371.57810 7
e 428.01738 839.43642 9
e 67.33074 252.57335 9
e 288.42436 856.10119 13
e 76.47800 398.20717 9
e 226.35222 527.24936 6
e 476.24302 375.60565 13
e 512.03657 954.50779 13
e 456.12784 116.50824 4
e 91.69726 787.52567 6
e 649.51966 842.35865 15
e 496.54890 1027.52829 14
e 279.77306 489.93829 8
e 493.37792 1062.88902 11
e 624.04053 179.32317 10
e 412.11068 718.12731 11
e 78.87474 448.96793 10
e 237.09702 385.37748 10
e 151.77362 600.92434 8
e 677.30489 735.57844 6
e 253.07639 850.39571 4
e 292.61018 777.43807 8
e 165.13770 1034.88261 8
e 103.08708 892.10968 5
e 395.63738 82.66216 8
e 173.73490 1020.53392 7
e 651.49487 281.87347 3
e 567.10628 346.54839 5
e 475.43249 834.81321 9
e 347.44975 209.98223 11
e 622.85768 203.22837 12
e 600.59724 941.31651 6
e 411.12448 349.48924 7
e 354.12523 1014.03556 6
e 449.35976 540.46985 12
e 33.21219 543.79719 7
e 694.40839 918.42339 10
e 380.56988 750.15778 9
e 293.70844 655.41567 5
e 562.46472 478.32729 17
e 639.11882 132.27715 10
e 359.06050 949.54897 11
e 400.24729 876.57402 9
e 703.14818 953.90745 8
e 249.79466 114.43483 15
e 424.82768 67.79929 9
e 258.64747 447.89750 19
e 89.82144 378.61450 9
e 200.74988 845.33929 7
e 497.19792 566.49665 11
e 154.72897 897.97638 10
e 333.17620 969.43150 7
e 645.67426 107.49904 13
e 493.84893 86.45208 12
e 128.87296 352.95478 16
e 418.83421 433.02876 8
e 571.58303 39.19982 9
e 372.76462 808.49162 7
e 640.56645 674.16039 13
e 533.41795 65.53756 5
e 382.82365 467.22358 8
e 449.38053 1017.00014 7
e 650.83227 69.31276 10
e 190.30735 1060.43800 7
e 118.03816 769.99659 11
e 24.14774 632.75439 9
e 516.65643 30.52873 9
e 688.36900 429.24410 7
e 686.57864 248.63232 9
e 16.25994 222.63621 13
e 255.44502 282.05797 7
e 555.49623 957.54456 9
e 361.75886 924.34060 13
e 433.78462 432.72604 10
e 433.13572 296.52300 11
e 74.71701 813.77313 10
e 62.50017 89.65783 10
e 594.11352 104.54436 7
e 536.07250 959.99820 6
e 405.80866 639.80498 11
e 370.91908 238.79401 8
e 382.00452 212.78498 14
e 51.76892 107.54614 6
e 491.29298 107.15753 9
e 326.21370 696.55476 5
e 589.75762 658.98138 6
e 232.04067 744.59820 12
e 491.91894 906.31967 6
e 400.12647 112.22266 12
e 412.30694 988.92012 7
e 10.13280 514.71897 6
e 672.33890 677.92230 11
e 457.92652 1011.56533 11
e 667.90506 315.14922 10
e 152.39067 501.05300 4
e 237.50557 621.72298 8
e 331.51808 291.61104 6
e 315.70440 288.74916 7
e 414.37527 1055.90604 11
e 164.09092 694.07867 9
e 16.85953 154.83905 5
e 353.30484 283.15856 9
e 632.42604 936.95586 8
e 245.18812 185.31779 8
e 565.72373 511.16964 7
e 157.22337 513.57468 13
e 377.90937 973.73966 13
e 40.25165 569.52189 6
e 79.31124 1018.60042 13
e 405.24898 765.38506 11
e 276.96481 452.40268 10
e 463.40159 67.01891 4
e 43.04242 129.49181 8
e 242.04256 920.98580 7
e 64.74458 52.72189 14
e 193.87906 289.30797 11
e 445.94044 860.93247 5
e 113.09535 574.02595 8
e 48.42359 185.60710 9
e 98.37466 373.53200 6
e 551.74335 245.22557 9
e 230.26719 822.59538 6
e 618.68498 1024.16911 9
e 419.51529 375.54145 9
e 108.62937 304.51389 9
e 80.66054 209.20242 12
e 41.28144 415.38861 9
e 609.19017 56.54834 7
e 579.10003 141.41179 10
e 170.91111 600.96924 12
e 459.52798 940.58829 6
e 153.77634 324.06000 8
e 421.88860 875.42073 11
e 207.43426 338.10639 7
e 182.05011 138.73313 10
e 608.97958 816.38536 6
e 629.01085 769.74924 10
e 75.74902 658.80088 8
e 357.88109 143.65885 7
e 57.96940 974.63491 14
e 549.67071 978.32646 10
e 180.81139 746.84342 9
e 462.85669 977.22057 9
e 517.20209 649.07197 8
e 199.00182 831.67878 11
e 195.90023 621.03624 11
e 121.50253 290.90867 11
e 118.59070 446.50657 12
e 411.87537 60.22460 6
e 301.20782 829.56909 2
e 158.46150 82.50129 3
e 185.18193 774.41504 13
e 383.17053 517.88064 7
e 38.11858 980.88965 12
e 107.22611 885.39954 6
e 587.30852 732.34361 10
e 41.24525 1017.43495 9
e 338.44201 357.37956 9
e 385.21054 187.62135 11
e 200.15751 487.89900 11
e 354.45643 816.21788 10
e 148.65794 693.24534 7
e 129.45745 733.71359 12
e 496.91646 345.23083 14
e 444.67494 256.45134 9
e 164.13782 379.52035 8
e 397.83677 122.97101 5
e 687.93675 933.80569 14
e 703.77985 181.88325 8
e 259.45783 308.07436 8
e 27.23684 458.10515 7
e 476.67808 524.03332 12
e 700.74350 447.68463 7
e 437.78897 495.59117 4
e 345.30987 741.06750 8
e 598.94603 944.42677 14
e 112.76511 594.49771 16
e 296.21481 1061.95530 9
e 610.10872 959.76879 6
e 268.36534 100.12586 9
e 244.74778 96.65917 6
e 202.73325 469.90813 13
e 447.99439 289.99062 5
e 460.92981 432.86255 10
e 691.35740 1008.15634 17
e 51.80788 124.70370 16
e 637.17442 712.42177 17
e 605.80746 762.61084 5
e 121.10266 303.78414 7
e 473.78681 705.91736 9
e 582.61221 864.89565 11
e 511.76657 318.38543 15
e 361.07187 73.44702 8
e 664.81471 988.79307 5
e 603.11349 31.21189 10
e 228.61750 153.95610 7
e 446.68592 1056.46545 7
e 374.89092 665.56424 14
e 403.05339 41.24116 12
e 536.20715 52.00842 10
e 99.29044 648.46652 9
e 330.69085 243.84321 13
e 626.63697 38.46506 6
e 186.06752 38.04385 10
e 394.39340 198.34416 4
e 520.53026 809.81684 9
e 338.31652 101.91114 6
e 349.72608 419.34456 12
e 231.32345 351.58720 7
e 353.00725 99.66440 4
e 458.12284 227.80606 8
e 398.65648 101.43019 10
e 631.67807 879.96830 12
e 324.73144 905.13133 10
e 473.14695 218.05120 11
e 153.52186 300.93885 13
e 495.45143 87.15994 10
e 326.71797 319.76715 16
e 630.97699 920.23541 4
e 183.23528 816.19303 17
e 487.19108 333.10900 9
e 461.41581 118.49820 8
e 581.28860 768.42986 9
e 396.92678 430.59066 11
e 497.03938 131.98829 12
e 705.96561 247.01331 11
e 262.16826 764.44216 9
e 630.12553 700.19265 5
e 641.94063 448.24897 15
e 209.76093 888.90865 11
e 229.03617 797.60738 12
e 492.23890 425.25495 6
e 184.48695 384.53280 11
e 286.48064 606.60742 8
e 639.79929 580.55205 6
e 365.20079 231.04594 13
e 330.57358 148.63584 5
e 651.00643 681.97296 10
e 653.76229 809.75833 6
e 258.08375 427.24954 5
e 563.79328 326.38846 9
e 211.00039 206.63052 6
e 233.37929 573.89892 11
e 483.59480 726.82987 11
e 172.43766 963.06181 14
e 219.47099 900.19767 7
e 598.63882 1063.22302 11
e 544.21048 467.78703 7
e 397.99664 673.83261 14
e 61.24217 175.64298 9
e 685.70764 541.33316 15
e 602.26176 463.29132 6
e 273.52802 665.68999 13
e 621.29354 506.46141 15
e 326.71498 1036.67047 7
e 113.93212 229.49032 9
e 134.35578 159.83320 9
e 411.95410 682.83667 8
e 95.19481 878.65916 10
e 700.55086 240.17882 7
e 466.78729 160.22779 13
e 88.45572 752.00861 9
e 119.24589 627.68638 13
e 105.32430 872.29025 5
e 343.41732 950.76726 4
e 191.97656 220.39428 5
e 31.55166 601.70532 6
e 616.98438 538.39905 10
e 406.34263 894.24906 7
e 274.02581 463.14098 13
e 568.11036 764.35630 5
e 415.68247 890.71385 3
e 610.75283 809.91416 10
e 482.76817 733.79677 11
e 547.81741 465.16297 13
e 43.09303 89.01586 8
e 382.25748 757.86868 13
e 12.71434 342.43712 11
e 239.17959 581.15255 12
e 10.33215 903.09734 10
e 559.27174 502.16356 10
e 619.06338 840.91222 13
e 327.58158 163.81936 8
e 554.29115 939.81642 11
e 241.57766 410.83496 10
e 570.31679 78.08549 10
e 547.22158 408.30410 7
e 697.90961 984.36557 18
e 497.32070 1065.40933 7
e 520.35973 882.04372 7
e 629.29281 427.51511 9
e 607.12120 534.16078 7
e 64.40635 805.92653 11
e 175.91877 245.77562 7
e 32.51933 638.91498 8
e 176.15560 722.98177 12
e 564.02823 68.35782 8
e 709.58854 788.89617 10
e 119.41449 1007.54902 11
e 478.26792 858.22316 8
e 399.12832 897.59612 6
e 523.79367 24.26375 6
e 337.88336 701.01727 6
e 607.77251 541.03887 8
e 172.69967 128.80051 11
e 115.24577 774.57713 6
e 558.26223 828.50923 11
e 90.58119 382.31036 8
e 50.35518 568.22861 9
e 304.67890 511.11279 11
e 306.82926 888.20171 13
e 563.22093 40.80273 9
e 13.24602 1064.67836 8
e 703.66235 252.05990 6
e 385.23644 283.62645 8
e 208.34276 1025.48781 6
e 182.53849 182.08147 9
e 61.97309 251.49991 7
e 449.13799 655.24086 7
e 373.15742 499.72214 9
e 381.07139 860.43858 12
e 59.35048 320.27463 12
e 668.43611 255.28414 7
e 206.43728 382.60643 7
e 31.85405 136.67215 16
e 694.84404 702.71164 11
e 210.73885 339.12035 9
e 691.25773 79.96056 6
e 13.68590 606.10747 6
e 17.77790 526.18017 14
e 130.51773 522.30221 21
e 609.62738 669.20486 10
e 161.32702 1056.96875 11
e 295.98770 143.64097 8
e 369.10061 628.14328 15
e 326.20914 1016.67645 15
e 459.65136 109.84623 10
e 691.45022 10.44811 9
e 216.12943 650.23987 8
e 219.25118 479.06950 7
e 512.91229 800.97698 6
e 669.06119 56.62450 8
e 230.26400 54.43972 8
e 194.67981 886.00830 10
e 337.82189 1028.94151 19
e 131.26160 535.91723 12
e 378.51684 168.37016 11
e 701.03940 123.63875 12
e 546.93850 183.38244 14
e 522.54543 826.98539 9
e 18.53748 35.78976 15
e 321.71421 513.15266 10
e 614.53087 400.13353 10
e 179.11653 733.87096 8
e 506.93200 953.03731 11
e 205.95122 26.79967 12
e 125.43683 556.49691 7
e 678.12963 777.54472 10
e 549.54546 31.35375 5
e 418.58214 694.14735 7
e 207.01233 735.14590 7
e 156.40703 947.73767 7
e 396.07580 800.25856 8
e 210.25776 578.98463 9
e 599.16350 831.20550 17
e 631.04095 215.10977 5
e 300.61932 235.75872 7
e 303.48135 46.25118 7
e 60.19312 579.46478 8
e 695.41602 19.73789 7
e 377.13636 734.09572 6
e 704.02277 229.70610 7
e 324.19583 878.67893 13
e 323.95596 395.39122 10
e 598.77401 1057.02277 9
e 301.62191 898.73339 7
e 654.80929 541.99487 7
e 51.33300 840.37244 6
e 551.61330 774.85966 11
e 179.57178 953.85511 7
e 499.83978 421.61160 7
e 434.66123 184.52885 7
e 654.07139 609.11844 9
e 589.17255 766.68665 14
e 459.83757 261.26503 10
e 683.09927 751.98680 13
e 304.86326 916.82025 6
e 518.36299 551.19008 8
e 697.63057 165.67372 5
e 664.30669 407.18150 11
e 166.68576 671.36167 4
e 634.75469 83.28428 13
e 11.10524 51.66575 10
e 628.47716 783.79403 9
e 331.73385 670.67092 10
e 463.37132 855.54113 13
e 255.39637 70.77095 6
e 401.08805 302.03310 13
e 589.78678 464.08822 5
e 330.23864 427.33803 9
e 523.73386 771.01847 6
e 694.62050 323.38422 4
e 187.58763 1066.01962 8
e 156.38352 110.89444 10
e 362.43908 272.94121 6
e 65.52594 102.62104 6
e 238.73685 1013.29305 5
e 351.97769 972.82703 7
e 653.81270 222.42853 10
e 646.77361 1014.08621 11
e 628.11616 977.38745 9
e 477.23583 591.38904 11
e 404.32980 501.79992 21
e 336.20229 281.52855 7
e 306.81828 107.20239 5
e 148.16584 885.83409 9
e 35.78759 604.75126 10
e 16.80740 666.67396 13
e 254.71270 184.23380 9
e 663.25288 1059.69768 8
e 103.15137 204.73974 6
e 281.82413 563.53416 7
e 91.89721 548.95680 9
e 209.66435 260.35584 7
e 323.35532 875.66686 7
e 668.16135 248.87629 10
e 179.45582 301.50172 14
e 613.24795 784.71725 13
e 309.36462 980.27428 7
e 150.33853 548.58661 6
e 139.04822 429.58734 8
e 525.15634 754.56694 8
e 154.77923 509.74709 7
e 211.20087 625.90843 7
e 628.51006 543.97880 4
e 607.88763 949.14951 7
e 342.81139 64.66154 11
e 525.75992 621.40509 13
e 678.68288 167.89833 14
e 557.95297 381.87412 9
e 360.89254 886.35063 8
e 140.78827 678.91643 8
e 34.52532 1032.41364 10
e 407.57695 86.64124 4
e 382.99447 516.65590 8
e 556.55375 467.67912 6
e 20.62725 629.10218 12
e 200.84488 456.15394 4
e 374.14723 568.09772 9
e 397.67772 157.65679 8
e 206.31588 253.30833 8
e 392.71811 990.24300 6
e 513.64294 917.19466 7
e 284.40396 873.73665 8
e 94.43673 746.30865 7
e 212.00128 790.27854 8
e 662.78003 250.36225 10
e 187.43022 783.40031 11
e 634.18401 773.71520 8
e 428.03236 371.31514 13
e 537.56698 153.21121 8
e 449.49902 793.52512 8
e 609.57265 559.60093 9
e 268.09903 763.08215 14
e 92.32007 593.29117 8
e 509.07602 1019.87701 7
e 184.01432 402.25605 12
e 187.63129 210.15671 11
e 410.98745 520.15452 5
e 438.61999 685.26398 11
e 162.77443 539.38697 11
e 403.97461 95.62322 12
e 688.82199 398.36146 8
e 354.79786 765.64255 5
e 78.30980 578.64773 12
e 491.29956 340.90390 14
e 159.00138 833.63505 15
e 228.25151 990.95307 7
e 29.80272 867.17241 7
e 520.55866 579.18163 10
e 402.43224 235.24229 8
e 212.52374 10.35471 8
e 311.39755 679.24877 11
e 191.24186 956.92197 8
e 181.01665 96.78537 13
e 623.51477 949.56057 5
e 502.20045 777.20570 12
e 145.14730 626.21047 7
e 255.17614 303.17180 8
e 383.04316 948.26982 10
e 658.84194 980.53326 14
e 143.40903 134.77338 9
e 70.46230 477.28180 12
e 382.64428 106.52856 5
e 476.44010 1069.93053 11
e 208.61976 778.18240 8
e 379.65603 392.30933 11
e 66.30251 228.13617 10
e 570.16891 202.66069 7
e 292.24077 853.28237 4
e 554.50159 810.78272 11
e 433.16946 725.55127 3
e 578.55173 152.66845 11
e 241.98505 86.83897 8
e 155.74389 129.77182 5
e 47.89751 850.96079 13
e 426.03518 1025.53159 9
e 57.71668 407.35806 8
e 563.48543 749.64752 4
e 590.57916 749.38262 7
e 557.90866 647.04961 8
e 653.45029 210.57815 12
e 661.93695 625.62239 9
e 699.44953 887.68449 10
e 445.38836 390.55207 10
e 638.33280 1026.82262 10
e 522.67900 64.02761 10
e 469.90566 129.73383 8
e 634.62801 395.95720 8
e 685.54795 319.80738 6
e 132.10507 864.03097 9
e 498.80983 791.99367 8
e 291.50389 1043.01954 10
e 540.85399 900.87009 12
e 571.91909 648.54954 13
e 49.97306 789.57833 9
e 177.66467 353.83224 9
e 263.37655 852.17523 11
e 641.98131 1004.36895 13
e 621.29682 497.43154 8
e 649.58298 78.23143 4
e 345.87404 113.11671 8
e 557.72046 429.96084 12
e 168.71611 428.63141 8
e 679.83930 254.52647 13
e 474.72300 852.53540 8
e 244.51929 588.81132 4
e 206.33865 852.90662 7
e 170.39986 173.99633 6
e 432.16627 92.31419 7
e 221.79592 603.60875 9
e 703.24113 120.40635 9
e 313.47660 1006.52142 9
e 533.03952 123.11185 8
e 152.48730 741.02861 10
e 134.25500 596.86008 9
e 37.05698 931.67912 5
e 158.56308 981.55212 5
e 295.28076 1058.39795 8
e 366.96186 655.69030 8
e 608.14646 1068.99300 14
e 581.02399 359.69702 8
e 10.52945 276.38286 7
e 618.01261 318.04731 12
e 528.38177 720.57537 9
e 206.83979 543.77325 12
e 28.31482 303.63906 11
e 177.29354 116.23822 11
e 260.47733 687.40817 13
e 188.48793 391.19782 10
e 234.13013 366.92128 8
e 639.59932 521.32787 9
e 511.07445 878.30001 5
e 242.65373 964.38778 12
e 121.48137 966.80963 9
e 520.52230 910.26112 10
e 493.72543 323.77684 6
e 207.93570 227.61522 11
e 332.46674 255.81400 8
e 573.89061 93.13883 6
e 689.64916 208.63586 9
e 528.79151 157.20512 4
e 169.79644 431.15771 9
e 131.05977 170.96210 5
e 164.45519 881.40080 7
e 700.60514 202.70995 3
e 134.41613 135.26017 7
e 499.62692 449.11127 12
e 56.64820 49.76682 13
e 650.69903 694.88777 8
e 221.16667 198.36327 8
e 489.41052 48.77242 9
e 101.64405 680.11203 11
e 610.69721 354.07763 8
e 284.71939 117.35059 7
e 67.66492 206.20022 4
e 643.51917 911.52252 7
e 301.93429 161.08922 9
e 515.15085 561.98969 5
e 342.43687 481.57483 6
e 118.54149 162.86302 10
e 211.79427 386.80842 11
e 364.33200 609.91643 5
e 240.68428 632.96305 6
e 379.40202 155.74663 9
e 271.60030 863.09903 5
e 249.47502 823.21904 5
e 209.39202 840.92079 12
e 645.88950 535.34763 10
e 561.36173 488.49366 9
e 363.67759 327.89099 9
e 263.81011 417.45919 12
e 627.83599 31.50317 9
e 37.32059 13.10283 8
e 539.31955 645.12431 7
e 42.83462 962.50805 11
e 531.70544 743.78873 15
e 76.27316 887.38329 8
e 311.55581 338.55873 7
e 335.54370 551.39134 10
e 149.16644 229.96464 12
e 341.30623 608.71547 10
e 495.81539 618.50471 14
e 48.38857 133.37468 9
e 515.32658 103.79276 9
e 494.45661 523.85550 8
e 650.15994 954.34831 9
e 217.25955 290.79420 4
e 140.75044 928.62020 10
e 601.92452 258.47475 7
e 338.78352 722.31809 8
e 80.21458 559.66311 11
e 417.71743 359.75944 7
e 11.65023 384.58100 10
e 279.85523 52.75849 13
e 521.60796 126.61394 7
e 209.50764 319.25201 7
e 330.47085 734.25389 10
e 111.69267 40.73425 12
e 218.15663 786.91612 13
e 82.26897 1013.89722 13
e 707.23893 195.66440 16
e 608.60147 332.09578 8
e 246.59771 136.28047 8
e 292.81283 471.97220 11
e 64.86827 1015.65550 7
e 316.18317 506.31919 12
e 54.05781 224.32314 10
e 212.69676 717.52179 13
e 161.12220 457.37410 7
e 247.15432 380.94017 7
e 392.00958 724.20720 13
e 491.73422 961.76652 9
e 496.40892 19.98494 10
e 466.04741 839.97971 13
e 74.63281 205.54427 11
e 290.33158 129.05054 9
e 426.85385 332.51679 12
e 241.30331 347.09189 6
e 65.90443 193.45272 8
e 381.05106 992.62854 7
e 237.78530 1038.32709 6
e 543.84715 327.93486 9
e 468.68048 167.09135 12
e 407.05914 392.55410 11
e 552.71160 105.18195 5
e 437.75652 757.94522 11
e 74.23021 20.61232 5
e 267.67624 528.00530 7
e 197.26025 1053.90605 12
e 217.36871 551.86721 12
e 259.50016 760.22901 12
e 440.40974 504.54588 5
e 628.55273 678.55969 14
e 565.18420 514.46220 9
e 246.87292 512.72958 12
e 295.25558 788.90699 3
e 527.65633 408.66714 10
e 571.70184 690.37817 14
e 120.65424 741.08493 5
e 97.41276 790.20605 4
e 215.90576 448.08289 5
e 414.81234 1039.82939 12
e 429.22133 841.16382 9
e 484.82149 417.61631 14
e 113.02617 352.33442 10
e 175.18734 266.92737 13
e 432.48655 754.19787 11
e 27.59956 212.61078 8
e 237.26855 1001.27367 10
e 380.82238 22.20453 10
e 516.22794 615.80247 10
e 691.66269 794.50589 8
e 599.52926 631.02595 10
e 333.32619 1020.82744 9
e 503.14896 507.63357 9
e 322.03799 784.42890 15
e 361.94107 415.73798 8
e 664.27285 846.56205 8
e 518.49858 512.82324 8
e 397.54624 642.68265 9
e 359.71929 171.05052 9
e 42.54449 387.15932 5
e 80.75075 393.61048 13
e 157.60407 1015.42640 9
e 80.35977 719.56221 11
e 111.47952 53.28693 9
e 706.03326 1009.86272 13
e 583.12437 625.97764 6
e 575.37640 921.22905 6
e 301.98886 1054.09015 7
e 588.91570 299.92262 8
e 109.43905 213.04366 9
e 543.66439 822.18021 9
e 51.10399 191.80889 6
e 102.68895 586.13475 14
e 203.41172 173.41361 7
e 312.07866 385.13478 5
e 402.50196 1043.97291 9
e 353.79958 332.68670 16
e 518.66742 462.23193 5
e 81.58920 303.46145 6
e 143.96768 417.62216 13
e 114.19635 820.31245 17
e 145.97035 175.21130 7
e 19.37497 378.53758 9
e 86.99875 954.79584 8
e 484.72984 1032.96195 11
e 634.66369 712.94300 8
e 325.66800 250.90864 14
e 526.67416 646.83564 20
e 241.10497 58.54737 11
e 56.06866 1019.58189 10
e 513.56087 599.77124 15
e 134.83674 727.54951 7
e 670.45924 335.11714 10
e 134.11152 798.44218 8
e 403.59272 538.66705 4
e 529.06471 444.55037 6
e 300.96983 415.37966 13
e 415.89909 221.29296 8
e 309.68561 914.05517 9
e 53.75838 778.04858 11
e 624.67624 40.34022 8
e 622.82874 238.11440 5
e 162.86282 321.82275 10
e 82.59981 269.81846 7
e 128.86463 887.54440 4
e 91.56007 170.72253 7
e 272.86911 469.28877 8
e 462.36219 587.33064 4
e 315.28364 715.51595 11
e 603.07937 900.84213 8
e 38.54659 875.41532 5
e 509.31117 724.40035 13
e 674.78172 436.60530 9
e 106.89724 394.15444 6
e 480.79333 721.56381 15
e 616.77098 832.45072 9
e 261.45506 101.37122 10
e 592.11129 808.42857 9
e 96.17007 183.41473 6
e 271.73763 569.58856 9
