c ./output/rectangle/uniform/uniform-rectangle-8-1000
p rectangle 1000 720.00000 1080.00000
e 400.92341 1044.74123 8
e 262.40744 753.22254 11
e 143.91082 553.06473 9
e 389.92350 586.15089 11
e 385.37375 497.67832 5
e 73.40076 551.27856 13
e 660.90304 65.37928 11
e 247.41165 653.65581 6
e 338.03676 1061.66866 8
e 388.40538 376.53091 8
e 220.29189 394.21185 9
e 607.54164 92.50961 3
e 258.70373 395.45762 12
e 261.01749 780.76505 11
e 331.19195 664.30214 13
e 418.32425 804.51112 7
e 242.95367 113.33657 10
e 410.81740 456.03365 8
e 416.23370 682.89761 13
e 458.08826 178.51093 10
e 437.29850 895.63617 10
e 493.94347 220.44794 8
e 538.52867 779.52685 8
e 31.07724 652.28989 8
e 244.03281 97.79196 6
e 329.89073 199.92189 9
e 392.31542 547.04614 7
e 74.40995 22.62174 14
e 161.49431 932.80966 10
e 692.36809 248.59401 9
e 33.78600 425.39469 9
e 109.87039 1061.17362 16
e 296.32367 583.35381 9
e 108.38502 159.68011 14
e 504.64571 994.30185 11
e 235.35110 564.44900 11
e 211.67680 434.04045 12
e 75.10059 730.29879 12
e 52.89189 937.64326 6
e 504.31599 241.83131 8
e 241.62133 442.78028 10
e 182.65817 776.22155 11
e 561.69800 888.22854 5
e 182.04595 845.49435 10
e 291.31310 400.41151 10
e 439.71957 1062.29351 10
e 145.78079 968.22704 8
e 473.46846 169.59056 8
e 681.37226 495.22714 10
e 324.87041 801.76630 6
e 309.51748 371.39704 4
e 229.73073 204.88796 8
e 467.58318 838.20817 7
e 272.40450 638.23548 9
e 461.76126 626.90520 11
e 562.38889 334.64805 9
e 581.97803 70.24906 9
e 683.54337 697.31880 16
e 392.89231 587.92371 10
e 641.03099 364.49744 6
e 202.39361 753.44161 9
e 358.68058 771.07512 6
e 326.38059 306.10833 15
e 478.14359 254.00528 4
e 201.57383 539.16520 7
e 206.68308 759.11568 7
e 462.44112 542.78844 6
e 226.34429 292.26938 7
e 448.70123 398.01326 7
e 258.35295 466.69308 10
e 308.42452 517.07234 8
e 127.89714 641.66524 5
e 300.74188 598.85920 10
e 635.24279 384.76123 11
e 197.38860 403.47661 7
e 412.16315 703.43857 8
e 538.52861 797.15040 9
e 677.08129 89.72016 9
e 19.80994 11.55146 10
e 473.49553 867.50788 9
e 613.32104 89.33635 9
e 356.49964 546.50735 8
e 560.13025 875.50481 11
e 26.54072 245.49184 11
e 71.63826 1065.53435 9
e 266.66633 464.51873 12
e 696.92730 59.46131 6
e 180.39916 878.08545 12
e 81.91432 865.12677 15
e 347.92343 787.81024 8
e 54.22017 799.07752 13
e 537.27148 346.96202 6
e 465.32335 771.84450 9
e 634.54544 619.65788 5
e 708.86887 252.11162 11
e 205.93528 389.19346 7
e 458.66112 891.50293 5
e 477.88622 523.47604 8
e 101.30659 729.39338 10
e 649.78558 251.33896 13
e 308.80453 929.11899 9
e 585.75817 228.21422 9
e 351.28079 437.74878 11
e 184.54496 193.33285 7
e 429.96466 162.87527 11
e 228.91050 114.14882 12
e 511.58927 218.24313 9
e 554.31138 780.67731 5
e 94.54903 380.14223 7
e 683.36447 904.49126 9
e 423.19652 171.76302 7
e 203.80184 651.10107 7
e 575.47589 65.84209 8
e 191.54579 333.84647 11
e 363.71230 447.54776 9
e 221.60909 762.54242 11
e 663.70684 948.95486 5
e 353.82122 399.65708 8
e 708.34211 203.52702 7
e 416.34394 492.17606 12
e 638.44389 123.13397 5
e 628.90967 645.31272 9
e 659.09714 625.47716 9
e 48.23335 394.26049 8
e 57.55605 582.10762 8
e 277.99590 117.51577 8
e 651.81747 1057.99120 8
e 494.71612 951.14337 5
e 482.62083 912.14721 7
e 229.27840 970.19567 6
e 65.31257 677.54144 13
e 583.44721 23.42893 10
e 346.28723 795.99578 6
e 505.85139 417.67706 8
e 45.64754 1065.69354 10
e 41.06421 318.14659 9
e 496.15824 279.57822 8
e 182.52753 529.54489 8
e 588.52861 838.23872 8
e 543.02578 614.60841 7
e 296.99690 558.60153 8
e 339.59450 667.14081 8
e 648.97150 677.85123 9
e 522.93994 160.88689 13
e 693.50384 399.71373 9
e 220.61948 335.71316 12
e 521.58910 420.69089 9
e 559.42521 845.85577 6
e 448.00946 417.63056 11
e 186.49122 41.47704 8
e 320.35845 927.26049 9
e 396.41853 207.48833 9
e 432.54903 842.47827 9
e 109.37573 1032.63201 5
e 460.48436 820.69516 12
e 667.48920 358.82362 9
e 693.14218 793.26381 13
e 430.57825 282.96376 10
e 550.59881 1032.17792 7
e 376.96600 801.15625 6
e 74.21221 971.72276 12
e 280.79851 742.12338 5
e 460.95943 796.44362 8
e 386.52328 257.58008 7
e 116.02044 43.80745 11
e 36.77928 488.84426 11
e 593.20209 248.26744 13
e 207.97861 231.02161 10
e 161.34798 980.23751 5
e 441.77941 812.02264 9
e 373.80216 291.63839 10
e 475.50426 680.54777 11
e 177.10764 918.30592 7
e 44.24292 910.99261 8
e 372.19780 896.00932 7
e 267.23789 156.43530 7
e 463.85453 251.39856 11
e 671.32662 234.71710 11
e 617.02420 768.76379 7
e 219.26188 530.97300 7
e 339.78043 868.51263 8
e 91.99884 772.08062 10
e 163.57621 806.38184 10
e 164.06860 551.03160 10
e 665.26328 129.63070 8
e 455.10083 550.32489 7
e 274.13081 444.54436 8
e 244.55234 302.90056 12
e 20.76889 118.91504 8
e 650.46449 330.91875 16
e 300.35127 176.74995 9
e 474.40404 557.23255 9
e 87.57093 546.59837 7
e 26.30373 563.93693 5
e 332.43950 277.76845 9
e 41.57809 457.87025 10
e 201.18854 980.53922 8
e 476.70355 559.52928 6
e 487.94305 691.69887 7
e 319.55964 225.77688 10
e 397.05142 234.51377 6
e 410.60072 815.65894 13
e 334.74474 226.03489 12
e 39.53630 856.68889 7
e 522.77068 405.83403 9
e 77.86022 121.01420 13
e 52.95129 182.64817 7
e 607.28913 244.67420 10
e 58.08982 10.36064 15
e 131.72623 901.07097 11
e 536.60522 793.75413 9
e 11.72555 1030.80119 11
e 347.88600 181.22774 10
e 486.60274 230.30239 12
e 496.24651 56.61739 5
e 555.85312 1012.18601 9
e 548.40871 623.13473 7
e 462.26810 654.07610 7
e 362.42441 989.86764 11
e 296.39550 89.88166 11
e 697.51882 229.76629 4
e 468.92809 189.45492 11
e 313.81085 17.27024 10
e 327.59104 744.37995 12
e 12.05051 828.40738 11
e 454.01595 560.45907 8
e 237.76518 345.62947 10
e 525.72180 850.77433 11
e 224.28541 328.87905 12
e 117.33207 427.57598 7
e 430.65067 67.73658 9
e 163.70978 50.90562 6
e 625.75806 998.61822 10
e 81.40880 241.09512 7
e 49.76400 146.38526 10
e 696.38778 959.73426 11
e 215.68742 804.82073 8
e 342.13616 142.16655 7
e 257.22817 565.92339 10
e 274.40230 317.12526 16
e 313.54499 122.75738 9
e 116.04490 80.15166 8
e 451.62649 160.59351 12
e 122.40734 193.63153 6
e 672.95265 180.55703 5
e 137.99627 462.48096 7
e 126.96067 798.14438 8
e 205.21616 132.03251 11
e 598.47924 392.92536 12
e 624.81924 115.49511 8
e 167.45188 730.17911 13
e 206.02049 383.90290 9
e 512.45827 168.49182 14
e 444.64414 34.02456 14
e 289.96991 320.47489 7
e 451.15342 634.08160 9
e 243.00131 581.71917 10
e 512.95342 486.17953 13
e 11.33884 239.74478 5
e 457.98816 180.39268 16
e 224.07734 63.82328 7
e 322.76021 971.53960 7
e 25.50450 279.47981 4
e 96.14006 110.22634 18
e 666.76267 983.23985 5
e 28.46563 429.12115 8
e 684.38056 122.12621 11
e 410.48795 124.19766 8
e 72.39328 944.13318 8
e 337.44528 703.12618 9
e 440.66814 379.97249 10
e 238.34024 117.33821 9
e 696.65703 946.48217 9
e 208.29052 586.78174 6
e 604.88017 283.12533 8
e 697.44385 316.92323 11
e 284.82147 333.55866 8
e 477.12471 665.34838 8
e 54.05671 653.98376 9
e 600.41796 887.76445 7
e 329.52924 892.02728 9
e 201.60751 152.07798 9
e 406.80144 322.57911 13
e 47.92484 38.10273 11
e 514.54579 534.13344 4
e 428.13893 181.18660 12
e 314.47202 977.15790 11
e 648.48201 489.68268 7
e 175.33350 288.34322 16
e 212.86812 297.58649 10
e 496.44511 983.47147 10
e 459.72692 894.54894 7
e 186.84017 314.07362 7
e 218.45093 527.37335 4
e 371.28221 254.34519 12
e 541.71599 358.49857 10
e 400.33105 226.91479 8
e 191.96243 100.30999 15
e 288.35477 246.29892 10
e 198.11956 406.15494 8
e 254.06516 1069.73337 7
e 636.53827 700.90254 5
e 387.70931 137.40864 5
e 558.46058 808.97568 6
e 252.41131 1058.85981 10
e 685.72510 1008.28443 11
e 687.13039 1046.36309 8
e 471.33237 1025.69869 11
e 48.07541 540.28493 10
e 499.57756 458.94349 7
e 463.03380 583.64189 6
e 14.08922 94.07266 5
e 590.68653 952.60153 8
e 72.50295 488.60832 11
e 529.40814 889.78183 8
e 642.39509 535.27447 7
e 93.53148 442.25856 12
e 485.21206 747.65351 8
e 355.13018 438.45916 11
e 61.12606 1020.95765 5
e 240.61650 837.54662 10
e 173.13565 135.11603 7
e 206.62938 44.30791 6
e 469.64964 476.99307 11
e 260.37492 1037.28085 7
e 115.71496 406.18701 12
e 90.54411 311.42412 8
e 52.50458 296.98955 6
e 190.56271 620.47359 14
e 432.64439 358.92691 14
e 191.09787 33.87913 8
e 70.77103 737.76140 10
e 195.75376 224.40903 7
e 356.67483 270.14601 6
e 406.73437 745.35054 12
e 432.53554 107.92940 4
e 155.80911 780.25431 9
e 231.23581 757.03856 9
e 690.51004 305.51128 8
e 253.15576 526.37560 10
e 564.58767 504.61214 4
e 320.22774 231.64949 11
e 617.19140 439.75672 14
e 245.70347 834.00995 5
e 468.08457 228.27760 13
e 39.85617 252.42779 9
e 514.71093 518.66645 9
e 74.14432 343.20967 8
e 507.68297 758.47155 8
e 251.67381 320.12202 14
e 41.46452 626.55888 10
e 271.31599 328.20779 4
e 543.91074 1035.55184 15
e 267.82897 13.54479 13
e 313.00912 53.94104 7
e 698.13530 811.06655 7
e 75.12018 629.59623 7
e 688.66441 981.15648 8
e 401.85061 328.66814 9
e 656.27608 767.59190 8
e 224.26524 299.48512 9
e 69.12192 157.43844 10
e 275.23486 969.25093 4
e 84.12208 563.99236 10
e 131.22482 651.66690 13
e 126.63884 729.95360 8
e 276.88773 512.53662 6
e 278.88817 314.52504 8
e 63.61165 220.48651 13
e 471.53176 444.53627 12
e 21.02641 343.12654 9
e 365.74717 476.19931 7
e 202.95239 194.80206 8
e 426.23363 37.59330 11
e 24.05019 350.49009 10
e 76.16184 344.24755 11
e 444.86956 236.97867 11
e 594.76981 281.73752 12
e 81.65360 824.56071 8
e 472.47395 698.46849 9
e 200.38455 879.37305 6
e 313.30876 10.94134 8
e 22.70862 472.24136 14
e 488.65530 134.86545 10
e 529.13834 623.91494 11
e 218.89808 884.30579 10
e 98.26971 592.20079 6
e 646.59564 164.78845 5
e 347.17001 1059.35938 9
e 155.31458 512.41763 7
e 599.57389 647.57124 6
e 280.26770 625.92312 9
e 380.13359 954.76332 9
e 179.61447 901.06340 9
e 61.96796 481.07855 17
e 121.47490 1061.00986 13
e 348.90779 26.21210 4
e 361.17932 945.89376 10
e 585.82839 445.50866 9
e 135.57874 997.99888 8
e 332.01071 708.57524 9
e 338.05833 963.78682 12
e 653.41623 899.16499 14
e 550.68410 511.79570 9
e 629.76711 1069.93008 11
e 553.42641 477.51021 14
e 520.81813 168.06689 16
e 40.93667 367.29109 17
e 322.71245 722.03220 7
e 55.60743 509.34845 6
e 207.50741 789.61915 6
e 547.43293 242.72357 6
e 510.86487 271.42933 6
e 408.96361 364.71991 9
e 555.12064 524.20571 4
e 655.58404 77.29783 8
e 150.47569 761.80498 9
e 122.15372 1026.22036 9
e 183.90808 346.89274 7
e 263.48199 460.62801 16
e 451.68577 10.79205 12
e 370.46533 711.38717 13
e 680.38908 786.69829 8
e 262.38385 966.48059 6
e 494.50627 235.41175 12
e 178.38541 581.18593 13
e 639.55421 805.41802 5
e 274.18780 838.60382 11
e 469.07573 682.99568 8
e 428.76447 266.13219 10
e 284.30860 160.57461 6
e 178.47760 951.03220 7
e 263.99898 593.86197 8
e 48.43367 608.17559 8
e 267.53131 550.57995 14
e 420.93232 882.85029 11
e 559.96080 949.83355 10
e 268.08155 77.06809 9
e 528.84574 984.65482 9
e 666.86155 923.84733 7
e 667.54509 650.45168 10
e 238.43600 869.43291 10
e 154.24045 665.32623 3
e 232.33431 808.83066 8
e 282.26779 397.68867 6
e 379.94416 411.32033 7
e 112.58281 222.08834 8
e 406.52393 382.99841 6
e 437.11071 79.11391 5
e 254.50444 171.14126 8
e 353.93596 302.82718 11
e 581.03816 98.04596 13
e 366.21167 998.08486 7
e 323.54992 984.78794 5
e 29.21252 638.89990 10
e 216.88487 897.46562 12
e 595.57013 72.39451 9
e 595.40354 197.69286 5
e 304.22309 501.45508 13
e 28.12665 567.82851 9
e 90.36744 582.86331 4
e 14.00813 990.18938 4
e 153.30384 374.03269 4
e 535.29959 578.52428 12
e 412.92077 869.31487 8
e 579.79215 708.89566 7
e 443.65983 625.35725 8
e 87.76449 401.81241 11
e 459.36132 43.44623 7
e 212.21172 36.49642 14
e 83.72605 803.95429 12
e 320.62154 79.34155 7
e 413.62463 244.57668 7
e 357.01506 267.59396 13
e 186.07290 862.12784 7
e 315.72113 1039.70887 21
e 632.75329 282.75940 10
e 361.51050 65.16610 13
e 201.49527 651.28491 9
e 108.37096 261.37816 12
e 100.91672 300.35891 10
e 309.84559 753.79416 5
e 442.39221 316.79336 10
e 445.58094 567.94579 12
e 626.21994 291.67540 10
e 304.34891 1043.08151 9
e 280.92739 840.10942 16
e 463.76260 744.56284 9
e 355.84267 609.11908 12
e 629.98295 175.69374 13
e 80.57004 685.67776 6
e 273.97338 666.10250 10
e 371.62844 246.01729 6
e 375.66524 907.14814 15
e 528.22331 479.97632 5
e 269.85895 181.43891 5
e 439.11243 291.92469 9
e 397.94883 926.19799 12
e 52.59572 164.72732 12
e 357.20448 302.81106 8
e 612.84597 891.65398 10
e 149.93340 668.36141 7
e 688.87258 313.67639 12
e 199.73021 80.89100 8
e 162.16331 885.30497 9
e 257.64263 543.96195 11
e 338.83984 281.19998 10
e 378.41339 767.69244 6
e 272.50599 651.66942 7
e 467.84193 773.29527 7
e 674.29479 1028.58598 13
e 293.50647 790.15835 12
e 471.01633 368.23549 7
e 219.87727 1069.30600 6
e 102.32151 809.24008 10
e 464.56466 151.58570 10
e 496.97025 203.96814 5
e 610.95500 1012.48457 11
e 185.30088 382.83472 10
e 267.28853 696.24688 8
e 209.43799 211.54781 11
e 615.56071 671.84136 6
e 238.28689 90.75586 6
e 475.77861 834.11435 10
e 583.14449 333.43916 5
e 37.24127 598.79916 9
e 522.59883 907.60372 10
e 363.53969 463.06149 6
e 619.47511 363.59919 8
e 108.16251 821.85046 6
e 262.00461 181.63318 8
e 417.23824 73.44832 8
e 626.69196 664.43679 5
e 115.45463 755.92514 10
e 139.70538 233.24838 7
e 14.67368 256.19024 8
e 382.12093 523.02973 7
e 233.29860 919.22965 9
e 358.87289 987.85877 15
e 205.16659 443.17835 9
e 369.76742 308.90968 9
e 187.36232 586.70900 7
e 323.21947 239.74019 12
e 149.28932 434.06214 21
e 416.23802 94.89262 9
e 659.93199 813.66380 8
e 53.17942 974.07257 7
e 703.86555 800.35653 8
e 331.37461 374.82459 9
e 462.91758 30.98424 12
e 17.88325 691.45150 11
e 702.82672 308.53723 9
e 20.10051 951.65271 8
e 272.01730 1042.65148 14
e 28.32487 965.37976 8
e 539.38997 432.85145 10
e 407.99357 43.10791 5
e 508.63873 701.73040 8
e 61.47147 847.39659 6
e 34.77792 823.20365 8
e 589.50613 266.27668 6
e 571.78425 638.31173 14
e 475.85671 411.53203 11
e 658.62616 677.68209 5
e 76.02210 109.97577 7
e 328.55389 430.24977 13
e 349.46510 568.71708 6
e 445.37399 715.45778 9
e 146.53636 574.50011 7
e 284.44390 423.53299 8
e 91.73961 699.12065 6
e 428.02158 406.66281 8
e 565.87042 662.52959 15
e 338.58179 687.50540 10
e 649.50400 931.87296 6
e 235.71810 918.79531 6
e 478.88050 967.82760 15
e 389.79689 888.69562 10
e 256.68356 494.34410 4
e 472.45933 44.69623 16
e 349.26400 227.33709 6
e 321.48890 960.25375 9
e 22.02057 461.94913 11
e 169.46807 587.17387 7
e 283.96560 160.83261 5
e 381.10535 887.65594 8
e 88.23480 205.73618 8
e 162.49320 662.19538 7
e 560.62390 727.68345 7
e 88.60571 80.48025 6
e 687.07512 31.59147 8
e 427.78549 276.88650 7
e 440.76093 887.19300 10
e 444.27886 644.26341 5
e 26.05459 894.43930 8
e 545.50594 761.40428 17
e 48.15778 805.74134 12
e 99.30960 372.93849 11
e 470.12065 33.10374 5
e 341.67781 777.43952 7
e 283.66775 438.39747 5
e 72.75849 160.13117 11
e 230.37316 145.95149 10
e 89.12770 342.25551 9
e 13.09263 399.13767 8
e 230.67264 429.81807 12
e 429.34483 322.78162 7
e 690.91066 88.55932 6
e 145.44961 992.76658 6
e 674.62807 385.49100 7
e 676.70889 347.33451 9
e 258.95783 185.52510 10
e 614.05991 262.19590 11
e 43.45567 378.43428 8
e 637.27201 1066.60396 12
e 649.55271 762.76635 7
e 49.32012 448.50686 11
e 26.26692 684.21955 7
e 52.56435 874.66307 7
e 84.86172 114.81737 6
e 11.21684 624.16067 13
e 174.61945 156.94689 14
e 127.25575 825.46512 9
e 165.77856 775.15867 7
e 93.76084 796.22654 15
e 107.05606 881.41462 7
e 202.83644 850.17934 16
e 265.57825 928.69419 9
e 560.10321 702.31231 7
e 145.29876 415.32082 7
e 328.76343 511.20101 18
e 566.58634 279.48170 7
e 320.43010 740.30193 10
e 658.62014 403.69277 7
e 301.80802 37.97676 11
e 459.29759 532.99031 9
e 323.95110 1006.78878 13
e 46.98694 633.57976 21
e 534.76448 410.89823 13
e 559.84482 569.22432 6
e 703.23219 463.96486 8
e 226.41125 850.10386 8
e 23.13292 554.20353 5
e 128.01948 413.91545 13
e 462.45972 802.50463 5
e 647.23466 1020.39081 10
e 556.41873 210.66317 11
e 49.78091 339.46044 8
e 188.91545 538.59083 12
e 131.16321 728.65097 9
e 198.71242 784.35377 10
e 379.02540 528.02811 9
e 352.13987 524.11982 5
e 551.35086 641.65688 9
e 431.41146 485.30408 12
e 442.01129 853.19779 7
e 230.44079 521.46474 17
e 581.22425 394.78291 10
e 349.20778 145.44800 5
e 663.33323 189.69323 9
e 271.12162 444.00008 13
e 243.75548 160.41216 10
e 149.30936 1069.75403 11
e 273.16733 132.53563 6
e 296.12628 353.32229 5
e 214.39447 865.32360 9
e 173.65881 579.74950 10
e 387.62256 875.57487 10
e 253.82589 839.05262 7
e 113.76757 771.98198 13
e 392.15177 774.04376 9
e 695.23872 837.00588 13
e 693.24908 496.41616 11
e 293.30800 707.01072 7
e 649.32819 124.50840 7
e 632.43387 927.14882 6
e 368.87031 896.95956 15
e 585.79345 774.00132 4
e 557.77348 85.70885 17
e 141.44798 798.68695 9
e 303.42979 853.88057 9
e 648.98221 184.38082 7
e 394.73610 319.00594 6
e 661.75819 922.65769 8
e 419.04667 911.54024 8
e 203.68121 498.61531 15
e 701.38432 151.95302 8
e 285.10515 713.17944 6
e 115.98781 429.62247 8
e 432.09036 529.46458 9
e 496.13672 1034.61081 6
e 344.45160 941.29178 7
e 623.64697 519.82689 6
e 594.53917 608.38696 10
e 197.96927 95.81396 15
e 694.64488 978.38992 8
e 291.37653 861.99202 11
e 678.04655 452.49201 7
e 206.65099 372.42593 7
e 10.44562 621.24138 10
e 17.25301 675.98910 21
e 609.50646 1068.47827 9
e 248.28016 898.92460 13
e 682.55847 421.70901 10
e 487.47630 674.02204 8
e 702.93835 480.36703 8
e 104.06135 907.14718 7
e 642.00771 858.49525 7
e 170.28329 340.45071 6
e 579.06875 535.60822 9
e 173.48199 843.14365 9
e 52.67183 409.09286 12
e 38.42305 491.20760 7
e 314.89429 876.64987 11
e 296.15654 832.19959 14
e 530.53862 301.20764 9
e 287.95295 634.18624 17
e 498.83327 946.08041 10
e 599.29580 561.58913 8
e 180.42827 90.83034 12
e 67.21360 262.69562 13
e 656.67290 1040.29840 8
e 320.18611 667.39962 7
e 43.07696 137.84698 11
e 535.32902 379.92729 5
e 136.06001 696.83350 10
e 547.05562 502.30637 9
e 532.29229 101.76529 7
e 249.43681 770.47235 6
e 257.18052 936.76229 7
e 704.29693 403.50700 9
e 305.12967 351.78689 9
e 551.60183 538.54235 13
e 45.41588 394.02373 12
e 656.33067 685.91464 11
e 91.02543 1033.61576 5
e 534.70384 343.49723 9
e 257.28985 802.44036 10
e 340.72573 377.39301 13
e 318.51996 804.32808 7
e 694.71186 403.94011 4
e 425.61783 750.89122 21
e 363.79135 92.90502 9
e 426.69360 670.15367 9
e 641.80202 636.50854 16
e 52.86631 882.15258 6
e 409.86478 246.13339 5
e 558.20221 1036.20772 8
e 281.83245 425.39372 8
e 587.94119 960.17395 12
e 646.62614 531.20611 7
e 250.37476 842.55287 7
e 509.02421 51.75163 6
e 366.61418 510.44095 7
e 77.15697 67.01948 8
e 190.35798 783.42717 8
e 167.09872 982.56818 8
e 641.19801 547.73197 15
e 161.69149 923.73158 6
e 175.53525 630.50795 7
e 539.01783 444.43300 9
e 380.15663 653.57379 9
e 699.45116 1030.17598 12
e 126.23480 368.61611 14
e 584.47839 130.30517 7
e 290.35570 669.49881 11
e 513.26652 892.29230 13
e 59.72612 551.03932 6
e 298.88997 1037.44349 9
e 673.12263 483.50334 12
e 431.66492 931.89137 6
e 110.27626 720.89906 8
e 348.35840 225.51203 9
e 16.59078 756.45036 9
e 172.41954 284.16606 9
e 110.43593 81.73921 9
e 219.76209 194.19478 14
e 456.24571 996.67325 10
e 684.38514 711.04013 9
e 126.86622 599.29800 10
e 433.54742 119.96063 6
e 14.16146 818.98637 8
e 577.75589 234.87861 3
e 709.49147 48.83901 14
e 25.72537 1053.56730 9
e 52.26424 605.15091 7
e 496.37942 336.95791 8
e 394.61042 47.61828 10
e 87.76364 80.10598 17
e 292.88604 438.75190 9
e 603.90564 785.27053 6
e 127.57563 695.10106 10
e 404.02402 871.39380 6
e 92.87396 412.97966 5
e 258.95766 818.64520 9
e 503.77107 114.54082 9
e 79.72453 13.59631 13
e 285.89952 1062.54558 6
e 333.72062 240.88830 6
e 75.35655 955.16478 9
e 648.68804 486.58637 5
e 379.92110 534.10024 7
e 509.30172 41.83820 7
e 205.17105 932.67442 7
e 11.82962 281.57029 10
e 704.35117 18.76024 10
e 515.11167 619.41046 8
e 585.66413 512.32017 10
e 117.19089 232.82703 9
e 519.55407 435.44044 9
e 688.73508 54.89471 11
e 701.52380 352.96233 9
e 182.59928 88.27581 9
e 477.15759 148.53933 9
e 58.53114 157.81266 7
e 657.34915 141.91545 7
e 643.77264 473.63524 7
e 241.21377 957.74987 9
e 634.19017 241.73322 6
e 452.97723 451.04272 7
e 421.47140 444.34784 10
e 353.00317 1063.46890 8
e 53.55711 624.29472 14
e 586.01273 62.78062 4
e 624.14812 285.40814 6
e 220.62641 978.83629 13
e 297.37788 544.52068 3
e 595.92701 1009.44343 8
e 658.07551 466.39564 11
e 616.81279 893.41089 11
e 573.12920 49.91922 10
e 104.80722 412.92723 8
e 190.10963 189.03683 16
e 267.20795 1048.39964 9
e 197.52031 931.18086 9
e 183.80089 763.54796 10
e 564.38551 1042.74471 8
e 480.24093 199.03382 9
e 300.83426 438.02405 9
e 699.52814 573.56118 14
e 345.37616 34.54913 9
e 359.24131 552.33008 7
e 139.73082 134.31972 8
e 701.67491 104.87574 6
e 63.43788 977.25411 9
e 283.03993 921.82403 7
e 350.24775 744.15005 3
e 114.00046 1054.22794 16
e 505.74729 270.27863 8
e 632.28900 844.02968 9
e 260.22540 137.87018 15
e 180.19169 538.84310 7
e 179.17925 414.58325 9
e 343.35514 1026.06797 10
e 672.41670 1011.13847 7
e 701.48884 121.06031 8
e 28.33221 83.09599 9
e 194.31673 410.33920 13
e 700.45784 17.75847 8
e 269.14783 969.12424 14
e 600.61683 982.68706 5
e 122.36749 654.47929 6
e 307.07017 266.52603 3
e 348.49697 1027.16296 8
e 566.66050 879.96534 8
e 439.67057 964.25594 11
e 67.47742 977.18069 10
e 406.75700 578.16042 12
e 685.85715 667.78871 8
e 265.72437 375.99501 13
e 488.06076 1057.22756 14
e 165.77213 1052.07878 8
e 436.33426 1046.13796 9
e 176.65113 64.62800 13
e 44.10551 635.33215 10
e 678.97925 961.00963 6
e 416.25410 852.66584 8
e 131.67480 660.84728 8
e 110.72938 221.11730 15
e 157.27393 437.95195 10
e 569.05753 628.19116 9
e 310.13173 751.95354 10
e 25.97625 967.48938 8
e 308.00792 630.37665 13
e 581.17579 927.73492 6
e 309.03143 797.84040 15
e 40.89569 371.69835 8
e 148.17089 1012.17356 4
e 205.10277 42.94540 8
e 429.99179 78.13453 4
e 397.88085 955.10537 7
e 417.69522 936.66249 6
e 103.34831 331.76073 21
e 296.73566 534.74633 9
e 317.04758 76.88746 10
e 508.38128 815.28191 11
e 457.24706 98.73402 14
e 668.27525 133.70286 15
e 330.24038 952.07023 12
e 523.93474 543.67255 8
e 139.14082 981.76260 11
e 23.92724 195.95613 7
e 650.63604 336.65764 10
e 372.57095 876.58700 7
e 383.28299 647.78693 13
e 699.33558 216.17066 6
e 660.63786 426.74096 10
e 344.27879 846.07364 12
e 599.53626 607.60422 9
e 149.43722 334.04699 11
e 563.46905 148.89059 5
e 110.51984 467.33143 7
e 376.86865 498.44445 7
e 325.57921 393.46473 11
e 493.68290 992.54279 9
e 85.88121 731.79361 9
e 565.70094 320.90768 12
e 327.54657 212.78508 8
e 268.56060 45.99083 7
e 472.88076 1040.35273 9
e 554.34949 41.99133 17
e 225.33902 597.73609 11
e 546.87747 440.71313 6
e 626.84117 684.47043 9
e 378.88046 123.60363 10
e 635.81246 637.34514 8
e 650.46275 628.11942 7
e 413.34079 797.73847 8
e 325.71457 470.60422 12
e 407.30127 138.70198 10
e 233.57087 316.60473 10
e 533.77288 434.36252 8
e 192.87974 301.70382 15
e 376.26762 230.48299 8
e 374.78214 210.39723 12
e 618.52326 1021.20360 9
e 360.90853 109.83737 13
e 398.34901 848.42310 12
e 225.15770 325.62687 9
e 25.87904 172.27582 12
e 268.57220 619.10367 6
e 489.25207 473.02489 11
e 235.75114 1057.39015 10
e 96.80179 841.03034 9
e 140.84442 892.75605 5
e 581.68939 555.97048 15
e 455.51856 818.58946 8
e 629.93653 834.53681 12
e 568.41938 516.33431 6
e 573.17365 111.81143 11
e 19.14496 273.00906 8
e 493.36422 20.75802 9
e 85.44208 356.52001 10
e 243.05362 1061.12941 8
e 396.94986 15.84118 14
e 104.47097 865.25311 10
e 92.34446 195.30140 12
e 257.11960 443.64703 7
e 43.85523 365.78477 6
e 103.12431 982.10501 10
e 429.48559 404.26918 11
e 704.79208 584.61701 8
e 271.59717 762.05785 12
e 679.55005 200.17521 12
e 494.42182 376.50630 8
e 129.49730 794.06106 7
e 245.85645 902.51658 8
e 639.47973 940.58196 3
e 274.69956 458.26295 12
e 111.01879 757.10845 6
e 484.43822 532.34313 7
e 596.16094 539.39044 12
e 266.13464 370.72681 13
e 390.36018 517.98791 21
e 627.01110 214.71725 8
e 399.13724 969.09451 5
e 165.84595 222.18851 8
e 290.70813 483.06879 9
e 580.48074 999.55130 12
e 196.51227 185.49821 13
e 566.09620 635.99391 8
e 700.36430 315.42759 13
e 127.73244 600.33185 10
e 197.78283 919.30809 11
e 266.63574 674.18479 8
e 198.35027 771.20770 11
e 274.58510 314.60405 5
e 319.83289 968.97246 9
e 616.94326 142.81200 8
e 467.71900 473.72665 14
e 84.88095 316.74772 8
e 597.31955 443.60884 7
e 227.93045 223.76793 7
e 364.52168 870.49046 8
e 565.43514 859.09144 10
e 557.08514 384.47101 8
e 651.47726 248.54412 11
e 113.99195 51.56738 10
e 514.49921 984.38917 8
e 183.47962 435.47321 9
