c ./output/rectangle/uniform/uniform-rectangle-3-1000
p rectangle 1000 720.00000 1080.00000
e 259.53805 392.01935 6
e 549.82383 451.52921 8
e 532.74538 339.25825 8
e 501.44108 658.18807 11
e 26.16265 843.57269 10
e 502.39166 648.70113 9
e 255.47283 641.34009 7
e 477.50776 843.85453 13
e 671.11416 254.09258 15
e 286.99799 63.14750 9
e 370.83152 902.11670 14
e 114.62029 740.85930 11
e 272.55667 339.43327 7
e 696.26973 55.24487 6
e 463.69714 98.44847 6
e 554.12739 645.87664 5
e 528.57130 857.00012 16
e 599.20061 727.45736 6
e 703.54988 1045.51548 8
e 633.52501 779.66056 11
e 63.54807 23.78940 7
e 51.02082 196.32702 11
e 695.21083 953.43581 4
e 461.65658 115.63509 9
e 431.13561 1007.40760 7
e 465.80183 859.63960 11
e 76.97086 656.89246 9
e 171.99502 144.08827 9
e 464.08640 198.75842 8
e 85.88538 131.93328 9
e 519.49709 103.28440 10
e 118.03394 914.86675 10
e 347.89926 285.20360 10
e 263.85702 87.51141 9
e 682.16311 682.10149 7
e 21.30911 552.90610 10
e 202.06073 60.47023 12
e 668.82586 1030.39026 8
e 671.68618 880.72682 14
e 234.79091 1034.68948 4
e 238.60415 446.03529 8
e 70.83342 981.50115 7
e 173.71325 230.21904 8
e 524.10480 867.55927 10
e 60.53586 289.40446 8
e 249.14146 718.71810 13
e 352.68871 832.42003 6
e 32.70702 541.80776 10
e 678.54183 380.89063 8
e 159.46906 815.20358 13
e 570.12032 469.98167 7
e 369.35841 965.16537 9
e 565.54669 1010.19556 10
e 417.59831 754.83235 8
e 266.81542 1051.86669 7
e 104.49521 823.96687 4
e 555.32037 258.11402 6
e 14.15651 638.04140 10
e 453.37695 984.07668 10
e 104.31117 808.51073 7
e 218.05711 129.92835 8
e 373.55926 1036.87000 9
e 258.02604 659.90205 5
e 256.74385 830.88805 7
e 436.21336 490.23391 7
e 562.05630 37.11319 12
e 149.66870 301.60496 8
e 265.31076 129.99116 10
e 453.66635 1062.68452 13
e 574.71727 970.73995 8
e 278.11896 43.55451 12
e 596.82462 798.32728 10
e 49.65882 48.58961 10
e 28.55604 687.77335 10
e 637.70706 468.14763 12
e 422.01740 717.80918 2
e 225.35859 1054.79087 13
e 567.56856 99.68130 7
e 553.68645 498.17330 15
e 342.03658 180.34937 8
e 360.76472 934.29071 17
e 535.38060 764.86614 7
e 595.98451 636.34166 6
e 38.34712 972.75912 6
e 310.59627 320.33371 7
e 684.36055 562.90701 8
e 146.26866 290.38774 6
e 377.35546 902.42467 10
e 675.63669 479.82051 4
e 102.07112 279.01954 7
e 115.25202 967.45147 14
e 100.88377 984.15996 11
e 606.71224 743.63342 8
e 138.41649 1057.50787 8
e 481.71256 163.92841 15
e 399.74183 179.12987 9
e 622.75435 1057.97130 8
e 108.52921 249.24682 8
e 691.60733 18.00127 10
e 465.16242 527.27507 7
e 548.69818 575.44982 9
e 204.88461 154.58764 9
e 594.20490 78.18242 8
e 183.59085 193.42420 10
e 685.55327 704.44382 10
e 573.40874 536.40933 10
e 654.27209 622.38604 11
e 202.82318 408.41747 7
e 492.55332 51.89569 12
e 280.57415 252.06305 9
e 504.59266 1021.47897 7
e 98.76112 291.14401 11
e 687.89570 436.48078 11
e 535.77129 556.26128 11
e 560.99317 336.90390 10
e 148.79546 657.96495 7
e 573.00424 930.51530 10
e 368.26506 192.27407 9
e 662.02209 961.57082 11
e 587.56016 645.79073 10
e 281.96488 36.81458 9
e 674.51760 131.29846 12
e 234.82609 701.78589 6
e 198.68174 823.67100 19
e 386.92105 699.21894 9
e 158.26207 265.83492 8
e 150.99415 62.37305 11
e 468.82940 97.43876 8
e 701.42880 186.28930 17
e 405.10901 545.92210 9
e 477.51877 855.43704 6
e 359.49787 118.96112 7
e 200.31912 717.69520 13
e 228.63932 554.65171 11
e 88.34411 574.17215 14
e 623.13357 242.72521 11
e 91.36904 299.33528 7
e 53.36082 96.60069 15
e 648.94227 841.49363 6
e 27.67531 630.58646 9
e 254.80952 472.74757 7
e 482.21890 75.88568 8
e 370.73753 455.39700 9
e 514.24091 626.26156 10
e 252.66617 742.20233 7
e 438.22441 715.13520 9
e 443.70913 601.32921 6
e 64.34888 186.56380 12
e 68.88689 340.54279 10
e 217.03536 284.44740 10
e 663.30691 474.02073 10
e 618.68199 307.50624 12
e 622.81881 213.15710 8
e 423.06763 566.73975 11
e 133.61799 758.45990 7
e 402.54483 891.69546 10
e 503.05192 697.78963 6
e 317.79867 628.84268 4
e 121.45382 434.85869 8
e 105.76181 210.61868 5
e 465.44353 587.15814 9
e 588.90350 72.64581 8
e 14.52818 946.85474 13
e 542.94124 182.45543 10
e 357.99571 311.58666 8
e 117.99891 919.14328 8
e 186.50733 237.36768 7
e 423.67341 229.80398 7
e 15.57566 228.36638 6
e 216.98317 79.04901 10
e 492.36709 660.35157 9
e 596.27121 565.72173 11
e 211.35751 899.10812 7
e 509.15653 326.13694 8
e 479.20520 683.08542 10
e 454.36685 791.39019 4
e 617.98105 834.07365 5
e 205.39797 72.36219 6
e 701.62946 617.29612 8
e 248.32615 250.26071 11
e 326.28723 212.67378 7
e 483.05747 438.76421 10
e 659.34803 203.68881 6
e 228.81354 221.35193 12
e 272.12680 904.62928 11
e 387.27842 547.55505 16
e 605.85766 863.31614 17
e 638.76126 472.57485 12
e 630.50101 157.80590 10
e 96.78239 211.54973 9
e 237.51572 483.12536 12
e 506.48692 510.23353 7
e 42.98052 303.66014 7
e 436.97206 186.90288 7
e 357.69605 439.12002 10
e 70.94472 699.67272 7
e 655.53974 912.07073 6
e 341.86067 15.32952 7
e 471.48080 312.81547 6
e 562.56718 170.83897 11
e 636.00482 142.53990 12
e 399.10320 240.54229 9
e 554.43703 690.66207 8
e 307.12763 33.62475 11
e 387.04913 92.75726 8
e 537.08888 364.47910 8
e 628.40159 144.66829 12
e 695.95456 768.96206 5
e 363.91463 800.69895 11
e 260.75586 434.78375 15
e 403.01614 579.93012 7
e 537.05430 677.85378 7
e 402.50865 309.68387 13
e 219.98321 901.90418 8
e 631.93287 401.58082 7
e 267.70280 70.76710 7
e 703.89397 388.75933 9
e 221.21062 149.80716 7
e 589.96362 907.50747 8
e 566.70462 977.32052 11
e 163.29780 290.72339 7
e 558.27050 101.93656 5
e 31.99346 753.46513 7
e 27.32573 1029.42874 12
e 681.09394 715.32324 6
e 551.38845 431.26882 9
e 538.13679 57.25837 12
e 412.01063 432.94534 11
e 396.12927 409.67614 5
e 584.28538 371.47533 7
e 340.59383 378.00614 7
e 88.19900 15.46090 4
e 219.16465 750.85139 10
e 211.95609 136.48676 8
e 705.16845 437.24388 8
e 158.54372 61.54329 4
e 482.52145 745.70814 8
e 118.44973 800.24198 15
e 17.69796 804.64565 13
e 178.01471 371.06081 5
e 658.02344 163.88647 8
e 647.33216 317.58728 9
e 42.84839 875.87579 10
e 18.28042 562.91087 11
e 447.84559 892.57053 8
e 693.49803 117.79313 12
e 680.63004 832.04735 7
e 666.11422 172.39184 10
e 601.77460 684.63476 9
e 409.48388 646.96623 10
e 550.56371 472.96266 8
e 301.57805 23.94479 11
e 570.87720 129.20665 6
e 175.54495 725.69957 10
e 633.42398 489.19980 9
e 414.11435 527.20899 11
e 705.22818 877.17484 10
e 34.66328 692.79956 12
e 137.89339 230.87407 10
e 431.27136 235.80061 6
e 457.80770 182.70965 9
e 507.36828 832.23610 10
e 693.89476 283.99404 5
e 150.18689 123.86035 10
e 286.80010 916.52326 7
e 316.42143 897.21314 12
e 418.05498 1008.39780 11
e 276.44027 942.05273 8
e 688.50393 903.67454 9
e 601.91317 488.13635 8
e 568.41411 186.96604 11
e 180.24093 184.14850 7
e 121.28245 914.67406 7
e 59.87096 247.02315 10
e 317.35814 15.94416 13
e 392.21840 657.73948 8
e 160.54166 435.85841 6
e 587.43830 842.99022 10
e 689.37844 319.07291 8
e 303.02417 700.13193 8
e 239.24597 998.69502 7
e 325.21188 1002.52921 15
e 260.22030 478.38830 11
e 636.48495 106.82365 8
e 301.71998 479.31556 7
e 551.26948 554.82582 12
e 81.39434 969.12368 9
e 553.37016 730.82562 11
e 103.28570 986.56996 6
e 158.34724 675.69040 14
e 258.47575 587.52430 8
e 596.79183 85.74283 11
e 596.92309 72.77681 8
e 326.08661 642.42083 15
e 246.65831 923.95331 11
e 212.86170 181.27306 10
e 438.26605 309.94848 8
e 511.65157 329.71416 8
e 375.86473 784.75086 7
e 558.55800 849.16223 13
e 146.31966 349.89658 11
e 410.82417 853.11896 12
e 265.15596 473.65921 6
e 482.90320 140.34723 6
e 137.84599 718.24458 9
e 145.80115 133.27174 6
e 136.11521 608.79063 10
e 127.60084 797.82141 16
e 222.40421 595.69868 11
e 385.28211 954.27071 7
e 550.17009 467.40552 11
e 648.61699 427.27086 7
e 305.26882 17.01824 8
e 57.85356 121.51441 8
e 653.56235 878.36674 6
e 321.63397 83.42582 8
e 619.34437 828.58603 10
e 328.02683 110.37501 13
e 146.37226 610.57074 11
e 204.85518 177.36672 8
e 569.12957 547.26680 9
e 514.86307 314.14928 13
e 696.90010 708.47881 9
e 314.67586 468.26613 9
e 264.58846 477.87342 4
e 600.29244 456.09753 12
e 19.33155 686.13957 8
e 137.27791 1019.58111 11
e 512.30794 781.26800 8
e 282.48380 784.36853 7
e 405.32767 628.53746 12
e 698.72119 640.53457 8
e 286.03040 819.69257 7
e 419.39402 935.84260 11
e 244.11416 323.98672 13
e 238.30327 707.53520 5
e 301.37966 347.19468 14
e 632.52658 666.31767 5
e 642.49833 540.50172 6
e 99.26715 948.68598 11
e 135.40838 1008.04047 7
e 514.61653 818.92154 9
e 459.59350 549.44155 10
e 616.42461 436.72647 9
e 256.92305 565.81030 7
e 686.20181 353.31771 12
e 153.91852 219.03025 10
e 420.76724 236.23763 10
e 202.05196 1014.63511 11
e 552.01213 242.07847 10
e 452.96745 1047.58260 9
e 570.52659 764.16954 7
e 683.81460 902.75862 7
e 669.56710 349.29836 7
e 171.02323 591.55771 9
e 83.33332 797.89846 16
e 33.24417 217.91465 6
e 36.56881 303.44026 9
e 436.53974 93.90049 7
e 627.82162 616.67286 10
e 229.77672 673.85059 10
e 98.86375 818.75393 5
e 311.39311 156.27375 7
e 358.48180 921.33375 10
e 304.64388 437.81430 10
e 468.53399 454.41442 8
e 213.76651 771.58759 11
e 628.09293 432.81282 7
e 547.51674 326.09787 8
e 142.75871 668.22006 9
e 444.26901 426.77393 9
e 43.64150 648.29748 9
e 358.66780 854.06348 10
e 521.62467 499.10357 10
e 296.50938 168.83761 13
e 126.04186 724.24379 8
e 195.82339 503.73592 9
e 415.78287 939.34281 14
e 452.80656 767.21244 9
e 647.02978 953.15908 7
e 257.22875 731.33518 16
e 91.25115 461.14975 7
e 428.31352 433.12120 9
e 615.59495 528.28837 12
e 298.80276 892.86670 9
e 536.49104 241.12952 9
e 191.68257 181.67588 7
e 180.82027 50.17906 10
e 463.12844 267.63970 10
e 320.12570 770.88491 6
e 335.59343 630.61859 9
e 313.62241 638.36374 10
e 189.44990 93.95493 13
e 283.50360 958.42977 10
e 329.82732 220.38574 4
e 387.65090 527.62317 11
e 563.45858 741.15451 5
e 503.17695 227.37686 9
e 504.08625 428.47152 10
e 505.44899 98.38851 12
e 103.96844 645.80067 12
e 281.50707 954.38912 10
e 328.53457 272.58851 6
e 46.34681 246.03213 8
e 412.32634 383.88721 5
e 181.58553 198.30472 6
e 113.44166 464.51202 8
e 256.53005 85.67826 7
e 680.94738 643.15424 14
e 55.53584 256.64600 11
e 215.72398 130.47218 14
e 227.68735 166.56610 10
e 478.87620 887.63116 12
e 119.02620 693.18644 9
e 569.62316 492.95971 13
e 535.99171 544.23541 9
e 586.81150 576.48449 13
e 531.75548 755.34057 10
e 122.94998 171.41378 10
e 75.25610 417.16987 18
e 495.96325 662.14546 7
e 549.99520 494.24830 10
e 253.44704 657.74146 10
e 631.79800 21.83899 7
e 132.16586 209.44412 9
e 562.94975 984.48705 8
e 655.51895 283.58215 5
e 154.32637 617.15214 8
e 627.10859 454.03623 8
e 56.98948 571.06669 10
e 116.89406 660.19224 5
e 342.61919 601.13521 7
e 274.74995 388.88524 7
e 597.99437 107.32827 9
e 35.53948 730.71924 9
e 561.15335 254.20507 8
e 696.82205 290.32108 10
e 310.66123 964.06389 8
e 709.96473 793.44885 9
e 137.06111 585.40382 3
e 43.15696 908.69896 15
e 581.94263 372.25951 13
e 525.12538 985.34614 9
e 689.05492 401.35689 9
e 125.47373 87.69336 9
e 317.05646 410.42227 14
e 286.10603 346.19940 6
e 194.17693 1062.67568 12
e 271.54735 891.83227 8
e 493.58984 48.32353 9
e 390.81162 444.72159 3
e 12.01893 934.33837 6
e 38.16198 288.54271 6
e 45.38538 371.58361 7
e 529.81360 207.29872 13
e 420.53784 999.00882 6
e 675.97425 269.43737 7
e 479.30085 586.15064 11
e 629.84365 627.94221 12
e 123.44065 525.14256 10
e 536.52539 647.19749 10
e 404.54924 823.12596 7
e 255.84002 81.27160 8
e 215.35515 885.40244 4
e 100.25085 441.65997 9
e 155.85697 324.06489 9
e 629.29151 75.20196 15
e 137.37855 138.24498 9
e 474.11896 221.42076 7
e 596.35691 483.85796 8
e 426.25870 506.78690 10
e 168.48083 699.44690 9
e 573.94354 551.16593 9
e 341.26882 317.79156 12
e 245.98896 747.94796 4
e 10.56152 440.34928 6
e 281.77597 516.76890 12
e 267.19362 269.30173 6
e 296.43285 682.27623 6
e 255.33042 257.02342 9
e 443.94368 798.37436 15
e 657.10116 810.59590 11
e 136.90638 841.11529 9
e 487.83045 982.06026 9
e 564.05191 576.72773 4
e 476.43872 650.61900 6
e 550.57856 325.39991 12
e 563.69140 620.62045 7
e 326.44658 85.99763 6
e 696.32109 893.62845 7
e 650.80193 297.21965 8
e 356.93420 404.37208 9
e 375.64962 274.58853 7
e 266.58706 634.69104 17
e 317.53369 1060.10650 6
e 233.77961 1057.89753 6
e 453.54140 349.42224 9
e 31.23467 349.49229 7
e 110.57112 317.96278 9
e 273.34100 989.07712 9
e 508.85171 659.71309 11
e 146.77970 46.25497 6
e 214.64284 360.11706 7
e 382.11129 955.45707 13
e 655.92981 707.32772 11
e 391.21786 94.67805 6
e 297.89706 572.12679 10
e 701.16310 997.65141 11
e 288.19917 999.46797 7
e 228.51319 587.01495 5
e 285.38184 177.53084 5
e 335.72406 251.96114 7
e 522.08081 932.65493 9
e 646.66212 606.92268 10
e 527.32850 957.57252 11
e 285.56120 582.32820 7
e 592.57772 394.34863 9
e 232.06707 353.08689 7
e 262.67449 441.97652 6
e 52.03379 16.78165 11
e 25.57010 276.84016 9
e 552.42273 1030.77916 9
e 166.58514 1053.61588 9
e 239.83023 88.70755 10
e 563.59266 687.89011 6
e 699.41036 407.23237 12
e 20.72479 752.67119 9
e 668.11583 478.35289 9
e 398.04632 195.70620 11
e 609.34629 892.36729 12
e 634.66592 1004.08193 13
e 634.19934 195.17982 7
e 250.98595 473.40774 10
e 554.03246 757.75665 9
e 363.25738 768.48486 18
e 490.71781 340.42536 12
e 660.39148 710.42238 8
e 522.48350 52.46201 9
e 288.65835 741.32459 12
e 30.31443 172.89545 5
e 28.36776 786.32585 16
e 162.92733 219.85289 7
e 69.75918 373.97369 7
e 28.08254 1007.03627 8
e 136.89979 556.05850 9
e 284.27410 738.98156 12
e 146.38207 926.42705 5
e 555.44594 932.33879 6
e 637.77747 92.50026 11
e 24.80537 167.80167 9
e 198.63510 152.36473 6
e 227.83423 856.93451 9
e 656.01421 176.56042 11
e 381.45019 54.46125 10
e 23.05111 247.41786 12
e 247.00818 182.32518 9
e 147.86236 750.68675 8
e 341.80972 132.12827 6
e 589.66863 698.14206 8
e 510.65774 777.20933 7
e 438.17309 993.49793 12
e 312.37039 40.88536 9
e 35.79110 792.81817 6
e 95.20457 670.48531 11
e 145.28079 393.41155 5
e 622.95268 990.28848 6
e 97.09409 317.06631 9
e 615.57504 43.78521 14
e 82.60131 481.14803 9
e 664.01538 139.97928 12
e 53.66561 415.95734 15
e 313.44001 783.64885 19
e 561.54369 408.74437 9
e 97.07981 216.32593 6
e 671.81641 981.74791 12
e 442.70818 257.10355 14
e 589.66125 930.76532 7
e 311.69660 611.27449 3
e 514.44275 544.62840 6
e 150.41650 670.49469 13
e 217.15293 237.37502 8
e 691.30250 239.24739 11
e 603.78029 197.44322 6
e 470.54927 240.23837 6
e 702.98499 564.72584 13
e 541.35189 841.42162 13
e 321.12867 198.78022 12
e 20.87320 474.29339 7
e 278.52760 891.16841 10
e 465.67406 618.78771 7
e 484.30364 305.34360 13
e 276.62647 459.82441 6
e 595.42026 252.19714 14
e 150.51947 187.95418 17
e 127.47979 957.52951 13
e 495.22665 1011.29116 6
e 225.41472 436.42871 5
e 241.39419 506.01319 7
e 348.55610 806.78509 10
e 592.56268 451.89684 9
e 140.63351 844.61750 6
e 288.01721 311.42850 9
e 160.96821 46.68622 8
e 674.44335 829.09376 6
e 134.74966 989.45232 19
e 422.51162 106.98160 6
e 191.70474 757.75741 7
e 312.37032 488.96882 10
e 401.71518 785.11715 7
e 700.74480 1024.87340 9
e 681.81135 477.47645 7
e 68.00519 779.97911 7
e 13.35732 304.56139 6
e 48.70917 945.13143 13
e 178.02967 672.23364 10
e 360.21101 142.52423 10
e 561.81099 262.38231 12
e 410.16393 947.82105 7
e 362.45293 994.24158 9
e 597.01607 178.39494 5
e 242.36806 432.72513 10
e 441.57490 368.04606 7
e 617.18695 331.50585 8
e 517.93869 267.74184 7
e 418.39707 194.61549 11
e 617.34771 719.47680 8
e 664.56843 157.22184 11
e 35.68556 132.62056 6
e 366.19301 62.47028 8
e 30.37248 694.01826 6
e 154.15963 724.52339 14
e 33.98854 768.75177 8
e 611.29307 308.23794 8
e 11.28817 505.18461 8
e 563.50390 818.16824 9
e 135.96652 634.65007 7
e 484.26355 672.13448 6
e 621.57940 771.24516 14
e 369.68159 275.18033 10
e 260.17962 898.70705 8
e 77.75962 182.53210 9
e 518.60403 165.18970 7
e 522.48660 1037.66384 6
e 520.31579 532.21797 11
e 171.94554 66.63562 9
e 537.29713 799.52270 5
e 64.12661 441.90696 8
e 374.85089 311.69789 9
e 531.83142 714.60371 7
e 666.61099 793.70611 8
e 583.58917 77.86815 10
e 202.21602 63.31116 13
e 336.44974 300.89969 8
e 686.23047 423.77980 7
e 319.84729 577.21398 13
e 404.86988 484.18232 7
e 498.59662 827.55226 10
e 579.08573 269.96059 8
e 604.24726 217.04802 9
e 207.11536 617.74650 7
e 168.59773 611.39358 9
e 456.40116 697.75784 6
e 207.08009 393.28128 10
e 701.35442 912.12833 7
e 582.59022 338.10304 12
e 458.74612 180.24132 10
e 360.40879 117.70312 9
e 487.05843 640.38493 9
e 650.31562 36.17587 10
e 694.42844 209.07573 9
e 343.98453 513.00057 11
e 56.08721 751.43726 9
e 539.51642 660.61886 11
e 525.88132 1015.34731 9
e 251.38771 152.71124 7
e 176.79714 481.04161 9
e 588.20599 301.85134 5
e 238.81267 42.00507 13
e 56.10933 217.31620 5
e 371.58994 909.78496 7
e 75.93259 758.96406 6
e 249.24335 839.79804 4
e 706.90479 816.63016 9
e 575.89082 46.14574 9
e 180.52148 914.58615 9
e 99.30292 107.26115 10
e 203.07635 310.49946 14
e 470.65102 810.25543 13
e 446.99215 857.72243 9
e 443.67246 461.61216 9
e 588.40575 131.95531 11
e 178.30884 744.85593 9
e 226.35157 840.73351 9
e 171.49324 715.75751 13
e 620.98993 482.54450 9
e 345.86299 828.63838 9
e 155.43728 999.96512 8
e 639.17950 332.26878 8
e 50.27042 742.96288 7
e 517.05415 744.58998 15
e 566.58621 165.67676 14
e 416.24765 567.01062 13
e 580.67430 968.63317 7
e 486.77421 593.61538 12
e 22.64023 724.62544 6
e 609.63972 918.42172 9
e 324.76132 754.83743 20
e 695.30797 1053.46198 10
e 672.80389 726.64168 5
e 346.59485 416.50199 7
e 455.40639 326.16647 9
e 554.79508 714.49177 8
e 681.31290 98.23623 14
e 240.32654 44.19335 10
e 412.90115 546.58225 7
e 184.48206 390.58596 7
e 57.40024 26.17163 12
e 97.64434 282.37134 9
e 237.38930 836.56510 8
e 401.57483 360.60593 5
e 199.51030 14.35869 15
e 540.26588 300.18643 10
e 228.74683 819.28579 7
e 452.09299 291.28854 9
e 237.16585 44.15914 12
e 472.08265 449.38424 11
e 530.80743 440.97622 12
e 168.33522 273.68449 10
e 307.50066 555.70986 8
e 383.46238 811.51658 14
e 50.40770 457.72314 6
e 707.78176 902.44411 10
e 324.08723 287.08615 11
e 89.23332 604.02239 8
e 282.43296 533.08874 12
e 652.52731 839.02408 12
e 709.46447 198.70029 11
e 518.52578 836.98660 12
e 31.24409 684.00105 9
e 202.58898 801.97107 9
e 443.86790 754.69709 12
e 335.79417 268.98798 9
e 490.84677 190.64424 10
e 73.05492 588.71651 7
e 522.66414 735.88571 7
e 637.32941 21.94333 13
e 357.13159 644.59887 19
e 707.63187 1045.40463 12
e 329.22938 292.47066 6
e 624.85641 190.14929 8
e 510.37610 298.56820 8
e 224.20345 705.32293 9
e 191.04497 602.27713 10
e 271.14043 600.96988 8
e 571.26113 385.97814 6
e 508.91496 919.25022 12
e 94.27715 604.40551 6
e 232.54136 892.98912 14
e 409.80015 455.38247 8
e 527.30348 950.30338 7
e 245.80654 517.02498 9
e 267.11813 107.39270 8
e 496.98092 930.63369 10
e 165.75372 408.23557 7
e 692.72547 93.84389 4
e 490.16522 1041.27212 12
e 120.96525 804.47943 8
e 514.86389 747.08147 5
e 306.07825 780.65467 6
e 290.18064 837.83220 3
e 468.57076 380.53020 6
e 474.42052 598.73366 4
e 423.55923 68.27399 9
e 77.59647 193.28332 6
e 694.28593 142.37882 14
e 389.35159 524.25027 13
e 267.18538 661.99217 10
e 471.92208 248.37637 10
e 329.73604 1040.99818 12
e 339.27511 422.05540 17
e 333.73958 325.98804 8
e 577.25283 918.81162 12
e 109.15341 153.24620 9
e 261.64411 289.19256 7
e 51.05833 843.87568 11
e 368.47951 982.55731 8
e 653.76584 558.94076 5
e 220.65311 471.97153 11
e 379.16332 769.03781 11
e 703.15736 19.06515 9
e 120.73580 652.75516 10
e 460.94507 461.44485 4
e 508.82095 1017.15309 7
e 204.48597 873.94416 13
e 125.68348 623.06573 9
e 459.01035 76.30447 10
e 174.62082 564.29386 8
e 462.00387 515.65352 8
e 694.71819 334.75095 2
e 331.64353 888.61337 10
e 83.44795 291.21858 7
e 348.01720 487.94708 8
e 669.14608 303.84788 11
e 296.28668 182.88299 10
e 185.46232 162.12235 12
e 74.77094 246.42275 11
e 87.82729 426.53801 7
e 130.12853 143.75852 7
e 184.53708 190.26089 4
e 508.56583 614.34737 9
e 442.04166 1044.27353 8
e 148.55170 701.14680 6
e 268.54197 907.50135 12
e 25.57921 599.26012 9
e 640.69568 365.93290 9
e 482.89156 939.15161 8
e 380.81532 279.69037 9
e 184.55864 453.39991 8
e 589.30861 584.70634 10
e 164.00600 433.83458 8
e 294.00904 865.72451 5
e 612.31984 79.26009 9
e 642.09635 845.45628 11
e 463.77058 589.62229 14
e 700.45976 910.27003 11
e 247.01983 369.83398 10
e 180.20590 586.00800 6
e 305.45513 1031.62347 13
e 24.87539 796.94341 6
e 683.43491 915.95209 9
e 627.51919 261.73038 14
e 17.08924 718.36123 12
e 338.61744 193.43727 10
e 693.23876 649.98085 13
e 440.59776 624.55719 12
e 503.64774 964.79169 10
e 178.78916 450.79383 7
e 97.18758 514.22544 11
e 192.23128 486.72713 9
e 553.94746 92.44042 11
e 561.05545 603.50995 7
e 651.60460 807.27126 6
e 136.53714 106.28658 2
e 106.40819 297.32654 10
e 53.07843 293.33930 6
e 387.62028 532.10052 13
e 620.39506 214.75407 9
e 657.63894 13.75556 13
e 625.69529 659.47128 6
e 697.97525 305.27986 10
e 581.41058 345.66999 15
e 257.98074 122.96064 11
e 394.48296 649.18059 7
e 530.27036 389.24947 15
e 214.06532 180.52080 7
e 259.61223 846.08075 6
e 288.51332 116.66205 9
e 625.21944 127.00224 6
e 180.66415 828.26315 7
e 537.59552 861.30192 8
e 344.11837 611.84181 10
e 41.34739 736.19003 11
e 494.18422 1049.47704 5
e 33.33644 473.42043 9
e 564.49287 464.01537 10
e 640.33559 373.92005 6
e 286.49849 144.43371 12
e 223.53662 919.98604 12
e 698.45652 552.86052 5
e 692.38585 582.83474 8
e 136.00215 24.34639 12
e 452.02451 48.32562 13
e 158.29935 720.71759 8
e 360.53173 591.66092 8
e 190.91913 33.72442 7
e 217.78658 1049.31319 6
e 555.41701 938.61131 8
e 290.19474 332.56020 6
e 491.50921 983.91951 13
e 528.34201 59.20665 14
e 498.57470 962.09416 8
e 192.00933 343.42453 7
e 16.83209 1015.85339 7
e 572.98594 825.60847 12
e 370.35408 82.81347 13
e 275.93875 953.97590 10
e 422.79022 506.52854 13
e 332.41976 139.27351 8
e 277.27131 296.49453 6
e 451.43341 167.99704 6
e 392.73878 476.14801 11
e 183.32488 1044.64036 4
e 575.22719 136.79318 10
e 708.61201 720.26955 12
e 277.94380 465.18064 12
e 458.38272 250.49839 12
e 685.26288 694.52619 11
e 674.67301 975.96401 7
e 34.18342 614.88546 7
e 336.61954 998.63558 5
e 111.94139 65.54941 10
e 180.10425 741.20229 9
e 327.18023 738.67425 11
e 219.90788 701.45768 14
e 379.83967 909.01351 13
e 677.33122 223.64048 15
e 19.67976 814.62332 5
e 365.97957 365.65487 7
e 204.85342 248.39167 9
e 99.39059 1003.95899 16
e 662.42144 492.74671 8
e 272.19512 302.63283 9
e 473.14895 1000.95883 12
e 230.28294 488.23061 9
e 407.83452 324.08623 6
e 526.29644 656.05008 6
e 456.99415 98.69594 9
e 515.63602 295.59570 10
e 432.13515 1059.16425 7
e 698.66507 489.78517 6
e 279.74070 48.38780 7
e 474.35236 227.37445 10
e 248.60796 887.05454 10
e 687.39773 122.56660 19
e 225.64859 1034.39663 9
e 533.90766 157.83106 11
e 513.60172 833.84213 5
e 542.11894 420.27456 11
e 578.91579 836.41163 11
e 534.31186 720.72141 11
e 62.60800 208.94233 10
e 646.53807 323.53106 7
e 574.47726 827.30665 8
e 175.60035 100.68923 6
e 33.94348 297.72643 7
e 130.60063 38.40008 8
e 571.57028 356.82930 5
e 99.95279 183.76687 12
e 476.79902 620.71843 7
e 359.99106 361.15370 8
e 705.73166 376.50959 11
e 689.37042 581.57516 11
e 604.11286 166.98525 7
e 197.13658 274.77850 11
e 13.30334 704.00738 10
e 431.93678 539.15548 10
e 559.80733 101.87231 11
e 385.61808 901.07793 7
e 698.09366 297.56044 11
e 411.30894 513.73265 8
e 447.82965 716.66324 10
e 112.69101 160.66943 10
e 698.33829 763.01981 5
e 588.19386 582.96682 7
e 472.78421 802.30949 6
e 338.01263 530.98869 7
e 201.66506 821.35030 7
e 437.68707 1019.56059 8
e 101.08705 299.70282 13
e 173.43641 1051.44659 4
e 69.68941 500.28924 8
e 171.17690 752.49641 12
e 489.93328 779.53743 11
e 126.92763 152.89757 5
e 147.30806 541.75785 10
e 182.07633 601.48953 10
e 429.92493 363.67290 15
e 295.63914 264.30759 13
e 551.29029 234.79831 7
e 74.75279 71.59464 12
e 569.70898 963.01766 8
e 430.56551 863.19764 6
e 20.30770 116.17100 10
e 95.81721 277.85937 8
e 424.68565 353.54327 12
e 341.96132 333.45835 8
e 417.65125 420.87971 9
e 76.77797 104.50189 5
e 206.12204 770.85907 12
e 350.94058 122.92731 8
e 23.36720 982.10481 7
e 108.61495 1040.87782 8
e 333.94388 533.44266 13
e 372.79350 606.19185 10
e 103.96272 584.84285 10
e 655.50940 647.42691 5
e 394.02313 205.76237 8
e 219.20354 722.43565 7
e 42.99624 468.49652 11
e 260.65530 751.61870 14
e 189.12768 838.24625 11
e 146.10964 488.05062 10
e 678.47355 607.86189 5
e 236.04433 45.98901 4
e 372.83541 74.09198 10
e 473.69614 433.25681 6
e 316.37785 784.43847 12
e 394.69210 65.67852 8
e 140.33256 413.26652 14
e 384.72328 709.52248 11
