c ./output/rectangle/uniform/uniform-rectangle-6-1000
p rectangle 1000 720.00000 1080.00000
e 367.54689 477.34815 8
e 632.29641 624.77920 9
e 699.04414 762.98267 9
e 201.67337 709.36975 7
e 608.84919 204.18423 4
e 190.50299 871.30361 8
e 665.19303 581.47605 11
e 189.37021 902.95531 9
e 657.12025 699.71331 14
e 88.08641 39.34053 8
e 526.20182 870.91142 9
e 298.73620 688.07738 8
e 185.46273 141.31213 13
e 703.71875 54.25959 14
e 89.44965 360.57398 7
e 407.93967 852.66631 14
e 234.06455 939.54064 9
e 140.75786 212.38251 8
e 373.26022 758.22689 9
e 393.09445 565.86635 11
e 396.57323 815.46042 10
e 384.61794 515.57341 10
e 62.86572 305.71990 12
e 196.99210 448.94460 10
e 313.14800 423.06762 7
e 180.59641 240.96714 21
e 131.31668 964.11219 9
e 188.81831 917.96823 11
e 223.15842 347.25024 9
e 66.52631 742.82677 8
e 242.98645 1019.55626 11
e 121.99460 99.01426 9
e 506.69312 86.26595 10
e 97.07435 30.31601 9
e 341.07025 792.46898 8
e 678.23032 1027.10845 11
e 77.55265 833.04425 14
e 601.79372 167.57986 13
e 404.49027 730.47213 8
e 294.41518 899.75090 8
e 304.58434 427.71257 14
e 158.19211 977.52330 7
e 282.80595 414.79065 7
e 195.29662 516.14812 10
e 360.89470 732.00652 12
e 519.22644 994.42445 6
e 328.05345 822.13916 10
e 40.56061 149.79456 8
e 215.52170 999.22327 11
e 258.28777 267.78639 9
e 34.39786 573.70165 5
e 204.73302 792.91750 16
e 62.35638 759.97200 8
e 416.30083 379.95064 7
e 235.55988 299.08589 8
e 557.32261 715.32899 8
e 323.36675 255.82862 8
e 691.93189 491.55599 14
e 278.72717 151.49431 10
e 373.12619 168.32029 9
e 156.69141 653.02339 7
e 562.83858 176.51407 13
e 240.77285 12.13557 19
e 480.16499 263.70444 13
e 518.00750 881.02703 9
e 286.08631 106.25241 10
e 164.49058 618.04421 9
e 647.65299 166.96866 10
e 530.46279 574.09094 6
e 23.40316 991.74982 7
e 40.91124 791.90457 11
e 557.79772 924.31374 8
e 279.80017 23.11433 8
e 79.12862 900.79015 10
e 81.15445 520.43247 8
e 242.10126 32.28218 12
e 421.71183 1064.05732 11
e 411.83291 909.63237 14
e 47.77521 711.71333 15
e 227.42753 339.97344 7
e 185.12922 584.42842 8
e 704.14339 587.31454 10
e 383.01835 568.19492 6
e 351.64859 281.27891 8
e 462.19282 29.43140 6
e 239.63535 789.94249 18
e 185.12879 542.47338 9
e 172.79718 1010.36243 11
e 230.99668 402.69134 11
e 116.50462 1004.58417 4
e 531.85692 732.29656 11
e 204.84876 619.65411 14
e 82.96961 15.13056 5
e 358.43105 453.59767 10
e 364.02960 887.22911 4
e 691.78198 274.65893 5
e 596.19202 637.96184 7
e 709.57596 652.36922 13
e 457.06658 192.26688 9
e 416.09667 1050.24804 8
e 368.38488 934.19725 6
e 391.35001 25.61271 18
e 21.92430 314.48065 6
e 274.88847 307.58986 13
e 251.07142 510.18657 12
e 79.29688 600.86498 8
e 216.65579 387.15718 10
e 680.89724 839.19768 14
e 662.42046 567.23250 9
e 590.66773 188.67104 10
e 701.95296 853.14543 10
e 84.83215 732.99400 13
e 18.81976 362.29078 12
e 181.03562 113.04402 7
e 423.69269 745.65343 7
e 554.82986 1046.36518 7
e 620.44500 770.14069 3
e 521.26314 341.57896 9
e 365.55682 543.57350 7
e 372.25248 201.46517 10
e 142.16638 157.98137 8
e 677.54740 962.94144 10
e 694.48053 473.32256 8
e 187.06644 379.84053 6
e 99.22589 339.30994 8
e 197.51922 451.73911 8
e 691.57235 780.22127 8
e 100.71605 329.55874 10
e 46.50915 36.06068 15
e 176.92331 731.39849 6
e 600.30226 757.77349 7
e 291.94143 638.90846 15
e 657.60578 98.03356 8
e 686.98529 387.35766 7
e 419.39412 93.05295 5
e 316.42804 210.88461 12
e 465.88481 505.97032 9
e 71.15900 116.49295 6
e 40.98003 1002.66715 14
e 368.13787 599.69794 12
e 387.27482 834.36412 5
e 398.58247 1049.89304 5
e 49.84381 730.23451 5
e 669.08459 65.55773 5
e 455.26006 928.61944 10
e 60.15762 81.72632 12
e 597.52668 172.16977 13
e 289.45284 162.88876 14
e 525.19537 1055.95355 6
e 538.77076 912.70779 6
e 336.49969 925.55061 7
e 450.71149 182.10334 9
e 240.92476 80.95495 10
e 319.21951 467.37818 10
e 173.44495 934.38720 10
e 616.11757 542.27106 7
e 396.14687 133.29492 6
e 303.03943 1031.07629 10
e 313.53570 110.98802 5
e 346.33908 1030.98489 12
e 116.88365 958.59589 8
e 185.94918 211.59666 8
e 700.51813 988.16577 6
e 472.75340 774.25046 10
e 649.01261 298.21681 7
e 56.46652 691.41494 9
e 217.96150 181.59095 10
e 390.82911 590.81868 15
e 88.33442 862.00574 4
e 455.23392 509.81215 13
e 231.33741 952.47487 14
e 428.30054 545.12174 13
e 257.69252 398.41850 6
e 524.30804 29.81576 12
e 303.87120 262.08426 13
e 447.29709 45.86271 9
e 656.54752 591.49076 11
e 300.14127 801.02643 10
e 16.89465 887.13604 11
e 61.57051 146.32527 12
e 636.68390 822.56970 8
e 54.17876 968.40020 9
e 237.31074 1003.29602 11
e 306.80974 286.64562 4
e 592.88190 899.89571 12
e 664.13300 161.43411 9
e 37.54621 35.75654 7
e 65.27833 309.50566 12
e 295.21558 156.40214 10
e 583.20741 765.77064 11
e 264.88616 934.41861 11
e 539.47386 861.47230 7
e 643.91288 35.82741 4
e 254.67156 828.87586 7
e 64.33642 194.58529 8
e 466.43328 1039.02396 6
e 178.25371 237.66892 6
e 698.74472 251.40283 6
e 103.12502 649.74867 8
e 640.59800 900.81893 11
e 29.24967 343.53692 9
e 204.29203 282.36558 9
e 130.46316 600.16757 7
e 374.52454 592.83684 10
e 221.05820 540.39666 11
e 62.00945 536.95692 5
e 660.82280 329.36052 7
e 197.40877 784.11954 8
e 374.25821 757.05845 9
e 646.18272 332.39229 10
e 56.95522 117.41205 9
e 119.73158 411.63128 6
e 165.59273 644.72768 9
e 660.75294 983.07592 9
e 308.35297 587.71481 14
e 395.62330 388.99236 6
e 578.34471 835.96256 11
e 367.64164 748.39693 5
e 271.30937 400.94085 13
e 122.38018 173.63083 9
e 638.23509 17.23786 12
e 376.62835 963.08563 12
e 558.92036 589.64717 8
e 594.61836 339.22029 6
e 425.84591 729.24450 10
e 113.57775 888.28353 15
e 288.63819 1016.34756 9
e 259.68712 338.78786 5
e 673.48175 918.41726 4
e 184.16319 545.70997 11
e 37.75647 1067.47508 7
e 250.94284 509.73191 6
e 323.39005 448.03361 7
e 300.61609 802.01167 10
e 143.76493 308.14542 13
e 411.81551 814.66329 7
e 379.46343 559.53789 11
e 586.68182 694.27547 6
e 685.99257 195.83741 7
e 595.13289 840.20644 10
e 632.88797 252.79414 8
e 645.76416 457.42931 6
e 91.37461 529.82755 13
e 87.53772 12.02649 12
e 176.60081 1021.06803 11
e 410.49110 945.37834 12
e 534.57419 66.36525 10
e 421.23464 822.01144 9
e 547.67538 1053.02602 11
e 329.99809 374.12563 9
e 112.74466 634.61643 9
e 605.47283 571.09829 8
e 145.10544 484.62549 7
e 555.78841 918.08488 9
e 421.86162 1025.94035 12
e 160.69795 202.91597 6
e 449.72654 28.22864 6
e 482.17220 416.25021 8
e 389.11221 876.24689 9
e 287.96002 801.74296 8
e 228.71124 696.53308 5
e 276.83727 830.31745 9
e 397.23790 232.22832 7
e 522.58328 303.83117 12
e 255.19536 859.29382 13
e 234.34255 44.71204 8
e 233.76612 735.63103 10
e 517.71812 1039.62815 13
e 360.55102 228.27553 13
e 235.70486 777.16459 8
e 148.66539 943.02030 7
e 469.69948 1005.92414 9
e 606.55898 217.59530 7
e 506.04435 562.30402 13
e 273.99557 621.31881 7
e 638.64402 531.44026 9
e 64.16910 696.00634 10
e 65.56822 250.84894 10
e 366.65792 446.98477 5
e 650.64763 241.96264 10
e 438.51290 718.09419 9
e 386.98856 856.31287 7
e 613.54261 668.81553 7
e 484.76794 80.65293 5
e 343.33195 545.77434 11
e 55.43527 513.88124 5
e 706.79751 375.27570 8
e 79.45368 289.97905 11
e 426.93997 993.74032 15
e 265.10367 121.61738 15
e 108.67875 507.31696 11
e 449.06051 564.32551 9
e 34.08170 30.22501 7
e 142.09858 125.63796 10
e 532.47060 1049.55723 7
e 671.36019 161.35760 15
e 481.53080 689.15581 6
e 529.42502 536.34167 13
e 335.34044 310.26997 7
e 164.77374 615.34668 9
e 507.75593 523.57929 9
e 321.38599 1036.94108 8
e 96.68313 179.95039 13
e 141.01617 863.62971 12
e 263.02481 331.65831 12
e 511.35672 34.70078 7
e 346.91832 551.94365 4
e 35.52979 503.88074 12
e 571.59229 439.03249 12
e 533.38942 556.03094 5
e 70.98301 728.17207 9
e 533.87403 830.72578 9
e 327.92712 794.21552 9
e 633.95827 204.61503 11
e 122.72514 451.54247 9
e 277.33539 932.70382 8
e 199.85854 848.66905 7
e 276.63169 676.18874 7
e 30.60607 487.13480 6
e 502.42292 161.00960 10
e 640.87894 798.95326 8
e 496.18891 906.22114 13
e 29.24613 829.34055 11
e 154.33354 395.42130 7
e 237.03540 45.22936 6
e 17.59656 583.73109 9
e 301.39403 824.21020 12
e 415.78478 102.38451 9
e 669.92409 889.77116 11
e 370.86537 642.28371 14
e 183.94067 740.86547 9
e 210.70483 579.80559 13
e 18.81315 856.49841 12
e 10.37952 459.90175 9
e 150.68043 896.30527 8
e 297.37087 958.70067 7
e 376.41667 280.75062 4
e 183.55027 657.00941 13
e 578.27624 1030.88474 9
e 650.97783 457.55962 9
e 461.92223 929.58048 11
e 334.41730 504.28021 11
e 537.66566 1061.30285 7
e 652.47571 205.59039 8
e 598.67805 301.83567 9
e 530.34585 351.37419 7
e 340.70278 848.33758 8
e 341.96346 316.97839 7
e 100.86787 453.57011 12
e 568.59298 447.34061 11
e 694.49751 435.28087 10
e 383.14407 935.43739 8
e 221.99876 87.18766 9
e 130.49233 525.22178 14
e 622.03269 284.75147 12
e 202.99030 985.79088 7
e 94.83863 355.17598 13
e 40.56860 387.26810 9
e 283.60054 1050.77875 9
e 12.27180 993.66252 4
e 619.05025 302.13997 4
e 665.85278 259.68463 6
e 623.89526 823.48177 11
e 664.15173 679.65157 10
e 642.01118 463.66122 11
e 16.76427 780.25082 4
e 244.18744 558.30784 9
e 709.24352 225.49295 10
e 685.46249 218.81474 4
e 228.62090 708.77076 12
e 295.26165 955.95503 12
e 281.68487 629.85961 9
e 308.21525 153.87325 11
e 686.60060 727.31126 9
e 283.28163 424.74146 12
e 391.04623 516.02105 7
e 603.17757 516.29051 9
e 372.12707 260.51467 10
e 371.22705 325.20437 10
e 503.83289 902.24067 4
e 540.77989 690.11365 8
e 219.95449 713.22938 5
e 260.95785 909.82584 10
e 397.57544 202.75086 12
e 452.25799 681.10237 9
e 355.30828 130.65886 6
e 632.99536 330.79901 15
e 253.03914 353.02260 6
e 103.72692 211.78150 8
e 562.06808 973.47199 3
e 224.75107 39.71852 5
e 369.77116 870.20794 5
e 121.73926 326.39194 12
e 649.08239 1047.52612 6
e 266.91764 579.46446 7
e 502.79217 583.60924 7
e 79.36425 915.92548 8
e 575.15303 733.80471 13
e 428.30342 287.25640 12
e 461.72643 933.63328 9
e 97.27350 1055.10805 10
e 119.91524 392.87767 8
e 696.71387 819.70357 2
e 510.41805 649.49059 11
e 357.41413 221.38779 11
e 609.10338 395.98238 11
e 333.37621 374.80484 8
e 302.40791 237.84518 7
e 483.09801 267.14619 6
e 469.22161 1052.56947 7
e 434.39945 209.25270 8
e 569.45597 82.37548 8
e 598.81225 891.43562 8
e 223.65882 916.30475 10
e 583.15687 500.42072 9
e 633.60995 605.21509 12
e 452.52656 512.32099 9
e 105.61785 25.22749 8
e 403.91915 420.86030 11
e 614.74424 23.27566 11
e 673.50621 333.49644 11
e 664.86139 754.49570 16
e 427.61008 878.73005 9
e 251.35125 161.88112 7
e 470.11637 833.20043 7
e 548.04864 561.15068 7
e 370.80846 737.74379 8
e 66.47014 932.34710 10
e 302.31393 834.09776 8
e 396.14460 381.31918 8
e 192.76427 83.59362 8
e 616.12103 998.51038 9
e 697.76905 744.67621 5
e 83.16311 631.79685 4
e 320.34005 589.00572 12
e 90.35507 206.64855 8
e 396.29417 194.77396 10
e 343.46638 16.79076 9
e 174.74775 1036.43106 13
e 603.69368 1047.93961 8
e 447.06758 27.08116 7
e 74.23444 51.59634 11
e 369.14424 1050.19588 12
e 170.16757 382.98658 10
e 57.32409 392.63848 9
e 542.77900 176.53771 8
e 130.98531 682.50571 19
e 621.69981 813.81321 9
e 144.16467 152.99977 13
e 602.99376 928.49714 8
e 475.78098 239.29504 10
e 518.15028 180.46510 9
e 526.28508 356.58400 6
e 277.85864 77.92967 7
e 348.00620 337.52456 11
e 109.84709 564.42232 9
e 456.76346 470.54808 13
e 91.88302 644.02108 9
e 603.14864 139.16657 11
e 192.44327 262.06669 9
e 229.07304 731.17536 11
e 460.36607 919.74784 13
e 227.57430 637.32658 15
e 605.58635 154.58319 10
e 94.64411 458.95205 9
e 148.18224 453.25287 10
e 391.85218 278.36112 13
e 188.98951 796.74723 8
e 301.22255 415.39551 15
e 647.67967 95.75021 9
e 181.91776 244.09682 6
e 511.13173 474.47820 9
e 360.79290 198.49246 11
e 469.39984 347.76792 9
e 65.98935 960.46235 12
e 61.85766 782.01478 8
e 317.38660 824.54055 8
e 132.61783 780.13927 13
e 563.50724 890.35302 11
e 647.56080 963.66880 12
e 315.80135 318.52721 8
e 342.32387 711.99565 6
e 30.34598 511.52914 7
e 221.41647 625.39251 6
e 275.54871 352.75010 16
e 22.88688 164.50088 9
e 178.76714 1028.40721 14
e 591.18363 83.77660 9
e 135.59369 804.67673 11
e 172.27112 920.90220 12
e 526.62280 306.54869 9
e 533.28427 254.15631 10
e 628.53407 136.55631 12
e 370.10254 636.20441 11
e 362.30308 45.75855 7
e 33.32140 339.98663 8
e 465.58822 847.47903 17
e 524.21431 1052.68860 5
e 320.43180 908.13805 7
e 628.93349 408.60375 10
e 509.74604 891.43138 12
e 117.49381 561.78822 7
e 584.43848 249.84649 15
e 64.05860 207.59466 13
e 690.26110 671.91871 8
e 314.11926 675.35356 5
e 75.59079 623.94049 7
e 478.80969 807.94195 12
e 166.62218 98.96340 9
e 253.12608 982.20793 9
e 83.59305 1022.31344 13
e 291.73803 109.24437 8
e 307.43022 1021.40102 9
e 112.61647 257.38668 6
e 668.75831 895.58905 11
e 426.41350 133.69293 8
e 326.72765 1023.41235 14
e 266.91563 980.40213 8
e 343.37539 337.78744 8
e 128.89169 936.84146 10
e 344.28212 281.87689 14
e 533.92376 569.13966 10
e 318.81199 311.27229 7
e 275.85802 418.76932 17
e 428.70746 471.09607 5
e 84.85731 105.95133 14
e 334.56068 1020.19109 12
e 506.83441 272.72956 12
e 675.11319 110.70372 10
e 46.07725 876.32106 7
e 190.35846 444.76605 7
e 53.78342 271.37236 9
e 474.68440 36.86315 9
e 618.43630 923.20803 10
e 90.31111 306.38290 6
e 214.84517 77.70329 14
e 635.50429 939.49690 13
e 271.37538 458.54320 6
e 364.74049 565.12670 11
e 345.29694 254.00875 10
e 74.29865 786.68833 12
e 559.92450 685.44861 9
e 436.24578 245.53788 10
e 55.85752 304.08795 12
e 466.15478 1044.82674 7
e 389.89397 860.35779 8
e 174.04518 531.41801 11
e 150.26090 808.51187 13
e 580.51698 1043.46422 6
e 648.60669 36.30949 8
e 603.26034 372.79998 6
e 630.60665 32.06943 7
e 152.65777 1050.44126 12
e 620.96740 288.77003 10
e 166.42994 876.01661 8
e 33.32057 884.56487 9
e 707.06113 692.78137 10
e 81.68376 388.47535 5
e 538.44193 1057.95488 9
e 707.55348 738.22507 13
e 619.61547 702.10446 9
e 187.65770 42.31408 4
e 219.97388 746.47772 7
e 669.28570 1060.69649 6
e 496.76391 768.98156 11
e 167.32646 411.67685 10
e 247.62841 392.93606 10
e 497.58624 360.65867 6
e 524.77534 1063.96407 8
e 54.66360 1038.85415 8
e 474.50188 312.61386 10
e 463.38628 240.10571 6
e 253.84391 385.48862 7
e 597.02694 407.40833 10
e 373.90537 633.59953 9
e 83.47259 758.39286 9
e 184.09161 570.18094 11
e 321.85016 1063.85342 10
e 501.95303 539.88024 6
e 14.64455 875.82989 12
e 166.40663 839.66516 16
e 579.54412 915.79899 9
e 125.74055 421.37768 8
e 162.26945 65.41487 9
e 478.20207 516.90458 8
e 659.13259 909.97822 10
e 556.02187 408.05468 7
e 329.61195 338.15979 7
e 513.14590 429.37365 10
e 69.48436 144.67994 10
e 287.82413 558.39495 5
e 329.16373 774.74708 11
e 549.34997 51.83978 11
e 489.72318 826.04870 9
e 103.42939 96.32072 9
e 667.14994 552.64424 9
e 306.43812 404.71723 15
e 679.70578 1003.07284 14
e 694.17021 652.20355 10
e 409.05480 864.39454 10
e 314.75704 923.28041 12
e 76.23735 849.04390 9
e 38.22218 371.31440 9
e 602.87136 376.60410 7
e 115.82272 257.58662 11
e 507.51041 342.60840 11
e 222.62295 364.67419 11
e 600.97586 933.25690 13
e 176.40396 103.45164 15
e 637.67958 735.56594 7
e 589.44872 275.85613 5
e 70.16176 17.65610 6
e 14.34934 351.86827 8
e 591.12359 727.50835 8
e 21.04711 602.21217 10
e 669.18918 119.19697 14
e 707.21260 557.81679 11
e 588.24264 179.70566 6
e 425.22304 165.94910 16
e 32.75892 453.91957 8
e 397.80407 22.82652 12
e 570.82717 117.89742 6
e 595.35891 761.62271 10
e 43.67454 685.44569 11
e 144.44665 930.19427 11
e 610.42073 989.69077 3
e 477.25682 1056.66511 13
e 441.84600 493.55357 10
e 79.97346 631.09886 6
e 578.75146 1033.06127 6
e 151.87319 670.93833 8
e 598.24851 912.87652 11
e 495.59532 230.92928 10
e 547.06240 826.81936 12
e 379.27322 660.36293 6
e 223.46865 465.61601 5
e 154.87310 231.54027 10
e 40.94192 244.87369 9
e 118.24578 782.76640 8
e 144.54578 1001.44715 4
e 607.95414 547.67496 11
e 542.40768 569.97462 11
e 320.94944 835.54825 8
e 688.74057 533.38867 11
e 114.62786 150.29166 11
e 199.77494 130.83758 11
e 268.16928 909.36911 13
e 376.38926 1035.30976 7
e 700.59466 275.58081 9
e 536.00573 743.88400 11
e 641.45300 169.62299 8
e 501.65168 952.86429 14
e 94.01888 279.45076 9
e 448.91952 955.19632 10
e 651.94046 660.16815 11
e 239.26601 700.83024 11
e 300.40554 74.18379 6
e 442.46615 996.73741 3
e 578.54347 1049.21506 13
e 290.17539 492.56726 9
e 434.28860 789.28671 4
e 137.96333 249.88338 8
e 37.24864 616.34503 10
e 375.27218 432.11944 9
e 454.11263 184.88611 10
e 67.87800 710.38036 9
e 494.21405 778.66028 7
e 368.56577 569.18509 12
e 658.69305 445.44241 7
e 535.88108 671.09316 6
e 141.26733 1055.13938 13
e 708.07779 480.72396 9
e 499.90145 275.95361 9
e 479.83126 230.69159 10
e 287.65045 141.42457 7
e 97.96105 1005.52866 9
e 492.84691 375.50239 7
e 635.58433 972.04704 8
e 609.40433 190.50671 6
e 389.74444 140.88332 10
e 294.62343 462.00150 11
e 539.87806 168.64130 8
e 362.33709 1029.96033 7
e 157.57900 153.98615 11
e 627.55355 926.14887 9
e 686.36791 946.86742 11
e 348.07674 439.04710 7
e 621.99127 885.77714 11
e 702.66215 88.28442 6
e 678.55613 785.14377 13
e 409.15867 314.59139 12
e 327.05010 742.38434 11
e 622.63481 726.67343 7
e 317.85532 549.71873 10
e 159.86242 672.04741 7
e 642.18420 211.80567 8
e 359.06460 111.78224 13
e 522.80732 76.27940 8
e 144.70515 447.20288 12
e 205.20914 286.60451 7
e 543.91302 690.98277 9
e 478.80096 341.05468 11
e 309.33945 1047.74191 8
e 636.00311 79.68295 8
e 375.26574 203.76598 8
e 258.45614 155.88730 5
e 359.35239 862.61930 6
e 682.34857 112.04092 10
e 121.85357 291.59621 13
e 451.46783 109.03266 8
e 461.00510 739.45964 8
e 101.84440 951.78528 8
e 517.77339 1031.79647 11
e 307.34611 137.32146 11
e 282.02892 283.30942 9
e 236.64772 643.27648 13
e 47.22484 155.68328 9
e 685.58728 152.26062 13
e 547.14458 336.73902 10
e 709.39043 755.75409 3
e 425.69636 447.38968 14
e 153.14697 885.52288 8
e 42.63038 527.11786 13
e 493.65265 583.37116 13
e 353.87520 804.20619 15
e 489.23357 230.38224 13
e 279.97552 548.92694 7
e 605.38006 510.20236 10
e 232.58497 24.77917 9
e 68.92762 356.49989 6
e 19.85407 988.28278 19
e 215.50070 82.11263 11
e 679.35866 115.41537 9
e 228.82245 957.86973 8
e 491.77186 519.07653 13
e 608.27772 1020.19277 10
e 665.40259 705.19328 18
e 216.41514 565.52401 3
e 642.72080 341.24375 13
e 502.27026 108.90021 8
e 290.20681 331.41475 8
e 632.49970 952.13662 8
e 313.00339 1015.64658 7
e 53.61540 197.31596 6
e 227.39645 993.53170 8
e 663.16772 800.90637 9
e 255.13433 701.88035 7
e 96.54055 1004.14411 15
e 187.10938 467.66386 16
e 477.11408 194.06350 11
e 573.09792 667.12910 10
e 405.60654 573.31196 8
e 669.45521 92.93515 5
e 47.62614 193.82068 16
e 222.68621 774.00495 7
e 505.28493 48.20648 11
e 83.29189 736.83364 11
e 447.31883 231.51571 11
e 616.22609 920.10732 8
e 193.20369 1017.41079 6
e 323.36306 300.68944 9
e 428.90511 555.88364 9
e 676.50771 516.03694 9
e 700.26822 603.69039 6
e 14.31316 979.37928 11
e 228.82896 826.90575 11
e 558.10963 384.33973 9
e 653.31886 678.42460 8
e 709.65098 874.42437 8
e 144.47694 788.61112 8
e 599.75012 747.32497 8
e 374.20920 770.50554 12
e 400.51907 722.89622 11
e 160.92469 1067.95659 10
e 407.47944 341.61523 8
e 537.20136 18.43496 7
e 45.14741 993.42081 13
e 133.94665 470.42246 10
e 54.57916 872.12194 8
e 449.97546 814.15117 7
e 109.47605 1009.10178 8
e 619.36535 827.30761 8
e 193.59546 252.33399 16
e 246.29517 350.54514 12
e 75.79278 266.62322 10
e 472.11621 458.95402 7
e 103.92008 81.05762 5
e 623.82492 949.24747 8
e 606.28431 674.88682 12
e 652.35057 455.34960 15
e 623.50064 1028.98987 8
e 58.50084 693.25699 14
e 469.79021 544.26319 14
e 598.51798 330.20893 4
e 477.16090 873.49067 9
e 225.88233 971.01769 12
e 11.39322 771.74616 4
e 91.68639 78.22016 15
e 133.66884 886.77514 7
e 372.51846 672.10421 7
e 515.63330 437.49051 12
e 73.80480 254.25699 7
e 598.67828 736.82403 10
e 285.64248 126.05895 9
e 168.62963 754.77580 11
e 93.73589 661.76241 11
e 370.67767 293.55334 7
e 449.37416 25.51505 11
e 197.45601 889.50154 11
e 605.79522 1050.42973 11
e 275.85942 318.32203 7
e 246.98311 436.88899 15
e 248.16823 438.85970 11
e 135.69434 468.96964 7
e 90.86682 630.60961 8
e 438.39727 904.45675 10
e 598.68992 903.08226 12
e 228.77969 61.49076 13
e 175.29165 298.23613 5
e 315.43481 886.85798 11
e 117.44026 569.32656 5
e 502.45966 490.44632 8
e 514.53033 673.47567 9
e 332.24352 205.19957 10
e 133.32409 62.50995 7
e 337.96204 1003.61567 9
e 580.51235 813.11700 8
e 539.87241 342.80129 11
e 101.45477 92.19837 10
e 126.93162 230.76698 9
e 138.18884 535.87808 12
e 240.59748 1065.91330 13
e 338.04345 495.93993 8
e 537.44931 294.53404 10
e 445.43963 64.24132 4
e 326.05443 753.52206 5
e 72.86051 470.98304 5
e 609.92538 752.08127 11
e 511.21204 529.80853 7
e 516.12265 232.57453 9
e 582.80157 750.23470 7
e 626.59759 813.17108 9
e 708.49037 463.63970 11
e 687.43030 356.82977 8
e 63.56426 145.11656 13
e 545.53558 347.82017 6
e 28.82000 709.96869 9
e 528.76185 819.72872 10
e 669.98671 379.49900 7
e 33.14646 848.15324 9
e 393.01468 493.50054 6
e 110.67183 345.84480 10
e 387.07288 1039.10731 8
e 396.73882 480.75757 8
e 688.99149 816.90653 10
e 132.95400 991.76002 10
e 466.33334 590.86136 10
e 559.37754 97.63968 9
e 195.18696 220.95226 13
e 316.77298 891.30660 11
e 543.09573 911.07992 7
e 524.03900 991.79370 11
e 324.23413 150.38895 9
e 180.76739 1049.53618 8
e 239.94929 439.22171 9
e 106.72743 914.47727 7
e 368.52475 854.67263 5
e 228.44590 474.64481 9
e 217.83711 1062.35088 11
e 568.68660 797.72150 12
e 559.56305 804.58711 10
e 410.60194 809.66260 11
e 627.66413 373.99219 8
e 566.38271 130.79413 7
e 126.73856 569.97703 10
e 91.61096 160.85585 8
e 522.55303 719.97450 5
e 180.21691 400.95739 10
e 67.72710 215.27685 9
e 582.65217 985.50043 12
e 193.22072 1067.66758 13
e 70.38614 613.96848 16
e 502.35869 734.26027 8
e 528.03130 158.65973 7
e 307.33518 364.80685 5
e 678.87435 461.65063 9
e 269.95083 1066.64809 7
e 462.64672 452.46396 11
e 13.87841 575.38625 14
e 174.08444 907.50222 7
e 453.76516 697.96474 10
e 342.67622 820.80929 10
e 426.36973 446.51022 7
e 81.28342 590.23911 10
e 416.32287 365.23398 13
e 403.81680 961.17578 10
e 360.43823 1056.78682 17
e 504.54106 200.15165 8
e 523.95119 749.08823 7
e 442.38180 1003.59888 12
e 81.76263 47.18496 8
e 37.61030 264.72278 12
e 498.54903 966.67794 11
e 558.74937 655.27908 12
e 119.33418 504.23940 6
e 457.88546 210.49887 12
e 613.45412 325.22143 5
e 595.80076 583.51600 10
e 33.38480 929.34259 13
e 366.80916 748.41486 9
e 288.95386 288.23993 6
e 497.81678 787.29909 6
e 127.77009 712.93080 7
e 241.87810 251.28259 11
e 678.70223 245.32369 8
e 432.09465 961.14415 10
e 94.36130 12.21415 7
e 681.45582 926.16641 8
e 335.97539 653.09541 8
e 471.29209 578.58432 15
e 480.57686 167.40144 11
e 393.39065 71.00551 6
e 392.98940 954.65029 7
e 581.57844 226.29620 12
e 693.03917 35.75760 9
e 397.80007 278.45026 9
e 262.65880 324.70779 8
e 174.48454 429.39346 12
e 563.08330 1069.91295 8
e 596.20957 497.44122 10
e 318.86545 607.46334 8
e 195.22569 619.03760 4
e 639.44461 327.34441 12
e 698.59619 380.58301 15
e 368.35647 585.94196 6
e 516.15836 920.12207 5
e 579.67472 378.18290 11
e 554.04674 626.22077 8
e 63.40833 167.33193 7
e 676.08937 763.92717 9
e 47.48244 1011.75418 10
e 145.23516 15.45675 9
e 616.53449 818.56666 5
e 660.38807 84.34721 8
e 389.65938 234.83794 5
e 581.13937 400.73971 7
e 611.64996 719.00777 5
e 248.14861 953.82210 11
e 608.86412 275.39496 10
e 117.87924 780.32252 9
e 698.40212 979.38490 8
e 150.86427 985.72183 8
e 425.37573 950.99803 7
e 280.95368 738.86249 11
e 265.45177 538.59282 5
e 331.88356 229.07048 11
e 640.27648 220.98991 13
e 343.64534 824.29529 12
e 39.90225 107.21613 6
e 538.15267 203.12700 6
e 448.97831 276.47824 10
e 204.28627 489.47452 10
e 91.38907 1057.52277 7
e 203.74166 285.72360 9
e 565.99598 928.33095 9
e 328.01490 401.21120 11
e 229.74049 36.23880 6
e 691.95079 35.82468 7
e 220.67570 169.33098 14
e 101.13540 267.64794 12
e 307.12486 453.86104 7
e 393.09434 749.67156 7
e 378.63799 233.84547 10
e 706.31607 805.30625 8
e 669.64517 540.52965 7
e 348.87672 363.03041 10
e 429.08886 371.13359 15
e 311.43060 638.19374 12
e 444.49439 835.69078 11
e 294.49257 642.81884 8
e 586.37704 372.21387 11
e 304.08379 607.09799 7
e 313.00856 906.63333 9
e 663.58736 518.25835 8
e 428.56535 985.25051 9
e 90.86763 671.01294 7
e 262.96577 1050.21638 12
e 568.75578 568.91939 4
e 536.91313 1067.40266 7
e 452.10831 318.42871 10
e 384.24578 90.70697 6
e 160.47989 52.05055 10
e 55.34832 164.79027 8
e 451.76277 500.15230 10
e 548.63872 652.60822 10
e 301.60059 712.36361 7
e 669.93963 937.18768 9
e 129.12906 724.51902 11
e 256.83190 133.37150 8
e 433.11406 714.25862 9
