c ./output/rectangle/uniform/uniform-rectangle-6-4000
p rectangle 4000 720.00000 1080.00000
e 367.54689 477.34815 8
e 632.29641 624.77920 9
e 699.04414 762.98267 9
e 201.67337 709.36975 7
e 608.84919 204.18423 4
e 190.50299 871.30361 8
e 665.19303 581.47605 11
e 189.37021 902.95531 9
e 657.12025 699.71331 14
e 88.08641 39.34053 8
e 526.20182 870.91142 9
e 298.73620 688.07738 8
e 185.46273 141.31213 13
e 703.71875 54.25959 14
e 89.44965 360.57398 7
e 407.93967 852.66631 14
e 234.06455 939.54064 9
e 140.75786 212.38251 8
e 373.26022 758.22689 9
e 393.09445 565.86635 11
e 396.57323 815.46042 10
e 384.61794 515.57341 10
e 62.86572 305.71990 12
e 196.99210 448.94460 10
e 313.14800 423.06762 7
e 180.59641 240.96714 21
e 131.31668 964.11219 9
e 188.81831 917.96823 11
e 223.15842 347.25024 9
e 66.52631 742.82677 8
e 242.98645 1019.55626 11
e 121.99460 99.01426 9
e 506.69312 86.26595 10
e 97.07435 30.31601 9
e 341.07025 792.46898 8
e 678.23032 1027.10845 11
e 77.55265 833.04425 14
e 601.79372 167.57986 13
e 404.49027 730.47213 8
e 294.41518 899.75090 8
e 304.58434 427.71257 14
e 158.19211 977.52330 7
e 282.80595 414.79065 7
e 195.29662 516.14812 10
e 360.89470 732.00652 12
e 519.22644 994.42445 6
e 328.05345 822.13916 10
e 40.56061 149.79456 8
e 215.52170 999.22327 11
e 258.28777 267.78639 9
e 34.39786 573.70165 5
e 204.73302 792.91750 16
e 62.35638 759.97200 8
e 416.30083 379.95064 7
e 235.55988 299.08589 8
e 557.32261 715.32899 8
e 323.36675 255.82862 8
e 691.93189 491.55599 14
e 278.72717 151.49431 10
e 373.12619 168.32029 9
e 156.69141 653.02339 7
e 562.83858 176.51407 13
e 240.77285 12.13557 19
e 480.16499 263.70444 13
e 518.00750 881.02703 9
e 286.08631 106.25241 10
e 164.49058 618.04421 9
e 647.65299 166.96866 10
e 530.46279 574.09094 6
e 23.40316 991.74982 7
e 40.91124 791.90457 11
e 557.79772 924.31374 8
e 279.80017 23.11433 8
e 79.12862 900.79015 10
e 81.15445 520.43247 8
e 242.10126 32.28218 12
e 421.71183 1064.05732 11
e 411.83291 909.63237 14
e 47.77521 711.71333 15
e 227.42753 339.97344 7
e 185.12922 584.42842 8
e 704.14339 587.31454 10
e 383.01835 568.19492 6
e 351.64859 281.27891 8
e 462.19282 29.43140 6
e 239.63535 789.94249 18
e 185.12879 542.47338 9
e 172.79718 1010.36243 11
e 230.99668 402.69134 11
e 116.50462 1004.58417 4
e 531.85692 732.29656 11
e 204.84876 619.65411 14
e 82.96961 15.13056 5
e 358.43105 453.59767 10
e 364.02960 887.22911 4
e 691.78198 274.65893 5
e 596.19202 637.96184 7
e 709.57596 652.36922 13
e 457.06658 192.26688 9
e 416.09667 1050.24804 8
e 368.38488 934.19725 6
e 391.35001 25.61271 18
e 21.92430 314.48065 6
e 274.88847 307.58986 13
e 251.07142 510.18657 12
e 79.29688 600.86498 8
e 216.65579 387.15718 10
e 680.89724 839.19768 14
e 662.42046 567.23250 9
e 590.66773 188.67104 10
e 701.95296 853.14543 10
e 84.83215 732.99400 13
e 18.81976 362.29078 12
e 181.03562 113.04402 7
e 423.69269 745.65343 7
e 554.82986 1046.36518 7
e 620.44500 770.14069 3
e 521.26314 341.57896 9
e 365.55682 543.57350 7
e 372.25248 201.46517 10
e 142.16638 157.98137 8
e 677.54740 962.94144 10
e 694.48053 473.32256 8
e 187.06644 379.84053 6
e 99.22589 339.30994 8
e 197.51922 451.73911 8
e 691.57235 780.22127 8
e 100.71605 329.55874 10
e 46.50915 36.06068 15
e 176.92331 731.39849 6
e 600.30226 757.77349 7
e 291.94143 638.90846 15
e 657.60578 98.03356 8
e 686.98529 387.35766 7
e 419.39412 93.05295 5
e 316.42804 210.88461 12
e 465.88481 505.97032 9
e 71.15900 116.49295 6
e 40.98003 1002.66715 14
e 368.13787 599.69794 12
e 387.27482 834.36412 5
e 398.58247 1049.89304 5
e 49.84381 730.23451 5
e 669.08459 65.55773 5
e 455.26006 928.61944 10
e 60.15762 81.72632 12
e 597.52668 172.16977 13
e 289.45284 162.88876 14
e 525.19537 1055.95355 6
e 538.77076 912.70779 6
e 336.49969 925.55061 7
e 450.71149 182.10334 9
e 240.92476 80.95495 10
e 319.21951 467.37818 10
e 173.44495 934.38720 10
e 616.11757 542.27106 7
e 396.14687 133.29492 6
e 303.03943 1031.07629 10
e 313.53570 110.98802 5
e 346.33908 1030.98489 12
e 116.88365 958.59589 8
e 185.94918 211.59666 8
e 700.51813 988.16577 6
e 472.75340 774.25046 10
e 649.01261 298.21681 7
e 56.46652 691.41494 9
e 217.96150 181.59095 10
e 390.82911 590.81868 15
e 88.33442 862.00574 4
e 455.23392 509.81215 13
e 231.33741 952.47487 14
e 428.30054 545.12174 13
e 257.69252 398.41850 6
e 524.30804 29.81576 12
e 303.87120 262.08426 13
e 447.29709 45.86271 9
e 656.54752 591.49076 11
e 300.14127 801.02643 10
e 16.89465 887.13604 11
e 61.57051 146.32527 12
e 636.68390 822.56970 8
e 54.17876 968.40020 9
e 237.31074 1003.29602 11
e 306.80974 286.64562 4
e 592.88190 899.89571 12
e 664.13300 161.43411 9
e 37.54621 35.75654 7
e 65.27833 309.50566 12
e 295.21558 156.40214 10
e 583.20741 765.77064 11
e 264.88616 934.41861 11
e 539.47386 861.47230 7
e 643.91288 35.82741 4
e 254.67156 828.87586 7
e 64.33642 194.58529 8
e 466.43328 1039.02396 6
e 178.25371 237.66892 6
e 698.74472 251.40283 6
e 103.12502 649.74867 8
e 640.59800 900.81893 11
e 29.24967 343.53692 9
e 204.29203 282.36558 9
e 130.46316 600.16757 7
e 374.52454 592.83684 10
e 221.05820 540.39666 11
e 62.00945 536.95692 5
e 660.82280 329.36052 7
e 197.40877 784.11954 8
e 374.25821 757.05845 9
e 646.18272 332.39229 10
e 56.95522 117.41205 9
e 119.73158 411.63128 6
e 165.59273 644.72768 9
e 660.75294 983.07592 9
e 308.35297 587.71481 14
e 395.62330 388.99236 6
e 578.34471 835.96256 11
e 367.64164 748.39693 5
e 271.30937 400.94085 13
e 122.38018 173.63083 9
e 638.23509 17.23786 12
e 376.62835 963.08563 12
e 558.92036 589.64717 8
e 594.61836 339.22029 6
e 425.84591 729.24450 10
e 113.57775 888.28353 15
e 288.63819 1016.34756 9
e 259.68712 338.78786 5
e 673.48175 918.41726 4
e 184.16319 545.70997 11
e 37.75647 1067.47508 7
e 250.94284 509.73191 6
e 323.39005 448.03361 7
e 300.61609 802.01167 10
e 143.76493 308.14542 13
e 411.81551 814.66329 7
e 379.46343 559.53789 11
e 586.68182 694.27547 6
e 685.99257 195.83741 7
e 595.13289 840.20644 10
e 632.88797 252.79414 8
e 645.76416 457.42931 6
e 91.37461 529.82755 13
e 87.53772 12.02649 12
e 176.60081 1021.06803 11
e 410.49110 945.37834 12
e 534.57419 66.36525 10
e 421.23464 822.01144 9
e 547.67538 1053.02602 11
e 329.99809 374.12563 9
e 112.74466 634.61643 9
e 605.47283 571.09829 8
e 145.10544 484.62549 7
e 555.78841 918.08488 9
e 421.86162 1025.94035 12
e 160.69795 202.91597 6
e 449.72654 28.22864 6
e 482.17220 416.25021 8
e 389.11221 876.24689 9
e 287.96002 801.74296 8
e 228.71124 696.53308 5
e 276.83727 830.31745 9
e 397.23790 232.22832 7
e 522.58328 303.83117 12
e 255.19536 859.29382 13
e 234.34255 44.71204 8
e 233.76612 735.63103 10
e 517.71812 1039.62815 13
e 360.55102 228.27553 13
e 235.70486 777.16459 8
e 148.66539 943.02030 7
e 469.69948 1005.92414 9
e 606.55898 217.59530 7
e 506.04435 562.30402 13
e 273.99557 621.31881 7
e 638.64402 531.44026 9
e 64.16910 696.00634 10
e 65.56822 250.84894 10
e 366.65792 446.98477 5
e 650.64763 241.96264 10
e 438.51290 718.09419 9
e 386.98856 856.31287 7
e 613.54261 668.81553 7
e 484.76794 80.65293 5
e 343.33195 545.77434 11
e 55.43527 513.88124 5
e 706.79751 375.27570 8
e 79.45368 289.97905 11
e 426.93997 993.74032 15
e 265.10367 121.61738 15
e 108.67875 507.31696 11
e 449.06051 564.32551 9
e 34.08170 30.22501 7
e 142.09858 125.63796 10
e 532.47060 1049.55723 7
e 671.36019 161.35760 15
e 481.53080 689.15581 6
e 529.42502 536.34167 13
e 335.34044 310.26997 7
e 164.77374 615.34668 9
e 507.75593 523.57929 9
e 321.38599 1036.94108 8
e 96.68313 179.95039 13
e 141.01617 863.62971 12
e 263.02481 331.65831 12
e 511.35672 34.70078 7
e 346.91832 551.94365 4
e 35.52979 503.88074 12
e 571.59229 439.03249 12
e 533.38942 556.03094 5
e 70.98301 728.17207 9
e 533.87403 830.72578 9
e 327.92712 794.21552 9
e 633.95827 204.61503 11
e 122.72514 451.54247 9
e 277.33539 932.70382 8
e 199.85854 848.66905 7
e 276.63169 676.18874 7
e 30.60607 487.13480 6
e 502.42292 161.00960 10
e 640.87894 798.95326 8
e 496.18891 906.22114 13
e 29.24613 829.34055 11
e 154.33354 395.42130 7
e 237.03540 45.22936 6
e 17.59656 583.73109 9
e 301.39403 824.21020 12
e 415.78478 102.38451 9
e 669.92409 889.77116 11
e 370.86537 642.28371 14
e 183.94067 740.86547 9
e 210.70483 579.80559 13
e 18.81315 856.49841 12
e 10.37952 459.90175 9
e 150.68043 896.30527 8
e 297.37087 958.70067 7
e 376.41667 280.75062 4
e 183.55027 657.00941 13
e 578.27624 1030.88474 9
e 650.97783 457.55962 9
e 461.92223 929.58048 11
e 334.41730 504.28021 11
e 537.66566 1061.30285 7
e 652.47571 205.59039 8
e 598.67805 301.83567 9
e 530.34585 351.37419 7
e 340.70278 848.33758 8
e 341.96346 316.97839 7
e 100.86787 453.57011 12
e 568.59298 447.34061 11
e 694.49751 435.28087 10
e 383.14407 935.43739 8
e 221.99876 87.18766 9
e 130.49233 525.22178 14
e 622.03269 284.75147 12
e 202.99030 985.79088 7
e 94.83863 355.17598 13
e 40.56860 387.26810 9
e 283.60054 1050.77875 9
e 12.27180 993.66252 4
e 619.05025 302.13997 4
e 665.85278 259.68463 6
e 623.89526 823.48177 11
e 664.15173 679.65157 10
e 642.01118 463.66122 11
e 16.76427 780.25082 4
e 244.18744 558.30784 9
e 709.24352 225.49295 10
e 685.46249 218.81474 4
e 228.62090 708.77076 12
e 295.26165 955.95503 12
e 281.68487 629.85961 9
e 308.21525 153.87325 11
e 686.60060 727.31126 9
e 283.28163 424.74146 12
e 391.04623 516.02105 7
e 603.17757 516.29051 9
e 372.12707 260.51467 10
e 371.22705 325.20437 10
e 503.83289 902.24067 4
e 540.77989 690.11365 8
e 219.95449 713.22938 5
e 260.95785 909.82584 10
e 397.57544 202.75086 12
e 452.25799 681.10237 9
e 355.30828 130.65886 6
e 632.99536 330.79901 15
e 253.03914 353.02260 6
e 103.72692 211.78150 8
e 562.06808 973.47199 3
e 224.75107 39.71852 5
e 369.77116 870.20794 5
e 121.73926 326.39194 12
e 649.08239 1047.52612 6
e 266.91764 579.46446 7
e 502.79217 583.60924 7
e 79.36425 915.92548 8
e 575.15303 733.80471 13
e 428.30342 287.25640 12
e 461.72643 933.63328 9
e 97.27350 1055.10805 10
e 119.91524 392.87767 8
e 696.71387 819.70357 2
e 510.41805 649.49059 11
e 357.41413 221.38779 11
e 609.10338 395.98238 11
e 333.37621 374.80484 8
e 302.40791 237.84518 7
e 483.09801 267.14619 6
e 469.22161 1052.56947 7
e 434.39945 209.25270 8
e 569.45597 82.37548 8
e 598.81225 891.43562 8
e 223.65882 916.30475 10
e 583.15687 500.42072 9
e 633.60995 605.21509 12
e 452.52656 512.32099 9
e 105.61785 25.22749 8
e 403.91915 420.86030 11
e 614.74424 23.27566 11
e 673.50621 333.49644 11
e 664.86139 754.49570 16
e 427.61008 878.73005 9
e 251.35125 161.88112 7
e 470.11637 833.20043 7
e 548.04864 561.15068 7
e 370.80846 737.74379 8
e 66.47014 932.34710 10
e 302.31393 834.09776 8
e 396.14460 381.31918 8
e 192.76427 83.59362 8
e 616.12103 998.51038 9
e 697.76905 744.67621 5
e 83.16311 631.79685 4
e 320.34005 589.00572 12
e 90.35507 206.64855 8
e 396.29417 194.77396 10
e 343.46638 16.79076 9
e 174.74775 1036.43106 13
e 603.69368 1047.93961 8
e 447.06758 27.08116 7
e 74.23444 51.59634 11
e 369.14424 1050.19588 12
e 170.16757 382.98658 10
e 57.32409 392.63848 9
e 542.77900 176.53771 8
e 130.98531 682.50571 19
e 621.69981 813.81321 9
e 144.16467 152.99977 13
e 602.99376 928.49714 8
e 475.78098 239.29504 10
e 518.15028 180.46510 9
e 526.28508 356.58400 6
e 277.85864 77.92967 7
e 348.00620 337.52456 11
e 109.84709 564.42232 9
e 456.76346 470.54808 13
e 91.88302 644.02108 9
e 603.14864 139.16657 11
e 192.44327 262.06669 9
e 229.07304 731.17536 11
e 460.36607 919.74784 13
e 227.57430 637.32658 15
e 605.58635 154.58319 10
e 94.64411 458.95205 9
e 148.18224 453.25287 10
e 391.85218 278.36112 13
e 188.98951 796.74723 8
e 301.22255 415.39551 15
e 647.67967 95.75021 9
e 181.91776 244.09682 6
e 511.13173 474.47820 9
e 360.79290 198.49246 11
e 469.39984 347.76792 9
e 65.98935 960.46235 12
e 61.85766 782.01478 8
e 317.38660 824.54055 8
e 132.61783 780.13927 13
e 563.50724 890.35302 11
e 647.56080 963.66880 12
e 315.80135 318.52721 8
e 342.32387 711.99565 6
e 30.34598 511.52914 7
e 221.41647 625.39251 6
e 275.54871 352.75010 16
e 22.88688 164.50088 9
e 178.76714 1028.40721 14
e 591.18363 83.77660 9
e 135.59369 804.67673 11
e 172.27112 920.90220 12
e 526.62280 306.54869 9
e 533.28427 254.15631 10
e 628.53407 136.55631 12
e 370.10254 636.20441 11
e 362.30308 45.75855 7
e 33.32140 339.98663 8
e 465.58822 847.47903 17
e 524.21431 1052.68860 5
e 320.43180 908.13805 7
e 628.93349 408.60375 10
e 509.74604 891.43138 12
e 117.49381 561.78822 7
e 584.43848 249.84649 15
e 64.05860 207.59466 13
e 690.26110 671.91871 8
e 314.11926 675.35356 5
e 75.59079 623.94049 7
e 478.80969 807.94195 12
e 166.62218 98.96340 9
e 253.12608 982.20793 9
e 83.59305 1022.31344 13
e 291.73803 109.24437 8
e 307.43022 1021.40102 9
e 112.61647 257.38668 6
e 668.75831 895.58905 11
e 426.41350 133.69293 8
e 326.72765 1023.41235 14
e 266.91563 980.40213 8
e 343.37539 337.78744 8
e 128.89169 936.84146 10
e 344.28212 281.87689 14
e 533.92376 569.13966 10
e 318.81199 311.27229 7
e 275.85802 418.76932 17
e 428.70746 471.09607 5
e 84.85731 105.95133 14
e 334.56068 1020.19109 12
e 506.83441 272.72956 12
e 675.11319 110.70372 10
e 46.07725 876.32106 7
e 190.35846 444.76605 7
e 53.78342 271.37236 9
e 474.68440 36.86315 9
e 618.43630 923.20803 10
e 90.31111 306.38290 6
e 214.84517 77.70329 14
e 635.50429 939.49690 13
e 271.37538 458.54320 6
e 364.74049 565.12670 11
e 345.29694 254.00875 10
e 74.29865 786.68833 12
e 559.92450 685.44861 9
e 436.24578 245.53788 10
e 55.85752 304.08795 12
e 466.15478 1044.82674 7
e 389.89397 860.35779 8
e 174.04518 531.41801 11
e 150.26090 808.51187 13
e 580.51698 1043.46422 6
e 648.60669 36.30949 8
e 603.26034 372.79998 6
e 630.60665 32.06943 7
e 152.65777 1050.44126 12
e 620.96740 288.77003 10
e 166.42994 876.01661 8
e 33.32057 884.56487 9
e 707.06113 692.78137 10
e 81.68376 388.47535 5
e 538.44193 1057.95488 9
e 707.55348 738.22507 13
e 619.61547 702.10446 9
e 187.65770 42.31408 4
e 219.97388 746.47772 7
e 669.28570 1060.69649 6
e 496.76391 768.98156 11
e 167.32646 411.67685 10
e 247.62841 392.93606 10
e 497.58624 360.65867 6
e 524.77534 1063.96407 8
e 54.66360 1038.85415 8
e 474.50188 312.61386 10
e 463.38628 240.10571 6
e 253.84391 385.48862 7
e 597.02694 407.40833 10
e 373.90537 633.59953 9
e 83.47259 758.39286 9
e 184.09161 570.18094 11
e 321.85016 1063.85342 10
e 501.95303 539.88024 6
e 14.64455 875.82989 12
e 166.40663 839.66516 16
e 579.54412 915.79899 9
e 125.74055 421.37768 8
e 162.26945 65.41487 9
e 478.20207 516.90458 8
e 659.13259 909.97822 10
e 556.02187 408.05468 7
e 329.61195 338.15979 7
e 513.14590 429.37365 10
e 69.48436 144.67994 10
e 287.82413 558.39495 5
e 329.16373 774.74708 11
e 549.34997 51.83978 11
e 489.72318 826.04870 9
e 103.42939 96.32072 9
e 667.14994 552.64424 9
e 306.43812 404.71723 15
e 679.70578 1003.07284 14
e 694.17021 652.20355 10
e 409.05480 864.39454 10
e 314.75704 923.28041 12
e 76.23735 849.04390 9
e 38.22218 371.31440 9
e 602.87136 376.60410 7
e 115.82272 257.58662 11
e 507.51041 342.60840 11
e 222.62295 364.67419 11
e 600.97586 933.25690 13
e 176.40396 103.45164 15
e 637.67958 735.56594 7
e 589.44872 275.85613 5
e 70.16176 17.65610 6
e 14.34934 351.86827 8
e 591.12359 727.50835 8
e 21.04711 602.21217 10
e 669.18918 119.19697 14
e 707.21260 557.81679 11
e 588.24264 179.70566 6
e 425.22304 165.94910 16
e 32.75892 453.91957 8
e 397.80407 22.82652 12
e 570.82717 117.89742 6
e 595.35891 761.62271 10
e 43.67454 685.44569 11
e 144.44665 930.19427 11
e 610.42073 989.69077 3
e 477.25682 1056.66511 13
e 441.84600 493.55357 10
e 79.97346 631.09886 6
e 578.75146 1033.06127 6
e 151.87319 670.93833 8
e 598.24851 912.87652 11
e 495.59532 230.92928 10
e 547.06240 826.81936 12
e 379.27322 660.36293 6
e 223.46865 465.61601 5
e 154.87310 231.54027 10
e 40.94192 244.87369 9
e 118.24578 782.76640 8
e 144.54578 1001.44715 4
e 607.95414 547.67496 11
e 542.40768 569.97462 11
e 320.94944 835.54825 8
e 688.74057 533.38867 11
e 114.62786 150.29166 11
e 199.77494 130.83758 11
e 268.16928 909.36911 13
e 376.38926 1035.30976 7
e 700.59466 275.58081 9
e 536.00573 743.88400 11
e 641.45300 169.62299 8
e 501.65168 952.86429 14
e 94.01888 279.45076 9
e 448.91952 955.19632 10
e 651.94046 660.16815 11
e 239.26601 700.83024 11
e 300.40554 74.18379 6
e 442.46615 996.73741 3
e 578.54347 1049.21506 13
e 290.17539 492.56726 9
e 434.28860 789.28671 4
e 137.96333 249.88338 8
e 37.24864 616.34503 10
e 375.27218 432.11944 9
e 454.11263 184.88611 10
e 67.87800 710.38036 9
e 494.21405 778.66028 7
e 368.56577 569.18509 12
e 658.69305 445.44241 7
e 535.88108 671.09316 6
e 141.26733 1055.13938 13
e 708.07779 480.72396 9
e 499.90145 275.95361 9
e 479.83126 230.69159 10
e 287.65045 141.42457 7
e 97.96105 1005.52866 9
e 492.84691 375.50239 7
e 635.58433 972.04704 8
e 609.40433 190.50671 6
e 389.74444 140.88332 10
e 294.62343 462.00150 11
e 539.87806 168.64130 8
e 362.33709 1029.96033 7
e 157.57900 153.98615 11
e 627.55355 926.14887 9
e 686.36791 946.86742 11
e 348.07674 439.04710 7
e 621.99127 885.77714 11
e 702.66215 88.28442 6
e 678.55613 785.14377 13
e 409.15867 314.59139 12
e 327.05010 742.38434 11
e 622.63481 726.67343 7
e 317.85532 549.71873 10
e 159.86242 672.04741 7
e 642.18420 211.80567 8
e 359.06460 111.78224 13
e 522.80732 76.27940 8
e 144.70515 447.20288 12
e 205.20914 286.60451 7
e 543.91302 690.98277 9
e 478.80096 341.05468 11
e 309.33945 1047.74191 8
e 636.00311 79.68295 8
e 375.26574 203.76598 8
e 258.45614 155.88730 5
e 359.35239 862.61930 6
e 682.34857 112.04092 10
e 121.85357 291.59621 13
e 451.46783 109.03266 8
e 461.00510 739.45964 8
e 101.84440 951.78528 8
e 517.77339 1031.79647 11
e 307.34611 137.32146 11
e 282.02892 283.30942 9
e 236.64772 643.27648 13
e 47.22484 155.68328 9
e 685.58728 152.26062 13
e 547.14458 336.73902 10
e 709.39043 755.75409 3
e 425.69636 447.38968 14
e 153.14697 885.52288 8
e 42.63038 527.11786 13
e 493.65265 583.37116 13
e 353.87520 804.20619 15
e 489.23357 230.38224 13
e 279.97552 548.92694 7
e 605.38006 510.20236 10
e 232.58497 24.77917 9
e 68.92762 356.49989 6
e 19.85407 988.28278 19
e 215.50070 82.11263 11
e 679.35866 115.41537 9
e 228.82245 957.86973 8
e 491.77186 519.07653 13
e 608.27772 1020.19277 10
e 665.40259 705.19328 18
e 216.41514 565.52401 3
e 642.72080 341.24375 13
e 502.27026 108.90021 8
e 290.20681 331.41475 8
e 632.49970 952.13662 8
e 313.00339 1015.64658 7
e 53.61540 197.31596 6
e 227.39645 993.53170 8
e 663.16772 800.90637 9
e 255.13433 701.88035 7
e 96.54055 1004.14411 15
e 187.10938 467.66386 16
e 477.11408 194.06350 11
e 573.09792 667.12910 10
e 405.60654 573.31196 8
e 669.45521 92.93515 5
e 47.62614 193.82068 16
e 222.68621 774.00495 7
e 505.28493 48.20648 11
e 83.29189 736.83364 11
e 447.31883 231.51571 11
e 616.22609 920.10732 8
e 193.20369 1017.41079 6
e 323.36306 300.68944 9
e 428.90511 555.88364 9
e 676.50771 516.03694 9
e 700.26822 603.69039 6
e 14.31316 979.37928 11
e 228.82896 826.90575 11
e 558.10963 384.33973 9
e 653.31886 678.42460 8
e 709.65098 874.42437 8
e 144.47694 788.61112 8
e 599.75012 747.32497 8
e 374.20920 770.50554 12
e 400.51907 722.89622 11
e 160.92469 1067.95659 10
e 407.47944 341.61523 8
e 537.20136 18.43496 7
e 45.14741 993.42081 13
e 133.94665 470.42246 10
e 54.57916 872.12194 8
e 449.97546 814.15117 7
e 109.47605 1009.10178 8
e 619.36535 827.30761 8
e 193.59546 252.33399 16
e 246.29517 350.54514 12
e 75.79278 266.62322 10
e 472.11621 458.95402 7
e 103.92008 81.05762 5
e 623.82492 949.24747 8
e 606.28431 674.88682 12
e 652.35057 455.34960 15
e 623.50064 1028.98987 8
e 58.50084 693.25699 14
e 469.79021 544.26319 14
e 598.51798 330.20893 4
e 477.16090 873.49067 9
e 225.88233 971.01769 12
e 11.39322 771.74616 4
e 91.68639 78.22016 15
e 133.66884 886.77514 7
e 372.51846 672.10421 7
e 515.63330 437.49051 12
e 73.80480 254.25699 7
e 598.67828 736.82403 10
e 285.64248 126.05895 9
e 168.62963 754.77580 11
e 93.73589 661.76241 11
e 370.67767 293.55334 7
e 449.37416 25.51505 11
e 197.45601 889.50154 11
e 605.79522 1050.42973 11
e 275.85942 318.32203 7
e 246.98311 436.88899 15
e 248.16823 438.85970 11
e 135.69434 468.96964 7
e 90.86682 630.60961 8
e 438.39727 904.45675 10
e 598.68992 903.08226 12
e 228.77969 61.49076 13
e 175.29165 298.23613 5
e 315.43481 886.85798 11
e 117.44026 569.32656 5
e 502.45966 490.44632 8
e 514.53033 673.47567 9
e 332.24352 205.19957 10
e 133.32409 62.50995 7
e 337.96204 1003.61567 9
e 580.51235 813.11700 8
e 539.87241 342.80129 11
e 101.45477 92.19837 10
e 126.93162 230.76698 9
e 138.18884 535.87808 12
e 240.59748 1065.91330 13
e 338.04345 495.93993 8
e 537.44931 294.53404 10
e 445.43963 64.24132 4
e 326.05443 753.52206 5
e 72.86051 470.98304 5
e 609.92538 752.08127 11
e 511.21204 529.80853 7
e 516.12265 232.57453 9
e 582.80157 750.23470 7
e 626.59759 813.17108 9
e 708.49037 463.63970 11
e 687.43030 356.82977 8
e 63.56426 145.11656 13
e 545.53558 347.82017 6
e 28.82000 709.96869 9
e 528.76185 819.72872 10
e 669.98671 379.49900 7
e 33.14646 848.15324 9
e 393.01468 493.50054 6
e 110.67183 345.84480 10
e 387.07288 1039.10731 8
e 396.73882 480.75757 8
e 688.99149 816.90653 10
e 132.95400 991.76002 10
e 466.33334 590.86136 10
e 559.37754 97.63968 9
e 195.18696 220.95226 13
e 316.77298 891.30660 11
e 543.09573 911.07992 7
e 524.03900 991.79370 11
e 324.23413 150.38895 9
e 180.76739 1049.53618 8
e 239.94929 439.22171 9
e 106.72743 914.47727 7
e 368.52475 854.67263 5
e 228.44590 474.64481 9
e 217.83711 1062.35088 11
e 568.68660 797.72150 12
e 559.56305 804.58711 10
e 410.60194 809.66260 11
e 627.66413 373.99219 8
e 566.38271 130.79413 7
e 126.73856 569.97703 10
e 91.61096 160.85585 8
e 522.55303 719.97450 5
e 180.21691 400.95739 10
e 67.72710 215.27685 9
e 582.65217 985.50043 12
e 193.22072 1067.66758 13
e 70.38614 613.96848 16
e 502.35869 734.26027 8
e 528.03130 158.65973 7
e 307.33518 364.80685 5
e 678.87435 461.65063 9
e 269.95083 1066.64809 7
e 462.64672 452.46396 11
e 13.87841 575.38625 14
e 174.08444 907.50222 7
e 453.76516 697.96474 10
e 342.67622 820.80929 10
e 426.36973 446.51022 7
e 81.28342 590.23911 10
e 416.32287 365.23398 13
e 403.81680 961.17578 10
e 360.43823 1056.78682 17
e 504.54106 200.15165 8
e 523.95119 749.08823 7
e 442.38180 1003.59888 12
e 81.76263 47.18496 8
e 37.61030 264.72278 12
e 498.54903 966.67794 11
e 558.74937 655.27908 12
e 119.33418 504.23940 6
e 457.88546 210.49887 12
e 613.45412 325.22143 5
e 595.80076 583.51600 10
e 33.38480 929.34259 13
e 366.80916 748.41486 9
e 288.95386 288.23993 6
e 497.81678 787.29909 6
e 127.77009 712.93080 7
e 241.87810 251.28259 11
e 678.70223 245.32369 8
e 432.09465 961.14415 10
e 94.36130 12.21415 7
e 681.45582 926.16641 8
e 335.97539 653.09541 8
e 471.29209 578.58432 15
e 480.57686 167.40144 11
e 393.39065 71.00551 6
e 392.98940 954.65029 7
e 581.57844 226.29620 12
e 693.03917 35.75760 9
e 397.80007 278.45026 9
e 262.65880 324.70779 8
e 174.48454 429.39346 12
e 563.08330 1069.91295 8
e 596.20957 497.44122 10
e 318.86545 607.46334 8
e 195.22569 619.03760 4
e 639.44461 327.34441 12
e 698.59619 380.58301 15
e 368.35647 585.94196 6
e 516.15836 920.12207 5
e 579.67472 378.18290 11
e 554.04674 626.22077 8
e 63.40833 167.33193 7
e 676.08937 763.92717 9
e 47.48244 1011.75418 10
e 145.23516 15.45675 9
e 616.53449 818.56666 5
e 660.38807 84.34721 8
e 389.65938 234.83794 5
e 581.13937 400.73971 7
e 611.64996 719.00777 5
e 248.14861 953.82210 11
e 608.86412 275.39496 10
e 117.87924 780.32252 9
e 698.40212 979.38490 8
e 150.86427 985.72183 8
e 425.37573 950.99803 7
e 280.95368 738.86249 11
e 265.45177 538.59282 5
e 331.88356 229.07048 11
e 640.27648 220.98991 13
e 343.64534 824.29529 12
e 39.90225 107.21613 6
e 538.15267 203.12700 6
e 448.97831 276.47824 10
e 204.28627 489.47452 10
e 91.38907 1057.52277 7
e 203.74166 285.72360 9
e 565.99598 928.33095 9
e 328.01490 401.21120 11
e 229.74049 36.23880 6
e 691.95079 35.82468 7
e 220.67570 169.33098 14
e 101.13540 267.64794 12
e 307.12486 453.86104 7
e 393.09434 749.67156 7
e 378.63799 233.84547 10
e 706.31607 805.30625 8
e 669.64517 540.52965 7
e 348.87672 363.03041 10
e 429.08886 371.13359 15
e 311.43060 638.19374 12
e 444.49439 835.69078 11
e 294.49257 642.81884 8
e 586.37704 372.21387 11
e 304.08379 607.09799 7
e 313.00856 906.63333 9
e 663.58736 518.25835 8
e 428.56535 985.25051 9
e 90.86763 671.01294 7
e 262.96577 1050.21638 12
e 568.75578 568.91939 4
e 536.91313 1067.40266 7
e 452.10831 318.42871 10
e 384.24578 90.70697 6
e 160.47989 52.05055 10
e 55.34832 164.79027 8
e 451.76277 500.15230 10
e 548.63872 652.60822 10
e 301.60059 712.36361 7
e 669.93963 937.18768 9
e 129.12906 724.51902 11
e 256.83190 133.37150 8
e 433.11406 714.25862 9
e 657.86891 373.59138 11
e 33.84178 1059.51857 4
e 237.60216 734.63462 7
e 53.17367 738.99262 12
e 359.79572 911.47552 9
e 594.64936 721.67690 8
e 405.94336 940.13413 11
e 231.88990 1049.00917 12
e 49.69168 291.39923 12
e 526.12164 353.92129 9
e 331.72495 119.42964 5
e 367.21452 731.43649 8
e 499.95182 696.33893 10
e 197.14730 554.21421 10
e 470.65693 149.50220 5
e 458.25553 94.75894 10
e 676.42106 63.67562 7
e 78.58402 105.48777 13
e 337.94258 1030.32688 6
e 651.68436 250.33283 6
e 23.73798 621.41431 11
e 632.69629 12.89247 5
e 134.80375 912.22415 13
e 422.89829 879.94308 14
e 569.14127 906.72749 16
e 494.32030 672.29550 7
e 327.49009 1058.53442 8
e 14.68244 968.10847 13
e 66.48238 243.22344 14
e 276.04852 11.76949 9
e 291.56909 636.54694 5
e 206.78252 221.69144 8
e 679.44089 99.40634 6
e 137.67723 745.12853 5
e 649.32420 325.45253 11
e 482.14778 369.54839 13
e 361.14416 353.35312 13
e 558.05730 441.58221 10
e 239.39916 148.27497 8
e 350.90476 678.02062 6
e 76.85332 201.54872 13
e 295.69851 865.17203 12
e 355.27977 42.70112 11
e 422.54069 371.48632 9
e 151.59285 486.42225 8
e 478.46066 740.35526 8
e 230.73809 111.38927 10
e 164.16907 1032.18541 12
e 264.69574 690.64980 5
e 16.43832 20.99229 10
e 158.41631 253.55341 8
e 511.57958 456.20896 9
e 582.87641 899.60804 11
e 595.39629 749.30868 8
e 412.64817 94.49843 6
e 123.21946 627.87208 7
e 690.66924 396.27994 9
e 429.15528 417.04484 10
e 168.77951 155.33716 9
e 311.37700 799.10965 10
e 600.42960 447.85801 8
e 178.16089 649.15708 6
e 501.50590 382.64081 10
e 191.52295 659.07818 6
e 581.15771 315.20673 7
e 187.18554 271.89340 9
e 502.46679 102.94076 5
e 269.30944 1035.69829 7
e 241.41127 261.07019 12
e 198.72084 796.00077 9
e 342.43561 747.99985 10
e 558.79119 821.04975 4
e 109.73486 132.88302 13
e 256.05626 296.91231 9
e 494.19330 1002.63411 14
e 238.86727 336.84219 5
e 608.64260 522.92087 13
e 358.83304 983.53399 9
e 552.82481 1036.47436 4
e 474.18737 88.61870 14
e 598.03868 317.58865 6
e 475.53447 895.13149 9
e 25.24201 431.51141 8
e 202.82011 638.98268 10
e 620.81405 171.16523 16
e 463.04985 213.52100 10
e 142.72718 809.52708 11
e 281.96809 756.61243 7
e 696.73804 208.67097 9
e 186.95319 1034.63174 13
e 233.08214 717.58842 4
e 396.96473 1006.83037 10
e 482.15446 551.84893 12
e 350.98322 201.12471 16
e 103.46264 63.17761 11
e 147.13891 481.62021 10
e 270.56937 326.35826 11
e 38.92334 1066.29874 6
e 443.26970 443.04920 10
e 261.68741 560.48714 10
e 24.83369 444.67384 9
e 373.85020 897.63509 11
e 308.44383 973.81829 11
e 26.53050 313.62555 4
e 561.16389 195.61640 13
e 478.65939 305.40605 8
e 613.95215 283.77801 11
e 535.52503 535.86693 11
e 389.82185 1038.94801 8
e 27.24753 13.18761 15
e 26.34849 76.86234 8
e 594.18842 27.09857 6
e 356.94946 127.57025 9
e 267.36798 875.43306 11
e 461.83019 104.64367 7
e 227.90758 1024.20137 12
e 153.75330 335.53653 10
e 390.85384 751.25574 5
e 90.86733 646.42668 8
e 105.89000 388.65400 6
e 532.99589 884.65079 9
e 364.87374 395.68699 7
e 118.78675 417.29289 8
e 353.25090 948.74143 5
e 464.12344 77.71638 7
e 570.15056 949.14339 5
e 136.32257 392.45245 9
e 701.32410 710.89260 9
e 78.33721 844.04574 10
e 680.83786 260.49137 7
e 218.72355 353.63797 6
e 654.17111 497.93399 13
e 114.14706 759.58831 8
e 169.13198 584.21864 10
e 351.37054 968.64195 8
e 384.43670 354.67532 9
e 683.61632 1014.19567 6
e 289.90110 893.72485 10
e 70.73565 990.69993 8
e 708.22777 25.17319 11
e 468.28139 277.69916 7
e 271.11821 537.37797 12
e 694.18741 767.64389 13
e 388.01414 959.17457 9
e 280.87544 364.57455 11
e 428.27402 760.17154 15
e 323.14498 52.68088 6
e 139.98516 202.93019 9
e 532.57051 312.91961 11
e 274.03893 531.88685 8
e 331.12372 589.01064 5
e 586.04775 992.70064 6
e 242.52362 878.71724 10
e 115.82229 597.40470 7
e 282.88471 29.44367 15
e 161.01328 878.43432 9
e 134.69558 110.68866 8
e 305.53267 929.00092 7
e 272.08782 919.76914 9
e 284.61343 118.60798 9
e 546.83699 512.72792 8
e 459.72985 980.28877 9
e 56.76838 888.08203 7
e 517.39736 1069.33183 9
e 87.41475 581.37149 8
e 664.15832 480.82464 7
e 528.76651 229.51813 12
e 642.08440 644.77078 6
e 663.59136 281.41078 6
e 395.21898 456.47439 11
e 355.68374 37.46297 8
e 213.18557 195.16950 11
e 514.85179 171.70441 6
e 387.42625 856.22154 6
e 299.01415 609.98812 8
e 694.22135 1039.61152 10
e 116.27965 49.17481 10
e 162.17630 306.60187 11
e 209.50895 226.48412 12
e 197.38669 213.92175 3
e 164.73226 393.67608 10
e 225.47951 868.49793 12
e 469.93273 943.40711 8
e 302.00444 716.52529 10
e 380.26788 1043.48508 11
e 590.21977 1039.53020 10
e 165.14969 250.40701 14
e 18.72528 892.50564 8
e 428.88430 388.92143 13
e 153.97206 483.88221 8
e 231.65486 270.68981 5
e 202.42729 567.54008 8
e 54.58695 981.11010 3
e 41.83321 925.86612 10
e 333.75989 398.23611 7
e 622.72076 545.93587 5
e 361.67920 999.97733 15
e 697.44337 612.05343 10
e 91.82763 417.84687 11
e 342.55754 880.35929 8
e 108.21935 605.29024 10
e 573.50709 256.12529 9
e 405.27092 654.83524 5
e 250.64935 400.36168 13
e 696.05090 895.60879 7
e 87.05013 1016.77791 9
e 650.89502 1031.52756 12
e 174.78213 404.58258 11
e 501.73667 380.11683 7
e 651.96535 707.94481 5
e 124.00098 248.27412 19
e 237.81664 534.58588 14
e 517.83661 574.78559 14
e 450.99549 892.28917 10
e 402.72542 1033.55710 9
e 704.32707 128.71366 10
e 159.12511 323.17526 10
e 307.66925 434.69813 11
e 356.55267 210.11895 13
e 313.96294 246.68532 7
e 427.25637 15.99501 7
e 252.55104 965.90677 7
e 434.85241 37.50840 6
e 297.08343 337.73801 4
e 142.02971 834.06482 12
e 243.91980 175.10585 8
e 35.81727 229.66426 9
e 332.66433 747.76228 7
e 56.57095 683.26443 10
e 55.10347 975.73363 4
e 621.73282 249.90709 8
e 541.53971 435.32213 7
e 141.89005 467.26003 7
e 303.98602 324.38120 5
e 505.14737 719.96811 12
e 431.79796 191.06298 12
e 346.61586 855.12825 8
e 236.29204 495.55792 13
e 451.49633 494.30925 7
e 258.89049 305.59730 7
e 596.07552 103.38170 12
e 611.12881 242.13376 8
e 307.34231 704.53181 9
e 658.63761 305.71948 10
e 183.10893 807.20270 18
e 266.23771 534.12838 9
e 322.19284 447.93248 8
e 253.19591 481.27989 9
e 367.01857 40.47547 11
e 337.30298 822.39603 12
e 24.14306 505.22773 8
e 83.48854 237.30034 7
e 642.17694 234.21715 8
e 303.16362 206.81608 9
e 627.37308 1017.16366 12
e 246.43212 908.34550 8
e 505.87809 267.12674 7
e 162.47141 53.41032 8
e 262.74554 884.89231 10
e 312.96853 467.13350 10
e 283.85351 75.85427 7
e 41.14114 563.79116 9
e 476.58574 544.32438 8
e 583.37259 339.42365 9
e 302.33595 433.45769 6
e 622.48747 17.15693 10
e 479.91490 253.90931 13
e 684.39948 956.34874 9
e 31.43381 844.33649 7
e 444.66347 944.89957 11
e 706.59204 751.31975 15
e 376.50462 332.79467 16
e 521.67114 475.69543 18
e 100.95073 935.50315 5
e 145.30389 47.64697 12
e 693.92860 478.31001 9
e 165.51447 975.42922 11
e 84.79398 562.26391 11
e 221.15395 21.65726 14
e 44.82683 457.65421 8
e 19.94096 509.09561 8
e 473.81031 857.56955 5
e 568.35583 743.21232 9
e 172.19458 104.35194 9
e 286.53637 181.44181 13
e 391.83458 923.53212 11
e 602.55168 472.87496 11
e 257.48765 307.77234 5
e 559.40228 896.33848 7
e 317.08399 993.33570 10
e 334.87705 46.64156 7
e 277.35153 832.46365 15
e 498.28970 111.80415 7
e 183.77809 866.06490 9
e 492.69363 683.07387 10
e 407.03707 189.04836 9
e 16.14115 552.44743 7
e 477.61441 456.10715 8
e 556.10499 978.25854 7
e 120.77211 78.23151 6
e 473.99684 538.96727 4
e 604.19071 827.74767 8
e 461.36815 906.17678 8
e 11.96799 984.80167 11
e 279.35735 44.40779 7
e 687.71101 385.61010 12
e 603.22381 894.82662 8
e 57.05530 43.42294 14
e 463.96123 1063.42178 10
e 629.08173 364.45022 7
e 532.01527 900.34727 10
e 708.94508 618.22161 8
e 676.65336 157.32701 8
e 652.16826 883.49135 8
e 463.77748 833.37341 14
e 254.01310 604.09400 11
e 284.88640 214.27635 4
e 495.58706 583.33501 8
e 450.91160 551.53293 12
e 387.13378 341.03370 9
e 642.45532 186.72986 5
e 381.05671 922.54716 9
e 438.09241 589.94403 10
e 427.41850 755.41478 7
e 547.92011 748.14296 7
e 243.97694 1023.48117 11
e 115.54919 172.05844 10
e 270.21605 365.60698 13
e 133.70850 272.09730 11
e 380.32108 799.73195 3
e 39.33741 732.35606 12
e 491.43668 698.29356 15
e 264.33814 25.33506 9
e 408.98134 211.47651 11
e 588.72111 215.97742 8
e 189.47313 570.42780 9
e 165.23512 973.33778 8
e 660.21704 947.08398 11
e 520.52795 1069.55548 10
e 708.98435 628.37416 10
e 14.86736 683.49482 6
e 228.40450 978.89437 10
e 232.30144 624.37802 9
e 540.90156 733.16194 4
e 73.32720 164.35987 18
e 354.10572 477.07468 12
e 649.65084 233.27278 9
e 450.66864 447.94117 14
e 68.61025 286.60408 14
e 368.17418 354.49803 10
e 119.09422 641.28700 5
e 635.80110 538.19777 5
e 119.37816 940.75656 8
e 98.06862 661.75369 6
e 519.10649 154.63795 6
e 46.87843 556.65966 8
e 135.44550 1028.61993 12
e 420.82904 645.39311 7
e 308.43808 311.55915 11
e 295.46236 244.38887 7
e 28.32762 941.81899 11
e 331.02997 694.26049 10
e 40.91978 569.69715 15
e 324.27267 656.63364 8
e 171.89351 748.62920 4
e 374.72543 795.31504 6
e 193.30001 443.01634 6
e 28.47674 779.29143 6
e 657.00783 536.72119 5
e 432.64202 48.98547 6
e 357.15222 1045.30823 8
e 259.69764 521.73267 8
e 626.01425 220.38251 11
e 244.18414 92.06121 5
e 340.61372 628.46044 9
e 521.75344 190.52776 10
e 343.82215 99.07924 8
e 141.86987 320.98009 8
e 125.18421 440.35753 15
e 36.89224 285.48733 9
e 709.42710 276.69734 9
e 207.25025 48.05922 12
e 588.61767 881.05960 5
e 523.45593 368.98543 9
e 473.31399 1001.43044 12
e 298.84380 15.28807 10
e 59.88489 831.21435 11
e 309.83410 77.71095 13
e 447.92335 990.29697 12
e 649.86116 821.03028 10
e 691.79524 769.52230 8
e 505.52575 954.64281 10
e 684.53851 728.29380 6
e 168.79070 542.48845 10
e 394.19979 474.47689 10
e 424.53705 975.89597 8
e 607.02814 138.27892 10
e 394.58573 844.43725 6
e 363.25462 721.61813 10
e 299.34642 960.83498 14
e 511.73748 347.19432 10
e 37.95847 170.29735 11
e 182.07875 165.25535 9
e 131.99896 522.47252 5
e 178.61038 258.51267 8
e 213.37719 143.46698 6
e 691.74069 659.26588 5
e 449.52490 832.99991 9
e 545.69402 1058.50717 9
e 26.31098 620.20133 6
e 16.47446 757.69548 7
e 665.33623 640.60294 12
e 61.84886 504.49411 8
e 689.45076 679.89445 5
e 464.63116 296.96143 6
e 540.30521 583.38716 7
e 171.19946 858.04237 6
e 521.73821 552.66250 12
e 624.47263 548.69271 15
e 62.40608 656.56244 14
e 155.34593 694.48972 4
e 218.12225 365.23987 5
e 295.40077 241.09913 10
e 147.82525 799.71909 6
e 245.49022 476.01047 14
e 327.79785 95.67312 10
e 25.87069 786.44368 9
e 400.30196 765.73678 11
e 150.16697 65.65091 6
e 77.03057 696.75243 6
e 589.86637 640.79527 14
e 251.19144 357.98046 11
e 329.13923 913.67052 13
e 619.78046 367.74268 8
e 395.89617 992.13994 7
e 500.48148 688.37042 9
e 662.16667 967.81922 10
e 509.91780 233.21190 9
e 376.70646 130.52718 9
e 304.30533 247.03044 7
e 612.52271 144.65964 9
e 69.94055 825.13690 16
e 215.23689 219.27104 11
e 135.33950 480.53287 10
e 150.71418 216.98395 10
e 630.86168 543.46389 8
e 453.23078 739.54144 14
e 598.66554 955.58012 11
e 193.22554 89.65975 12
e 689.37799 995.83801 11
e 553.61655 206.99406 9
e 56.23784 880.84148 10
e 53.52344 739.34321 14
e 567.42824 1001.74753 5
e 538.96041 64.59310 11
e 201.52282 92.52680 7
e 539.51936 703.64890 7
e 245.37301 969.84248 7
e 453.00920 454.10650 7
e 44.14087 928.13472 5
e 12.24309 14.34385 8
e 368.64639 294.54275 8
e 131.08590 301.32986 9
e 166.32189 202.35837 14
e 204.49223 322.47491 12
e 58.99672 43.01717 11
e 480.76827 253.25422 10
e 268.03057 170.84942 5
e 570.32368 584.55861 8
e 391.75766 758.24887 10
e 401.17455 466.26597 6
e 640.92102 15.45591 9
e 235.56093 569.39473 8
e 198.34853 637.67102 13
e 709.59139 754.63996 8
e 175.37630 738.74157 8
e 61.34005 1052.96877 9
e 682.33322 736.49194 3
e 589.22452 661.03084 9
e 147.87743 344.75083 10
e 566.67639 806.77789 7
e 126.98328 160.95299 9
e 549.77581 165.84378 9
e 219.16369 707.44403 10
e 206.48685 697.16874 9
e 356.29674 373.67103 6
e 470.33129 749.23723 4
e 297.62828 125.96190 9
e 115.11244 393.12794 5
e 635.19584 503.20116 9
e 554.22754 613.26972 8
e 154.74761 478.09381 4
e 569.32254 690.93401 13
e 621.38765 479.02015 7
e 594.56022 517.04446 6
e 693.35497 768.69260 3
e 166.85389 604.71877 12
e 52.07639 493.79580 6
e 146.87779 55.34048 8
e 373.12885 118.95481 8
e 166.91785 255.95378 6
e 547.83214 654.43641 8
e 495.71142 169.14968 8
e 586.60534 117.58339 7
e 445.11396 555.38107 4
e 652.17636 823.34668 11
e 579.96970 196.27505 6
e 536.91212 484.85816 6
e 675.56091 350.35136 10
e 402.15893 735.31267 9
e 128.36163 459.67258 10
e 449.81795 521.48948 4
e 536.77479 57.52990 17
e 666.80805 851.14254 10
e 687.19946 686.37091 8
e 410.79490 555.50877 10
e 219.73996 830.22499 9
e 174.62660 901.57340 10
e 572.08521 841.32569 10
e 479.72812 229.21102 6
e 594.71008 760.18126 8
e 604.58803 458.79311 4
e 691.74174 871.26368 5
e 184.35607 864.31625 12
e 339.38534 201.68962 10
e 555.52797 473.36376 11
e 524.14735 158.76689 10
e 672.53980 895.85108 15
e 611.83837 791.03973 18
e 222.64233 254.04737 11
e 127.20769 1012.15406 4
e 15.18135 427.50322 4
e 235.31122 912.80096 12
e 653.75005 618.33524 6
e 160.79945 871.04775 15
e 589.73601 347.15867 12
e 447.89793 705.24009 6
e 410.18026 207.92834 6
e 203.41759 660.82540 9
e 439.01408 290.62206 10
e 244.72495 717.72123 12
e 281.97450 129.31999 7
e 179.69581 42.73883 11
e 392.13561 838.83955 10
e 652.60466 558.96180 16
e 41.57713 976.75179 15
e 478.18584 892.32250 10
e 407.18196 781.36804 7
e 679.88884 513.18019 7
e 699.07863 995.14375 12
e 190.91791 1045.56186 12
e 147.83631 597.79080 10
e 243.68400 222.25275 6
e 396.75546 477.95107 5
e 429.28572 615.37380 10
e 166.56148 792.26514 11
e 287.83720 825.78679 8
e 49.39750 436.63943 5
e 302.12453 234.35799 19
e 209.02814 544.86814 3
e 595.91526 515.75316 14
e 685.69583 497.81005 11
e 651.20168 469.20231 8
e 570.85891 582.55015 6
e 540.78574 578.16539 11
e 692.73222 900.85671 5
e 141.87309 444.83125 6
e 16.39729 892.51877 7
e 533.31581 964.65143 8
e 65.36923 839.23599 12
e 625.30689 1064.23795 6
e 222.50689 566.85138 10
e 46.76219 742.45589 4
e 561.58478 396.76854 8
e 267.22626 163.45992 11
e 136.09312 494.06984 13
e 201.60576 465.85793 16
e 354.17582 874.11064 14
e 20.85027 249.05961 8
e 695.54378 945.50007 12
e 87.30260 63.73993 10
e 409.05394 297.56912 8
e 402.02356 51.05372 12
e 678.36731 965.77022 6
e 498.69517 300.48840 6
e 325.68370 243.50245 9
e 87.75942 1017.61823 10
e 455.13538 981.00210 8
e 272.74665 248.92832 7
e 138.78214 978.54917 6
e 384.71280 386.32058 7
e 134.78599 402.31864 5
e 169.36283 265.86190 10
e 548.93051 44.52561 13
e 177.31139 372.79055 7
e 484.09072 982.02129 6
e 470.30773 918.38061 8
e 644.21952 321.85902 7
e 147.35965 995.19012 14
e 17.20048 366.96278 6
e 665.12495 711.07737 9
e 132.78042 995.10911 9
e 436.87916 448.69769 14
e 493.63828 829.78779 10
e 433.80500 14.25625 11
e 429.92790 556.47286 9
e 89.50019 864.04675 10
e 299.77102 346.93622 7
e 407.53894 899.40653 4
e 507.21106 928.70111 6
e 391.72348 284.55058 8
e 293.79187 1042.60075 11
e 315.42186 66.87511 6
e 648.96459 458.45068 9
e 510.87544 299.82170 11
e 269.07880 833.51874 7
e 677.94475 256.76750 9
e 529.45166 709.07143 7
e 309.25430 808.02635 10
e 528.53077 973.70983 6
e 567.46942 536.14461 9
e 523.18670 418.18176 6
e 428.23695 674.26438 7
e 546.01538 765.61516 6
e 451.37465 1044.24286 4
e 646.49714 962.30722 7
e 532.00339 680.26160 9
e 642.57502 49.80458 10
e 287.96013 215.43484 9
e 526.92829 602.05720 8
e 378.34879 994.67272 9
e 104.84513 643.38338 3
e 375.90240 959.88853 12
e 150.41446 549.63179 9
e 401.78049 478.70059 13
e 659.67164 1026.96563 12
e 626.22455 512.74482 10
e 307.62550 454.46224 10
e 458.98001 1013.29888 12
e 597.31442 663.37402 12
e 500.19361 891.29023 7
e 659.82624 495.31267 9
e 351.80931 952.62293 11
e 566.31522 209.10418 14
e 291.98753 264.54969 8
e 418.80210 538.77017 7
e 133.67341 25.64682 7
e 509.89742 583.71217 5
e 343.03779 13.29812 10
e 133.16458 167.53349 11
e 118.14071 108.64126 10
e 478.44851 87.12297 6
e 600.46125 676.49404 7
e 659.16408 266.69479 8
e 488.35131 82.15528 4
e 415.53333 1048.14851 8
e 40.72477 90.28750 9
e 233.09474 316.16879 5
e 210.56356 565.10348 7
e 66.80941 1031.88443 6
e 676.54685 555.56784 11
e 455.40065 413.99331 9
e 506.27492 372.16000 12
e 301.97884 39.65779 11
e 42.07743 952.44146 5
e 372.76643 475.88406 9
e 479.07580 515.16822 13
e 237.07204 239.47991 4
e 14.88790 230.52931 10
e 520.11226 63.45918 8
e 436.51302 550.33544 7
e 405.74558 1041.53049 11
e 707.42912 428.45456 12
e 205.89505 791.31570 13
e 630.87424 747.63853 13
e 387.10467 660.18984 7
e 42.96475 912.24831 11
e 191.50355 459.02029 7
e 329.44136 312.00095 9
e 218.61274 162.06969 7
e 220.44680 741.19373 13
e 327.90674 772.20410 14
e 410.17393 752.85203 7
e 218.73870 919.45682 9
e 529.46320 636.64887 13
e 419.38946 1007.63325 6
e 677.68403 38.98617 21
e 79.55945 545.98919 9
e 233.77192 229.80215 8
e 135.56133 70.67198 11
e 227.88833 793.70100 10
e 419.61142 431.15471 6
e 541.50754 145.58593 13
e 213.62575 41.87554 5
e 605.85314 164.28953 12
e 202.95012 850.96998 12
e 280.42981 58.51847 13
e 359.81795 713.15533 8
e 160.28949 641.41148 12
e 362.01131 1065.32296 9
e 205.15157 449.73613 8
e 576.91346 945.34880 8
e 229.03762 312.50149 9
e 600.43175 514.02156 15
e 103.32220 50.61029 12
e 564.74481 458.51316 9
e 143.56455 557.78714 9
e 126.74939 629.01001 11
e 192.05347 397.18460 13
e 598.66245 370.75916 12
e 682.22730 200.98503 5
e 49.00779 1031.39290 8
e 516.35170 1002.80654 10
e 708.36078 711.62369 7
e 185.58907 351.46232 13
e 81.72094 953.10317 10
e 494.44721 182.59005 8
e 312.62543 813.37673 14
e 437.58387 115.44985 12
e 436.96427 319.64614 8
e 618.15049 1001.47965 4
e 60.19198 574.70691 9
e 103.63687 206.74262 5
e 74.79613 132.21401 10
e 541.45244 32.81844 9
e 659.67072 921.82685 8
e 36.90645 32.50802 11
e 292.32896 152.85771 7
e 708.85575 745.16191 11
e 300.50806 39.65383 8
e 262.73221 52.69125 10
e 364.47436 606.37495 8
e 565.27674 782.47322 12
e 87.30181 348.07128 10
e 348.36827 639.66730 8
e 11.29600 906.48172 18
e 524.37485 444.43149 8
e 510.40777 138.67588 10
e 622.48571 164.66028 9
e 581.24337 617.69060 8
e 655.33057 651.63645 13
e 342.15417 1037.59166 7
e 16.55941 692.57098 8
e 52.84795 954.45355 3
e 210.59386 704.37192 13
e 514.76906 623.45322 14
e 656.96386 362.37344 10
e 500.59895 100.31080 9
e 46.64525 673.09665 10
e 602.17254 578.48219 11
e 186.94042 77.63187 4
e 495.77052 831.37767 7
e 119.40612 800.29449 5
e 248.54774 481.59259 8
e 42.04971 682.56473 6
e 251.20933 169.70567 10
e 461.74814 282.67861 21
e 456.41338 337.31596 7
e 512.97838 349.78798 12
e 584.47759 934.44959 16
e 195.99237 606.71150 10
e 454.04273 321.30135 15
e 566.75105 293.69835 11
e 329.77089 490.28218 7
e 326.89821 1051.20740 8
e 431.52197 824.25904 7
e 42.68909 606.67609 7
e 398.09008 534.27580 13
e 400.74117 615.79757 13
e 44.33962 970.34035 13
e 690.82799 957.03720 11
e 475.61424 945.97481 7
e 96.56458 135.17256 20
e 69.31011 917.92861 4
e 467.04032 601.00023 8
e 43.31597 1041.76406 9
e 396.63880 683.16350 11
e 371.09096 1031.07740 11
e 117.99560 390.99881 9
e 87.05102 829.78293 9
e 707.47467 487.43688 12
e 313.28836 323.59484 10
e 76.85581 1034.54334 13
e 629.84688 242.86371 7
e 87.91994 833.88058 13
e 426.23086 476.14385 7
e 573.60034 530.84040 9
e 148.17817 705.16775 10
e 190.66490 312.82942 11
e 221.33037 137.08741 13
e 101.15320 633.01861 8
e 411.62833 184.86841 9
e 545.56215 573.97933 7
e 57.74288 515.48048 11
e 547.72828 791.19185 6
e 402.31565 570.43749 11
e 421.34728 210.55279 9
e 145.85209 349.55645 9
e 63.99061 469.71588 15
e 151.07478 409.98780 12
e 240.47763 1028.16721 9
e 660.97876 191.19878 7
e 327.34165 372.64330 8
e 483.30808 192.87134 10
e 628.00542 755.14148 10
e 618.42495 891.90101 6
e 486.49991 613.00909 7
e 333.59922 142.15086 9
e 377.93465 657.30258 9
e 453.70144 1066.77947 13
e 103.34872 570.48025 9
e 419.66944 410.19719 8
e 321.64765 55.86532 3
e 306.13422 1013.32878 9
e 549.29817 609.26796 10
e 606.26244 947.72031 9
e 484.07985 288.32730 9
e 330.14327 994.56050 10
e 111.17846 361.04956 5
e 192.26920 927.36174 9
e 625.66993 874.12871 6
e 411.11625 110.69539 10
e 159.37620 987.47567 5
e 88.19569 380.71287 7
e 526.14703 836.06805 8
e 195.57017 186.24254 7
e 628.70062 109.77367 9
e 216.15324 188.57037 13
e 129.06047 384.19831 9
e 482.56500 415.41249 5
e 600.64144 726.81465 12
e 205.74464 639.53721 10
e 205.31198 187.27172 15
e 474.05125 927.67416 16
e 188.02799 660.89770 5
e 115.13956 623.53384 13
e 15.10846 358.12337 9
e 289.20283 478.30872 5
e 378.80068 352.73640 8
e 243.16008 511.15775 11
e 38.19001 209.60732 6
e 145.64269 227.41636 8
e 18.99505 912.82561 8
e 684.28539 124.00511 8
e 582.33308 24.01788 12
e 162.41819 210.89664 5
e 679.20381 1021.79690 9
e 300.17498 328.19761 8
e 494.39710 660.65294 12
e 84.58501 531.98794 8
e 173.70564 284.64966 5
e 618.62664 559.11612 12
e 368.74859 120.95760 4
e 386.63763 289.36061 10
e 398.08506 826.35185 8
e 494.43596 24.00647 8
e 123.12145 408.29873 5
e 290.34026 688.64680 8
e 100.72265 59.87667 15
e 558.98204 519.06323 10
e 157.18729 517.12763 11
e 393.09693 510.44929 15
e 703.92350 1009.13372 9
e 247.77955 366.18662 10
e 306.80569 59.03918 8
e 603.75750 948.72910 6
e 435.96530 1003.57455 9
e 516.93657 838.40930 9
e 579.13010 87.06408 7
e 353.40661 239.73561 5
e 414.71001 911.13626 9
e 650.67877 308.77047 8
e 67.02835 654.04637 9
e 70.89989 313.66059 12
e 386.50318 725.41148 12
e 324.45616 404.40655 6
e 435.58916 315.81734 9
e 74.56698 269.29671 7
e 345.89718 123.73487 14
e 660.11921 616.01279 10
e 387.54132 876.67906 10
e 584.38824 476.22576 8
e 22.80020 138.50381 10
e 607.63725 648.21788 5
e 126.06936 276.16444 7
e 559.07327 372.71678 7
e 234.52697 1048.43282 5
e 133.87909 380.58467 11
e 62.11086 717.30239 7
e 157.54636 849.52072 10
e 19.26145 359.18740 10
e 411.13064 86.74394 9
e 293.65648 119.87616 8
e 366.93552 448.91905 10
e 286.70504 674.29056 3
e 505.90301 27.30953 10
e 205.34776 1056.22323 8
e 665.41869 387.79287 9
e 351.44598 539.51939 9
e 368.52342 521.78014 6
e 41.66460 460.98760 6
e 603.65336 615.53849 10
e 696.01474 1021.10629 13
e 430.83054 1004.00348 8
e 593.92793 91.06288 5
e 411.37548 513.84058 6
e 266.66281 536.61861 13
e 378.54171 92.30234 14
e 653.94220 564.84921 10
e 540.92131 566.35806 16
e 493.34803 178.76799 6
e 564.69237 866.88096 8
e 53.33697 613.30587 8
e 579.63879 105.25424 4
e 367.76833 398.56363 13
e 524.39814 924.05696 7
e 262.27958 193.09226 10
e 335.72881 847.08081 14
e 659.92229 278.37923 14
e 423.42932 831.25371 5
e 166.53693 233.71142 9
e 576.08186 584.06211 8
e 531.42933 959.40176 8
e 527.26234 173.85823 12
e 137.73496 745.14669 6
e 78.81593 80.83970 13
e 647.28118 827.17041 8
e 402.87580 434.81739 10
e 628.09561 1065.32042 9
e 506.60995 78.82528 12
e 13.11425 471.43590 6
e 114.70379 57.51565 11
e 188.39446 533.15952 10
e 581.52837 780.87549 10
e 544.47972 825.42867 9
e 562.45016 738.35978 8
e 180.67278 351.44916 8
e 552.97661 742.82317 12
e 38.90465 191.06931 15
e 634.76389 763.94788 7
e 585.51751 717.12420 7
e 563.28359 346.95832 8
e 85.30922 331.24871 10
e 681.99255 670.33889 12
e 591.57427 863.51254 8
e 184.05897 553.25949 7
e 630.32825 244.40292 14
e 496.25942 58.54868 8
e 606.78805 44.70722 13
e 679.43197 1032.94833 14
e 677.23138 649.75314 4
e 292.95031 509.19036 10
e 584.52986 973.04031 8
e 448.37906 866.81543 12
e 268.95518 298.65846 8
e 266.21652 48.22391 9
e 144.70222 247.33441 14
e 172.23550 861.16650 10
e 307.70221 330.83605 9
e 653.63186 99.54242 17
e 97.92081 695.73983 7
e 140.65954 191.27977 5
e 396.88164 885.40299 9
e 406.05806 115.18889 7
e 324.01053 166.07268 15
e 607.36631 108.51012 13
e 531.52789 558.67731 8
e 21.86333 172.35758 6
e 195.70623 54.15856 5
e 140.73860 891.61232 9
e 69.36147 669.40576 12
e 337.99345 661.87226 14
e 28.81684 947.41952 7
e 633.01874 113.89544 6
e 645.19499 314.68435 10
e 386.46123 595.44072 9
e 473.89921 34.43165 9
e 660.82157 894.70897 11
e 391.48693 188.84504 16
e 393.99308 506.58281 10
e 214.23715 209.24782 11
e 216.77056 541.23914 15
e 225.83102 484.47751 12
e 513.08584 249.49537 11
e 177.87353 33.01103 14
e 310.43942 746.18171 14
e 384.77979 283.21845 10
e 369.31321 244.72554 6
e 638.78703 390.37754 9
e 623.49357 83.58717 8
e 282.28063 79.94147 11
e 191.43327 358.79513 8
e 157.58548 190.53135 7
e 84.38506 494.18681 12
e 636.54220 1030.54786 14
e 28.78604 539.54306 8
e 309.83369 347.18397 11
e 491.25298 375.66865 13
e 22.84545 344.63733 7
e 340.63272 19.02172 7
e 422.34993 776.66975 13
e 337.60360 430.79818 10
e 88.59646 802.60324 9
e 340.31864 319.53410 9
e 86.96911 694.86619 12
e 568.40229 751.36797 9
e 546.50203 472.44553 6
e 439.84101 171.61849 8
e 106.17308 202.11200 11
e 594.09702 819.44692 11
e 565.36745 494.69546 7
e 241.93756 53.18709 7
e 278.02310 176.06276 8
e 87.06279 431.36734 7
e 505.34367 1004.05787 6
e 25.53332 33.60195 6
e 377.27534 798.65713 6
e 36.25861 420.15718 13
e 135.27625 101.67005 15
e 179.47664 722.08154 7
e 571.49840 707.91411 7
e 560.93061 515.31846 6
e 422.51088 395.17043 9
e 594.25048 604.85060 8
e 233.65030 477.28726 11
e 566.30418 1060.66529 11
e 79.44978 777.90614 13
e 480.51207 162.40043 12
e 81.61929 733.85794 11
e 101.38288 461.30038 13
e 581.29107 657.05116 7
e 78.04733 365.61428 10
e 470.95482 458.65755 12
e 77.30578 656.96566 9
e 688.29079 149.78545 14
e 345.59783 546.48389 4
e 20.61523 862.47734 7
e 148.74721 861.37481 9
e 12.63491 781.49387 6
e 515.89479 433.88578 13
e 506.46032 433.24001 8
e 277.10305 377.47777 12
e 377.59908 922.47647 12
e 84.34488 62.60606 7
e 73.02272 478.09495 8
e 246.72290 333.48210 7
e 635.61962 114.66443 9
e 675.66538 528.44057 12
e 604.79266 830.32948 10
e 204.83305 502.67441 8
e 257.92489 790.94256 7
e 206.22864 28.87595 11
e 68.26753 1047.90374 12
e 361.80787 326.36602 12
e 247.30821 348.09157 19
e 487.99243 628.11992 7
e 498.10140 355.85475 4
e 686.96353 368.59786 5
e 515.73676 273.81832 7
e 631.22459 730.31486 11
e 166.25697 567.69933 9
e 348.99265 164.85219 16
e 437.39969 436.62275 7
e 560.53896 933.66503 7
e 444.69966 281.87257 10
e 545.49287 781.12455 7
e 435.93778 80.50120 4
e 353.15380 176.52397 6
e 494.86516 43.00649 9
e 684.09021 269.01878 11
e 122.71973 976.35199 6
e 534.53560 827.00057 4
e 542.58932 73.73294 9
e 330.24401 431.66913 4
e 62.34341 319.39073 10
e 59.51677 780.27885 8
e 398.47889 69.66468 8
e 531.45898 192.44452 8
e 359.95932 756.16679 6
e 31.35248 886.65589 6
e 490.40785 945.36459 14
e 625.76401 930.57379 6
e 305.39516 24.43694 7
e 279.47714 592.44352 12
e 512.24390 89.19962 9
e 186.75243 42.52909 6
e 538.93001 563.15049 11
e 196.16883 1024.19004 9
e 449.80838 745.42027 8
e 220.63434 144.29765 12
e 405.90349 557.19227 7
e 401.54109 737.20033 7
e 338.57276 485.12057 14
e 592.87609 929.77789 12
e 300.44420 912.86906 11
e 10.31858 109.22915 10
e 72.73930 234.05028 5
e 159.96636 240.80488 8
e 406.57723 923.29654 10
e 374.52546 511.48696 6
e 434.20143 936.73409 8
e 575.79633 473.22409 8
e 13.27779 66.45033 11
e 593.57091 557.08379 7
e 357.91787 1041.12039 5
e 176.83879 386.90245 9
e 216.91281 554.19550 12
e 261.43328 893.52402 5
e 53.00623 909.85673 8
e 238.01662 101.50132 14
e 28.62124 751.18326 12
e 512.97749 908.95116 8
e 415.90429 683.93201 5
e 643.38289 525.90357 13
e 426.13760 26.35150 5
e 131.17171 1057.73931 14
e 319.30645 1035.77819 4
e 469.72811 956.64476 18
e 439.35700 297.00958 9
e 648.89361 925.26612 4
e 467.69400 870.41268 12
e 595.37811 710.49989 11
e 555.37411 976.46846 4
e 92.98623 182.40487 9
e 536.48024 826.76336 4
e 480.79997 817.99918 10
e 428.16727 603.27616 12
e 600.89092 733.86007 10
e 183.23440 421.15317 15
e 566.24017 283.96992 12
e 536.33150 921.04339 8
e 344.06813 347.37616 11
e 560.35983 267.46376 4
e 556.08866 173.58419 7
e 434.84456 524.08567 7
e 698.87956 572.01128 11
e 475.93608 326.73448 4
e 236.84193 358.86278 10
e 565.46560 587.10204 5
e 658.92546 337.41718 5
e 240.84234 403.30614 10
e 67.72746 534.19101 4
e 296.24753 49.85576 8
e 310.83811 468.96271 11
e 307.08892 835.87792 13
e 217.63275 932.56852 7
e 66.16394 457.94821 5
e 296.16676 267.14016 11
e 230.68844 56.24088 10
e 669.83102 979.59423 5
e 98.18967 384.63125 11
e 117.12440 543.34955 16
e 411.25475 305.88012 6
e 316.77702 470.36826 11
e 322.11470 1023.50126 9
e 534.70370 421.69381 11
e 231.59065 276.63435 7
e 570.58989 792.78117 9
e 210.28544 285.18087 7
e 645.83899 751.80226 9
e 486.86918 155.56728 13
e 213.39163 687.23319 6
e 43.55280 733.65127 9
e 555.80567 910.48231 9
e 582.81185 515.38381 4
e 210.29402 111.75398 8
e 45.81140 452.13754 9
e 491.29177 756.73345 12
e 682.63453 172.78019 5
e 318.05238 819.35190 7
e 483.05942 767.46236 5
e 494.61668 79.81052 9
e 69.20399 690.71279 10
e 54.36274 404.67046 7
e 35.19589 286.24826 7
e 490.81971 547.01938 11
e 548.14768 349.15587 9
e 102.80998 951.06375 6
e 401.61126 73.89000 8
e 456.79077 445.66449 8
e 35.69692 397.59742 13
e 511.62601 625.34888 12
e 557.35079 904.39033 4
e 183.84354 805.22533 7
e 196.81349 255.82300 8
e 169.82102 242.08250 12
e 125.47660 193.74151 7
e 333.92694 928.20017 7
e 320.97555 317.70953 10
e 193.56379 82.44842 10
e 20.67485 979.37738 6
e 213.09136 886.49668 2
e 212.21982 550.20228 14
e 559.57728 841.65432 11
e 533.65810 587.10929 7
e 248.77943 94.68416 9
e 132.99307 721.13174 8
e 487.36706 484.56838 6
e 299.25009 1035.86075 7
e 638.08276 721.15869 10
e 688.09575 945.76307 4
e 599.83801 562.78420 7
e 28.34093 448.80382 6
e 218.15310 403.62693 7
e 102.29141 195.42321 18
e 614.09376 574.08666 8
e 63.17237 614.05325 10
e 128.02015 617.43124 7
e 473.93069 625.40462 8
e 384.68469 132.18492 5
e 492.00546 464.66043 10
e 428.31836 863.81804 10
e 135.99312 447.07528 9
e 87.48573 94.10583 7
e 183.66933 333.63348 7
e 597.20201 133.03327 8
e 363.66401 506.59532 6
e 163.06857 434.18304 11
e 82.01256 655.81908 8
e 259.59871 414.18443 9
e 34.01710 353.71493 12
e 583.47493 237.07227 7
e 201.57989 356.48667 6
e 371.26878 936.74107 8
e 394.17662 1041.51764 15
e 173.16585 84.08330 11
e 165.38900 423.21131 6
e 194.72229 1069.99627 11
e 222.33113 201.38775 8
e 237.30774 347.71089 8
e 500.69212 278.41134 8
e 660.43979 474.22657 13
e 103.74919 799.44314 14
e 179.23580 996.57171 11
e 507.79641 716.82451 11
e 292.15050 722.00285 16
e 188.30514 474.35659 10
e 389.90545 1054.48600 9
e 35.98163 129.52568 13
e 531.37346 1050.60912 8
e 593.05854 740.41693 7
e 484.07132 886.94514 7
e 593.37537 42.50939 10
e 369.54152 154.38140 5
e 113.01522 260.59852 11
e 485.91042 212.44847 6
e 421.70853 898.81175 9
e 266.04863 869.02999 8
e 411.06058 938.14496 13
e 264.03241 1068.83742 12
e 418.36080 35.65188 11
e 178.06322 653.94150 17
e 526.32450 143.84359 8
e 55.27359 117.01140 11
e 191.42026 73.62059 9
e 103.55914 684.89261 8
e 693.74014 113.38624 8
e 18.82308 891.32001 7
e 438.69244 954.82333 9
e 66.34232 526.42722 9
e 345.96285 414.05950 10
e 708.46679 357.56265 5
e 332.67740 579.71498 12
e 315.44637 689.47334 13
e 48.86192 104.21934 17
e 65.96164 386.32327 10
e 17.75516 848.03112 3
e 585.89255 688.36830 8
e 700.59053 951.79848 17
e 602.53460 915.82172 14
e 64.10169 31.56777 7
e 405.36998 1018.79871 9
e 447.03502 732.03518 8
e 530.43638 245.96568 10
e 394.86020 23.82662 2
e 70.48467 155.10778 5
e 299.90326 939.38575 8
e 155.45253 172.07117 9
e 499.65614 170.12514 10
e 190.73973 1038.07068 11
e 326.63289 639.13769 12
e 679.76843 795.38537 7
e 244.15681 929.20650 7
e 523.98845 885.15560 5
e 74.63804 328.59947 5
e 447.50811 204.62602 9
e 391.88955 623.65962 5
e 522.05896 473.68722 8
e 96.58237 436.68810 10
e 474.73576 58.61680 13
e 412.26249 158.09571 9
e 65.20920 717.50400 12
e 451.95496 45.16726 5
e 650.67221 793.43217 9
e 388.23638 803.72942 9
e 533.27010 855.69478 6
e 335.87984 755.62709 6
e 594.07183 556.50133 12
e 139.43854 510.34003 10
e 650.30047 506.51093 8
e 267.88557 155.68827 8
e 149.13733 609.44014 6
e 377.79775 400.55068 9
e 180.64227 258.72360 11
e 305.20108 940.48789 12
e 588.56873 198.47465 13
e 129.43919 442.01916 8
e 303.91945 613.67913 8
e 223.33334 462.65510 8
e 235.29530 547.61230 7
e 517.53215 75.38313 8
e 289.40866 27.14209 10
e 411.78998 139.04005 11
e 105.82091 1069.12793 9
e 71.18765 510.94788 7
e 476.37235 950.35727 10
e 524.12005 67.53548 13
e 707.62126 691.21031 10
e 268.07801 590.27530 7
e 633.12338 112.65651 21
e 663.30045 808.59507 9
e 198.55584 146.04532 5
e 142.74966 514.73493 10
e 247.40969 148.37179 10
e 333.90261 777.35791 10
e 444.68663 417.20850 4
e 460.43696 595.44591 6
e 652.10243 695.60032 10
e 662.87577 793.73861 11
e 319.12378 476.43518 8
e 280.66096 568.51799 12
e 214.56650 169.76783 11
e 555.28700 846.26680 14
e 358.09570 352.57459 11
e 707.73556 231.85229 5
e 223.21224 482.73917 11
e 322.27158 905.36904 7
e 461.23624 366.83267 7
e 137.66207 11.46528 11
e 349.25320 683.40030 12
e 104.75487 921.87811 10
e 125.11239 231.13681 7
e 530.69117 342.30757 6
e 339.31726 212.15028 8
e 497.45528 469.61233 9
e 32.85226 665.62325 8
e 547.40397 590.24503 7
e 105.73092 546.51305 11
e 700.23267 48.08274 10
e 449.89351 777.03234 11
e 52.93728 467.91935 9
e 627.58026 508.02123 6
e 588.12668 344.12213 12
e 477.17604 1016.36189 11
e 707.36137 696.26173 7
e 76.83991 101.06060 13
e 81.43551 617.34911 10
e 525.23164 372.96659 12
e 64.60057 91.93946 6
e 351.97013 416.27900 8
e 27.26237 490.29740 10
e 203.85066 845.47214 11
e 569.53259 64.81637 12
e 579.01623 54.20590 8
e 528.76846 687.78362 5
e 406.74922 566.23099 9
e 391.11479 307.95872 11
e 516.48129 353.70636 8
e 608.62059 653.72475 11
e 596.78443 965.74305 7
e 298.74665 778.68615 13
e 598.66342 349.32575 9
e 253.08314 997.64910 7
e 175.70766 64.55164 4
e 566.90408 424.81211 8
e 244.22552 359.79356 13
e 467.60264 492.72001 8
e 304.80580 280.85553 12
e 599.18610 415.64585 15
e 167.71711 133.02207 4
e 123.54030 1018.43950 14
e 291.22027 247.25766 4
e 558.46625 906.64931 15
e 677.12189 266.52649 10
e 597.99520 76.06153 8
e 536.52767 138.21398 10
e 555.83601 796.35172 12
e 318.00304 54.02229 16
e 165.40185 673.55594 9
e 554.65862 570.22879 10
e 319.93995 896.25190 8
e 239.88058 343.35795 11
e 119.65282 636.42712 5
e 64.52293 880.96089 10
e 492.76594 162.03642 12
e 13.52364 557.64454 8
e 348.45981 874.17880 8
e 615.46051 869.60154 7
e 420.54886 707.44335 9
e 402.14937 301.69445 9
e 573.24846 707.01994 5
e 545.85833 531.95004 12
e 486.55901 182.48801 13
e 377.41442 987.00157 11
e 522.03826 1064.12631 13
e 262.04241 334.19361 7
e 590.39957 423.42698 10
e 386.30139 353.50614 7
e 587.33058 610.47074 7
e 477.18669 753.80206 5
e 304.25446 226.69409 8
e 689.84966 499.25700 9
e 247.51450 471.01654 9
e 392.13701 451.55193 6
e 408.59946 907.54494 10
e 146.11750 1063.44884 11
e 703.93950 196.48958 11
e 611.71776 392.67714 9
e 577.44409 565.33022 10
e 520.94620 211.81992 10
e 37.96916 749.53163 7
e 643.02961 753.56489 7
e 497.73912 962.85713 9
e 468.54352 852.28754 4
e 606.89379 883.46636 8
e 30.73703 949.67071 10
e 684.76925 884.50469 7
e 503.97951 917.41468 12
e 396.28327 600.64948 8
e 704.46249 362.32867 7
e 111.28759 635.89612 9
e 472.72932 782.79041 14
e 494.85561 183.82583 8
e 601.21997 853.56085 8
e 611.69169 214.47080 13
e 532.69056 491.48910 6
e 129.00554 387.44075 9
e 445.36038 731.32272 6
e 702.15032 679.92625 12
e 250.67167 1025.89817 12
e 454.48753 613.86321 6
e 37.72485 792.56503 11
e 495.30874 663.35679 8
e 328.57329 675.97653 6
e 624.52072 789.88517 11
e 351.50251 867.50581 12
e 87.80948 496.92791 9
e 177.54723 989.28654 7
e 400.18324 155.32044 9
e 229.43839 307.62362 12
e 372.18923 875.76680 16
e 523.42806 1016.69034 15
e 496.41480 506.18578 9
e 87.74007 108.47546 11
e 440.27285 14.42727 13
e 405.18463 904.64633 7
e 41.54362 448.69116 11
e 399.42079 159.08988 7
e 458.88157 524.73109 4
e 102.11541 1056.41846 10
e 41.58455 655.88389 9
e 304.66135 323.40055 6
e 410.43833 915.16840 9
e 644.61411 1066.45202 4
e 222.26937 216.22126 8
e 425.15674 275.43047 11
e 632.45665 971.45387 11
e 60.11881 90.73667 7
e 17.72408 70.26027 10
e 694.46072 174.68126 11
e 340.25270 78.40056 11
e 558.94362 797.48525 11
e 529.71340 693.04303 10
e 468.66246 513.14800 10
e 557.24758 312.09445 18
e 53.10642 918.26591 8
e 476.74572 888.71237 14
e 672.51357 820.82408 9
e 484.17243 881.86961 12
e 117.80688 235.24374 4
e 415.36825 430.49769 6
e 553.20372 753.86295 7
e 648.87552 1006.80590 7
e 272.30080 672.01021 10
e 211.15199 34.14223 6
e 536.26413 1003.33731 8
e 79.20551 844.54654 10
e 633.56117 1044.00430 7
e 91.60612 600.98205 11
e 178.20280 84.07690 9
e 90.93391 77.27050 14
e 188.22567 913.98561 15
e 239.52618 531.40882 7
e 126.97881 968.82080 8
e 499.09878 482.34613 11
e 343.43040 759.91755 14
e 626.07247 729.40319 4
e 411.90941 58.42128 11
e 351.99540 110.68074 9
e 568.98753 242.81998 9
e 275.93034 288.65993 13
e 638.34534 590.48416 13
e 328.92999 256.24532 12
e 495.77698 783.65540 12
e 634.62711 430.46943 10
e 532.06393 397.58161 8
e 312.79925 348.93888 9
e 429.64514 55.45128 12
e 162.51981 371.77074 10
e 59.91366 553.36111 12
e 41.97089 845.62679 6
e 429.21918 756.55252 8
e 297.28285 576.52076 9
e 602.13646 719.99428 11
e 423.90869 784.77471 7
e 704.82980 929.04602 7
e 703.48734 925.52613 12
e 69.85814 679.15154 10
e 698.86692 721.34526 9
e 575.27809 544.10923 10
e 162.58231 997.13792 13
e 227.31721 699.08359 12
e 647.89662 604.41435 15
e 427.58434 411.36120 9
e 51.62862 855.78207 9
e 649.69677 994.06389 12
e 119.93168 858.73530 10
e 484.63995 373.41111 10
e 13.10531 586.13540 11
e 593.05416 512.22151 6
e 387.52225 326.56801 8
e 477.51308 499.91062 8
e 279.20800 852.54660 3
e 339.83825 29.96892 11
e 90.62193 740.64134 3
e 291.70958 551.93718 20
e 314.55431 807.43270 13
e 584.47784 335.66337 11
e 543.52762 113.96638 11
e 445.17485 980.38413 9
e 41.48457 55.69196 11
e 649.81636 787.86289 9
e 626.42946 894.41403 7
e 705.73781 95.10615 14
e 229.47864 536.88740 8
e 553.82209 367.13237 12
e 544.73612 822.50967 7
e 123.86230 297.46801 6
e 253.30587 975.31577 7
e 469.13166 1032.64163 9
e 220.87030 261.50557 9
e 656.47296 1006.58460 10
e 277.82549 733.05853 11
e 547.19114 702.21468 10
e 273.49287 833.53053 7
e 221.58289 173.53336 7
e 223.93419 934.28231 8
e 502.68417 527.68066 7
e 165.56324 40.69860 10
e 263.82382 924.21904 13
e 414.08936 243.01903 9
e 134.22959 246.34906 9
e 230.30160 1002.69205 10
e 219.30706 663.17707 5
e 280.62961 271.42283 8
e 498.84853 1033.52675 10
e 657.57600 229.19545 12
e 329.41108 718.63843 12
e 50.42210 794.34779 5
e 278.91331 67.78550 8
e 116.51057 825.24338 10
e 591.83815 723.68681 7
e 40.60831 822.69815 12
e 17.24713 337.96794 6
e 424.49713 178.58615 15
e 67.71112 563.98863 6
e 231.91295 770.28111 10
e 218.47984 658.25145 8
e 120.22930 293.87847 11
e 578.01059 102.72541 9
e 195.18576 348.96293 12
e 276.76196 417.15715 7
e 47.76255 191.24239 11
e 212.28412 239.25800 12
e 597.22124 972.56238 10
e 14.23679 653.42190 10
e 199.20858 23.99854 6
e 175.90819 642.81839 17
e 401.57354 284.63360 13
e 390.34399 949.81029 8
e 12.76769 1042.99241 8
e 266.46451 866.11591 8
e 187.71907 432.14812 11
e 707.18464 805.41807 13
e 471.90266 287.10470 11
e 313.30785 764.51069 9
e 536.30934 715.84315 5
e 426.75125 307.66721 4
e 249.20004 1001.87479 6
e 499.65094 276.71139 15
e 605.82832 240.73130 12
e 45.80320 832.60479 6
e 115.84127 919.01638 6
e 286.24425 178.37932 8
e 610.96583 736.77823 6
e 368.11964 141.44030 4
e 512.19428 578.08048 9
e 298.86114 581.08172 10
e 185.43857 331.88421 11
e 176.05557 283.35793 11
e 261.20731 502.01285 8
e 301.02643 748.99953 9
e 156.54795 833.17600 9
e 30.81302 995.14554 5
e 406.55098 857.01214 7
e 586.92797 853.71660 7
e 575.33764 26.73945 11
e 581.91803 163.13919 14
e 62.35765 900.14470 4
e 182.31477 70.77754 11
e 296.35416 1023.72348 8
e 484.45450 990.50424 12
e 363.84911 695.56251 16
e 96.76256 984.15564 14
e 83.94926 192.38856 5
e 470.70797 16.68035 12
e 582.69601 399.12129 14
e 410.52897 940.30238 11
e 671.94324 939.33566 10
e 297.85725 221.57556 11
e 265.53978 534.31321 10
e 81.49678 360.86772 10
e 105.88978 1008.62093 10
e 628.54211 759.77978 8
e 549.02100 402.48686 7
e 643.17110 430.12656 7
e 623.89771 218.32819 10
e 313.36618 365.45408 10
e 119.27533 538.26151 14
e 300.54627 1005.36687 10
e 119.58546 530.74198 7
e 214.80962 150.23827 9
e 60.46219 299.75721 9
e 409.56650 233.74938 10
e 485.35496 55.23698 7
e 353.49042 792.66795 9
e 86.74342 886.30795 9
e 446.09199 927.94667 5
e 384.23632 332.40351 13
e 249.72941 1040.70634 10
e 106.25948 582.60928 6
e 600.54302 796.65143 8
e 453.57407 500.94906 8
e 306.86636 1021.60403 9
e 300.74480 970.25848 12
e 119.98758 175.44492 6
e 328.17510 955.94155 11
e 643.45372 899.94173 10
e 388.62308 660.29651 12
e 360.15663 215.48201 9
e 46.93136 127.00441 12
e 467.43548 949.21417 14
e 348.37463 52.72424 9
e 651.16073 894.89683 7
e 178.54737 40.97182 7
e 616.09382 622.13329 15
e 16.37755 201.77622 8
e 681.15598 950.38531 9
e 429.96662 22.62407 11
e 336.70003 1050.59000 7
e 515.43171 258.32933 14
e 253.85683 562.52659 10
e 580.29583 255.99001 11
e 467.81203 247.95116 6
e 633.13673 801.03072 8
e 52.11164 767.11223 7
e 334.40344 932.56233 10
e 110.27425 13.81042 10
e 245.29113 675.95270 9
e 193.46515 1041.17574 9
e 59.37581 151.38001 13
e 118.67063 544.13800 9
e 51.97730 727.94623 9
e 532.09757 230.70353 8
e 279.73407 499.27828 8
e 570.33058 716.62974 10
e 149.78647 338.90965 18
e 255.75528 61.62614 9
e 609.82030 601.44914 9
e 154.44405 250.56474 9
e 586.56823 99.67706 9
e 46.19432 81.97415 11
e 70.32918 395.15287 4
e 210.30304 631.26135 12
e 153.25695 827.89801 7
e 317.22143 448.15160 12
e 502.81605 922.84881 9
e 168.84347 781.72917 8
e 396.34562 400.86526 10
e 498.57676 976.52482 9
e 502.57043 141.34997 11
e 153.46396 136.18947 8
e 419.63964 851.20023 10
e 92.82943 1057.71117 17
e 140.83417 860.32209 4
e 143.48037 260.48469 13
e 89.44771 63.91738 8
e 128.32876 650.85130 7
e 226.76222 929.37485 14
e 474.03450 719.42097 8
e 278.83618 570.36974 3
e 538.75820 390.62214 17
e 489.50010 837.71761 16
e 57.41992 965.68291 5
e 569.34065 95.76255 8
e 689.70345 551.79944 7
e 668.77579 869.12321 4
e 241.75423 12.55622 12
e 225.87341 976.65497 12
e 291.66460 88.91699 10
e 336.71795 452.27913 4
e 378.07610 867.52254 11
e 32.30779 560.74143 8
e 347.36942 888.62620 20
e 548.75490 801.52452 8
e 177.15641 270.62512 7
e 156.48841 872.26171 6
e 510.81842 56.23414 12
e 309.58994 146.01441 8
e 400.10515 342.33862 6
e 93.64165 772.35881 14
e 68.88853 963.40453 6
e 257.26329 471.44904 9
e 363.39138 995.48180 20
e 173.58788 580.22140 6
e 491.50017 34.14679 8
e 647.36374 503.33345 5
e 530.57401 678.79611 13
e 349.88747 1009.02175 14
e 522.21824 974.12206 5
e 458.45967 623.44226 6
e 682.61857 380.81356 10
e 598.24241 676.31966 7
e 570.70995 112.55821 11
e 618.04260 750.61409 9
e 325.42795 822.43554 14
e 157.07841 149.28504 8
e 132.56716 565.92585 8
e 679.75336 458.65331 8
e 260.59531 844.14569 9
e 277.18106 968.28944 5
e 61.70743 56.08126 7
e 669.59103 939.25049 12
e 283.65898 842.98231 11
e 328.51551 837.11949 10
e 435.52190 469.36363 8
e 267.30620 999.65906 9
e 596.75192 84.73444 9
e 593.61157 529.43255 10
e 318.72932 912.05665 8
e 261.29228 336.66968 7
e 87.77961 91.15855 9
e 123.92783 889.41730 11
e 181.72932 735.96408 9
e 221.85024 488.94645 4
e 221.02721 1051.26709 10
e 417.12328 620.18277 8
e 466.91899 615.40092 5
e 91.74613 699.86612 12
e 581.60520 933.97109 12
e 152.15668 967.25625 7
e 27.41898 608.92468 12
e 404.64397 1057.61498 12
e 19.37965 931.34083 8
e 181.30561 839.75094 6
e 126.20968 1017.37173 10
e 232.12339 59.08297 16
e 129.96123 669.00838 7
e 274.65434 96.59062 13
e 446.97400 1059.04308 11
e 395.52417 377.10077 9
e 27.17905 487.00692 13
e 617.47852 282.33884 9
e 628.95568 486.58533 9
e 599.95893 1049.33258 8
e 129.94230 572.21379 9
e 165.38311 1031.17005 7
e 78.76594 572.36913 9
e 121.26288 170.29945 10
e 407.63938 349.17681 9
e 73.67030 844.69711 7
e 363.13277 1051.44481 7
e 181.73799 566.90338 9
e 373.08611 332.59306 13
e 242.86469 821.13367 11
e 92.27554 261.69673 9
e 163.89561 560.82544 6
e 552.37990 826.80578 12
e 47.81909 107.76337 12
e 73.94566 832.09310 16
e 89.76809 732.36040 11
e 258.16195 366.80051 6
e 451.79691 980.84338 4
e 221.76250 950.55112 15
e 238.99579 28.65515 9
e 455.99672 991.50020 13
e 547.07362 268.27147 7
e 566.32863 101.35974 8
e 618.66569 288.34354 10
e 216.41930 489.51655 10
e 73.50577 855.72634 9
e 271.02325 467.03102 12
e 482.92267 875.74471 9
e 345.34247 786.74028 9
e 603.07591 1013.20426 7
e 115.30762 931.24416 12
e 252.94977 742.17082 9
e 138.99489 117.06029 11
e 431.28947 552.15099 9
e 651.28805 793.84301 9
e 488.73554 933.59455 15
e 141.43731 809.17579 10
e 283.93757 828.41719 13
e 412.25582 232.33856 9
e 158.42363 775.26329 12
e 10.25147 72.07878 5
e 516.09899 206.07532 18
e 468.44287 249.06016 14
e 708.89911 450.35108 9
e 241.95829 670.80696 13
e 277.61112 500.47644 11
e 238.08276 927.59348 9
e 142.67046 592.57107 10
e 320.24296 502.08914 6
e 506.76560 38.94535 9
e 60.99216 809.12902 10
e 82.37194 24.18501 12
e 703.25014 391.18529 8
e 679.66128 388.60420 10
e 240.66112 797.50515 6
e 537.59880 177.08221 9
e 649.25220 200.95153 5
e 386.02944 538.02249 10
e 226.07528 301.90604 9
e 301.32041 411.03109 14
e 239.58635 810.39942 8
e 127.19062 602.13913 12
e 433.91216 941.06467 10
e 632.17047 563.30197 8
e 193.72236 814.51856 10
e 564.45903 141.33934 13
e 61.14963 703.41883 7
e 310.54158 759.41415 7
e 240.78689 941.98212 4
e 201.36739 492.73908 9
e 253.06401 83.61044 12
e 493.68233 178.07461 16
e 111.15257 90.63829 7
e 156.76101 400.51547 11
e 282.55982 334.68673 9
e 672.50762 510.34477 10
e 127.91320 887.20957 12
e 395.51211 446.26980 9
e 693.50046 648.32791 7
e 45.35465 168.90593 13
e 389.91517 1029.29361 7
e 107.05876 987.27740 7
e 620.88666 525.77279 9
e 597.03110 385.88656 11
e 427.13884 255.37713 9
e 525.65453 519.67220 6
e 295.64884 408.07327 6
e 333.72802 168.34588 12
e 296.60527 61.80440 6
e 262.51854 909.77522 9
e 98.88076 693.27290 5
e 368.63072 432.17287 9
e 266.43875 878.75790 7
e 630.22597 262.37439 9
e 386.53976 112.43110 11
e 284.30374 853.94719 8
e 464.08433 747.78686 9
e 608.14775 906.10450 11
e 663.68184 180.74413 4
e 232.54508 613.11816 9
e 548.92447 449.72209 10
e 205.51168 725.50687 8
e 250.97769 325.28117 10
e 420.39418 328.50533 7
e 294.66982 394.12974 8
e 611.11963 715.74719 8
e 485.84759 841.17970 4
e 700.56870 673.28751 9
e 428.23503 243.39719 7
e 477.98652 423.00859 6
e 292.11288 507.80976 11
e 241.72634 712.86014 7
e 554.08961 412.55970 8
e 502.14295 161.14656 6
e 248.92850 914.04609 10
e 192.60343 517.46663 10
e 216.26657 570.14548 9
e 621.66093 892.69925 17
e 272.54042 291.77334 9
e 668.31934 35.45619 9
e 395.72366 887.38291 8
e 608.13084 411.11399 8
e 175.35767 1061.25712 11
e 523.34042 940.34370 12
e 173.70182 882.33630 7
e 627.92043 118.54613 11
e 576.15624 296.54722 7
e 422.95944 245.80367 11
e 176.39350 952.20497 12
e 552.52449 559.76544 11
e 694.30204 286.37362 12
e 407.07240 174.77759 13
e 431.09312 630.35847 11
e 648.11650 957.41309 10
e 443.59805 784.41104 9
e 303.50797 466.47020 6
e 368.80783 833.38116 8
e 363.73479 566.49340 7
e 291.88414 932.44378 11
e 343.73269 744.56288 8
e 379.81648 928.69220 11
e 196.79326 429.69543 9
e 195.75092 1016.37355 13
e 226.44222 912.73608 8
e 514.65937 570.71564 11
e 377.87566 658.57139 7
e 501.92893 61.45870 12
e 459.06078 1007.50116 8
e 254.71397 995.61529 11
e 583.05715 854.21766 11
e 459.62583 886.18297 18
e 49.57556 810.84773 12
e 327.14084 610.38155 8
e 52.48293 600.16680 13
e 486.01466 35.93968 10
e 132.64248 868.60472 7
e 589.26281 689.93063 16
e 478.57655 729.61658 14
e 676.82203 598.39540 8
e 404.11691 181.48856 15
e 582.18481 670.86237 10
e 630.33375 468.82452 9
e 666.50237 253.63355 9
e 134.25848 786.88000 11
e 633.86849 607.47729 17
e 584.29462 41.45626 7
e 284.45955 1044.67633 9
e 650.84476 928.73081 8
e 362.92192 337.45690 11
e 163.64040 916.27670 14
e 259.86579 788.30464 5
e 303.51685 259.30522 8
e 657.12422 672.02841 13
e 330.30483 852.30241 16
e 527.73384 584.41405 7
e 655.29774 109.65791 14
e 457.40885 708.65431 13
e 46.31221 362.86588 10
e 673.29859 233.81548 8
e 403.24699 755.77985 7
e 217.87460 562.24811 9
e 104.77541 911.91938 9
e 261.35308 32.81712 8
e 665.71231 203.90522 11
e 515.98464 915.45921 10
e 406.69807 52.58836 14
e 307.94537 686.47000 4
e 143.26563 1060.94685 5
e 613.65877 320.17697 8
e 449.71418 231.41081 3
e 58.49765 955.33157 7
e 54.08124 105.56741 9
e 564.83210 290.63135 9
e 42.20112 877.13832 5
e 133.75024 14.86534 10
e 699.59386 300.90155 5
e 640.38870 352.00258 8
e 485.84126 653.31025 9
e 678.32943 45.68306 6
e 233.77797 956.27165 8
e 586.98611 644.49936 13
e 546.85197 995.26799 16
e 509.84026 655.33828 6
e 632.10718 718.11305 12
e 353.92695 768.89896 5
e 545.84355 1040.60839 6
e 248.73183 373.63687 7
e 526.48718 534.62024 7
e 265.44646 851.26426 8
e 366.92073 360.84591 5
e 628.38999 857.09652 7
e 441.65093 574.88147 8
e 256.85121 997.88885 7
e 640.74321 936.03951 8
e 472.92601 904.86706 6
e 680.32554 343.01326 12
e 368.77465 812.04141 8
e 228.91502 598.89964 13
e 462.30353 936.21059 7
e 643.70836 192.11397 6
e 675.95501 845.29845 11
e 500.13476 306.81607 12
e 425.10022 302.85301 9
e 588.74151 848.36570 4
e 176.66922 878.51249 8
e 578.91686 774.67058 12
e 26.43262 858.61792 7
e 637.59858 887.39176 9
e 137.48842 571.35036 9
e 284.48453 641.07915 7
e 84.33558 428.47724 4
e 629.94335 90.91254 14
e 91.42802 473.25199 11
e 369.77384 516.49683 7
e 409.78472 772.31289 6
e 338.09216 909.47739 6
e 556.83534 479.63915 7
e 614.06444 612.86836 8
e 484.69027 261.18290 9
e 380.32923 33.06798 8
e 590.84715 959.74053 8
e 79.74585 647.96546 10
e 605.81448 479.07203 10
e 256.73744 604.68078 9
e 588.75409 389.72996 11
e 122.10177 550.44254 6
e 117.39041 460.38401 13
e 383.12544 521.31541 10
e 142.77267 682.17565 7
e 500.14743 32.26102 14
e 707.84695 426.40574 15
e 290.12076 784.26580 10
e 442.61141 730.82830 6
e 691.63764 503.41501 10
e 256.85816 154.12328 10
e 137.42495 312.48251 7
e 175.17945 659.54319 10
e 512.73706 29.08499 11
e 158.04632 651.95844 7
e 67.70367 499.98920 14
e 606.98749 535.22555 13
e 248.90039 315.73047 6
e 437.72123 453.99178 14
e 314.23711 783.21782 8
e 217.03132 885.99923 8
e 423.02532 916.41846 17
e 340.47329 184.31109 9
e 558.42202 663.82841 15
e 172.60377 767.70836 8
e 269.68581 961.57768 11
e 696.17334 946.39504 11
e 666.97645 353.95710 11
e 235.33329 358.19513 8
e 548.67158 196.04672 7
e 109.19908 99.02319 9
e 168.23662 435.63499 11
e 544.46936 923.90716 9
e 233.49639 562.51241 8
e 336.61353 926.90692 9
e 434.75414 256.84540 9
e 203.29018 556.87539 10
e 353.47040 34.87410 9
e 403.56050 1026.24674 9
e 55.20357 1058.89024 10
e 261.50141 282.26036 12
e 278.84914 806.62908 11
e 518.13006 451.46876 10
e 457.67995 466.23917 10
e 517.99636 817.16914 6
e 380.56655 964.85421 9
e 267.99682 778.57765 11
e 233.88949 772.35570 11
e 638.51522 180.12028 11
e 219.33237 739.88227 9
e 629.25662 161.14520 12
e 335.36877 837.59245 9
e 215.64634 834.31993 11
e 449.37409 803.92889 11
e 363.26865 843.29882 6
e 496.11079 1001.93770 19
e 274.46629 692.00999 6
e 377.09321 1017.63620 6
e 622.19469 1058.06638 10
e 35.68660 228.61810 12
e 240.17895 279.57955 9
e 132.14807 464.76042 7
e 121.79505 182.68411 4
e 583.95988 520.72126 10
e 554.46463 769.77690 12
e 590.45162 167.61503 8
e 517.37011 1052.27531 7
e 293.32196 483.93528 12
e 446.22466 264.13641 13
e 357.51053 924.23661 9
e 243.07520 416.09612 11
e 252.86371 304.65364 9
e 362.17293 262.97830 9
e 308.65803 338.63312 9
e 359.89906 1027.56366 10
e 285.92648 53.54362 14
e 239.41350 739.77035 9
e 584.42905 244.23433 8
e 295.40175 29.70033 14
e 472.41992 105.91148 12
e 485.20846 216.22180 10
e 55.20350 129.10891 10
e 583.99190 734.86721 8
e 472.43351 552.82954 6
e 174.28191 958.31993 9
e 442.17800 455.60902 13
e 425.10005 780.31963 16
e 139.74484 30.39106 11
e 589.60323 212.21068 6
e 58.19115 1038.58874 17
e 361.94497 516.37474 12
e 74.38472 987.05523 8
e 282.30302 357.19279 11
e 402.56097 747.49010 12
e 188.77197 24.10809 9
e 308.55970 992.33279 8
e 323.56020 478.45734 9
e 541.27682 493.78304 16
e 419.13340 842.37314 9
e 314.68241 989.68338 16
e 130.17198 132.43380 6
e 302.92690 748.65384 8
e 434.74228 665.14336 9
e 225.53091 874.33932 13
e 565.58247 404.39865 9
e 232.63428 868.33551 11
e 522.18731 407.16441 5
e 632.56702 301.37749 9
e 597.05802 523.53053 8
e 436.72961 636.71361 8
e 603.19220 882.68911 4
e 455.16599 650.29959 13
e 707.09475 746.07889 13
e 649.30124 540.96772 6
e 584.25761 174.12772 7
e 481.70366 789.35194 12
e 70.67653 331.48609 9
e 92.81706 1050.50395 10
e 145.54791 175.44884 10
e 395.64056 975.44436 6
e 418.98578 448.73460 5
e 240.55340 746.63644 6
e 77.40205 930.61725 12
e 95.93627 583.57565 7
e 665.29205 692.75665 16
e 403.81123 968.96461 8
e 205.66758 676.80525 8
e 642.37987 1044.84385 9
e 315.38860 152.36829 11
e 370.77918 312.33483 11
e 333.68213 1022.02056 13
e 591.73498 307.91908 7
e 134.16122 879.12016 7
e 582.60421 999.59304 10
e 302.49121 450.81133 4
e 319.95118 799.51969 6
e 682.19554 657.65205 12
e 366.62372 470.64058 6
e 214.20364 22.32660 12
e 447.69437 501.81523 9
e 551.35679 279.68561 4
e 451.78139 1024.25819 9
e 334.04465 718.63909 7
e 151.84296 52.46448 8
e 207.83624 251.13447 8
e 413.85478 771.41190 3
e 639.45097 286.42258 9
e 367.24539 696.63156 12
e 462.76654 19.27053 5
e 113.65363 668.00529 3
e 556.37485 796.70898 5
e 212.69541 983.24093 7
e 94.58061 770.84901 11
e 117.64433 380.68405 10
e 308.78648 867.31599 11
e 107.77502 205.62855 11
e 505.70293 393.94846 13
e 13.54040 815.23178 10
e 72.73434 1038.65090 8
e 117.66561 283.39067 8
e 338.93896 367.09441 8
e 601.95709 30.84804 10
e 658.65462 425.64689 9
e 87.32914 983.87026 10
e 310.46512 377.95000 10
e 70.72905 1003.02983 8
e 653.46207 519.15515 10
e 156.15640 660.11055 9
e 166.42571 713.67709 14
e 148.57257 601.35091 12
e 135.34825 121.78399 7
e 382.94430 878.65509 10
e 108.46749 228.11840 7
e 691.69886 177.39714 11
e 240.99786 522.90787 13
e 490.35819 553.38131 6
e 283.06431 715.72342 12
e 624.30161 863.67416 9
e 293.40588 578.84601 11
e 346.53728 982.74411 11
e 448.90922 807.20515 11
e 707.37486 168.75722 11
e 139.47699 115.76295 10
e 440.94075 473.30011 11
e 212.83953 1038.74094 5
e 23.62840 74.28926 5
e 188.68514 474.39826 8
e 258.28637 40.87766 8
e 133.88555 232.16560 14
e 503.69517 433.94712 11
e 544.07319 839.54186 11
e 659.39694 944.22917 8
e 68.43378 930.12135 6
e 410.72431 1044.27518 7
e 427.15844 677.77316 10
e 309.94460 587.11450 5
e 18.00311 802.69642 8
e 35.84133 256.79075 10
e 473.16010 580.93335 10
e 274.77004 417.57189 8
e 705.24088 273.98819 11
e 389.65424 515.92739 9
e 301.90546 759.28969 8
e 227.77072 317.57487 8
e 618.99024 54.00477 8
e 381.43692 168.25318 5
e 150.46006 941.38110 7
e 434.85808 18.73362 9
e 545.39126 363.36413 9
e 48.85809 315.22636 7
e 360.60177 405.59559 8
e 138.94859 506.10414 9
e 336.59182 446.80518 12
e 283.75916 957.53389 13
e 88.68524 824.65051 14
e 498.09953 236.52287 10
e 23.51892 519.81980 9
e 342.17141 719.68548 11
e 255.47236 692.29274 10
e 302.23800 733.66651 8
e 389.56320 523.83873 7
e 55.52216 737.54211 5
e 100.25345 554.25375 10
e 363.32136 475.70815 13
e 230.55320 851.84661 7
e 212.23026 1047.47017 11
e 145.66187 1065.63506 8
e 414.80185 475.84969 7
e 349.71624 414.25545 13
e 19.79804 799.11691 13
e 128.01948 1012.44233 4
e 534.75891 603.57474 8
e 544.15168 143.94596 7
e 291.87368 592.51469 10
e 83.02938 875.82896 12
e 170.45116 290.86727 11
e 99.27175 733.09176 15
e 584.25550 268.00334 11
e 657.43261 51.67220 11
e 113.75536 683.28790 7
e 636.32127 197.61500 12
e 455.40270 567.96665 3
e 674.22096 843.55957 11
e 249.83501 529.57008 8
e 22.68515 957.62767 8
e 352.22982 70.71037 9
e 681.43777 802.55060 6
e 179.23560 708.99354 10
e 680.27377 415.13991 10
e 530.81861 15.38023 11
e 197.83591 710.10368 8
e 352.21509 616.15932 6
e 496.00185 417.95726 9
e 248.72055 980.42974 9
e 496.64379 768.76909 11
e 660.77519 216.35720 11
e 425.41965 768.62760 13
e 704.62718 15.87977 12
e 413.36040 778.42591 9
e 622.19259 922.71150 5
e 262.51523 76.22297 13
e 390.24737 452.32648 12
e 400.92318 162.46446 7
e 407.90707 451.35055 9
e 129.66372 423.91605 9
e 167.90228 125.89597 6
e 313.04030 1005.19363 9
e 159.35170 238.77772 5
e 215.94217 355.74721 11
e 629.01671 901.53597 12
e 501.61508 777.75923 19
e 132.23453 1044.68326 8
e 242.80229 576.89397 9
e 78.47638 293.72659 10
e 480.32199 114.09801 9
e 604.32377 281.35052 13
e 186.05134 909.03818 9
e 608.04577 290.24309 7
e 334.83250 888.34806 9
e 30.89502 352.78056 7
e 360.34454 916.03202 7
e 306.95764 1011.63419 9
e 14.30912 592.24594 12
e 613.64520 833.06827 8
e 116.51897 454.66791 4
e 388.21052 459.43799 4
e 167.79381 820.76361 13
e 522.37824 653.11015 8
e 305.75798 637.44771 7
e 11.87110 133.04846 7
e 204.01739 327.76110 7
e 162.95691 498.84494 8
e 565.22719 612.15292 16
e 458.41843 597.69472 10
e 229.44256 985.57804 10
e 294.20301 961.05057 6
e 83.19773 96.83524 7
e 606.69442 553.17873 9
e 576.88639 555.82113 7
e 224.26412 568.64642 6
e 674.49787 116.52698 13
e 289.22686 1019.08383 6
e 680.54365 154.00339 8
e 219.58850 504.77914 13
e 473.11857 742.20178 5
e 329.61914 509.64986 11
e 267.09789 827.79573 7
e 59.71245 584.07041 16
e 467.92073 851.93911 12
e 445.14769 620.61632 12
e 602.36968 82.85075 6
e 566.54219 85.78793 12
e 275.17585 603.92990 8
e 547.69253 350.48942 13
e 587.28186 899.69490 5
e 400.46583 10.45903 9
e 658.65570 226.10710 14
e 443.46735 221.20227 7
e 373.46332 178.13639 9
e 493.58140 401.04694 3
e 585.28979 419.29021 9
e 252.61616 562.14972 8
e 440.75814 288.04725 9
e 106.12619 844.43570 11
e 40.37060 22.34770 11
e 30.91166 334.18680 7
e 140.44602 808.42571 10
e 524.75260 286.63063 8
e 321.55741 881.86932 7
e 188.43988 862.70857 11
e 277.30342 584.22576 8
e 581.28338 38.41635 9
e 351.82272 137.09846 7
e 52.84614 29.65168 12
e 518.28295 1000.72045 12
e 55.48091 945.64249 9
e 576.60228 674.03872 7
e 34.26846 778.74789 12
e 511.52115 721.64345 6
e 308.73741 59.63732 9
e 660.71992 518.57749 16
e 223.78979 1020.34637 13
e 686.60414 840.85195 16
e 581.16491 576.01573 4
e 223.02834 973.69739 6
e 404.18274 861.63236 12
e 365.63694 328.70878 8
e 357.64506 382.08681 11
e 139.29860 701.34239 10
e 63.33116 109.48427 12
e 378.91758 376.02165 5
e 464.80207 356.21593 10
e 460.23974 201.74394 5
e 355.23789 235.95144 11
e 543.69735 921.20280 15
e 262.55472 988.69442 14
e 106.25652 908.35613 10
e 311.18013 12.87832 7
e 295.67036 110.62897 8
e 207.77845 167.75983 9
e 328.37671 808.28539 10
e 584.70885 369.85771 12
e 228.91077 981.69751 8
e 518.67857 465.46525 9
e 203.40700 1035.25280 11
e 675.95301 877.15270 8
e 609.57432 521.84503 10
e 425.80931 385.47387 13
e 272.81336 935.36388 12
e 221.77583 188.65279 13
e 227.31132 684.12824 9
e 129.86732 930.57823 12
e 470.39910 220.69414 8
e 301.76078 846.95484 7
e 372.33958 91.06698 15
e 291.33436 874.22572 7
e 448.80207 556.22796 5
e 460.52861 938.72181 16
e 666.06101 236.34777 11
e 27.27968 727.95322 10
e 410.98820 622.28314 7
e 558.56687 337.87550 7
e 71.61878 277.97439 10
e 639.28364 659.76861 10
e 319.31985 414.69530 6
e 495.54242 916.11661 10
e 378.97049 321.59965 13
e 365.39159 41.08149 7
e 410.50298 667.05713 4
e 351.55601 681.83224 14
e 536.13969 811.57718 11
e 382.39436 652.76093 8
e 23.90601 307.41578 11
e 451.80837 107.53256 10
e 372.84668 281.60876 8
e 303.32431 60.68104 6
e 439.27748 830.20710 8
e 306.01286 448.26588 6
e 54.87556 409.70254 3
e 110.47080 383.53315 7
e 301.67428 398.55001 9
e 159.42715 454.27119 7
e 586.49437 260.49090 8
e 403.47691 671.97573 10
e 486.73458 987.42031 11
e 371.61582 556.88902 9
e 701.46783 221.15713 11
e 204.29777 307.31001 12
e 588.63176 943.38078 8
e 93.18139 232.62538 14
e 336.96358 278.36104 5
e 35.52388 991.27758 7
e 348.03093 1027.21191 10
e 291.10925 374.21160 11
e 399.59622 236.95986 9
e 89.29828 326.71842 9
e 312.67136 643.50490 8
e 14.26021 219.05732 8
e 179.24021 631.89565 15
e 165.83261 848.18984 10
e 219.91645 551.88322 12
e 30.89509 994.32333 7
e 383.50207 429.26979 10
e 606.96485 343.68440 11
e 341.95478 357.90287 9
e 122.12285 229.12643 8
e 562.28488 448.61763 12
e 227.95961 712.15351 9
e 178.67829 208.03722 5
e 525.63695 91.98650 8
e 72.23739 544.65666 12
e 139.20990 168.17966 3
e 612.64477 209.17485 9
e 534.08171 430.71329 6
e 651.84784 458.85961 9
e 74.14158 820.82115 12
e 691.10225 880.62063 10
e 698.70992 491.03290 7
e 683.08347 872.75957 10
e 34.25126 484.87186 10
e 147.41805 397.35637 10
e 433.79843 148.31932 10
e 355.16610 908.18983 8
e 45.94270 599.02374 12
e 13.71478 139.97781 13
e 473.79835 674.48027 7
e 441.46483 554.12726 7
e 144.08904 965.88541 11
e 489.79948 394.69041 4
e 321.09841 196.19561 8
e 425.93376 563.34615 5
e 242.57670 110.98760 7
e 418.26969 563.58848 7
e 370.40675 183.25417 13
e 194.66896 223.75932 6
e 374.52911 160.21502 10
e 355.74808 864.68414 13
e 688.42984 851.22255 8
e 255.54106 179.22167 10
e 341.17210 424.07734 2
e 147.42692 511.87598 8
e 549.49151 471.13836 13
e 44.72023 803.04343 5
e 388.72255 1033.91682 10
e 589.22666 738.99911 7
e 384.60590 686.72088 15
e 698.81520 149.39681 7
e 383.07128 342.09039 6
e 235.96461 867.34410 8
e 24.06818 473.22767 11
e 392.64388 319.98342 5
e 192.66334 719.72286 10
e 483.90757 813.45649 11
e 621.64747 71.73448 6
e 598.70260 41.81344 8
e 191.55455 609.76669 8
e 666.84850 36.81093 13
e 337.61651 735.43993 8
e 392.38461 573.43453 9
e 193.16967 1011.64019 7
e 342.03527 1000.42479 9
e 667.35063 910.70089 8
e 462.24725 577.88067 10
e 682.49524 935.42146 5
e 661.98613 99.72696 8
e 401.62259 1064.12575 5
e 195.96981 158.27979 6
e 673.75536 581.54562 10
e 304.88954 193.40892 9
e 569.91308 693.67706 9
e 178.11815 52.51287 8
e 207.52029 629.41141 7
e 41.50554 12.72666 7
e 272.12053 878.62689 10
e 39.47364 1064.32022 8
e 643.44061 616.89279 10
e 124.09485 196.05330 12
e 220.90531 552.15641 8
e 621.15313 413.67027 13
e 316.13174 711.57148 11
e 53.61992 356.37724 7
e 372.85973 789.71741 11
e 468.37933 597.79960 6
e 193.23152 673.85265 11
e 493.57170 931.62204 12
e 281.65259 462.27000 10
e 226.93549 554.73568 10
e 529.11702 988.79680 8
e 52.46534 28.01951 7
e 75.40417 109.65043 11
e 272.02325 1025.71700 7
e 156.72954 1065.71738 9
e 224.04181 365.31975 15
e 155.57396 101.88995 9
e 465.41468 624.77923 10
e 511.10096 1020.65845 10
e 451.12328 581.38900 9
e 197.04073 234.48992 8
e 654.69676 698.43220 13
e 46.50963 181.67315 9
e 695.55496 332.51238 12
e 319.23974 924.47537 9
e 324.65750 569.03060 7
e 538.44375 621.87902 10
e 552.43116 946.61363 7
e 650.49542 1022.60003 14
e 596.85000 655.22103 7
e 614.17937 391.91365 8
e 437.92732 811.94949 10
e 140.43674 426.42153 6
e 683.87191 633.61935 7
e 217.84304 727.15435 14
e 583.87086 814.13435 9
e 229.84559 178.29033 5
e 287.68941 777.23046 7
e 389.57292 229.07998 11
e 106.39520 148.45490 16
e 507.15985 314.44099 7
e 157.43768 418.51150 12
e 34.00182 738.22887 12
e 465.36472 152.96616 10
e 47.10839 585.47385 8
e 529.35272 316.58626 7
e 352.85486 89.31377 7
e 98.54129 386.09167 8
e 403.39220 489.83301 8
e 542.50775 297.18830 10
e 686.82008 1054.08005 10
e 424.51437 996.78556 10
e 579.14390 472.15662 8
e 99.11712 540.40155 11
e 297.46258 918.27107 13
e 564.38548 875.38476 7
e 115.52240 286.30180 10
e 237.69584 399.30456 9
e 541.45111 996.40401 10
e 577.19284 875.93000 12
e 628.32055 574.02169 10
e 340.21165 494.25773 9
e 227.14453 246.58827 10
e 204.24764 246.24905 4
e 378.52294 635.66574 11
e 602.45259 175.73950 9
e 651.13856 1009.24979 13
e 340.61606 768.57339 11
e 701.79488 664.60708 9
e 475.82337 430.45789 11
e 83.59766 913.28810 11
e 636.78704 395.82201 9
e 560.23550 178.65895 7
e 365.94606 519.03549 11
e 707.10847 477.52001 4
e 667.97139 676.75279 8
e 151.28926 565.12054 16
e 249.74080 808.82536 4
e 334.87695 488.50882 13
e 695.20145 297.36133 9
e 514.28318 875.12041 16
e 63.38374 686.41287 7
e 49.96939 1038.78035 9
e 312.53128 669.61395 10
e 689.11293 773.47900 11
e 229.98563 548.69316 14
e 129.06350 1008.11038 7
e 75.71877 127.69223 5
e 457.54912 1033.92072 8
e 592.81889 898.05431 10
e 581.70648 36.39016 8
e 139.69594 374.53501 7
e 216.37978 241.52205 6
e 40.86422 192.32690 9
e 163.92501 541.05217 10
e 560.93084 448.68254 10
e 520.51976 816.20730 13
e 497.40922 1051.44101 6
e 567.25414 119.91842 8
e 433.76603 780.12225 12
e 178.14462 434.46489 13
e 95.96844 359.97191 13
e 588.17537 778.76761 12
e 434.37911 367.16112 7
e 280.51511 78.64767 7
e 371.79786 813.69713 7
e 107.25440 51.43248 9
e 614.77253 201.98469 10
e 115.35451 268.20563 11
e 387.72360 186.78448 8
e 694.80338 46.21100 13
e 242.85035 74.46613 8
e 600.56033 50.79988 16
e 245.90672 1009.01138 14
e 617.02890 199.39231 8
e 159.25132 797.55351 15
e 379.25077 994.04280 11
e 355.36680 809.39072 8
e 124.32365 110.81765 8
e 657.53875 382.54734 6
e 25.11488 391.44844 12
e 33.76531 747.11751 6
e 487.60055 223.12534 9
e 125.54154 977.23886 6
e 212.80375 612.65884 10
e 161.36121 811.17672 6
e 601.71386 152.21911 13
e 166.79909 268.71666 11
e 283.47548 602.94340 9
e 658.01687 612.63599 11
e 143.71709 720.79459 7
e 185.97774 74.86714 11
e 98.22384 1014.81993 9
e 226.17531 355.64766 10
e 36.69887 937.51797 15
e 110.99288 908.90192 8
e 636.81939 321.17248 9
e 309.96492 747.94136 6
e 396.70617 607.30193 17
e 515.77350 808.64680 7
e 98.25806 56.29561 9
e 93.77542 226.19857 7
e 108.72082 377.96522 13
e 279.03527 705.95290 10
e 279.78082 22.34059 14
e 590.33635 562.66328 11
e 295.71154 457.34837 12
e 435.71143 210.31273 8
e 194.20110 894.25401 13
e 302.38289 361.83621 7
e 586.31833 779.20803 9
e 177.10316 502.76530 14
e 514.43704 362.36691 8
e 130.27547 1013.14361 15
e 604.11598 529.35224 14
e 288.59689 605.86179 15
e 16.25976 307.91793 5
e 529.64415 498.40595 5
e 464.27869 215.22349 5
e 195.44277 752.20716 19
e 684.33536 974.69584 8
e 77.10284 950.66012 14
e 606.79717 845.87368 11
e 180.37039 873.29675 8
e 502.10960 801.15818 11
e 352.38279 417.91233 11
e 679.07174 349.70197 10
e 698.01121 658.59362 7
e 107.24732 885.35394 7
e 686.74606 543.61602 12
e 677.79759 261.42636 10
e 227.04742 347.25272 7
e 644.82092 657.14184 5
e 534.18154 384.61430 13
e 678.65095 201.65123 9
e 664.07176 434.77884 4
e 191.23760 670.18937 11
e 262.83635 1045.65206 9
e 36.31250 509.25199 10
e 649.51134 217.53323 15
e 600.20413 340.48576 7
e 272.78797 654.54751 9
e 14.79696 351.92379 12
e 638.56892 269.73241 10
e 365.43283 896.24284 8
e 688.64392 741.00607 6
e 341.48454 860.29333 8
e 171.94388 474.73922 10
e 346.59084 37.44147 7
e 606.18104 1041.69029 7
e 545.58483 966.86238 11
e 197.47609 1016.59390 13
e 661.81845 103.50234 6
e 516.80313 138.26507 11
e 23.81476 439.38502 10
e 437.29275 552.91277 12
e 69.86177 39.84324 4
e 293.74052 131.59920 7
e 704.08415 954.50572 9
e 54.57015 941.68904 8
e 657.61549 534.72760 9
e 361.35124 52.06944 6
e 300.57688 513.69253 8
e 268.04097 301.95480 8
e 50.27576 497.65668 8
e 151.64635 760.58816 8
e 317.73613 383.55157 9
e 427.09614 878.27646 10
e 320.54516 1052.40160 9
e 278.54219 378.55238 10
e 335.63350 1009.14807 5
e 36.11657 737.10912 7
e 371.49519 459.09486 7
e 556.55390 81.66098 8
e 109.53288 37.32804 8
e 496.08357 58.44292 9
e 246.55672 181.56946 9
e 545.33915 803.68063 9
e 579.97584 369.46497 8
e 226.26182 682.54713 14
e 554.16760 869.52753 10
e 128.40700 849.41917 7
e 296.64367 743.33460 7
e 433.14815 777.89050 10
e 357.59943 457.79035 11
e 119.53171 409.10877 8
e 610.32039 548.66951 10
e 193.22367 65.34537 15
e 648.75281 433.15370 18
e 426.19629 401.40686 6
e 390.79346 494.31769 7
e 256.50207 34.43209 9
e 394.50492 801.82197 7
e 594.30331 440.52447 9
e 11.39681 736.47096 8
e 296.97656 153.46892 11
e 700.65096 365.18840 7
e 455.41280 196.48378 10
e 686.18591 659.52776 12
e 87.08130 240.73811 19
e 469.13459 188.55279 13
e 426.82339 804.26742 10
e 605.20733 42.79112 6
e 336.33644 662.39785 16
e 423.05774 287.60456 6
e 21.88811 578.24072 18
e 71.50823 708.56488 10
e 298.16808 1067.96090 12
e 379.76989 957.53477 7
e 156.38461 984.55374 8
e 701.50769 822.74004 11
e 439.98305 485.21592 9
e 609.31671 14.53776 12
e 14.05665 388.10249 10
e 545.64902 612.60407 10
e 187.45150 222.27152 6
e 91.44044 922.87278 13
e 306.51979 890.11743 6
e 142.57361 341.78487 12
e 541.20595 892.63612 9
e 256.27088 816.17105 5
e 456.55264 121.69398 7
e 80.90769 997.58363 7
e 698.48997 283.60965 11
e 596.43472 856.56080 8
e 682.41045 919.60852 8
e 389.17133 83.76337 9
e 344.41122 565.78329 10
e 529.95471 974.86021 7
e 560.17591 489.44644 10
e 320.85001 696.18285 12
e 705.12383 52.73444 8
e 206.52150 92.07170 7
e 99.47680 1032.50507 8
e 653.23615 79.42837 14
e 60.39188 1065.32982 14
e 356.90375 112.48098 4
e 629.73016 284.21375 11
e 98.88244 755.98622 8
e 159.18141 1008.40766 14
e 277.87310 72.35304 8
e 388.22922 298.64362 6
e 130.43259 775.16535 5
e 659.56550 517.58197 10
e 583.08679 193.52985 15
e 382.71802 15.87452 4
e 495.36885 1018.48215 7
e 636.35911 580.98144 8
e 709.59948 834.49456 12
e 672.89216 851.96933 15
e 628.03737 706.91639 8
e 282.38296 248.44573 6
e 288.87899 319.80754 7
e 638.84453 579.86486 13
e 316.92853 541.86535 10
e 261.00991 821.01437 7
e 401.00304 410.82073 7
e 347.49425 1006.42365 9
e 630.48170 988.32839 18
e 699.84440 272.12096 9
e 556.03290 543.67857 9
e 654.77609 77.39611 4
e 572.54744 526.58215 8
e 366.71215 198.20459 11
e 582.40994 110.81339 9
e 687.37897 297.07395 7
e 314.13580 807.32207 12
e 633.77335 541.18854 6
e 21.40531 389.82849 8
e 61.17406 421.61825 7
e 550.13200 541.98202 9
e 160.82811 903.61475 10
e 164.30845 161.46409 12
e 31.53577 577.79573 12
e 644.10515 165.15850 10
e 463.42211 898.44215 7
e 518.46943 917.82512 8
e 676.20263 576.78568 5
e 113.34561 370.40452 7
e 390.62803 577.62841 8
e 353.01550 831.95678 9
e 32.59115 368.70403 7
e 592.36878 461.46413 13
e 445.61702 479.10356 10
e 248.52128 977.80373 4
e 661.63312 575.88177 8
e 640.14899 796.45141 7
e 347.40405 926.22345 9
e 595.12772 914.72036 9
e 413.12225 648.25366 8
e 489.64689 220.98287 8
e 689.06555 131.68140 13
e 263.53144 444.54315 10
e 464.71327 851.71819 9
e 309.47370 988.30330 9
e 33.46474 158.41350 6
e 15.33964 740.28441 12
e 420.89802 499.92527 12
e 137.09489 575.73932 13
e 18.88385 532.30992 10
e 653.59368 1053.88221 8
e 393.43687 494.42278 8
e 174.50805 761.79678 9
e 680.89011 214.63760 8
e 14.41078 356.94523 6
e 452.90659 13.28065 8
e 71.02412 91.27302 6
e 320.77827 337.98051 9
e 409.97624 470.57060 4
e 241.87336 704.42115 5
e 547.01476 346.08725 10
e 541.84224 164.47358 11
e 85.47199 103.45677 11
e 533.59206 173.87660 10
e 676.95584 152.95699 9
e 623.74685 834.65849 7
e 424.28960 901.98506 10
e 166.37526 471.86098 4
e 55.16222 115.75762 11
e 301.58880 1016.40329 14
e 274.46224 576.92891 9
e 173.90220 1023.07405 14
e 340.43432 790.97616 12
e 380.82395 159.76007 10
e 356.66153 699.72558 9
e 67.82324 61.38076 4
e 549.51782 763.50138 10
e 527.14198 765.92309 6
e 518.02091 1043.76032 11
e 62.29041 882.55491 19
e 252.02025 941.38250 7
e 550.23725 591.15994 10
e 495.90003 919.48563 9
e 589.54534 1034.38191 5
e 310.51183 941.93324 11
e 373.47259 557.12916 5
e 543.59177 574.68618 4
e 466.74455 1029.98768 8
e 598.01333 857.99450 11
e 514.05586 401.82937 9
e 96.08852 508.18446 10
e 192.51650 566.42673 6
e 503.15095 873.80219 9
e 69.56317 192.94386 3
e 640.19146 287.58002 5
e 648.59081 357.43217 10
e 463.81758 700.95602 14
e 14.83458 70.51220 14
e 119.24412 372.83665 6
e 24.02518 61.06560 7
e 431.47389 354.51150 11
e 671.44107 495.89776 8
e 192.88056 391.27724 8
e 651.67421 22.17064 10
e 642.98067 210.26020 7
e 654.63182 409.48618 7
e 327.03965 161.43069 11
e 485.41357 147.04970 11
e 427.32136 222.39616 6
e 214.14325 616.18801 11
e 706.41434 283.03286 8
e 266.88375 326.64685 7
e 558.45774 480.73538 8
e 384.75055 128.08427 9
e 473.42225 632.25595 8
e 159.26126 1049.76326 14
e 83.18777 971.96816 11
e 216.60654 614.00143 9
e 543.29105 253.35977 9
e 331.92594 855.87374 10
e 36.26366 1058.84186 8
e 499.12289 752.41193 11
e 464.59536 834.89345 9
e 243.39917 1028.01869 7
e 51.83559 672.36416 10
e 32.48234 230.10173 12
e 623.34294 1009.89204 10
e 485.79274 281.90407 11
e 350.18670 634.14104 11
e 369.32126 137.95929 14
e 174.32845 548.90419 7
e 539.11990 1001.62450 10
e 463.87415 937.09503 12
e 647.21622 93.72613 8
e 241.17526 962.76177 10
e 442.38637 70.97608 7
e 706.94684 306.58955 10
e 265.61297 691.46951 9
e 390.93619 526.77746 11
e 142.66534 22.76294 8
e 25.49358 662.95657 8
e 339.09813 833.98495 9
e 406.10554 599.30116 14
e 131.33889 515.41938 7
e 363.00540 406.29672 12
e 388.43819 663.06910 11
e 205.82531 997.76254 6
e 340.39799 816.17734 12
e 380.68801 120.71664 4
e 391.10181 957.27042 14
e 293.11117 965.87897 9
e 701.87414 442.76069 7
e 465.17657 749.28756 5
e 349.62911 61.56499 10
e 606.72946 63.28893 7
e 633.06495 891.80581 13
e 135.58592 239.44937 7
e 188.82595 455.15037 12
e 633.63850 390.77800 12
e 650.47547 395.45336 9
e 195.19970 600.16322 5
e 456.36449 426.88147 10
e 197.19095 956.70867 10
e 293.63448 617.58439 8
e 166.55140 380.19705 15
e 556.52086 16.34460 10
e 666.41823 926.42330 13
e 448.16091 986.74565 6
e 112.61609 150.56360 13
e 270.25128 167.83924 7
e 266.05925 163.51036 12
e 99.64835 587.12354 6
e 227.20012 816.36106 9
e 185.60962 407.32545 10
e 650.80239 687.45270 7
e 220.57635 417.69326 9
e 649.26608 814.36586 14
e 603.51981 460.38054 7
e 416.15715 633.06765 9
e 45.10105 1018.23253 7
e 566.39676 836.32686 6
e 540.63754 171.55861 6
e 593.68108 671.55859 5
e 97.26248 991.52617 7
