c ./output/rectangle/uniform/uniform-rectangle-2-1000
p rectangle 1000 720.00000 1080.00000
e 432.98405 602.42621 8
e 470.30478 587.42462 8
e 272.60381 679.01015 11
e 240.99823 253.31882 12
e 370.32922 450.38576 6
e 125.12763 257.86535 8
e 423.41883 958.13534 4
e 117.74051 640.34188 9
e 396.59057 354.23802 5
e 421.60278 619.60017 8
e 590.81864 528.30373 8
e 145.88622 51.52516 9
e 362.43796 352.07976 14
e 11.02393 788.24554 10
e 336.63511 853.92312 8
e 393.91997 191.15174 9
e 256.95480 771.49501 7
e 16.95797 395.24226 6
e 457.10221 575.52876 5
e 392.71948 386.39371 10
e 351.77381 520.64372 10
e 636.58069 64.30990 13
e 537.10979 721.57964 9
e 168.73802 670.26663 7
e 507.72603 364.82665 9
e 97.48603 642.90791 12
e 80.50782 555.15453 11
e 195.52172 407.81807 9
e 99.92327 329.65698 9
e 36.64460 944.08737 9
e 318.55297 226.37802 10
e 614.16100 546.59029 4
e 139.07408 286.12634 7
e 327.64833 653.99019 14
e 547.54299 955.32215 11
e 123.93615 787.82351 11
e 323.78378 363.28785 6
e 272.05157 326.76835 4
e 546.39624 835.20984 7
e 709.45052 984.46234 14
e 21.01497 451.45684 9
e 89.76669 553.93996 7
e 250.88770 29.44143 9
e 284.74075 329.14805 7
e 708.43858 594.18862 9
e 142.07656 970.67755 7
e 43.03586 63.62663 8
e 652.74784 619.41704 14
e 161.11437 140.39296 6
e 640.97273 543.82235 13
e 495.37103 562.55324 14
e 449.33501 108.65467 8
e 86.25785 541.34074 10
e 196.79196 501.26641 10
e 259.08762 993.41356 8
e 200.97389 234.12696 7
e 295.92408 583.13324 11
e 659.59657 190.20129 9
e 290.33386 887.21352 9
e 587.09241 719.06025 8
e 639.08964 949.49429 6
e 618.61447 769.51329 9
e 439.83731 928.51814 8
e 488.87701 339.11210 8
e 490.30168 202.78800 9
e 55.15281 528.87627 11
e 651.51028 908.36475 8
e 140.85016 1064.69666 9
e 597.77091 328.42107 10
e 447.95495 131.29899 5
e 212.69917 775.44755 7
e 521.65876 173.36432 6
e 433.25381 1057.40037 8
e 314.17974 170.52609 9
e 375.27504 989.89964 8
e 583.99180 920.76512 13
e 146.50547 916.88331 13
e 163.35848 118.67081 15
e 270.47942 900.46442 9
e 97.21601 750.38581 8
e 251.90223 420.35091 10
e 525.23424 56.80449 8
e 206.49091 799.38888 8
e 289.16155 524.36962 8
e 493.16567 834.51178 11
e 435.91399 887.84430 14
e 499.68926 320.52227 8
e 336.49601 68.47173 10
e 622.51741 338.89181 10
e 308.29811 303.02244 8
e 485.56335 290.54520 13
e 708.21049 572.85386 13
e 318.58872 1046.04358 13
e 446.46834 501.35359 5
e 644.65469 141.21751 7
e 694.30707 598.61921 13
e 406.73734 297.12990 6
e 171.32253 595.19744 9
e 123.22354 95.36645 11
e 528.44713 380.86209 14
e 148.48666 658.80029 5
e 564.29091 159.67516 17
e 98.24203 334.50202 11
e 115.71428 661.59984 8
e 465.21150 685.86595 8
e 532.36308 764.70838 15
e 302.18494 208.82796 11
e 276.22050 804.52076 6
e 45.68241 723.48405 10
e 658.33856 255.95720 10
e 292.56952 329.62582 7
e 31.51989 242.62839 16
e 122.88252 78.90189 8
e 92.91908 358.87005 8
e 51.60576 888.78236 7
e 292.11855 185.68764 11
e 590.46458 132.39021 10
e 611.51587 361.88769 12
e 149.80509 581.07992 4
e 527.11788 112.64880 8
e 80.73660 321.50393 15
e 599.13967 289.02573 9
e 237.44341 202.66293 11
e 35.98083 916.00861 10
e 550.70625 376.05823 16
e 75.31387 612.70130 10
e 99.72287 859.31474 7
e 150.48386 450.14985 15
e 387.76339 921.47841 9
e 341.47016 131.85470 14
e 262.57625 139.64363 6
e 51.98652 806.92057 12
e 304.29662 399.87989 6
e 270.60637 167.19080 14
e 557.22192 278.04838 8
e 382.29833 540.40144 18
e 661.05483 477.79761 8
e 149.40555 465.73119 7
e 250.84588 33.43580 10
e 664.59358 930.65301 10
e 22.41274 377.09312 10
e 284.84979 68.25688 9
e 83.63313 131.03712 8
e 390.57510 799.48829 7
e 329.67701 383.06266 9
e 194.18242 1054.52107 15
e 145.64630 996.20522 15
e 258.80105 969.18031 12
e 375.44774 727.65990 7
e 60.52378 472.23794 16
e 388.78564 729.40035 12
e 605.10081 539.69336 12
e 242.43424 1038.55687 8
e 323.42732 46.47333 11
e 165.78512 785.66550 6
e 56.85448 293.42338 9
e 579.52571 149.08607 18
e 550.88034 911.32124 11
e 367.33441 569.94447 13
e 678.21134 77.61241 10
e 559.87453 1039.83737 8
e 489.80095 230.20644 9
e 505.78833 593.59610 9
e 500.42575 1030.67187 13
e 301.19667 823.78145 9
e 513.00219 790.84991 10
e 423.76649 788.69685 11
e 294.59554 498.24526 9
e 584.57776 215.43524 12
e 381.52411 452.68079 9
e 527.51201 742.30081 13
e 177.16479 151.40732 6
e 185.14302 830.62989 11
e 176.86815 882.89190 10
e 341.09162 523.01713 9
e 267.64809 109.45292 15
e 92.29254 66.18540 5
e 240.77113 327.89821 9
e 142.01385 1027.17876 12
e 225.20503 662.15488 7
e 699.86511 174.60901 7
e 532.40725 325.56899 10
e 661.31909 654.68574 13
e 71.63637 596.52673 10
e 411.82955 433.96044 12
e 301.46524 878.76254 11
e 634.48818 368.21484 16
e 611.58454 607.94766 12
e 436.44900 283.24405 4
e 19.79641 115.37622 7
e 411.43112 623.92984 13
e 632.01226 677.88206 14
e 615.56222 592.36890 4
e 472.29897 312.80947 13
e 146.72125 52.50659 8
e 326.01222 147.58529 9
e 18.47942 947.89545 10
e 134.83003 195.34588 8
e 359.72121 277.64112 16
e 176.01676 298.94669 13
e 137.85796 512.16082 8
e 641.64701 60.71736 8
e 168.28691 645.84254 12
e 473.54244 578.63809 12
e 668.25975 652.87887 9
e 264.75287 70.85586 10
e 164.51116 937.54517 12
e 398.08575 779.66393 6
e 432.63303 567.21027 6
e 558.56196 43.54723 9
e 459.14252 893.97026 13
e 350.30030 335.76988 11
e 348.88884 442.85990 6
e 559.86050 660.56920 11
e 418.67236 692.24667 7
e 432.04025 170.26457 5
e 330.84392 597.74817 8
e 316.84150 522.80899 7
e 53.96161 885.12634 10
e 122.37411 814.02020 4
e 589.73507 208.63348 11
e 319.19095 868.14135 12
e 645.46231 34.18728 8
e 45.77132 140.90340 7
e 58.91622 513.24510 13
e 294.71519 991.16377 7
e 74.26721 797.95916 9
e 26.67248 131.86201 7
e 323.32358 621.54758 6
e 315.27910 296.87524 5
e 684.54826 77.35073 11
e 591.68172 244.75592 12
e 455.63108 963.15314 10
e 197.32035 959.67289 12
e 291.58804 1014.55487 5
e 400.62915 339.96668 8
e 356.06520 552.72042 12
e 42.56302 866.84742 10
e 99.82041 1012.81576 8
e 532.77744 222.92203 18
e 702.29167 770.27745 8
e 160.30849 18.66655 6
e 522.27828 701.55561 9
e 627.73374 773.12124 10
e 93.04384 170.34395 12
e 391.36515 596.77989 6
e 457.89434 122.42494 10
e 183.01968 937.80345 11
e 384.25119 1067.59070 11
e 278.39631 194.83769 5
e 86.74579 1037.31978 10
e 578.44812 1055.47992 9
e 619.57608 346.12332 8
e 177.73821 434.70620 13
e 591.60260 653.34752 10
e 690.40665 207.70042 11
e 568.40373 972.29945 4
e 473.58173 957.59338 12
e 71.39849 772.72932 7
e 209.93983 632.76707 8
e 645.55203 813.59585 4
e 691.05975 421.85114 10
e 114.79114 941.53723 15
e 10.46665 295.73811 10
e 443.31149 975.80659 5
e 581.08123 567.00828 7
e 535.34115 218.52716 9
e 442.41588 1004.68829 9
e 413.83018 723.34670 4
e 138.09142 274.82208 7
e 544.04342 109.90207 10
e 145.54401 203.05686 11
e 118.82427 264.38060 12
e 454.67320 643.97556 11
e 303.82488 593.73896 8
e 701.77087 256.87141 11
e 496.19766 517.38791 7
e 445.57575 175.67438 10
e 180.12895 109.30532 12
e 465.26904 635.68324 6
e 559.12695 953.90263 21
e 449.86589 557.16517 10
e 592.24801 74.16442 8
e 486.74010 782.29401 9
e 587.97802 589.66464 5
e 533.54460 147.56396 12
e 450.28709 288.21265 10
e 337.08436 769.04280 8
e 626.42750 857.67412 8
e 42.33774 776.08088 4
e 677.51444 723.44315 8
e 648.44406 494.03548 17
e 372.90469 18.67875 5
e 175.88469 609.96685 5
e 344.61694 63.84424 12
e 566.16883 976.94831 13
e 485.74776 280.41269 8
e 212.06341 165.16807 5
e 482.25534 981.42901 8
e 491.03278 103.92589 12
e 378.38960 791.77756 8
e 572.36171 536.99399 6
e 423.46933 672.94610 6
e 613.71732 988.29745 6
e 221.67396 95.60704 9
e 560.82314 243.28597 10
e 480.96084 1025.26871 9
e 274.13564 963.11926 9
e 173.83554 107.66390 8
e 46.88609 711.49200 12
e 406.54619 988.41945 5
e 590.10519 763.53567 14
e 325.49718 952.35940 13
e 104.06424 486.24707 10
e 221.32648 496.14045 8
e 521.00566 108.08923 8
e 124.89325 24.15637 6
e 526.21540 433.53695 12
e 651.88039 934.61998 8
e 324.37084 728.82044 6
e 391.91463 329.28360 10
e 446.67369 645.80773 4
e 648.29551 87.34535 12
e 535.47235 973.52972 10
e 11.32874 500.78897 18
e 669.22026 905.83361 10
e 327.04992 779.03039 11
e 318.64044 41.76379 8
e 464.00656 766.36060 9
e 601.26021 314.18732 6
e 596.89039 1016.24633 8
e 604.06627 425.54261 9
e 492.48824 396.67958 7
e 111.20922 463.46639 9
e 358.81736 141.74931 10
e 482.81559 773.42337 5
e 569.88547 1003.18774 7
e 463.35281 1031.22879 10
e 112.79072 223.39557 7
e 379.86922 374.03432 8
e 374.19214 152.01705 9
e 393.34683 988.52780 15
e 60.11647 793.51367 8
e 222.09710 104.29229 6
e 682.20282 680.75014 15
e 333.30888 244.36644 10
e 302.38305 621.73678 5
e 107.86562 917.11509 9
e 149.37644 449.54610 10
e 108.02127 31.28879 13
e 622.33993 129.76256 13
e 160.34040 49.36565 7
e 468.08538 447.39431 10
e 155.24922 740.26893 9
e 272.72973 818.55752 11
e 335.38622 130.68065 11
e 601.86053 536.99783 6
e 300.89294 554.09028 11
e 40.27198 688.39369 10
e 688.55362 794.48212 6
e 217.61849 354.57247 7
e 575.25608 1063.39426 15
e 176.95442 190.79693 9
e 199.10803 347.00691 8
e 89.59880 892.59508 10
e 532.50770 487.23904 5
e 168.86165 149.17203 10
e 184.27963 957.58789 12
e 208.56948 767.46803 7
e 697.08224 248.44247 9
e 613.09107 53.10205 12
e 12.53835 307.59380 13
e 519.74412 352.90880 10
e 92.04993 102.78111 11
e 536.06695 842.05483 9
e 217.49740 781.91924 8
e 498.65022 763.29300 8
e 353.70960 381.26456 14
e 154.51428 314.01956 10
e 323.85032 147.32119 6
e 307.02645 517.49421 5
e 117.52181 82.40238 17
e 651.96667 28.09685 11
e 654.42943 74.31828 6
e 223.96257 1060.85867 9
e 658.27791 389.76412 15
e 396.83042 43.27921 15
e 446.63697 199.17397 9
e 299.38557 320.45227 5
e 213.00169 438.01834 9
e 591.03539 241.69920 12
e 126.04735 415.11619 11
e 374.41584 375.24528 10
e 459.97564 1003.08828 4
e 417.49040 606.57121 7
e 482.81687 858.22110 7
e 20.15347 970.45135 13
e 56.61033 915.47237 10
e 394.67964 947.40854 7
e 522.18847 121.65300 9
e 258.65080 994.59348 8
e 98.72420 285.97018 12
e 149.07701 668.95667 8
e 663.05468 879.60866 13
e 104.68299 701.26533 9
e 201.35897 429.94793 3
e 629.47781 938.00338 7
e 216.95568 711.20357 5
e 362.01437 1008.56716 8
e 22.48517 601.93934 12
e 356.53190 218.63953 4
e 67.36065 65.92915 9
e 531.38812 451.46621 13
e 291.74686 936.20553 8
e 10.30364 630.32499 11
e 416.37800 732.11237 8
e 62.31073 688.27961 8
e 471.58054 363.36082 13
e 561.04777 855.54560 10
e 221.68535 499.92373 8
e 488.20017 1054.21724 9
e 613.49387 967.03023 13
e 43.48172 312.64320 10
e 435.72606 733.01617 9
e 681.46308 45.72005 14
e 254.29131 121.73783 5
e 343.89664 485.48451 6
e 437.05803 498.67834 8
e 210.63495 319.09205 9
e 181.55155 608.87867 7
e 431.59953 154.73736 9
e 287.78359 335.20239 7
e 482.58831 924.68271 6
e 173.34817 210.44229 9
e 700.98830 168.20920 9
e 101.59006 912.96168 6
e 371.72985 655.66268 7
e 264.46866 317.47081 16
e 31.94547 731.44846 12
e 122.85124 809.59736 11
e 521.42739 830.62467 9
e 11.26174 886.94468 9
e 246.86691 439.83902 10
e 577.19653 445.47110 7
e 229.65067 329.84252 4
e 322.08008 151.67563 9
e 344.07674 976.22284 6
e 71.38569 850.90777 7
e 463.06028 764.85890 12
e 253.06147 1006.24802 15
e 513.55210 698.97002 13
e 306.02807 451.02590 9
e 323.19689 776.33744 11
e 166.91109 321.67028 10
e 681.52823 238.23370 10
e 531.75324 527.85871 8
e 33.53017 987.37481 8
e 169.82895 834.10511 8
e 124.02071 771.28903 5
e 300.90938 365.19807 16
e 135.87784 94.77305 6
e 203.99758 649.00963 12
e 536.50372 74.35655 13
e 365.44417 447.82431 7
e 665.26699 647.34321 4
e 606.46999 735.44364 11
e 250.70029 1043.24180 12
e 265.55374 23.03577 8
e 494.43344 167.75340 6
e 434.46307 134.79905 11
e 612.05991 37.87558 6
e 235.19523 252.07761 9
e 135.86897 864.89440 10
e 531.48287 431.17991 8
e 283.29475 712.74550 8
e 643.84275 719.61251 17
e 662.07797 580.10464 7
e 502.87138 626.55258 11
e 294.29402 908.23023 7
e 316.98828 617.42289 6
e 235.43196 445.90635 12
e 155.93788 643.17890 12
e 562.62024 714.88251 7
e 563.09228 842.49520 9
e 545.33800 1037.32984 12
e 697.57721 156.35002 10
e 336.04671 79.45742 8
e 83.04325 978.67270 7
e 444.40349 63.90665 6
e 705.25424 467.54701 9
e 549.01321 81.83624 7
e 99.84729 263.61718 11
e 549.77737 902.77400 13
e 221.61987 606.90455 10
e 154.79183 188.59211 6
e 181.15678 94.58309 13
e 61.23264 301.96515 14
e 140.42596 622.91794 10
e 657.04649 842.96306 7
e 224.35842 648.16370 9
e 165.59694 159.98071 7
e 152.48236 303.78166 10
e 497.78672 361.34572 7
e 492.88598 1037.15531 9
e 51.18175 751.31665 12
e 540.27884 418.25673 6
e 144.13772 982.35252 8
e 133.91134 143.15527 5
e 430.22834 116.95045 9
e 331.61822 267.77394 10
e 52.65615 438.41826 6
e 600.28844 945.79448 8
e 572.99427 393.62152 10
e 271.47605 401.30564 7
e 240.24220 923.99968 6
e 100.76018 225.85058 9
e 418.26740 166.66568 8
e 435.60427 351.70073 12
e 525.45050 241.82728 8
e 198.04690 671.07404 11
e 382.78823 43.61935 11
e 670.38409 126.76153 13
e 506.43348 653.83982 3
e 21.58201 185.68585 6
e 441.73106 91.12420 9
e 621.34592 876.89269 7
e 85.95014 906.74208 7
e 408.32603 440.46155 6
e 413.41430 827.34701 10
e 529.73294 748.32671 10
e 252.14604 486.54165 10
e 447.20623 1025.66636 13
e 30.58114 543.27955 6
e 217.95763 1024.81659 4
e 520.93736 437.46441 14
e 628.75351 588.13360 9
e 602.73174 945.27146 9
e 416.36791 877.56051 6
e 483.58797 481.36839 9
e 336.47063 584.04412 8
e 446.65959 682.16180 15
e 260.14874 781.07837 7
e 200.20199 449.94892 18
e 400.74664 259.13291 13
e 663.33966 926.67988 12
e 497.72377 418.73264 10
e 93.98147 49.64970 16
e 664.20242 790.43391 11
e 525.51500 711.40515 7
e 246.52397 17.22920 15
e 100.50074 1030.62432 11
e 626.55494 273.49848 8
e 428.73417 722.56990 9
e 317.97357 1050.78529 12
e 595.37598 354.56658 10
e 223.97172 857.19562 10
e 36.62572 557.90943 8
e 380.47208 293.80554 9
e 382.35230 827.04138 13
e 335.54580 844.44793 6
e 323.50930 432.25878 13
e 30.17601 98.76078 8
e 447.84948 654.34137 11
e 632.86964 83.53749 12
e 407.30986 90.92586 16
e 475.15119 367.21681 8
e 194.84092 1054.28629 7
e 378.92069 646.23949 9
e 584.80348 305.96448 10
e 425.85811 569.02297 12
e 456.46723 512.26390 8
e 75.61804 988.74555 7
e 608.99313 543.14112 13
e 314.84483 820.20580 9
e 187.53806 211.99696 15
e 308.20539 455.48359 12
e 67.54056 33.17196 8
e 255.81455 543.68250 9
e 324.09899 849.57409 12
e 674.75486 801.34044 6
e 133.00387 119.25912 11
e 503.74313 63.66310 8
e 524.44628 694.48947 4
e 398.39521 695.99965 11
e 691.54103 535.28441 7
e 695.94903 680.23159 13
e 191.51067 37.82886 13
e 633.77337 482.07574 16
e 228.38717 478.30144 5
e 175.69887 286.20347 9
e 339.31515 498.77005 11
e 28.01098 659.59341 11
e 369.38024 991.35839 7
e 311.81924 223.11390 10
e 91.39519 791.21566 9
e 339.42127 741.72287 14
e 346.92635 298.64101 7
e 668.33710 730.86785 10
e 447.76215 453.39054 7
e 528.15046 779.97865 8
e 468.07294 260.63630 4
e 358.18971 605.69355 11
e 536.69581 894.62800 6
e 64.57035 10.40495 13
e 302.36081 13.58955 9
e 21.83700 1062.52310 9
e 607.56991 452.82763 7
e 396.33281 137.96800 9
e 644.45672 396.06521 11
e 664.48971 760.44702 7
e 667.66965 465.99982 7
e 126.43366 633.54679 7
e 576.26047 577.72455 4
e 177.23439 762.51903 7
e 525.27818 679.10328 12
e 330.91029 361.51851 11
e 242.61445 489.05088 6
e 305.85419 256.51597 14
e 622.78260 619.13992 9
e 478.99170 602.92883 14
e 181.31724 958.12318 7
e 408.95156 305.76191 12
e 588.68547 859.87892 9
e 566.09059 216.79046 9
e 499.36747 47.07554 5
e 237.73880 292.14006 11
e 176.78191 690.54189 6
e 309.29022 598.13227 6
e 356.84662 483.00708 8
e 599.31365 781.47878 9
e 184.07509 906.11918 8
e 57.48966 649.28582 9
e 308.61823 40.92672 10
e 440.91985 602.07160 9
e 240.79376 253.84179 4
e 662.18073 53.21009 4
e 618.86494 817.15810 9
e 50.38668 198.76655 5
e 113.70902 150.37075 6
e 591.21256 949.03465 8
e 311.39116 668.06497 11
e 231.66790 528.21730 9
e 438.22210 16.61805 5
e 81.58042 482.12035 8
e 591.11687 538.14639 11
e 334.58657 116.33947 7
e 653.69429 79.00764 9
e 290.46099 914.10315 14
e 201.55977 513.30899 15
e 316.26591 48.02361 9
e 691.92591 52.01877 11
e 284.83280 318.54891 9
e 140.57102 79.66709 8
e 149.88042 248.93057 15
e 38.81030 15.61888 9
e 683.41274 592.88087 10
e 165.75116 697.33868 10
e 363.58102 994.66434 4
e 541.41005 507.99800 6
e 23.11156 308.67913 10
e 662.08547 312.81144 10
e 698.16780 43.78787 7
e 351.07734 308.88015 8
e 582.82155 938.15178 9
e 469.08341 748.23577 12
e 483.80347 129.00592 12
e 363.65827 36.13953 11
e 498.74156 392.32313 9
e 72.96009 834.83343 9
e 100.73115 477.56345 5
e 159.02013 882.72597 10
e 142.80232 777.04686 8
e 685.42976 903.78053 13
e 29.90197 527.77084 12
e 507.68238 562.41408 7
e 119.90228 521.60867 9
e 551.46118 532.61392 10
e 187.61160 399.80747 10
e 507.23112 202.15512 4
e 396.61871 949.60098 7
e 39.23127 412.07154 12
e 69.23245 573.05979 7
e 360.70101 899.79256 7
e 673.15244 1042.64226 7
e 335.79193 348.20945 13
e 180.32166 213.80686 10
e 682.04504 976.05517 2
e 385.55567 811.53697 9
e 401.79305 767.61029 13
e 576.00766 566.10793 7
e 644.17335 385.45937 8
e 38.29372 451.00307 8
e 133.05275 288.07062 6
e 426.07658 696.98037 8
e 501.28679 324.79629 5
e 591.78975 132.63225 4
e 489.61271 417.38348 5
e 175.24287 242.21488 8
e 502.82043 451.23995 7
e 525.72091 174.78587 5
e 11.75292 192.02469 9
e 492.05749 405.35973 8
e 214.44787 135.49440 7
e 21.88583 746.55095 8
e 405.90861 330.53578 11
e 696.93791 353.80894 10
e 369.94635 368.51030 8
e 245.81322 836.72915 10
e 34.66471 752.26343 5
e 566.49640 952.14307 6
e 566.47032 392.14554 9
e 665.29402 708.28282 7
e 667.44840 650.26015 9
e 179.74237 472.12402 5
e 522.55522 573.89814 10
e 324.62176 873.02291 9
e 112.21265 719.32776 12
e 367.88105 186.94251 7
e 617.91310 637.34614 8
e 233.98863 93.74159 11
e 94.38967 764.06908 8
e 474.04871 113.38265 6
e 276.16407 442.96120 6
e 634.49288 1062.40911 11
e 474.36262 136.07740 16
e 297.31416 470.72797 12
e 348.11382 66.09530 10
e 71.99509 514.12541 5
e 282.47937 94.76447 14
e 520.16565 607.62090 7
e 675.26700 412.57690 11
e 451.26348 288.53842 4
e 442.35537 816.43283 7
e 481.04117 1056.03234 8
e 564.67532 850.66780 10
e 136.22169 691.98835 9
e 443.93903 927.79698 8
e 206.11049 838.94026 9
e 142.34758 155.27990 9
e 620.88940 412.59100 12
e 461.86614 585.37148 7
e 655.12699 90.69038 8
e 499.77831 211.03318 8
e 568.97448 441.60453 7
e 399.21051 374.60327 3
e 563.66880 283.60055 12
e 113.82006 541.61135 7
e 625.94487 118.59133 11
e 53.02347 725.92411 9
e 241.09401 325.75287 5
e 658.87960 445.51999 11
e 139.84990 810.22471 5
e 501.54153 221.82262 7
e 530.28788 594.57853 10
e 173.16483 24.55493 5
e 102.26607 54.17791 14
e 60.75377 192.72596 7
e 594.70779 662.46669 9
e 513.18834 70.33832 11
e 500.48616 642.90024 6
e 564.42988 476.13246 11
e 57.95317 237.43207 8
e 153.84437 115.83691 8
e 55.17578 370.57764 4
e 158.90307 78.51069 5
e 431.06270 246.15926 12
e 213.28509 12.65108 8
e 693.71842 57.62242 9
e 380.62045 128.88720 5
e 50.86579 918.44064 8
e 137.38067 93.91087 11
e 408.07335 697.98035 11
e 383.28676 262.42167 7
e 350.10459 748.89266 4
e 672.28172 451.14789 6
e 18.01771 542.82278 11
e 602.87802 603.36381 5
e 603.48294 344.67064 9
e 685.93754 1036.10177 8
e 54.40170 597.86024 13
e 566.93269 384.63517 11
e 80.85309 703.88699 8
e 288.36709 428.03629 6
e 704.04674 636.50063 11
e 634.79056 571.95279 5
e 433.20488 606.12724 10
e 544.80576 476.05583 10
e 707.35645 794.20087 13
e 271.67507 607.67984 8
e 175.72798 258.21048 7
e 405.29417 1024.77765 10
e 117.60471 345.48522 4
e 378.02206 427.98007 11
e 620.63824 90.67072 7
e 173.77792 472.34696 12
e 96.42118 943.12861 10
e 253.49256 626.40064 5
e 491.02361 267.81374 11
e 561.86709 336.20197 15
e 450.61766 867.41820 10
e 512.26524 815.13374 11
e 655.81162 89.91815 7
e 226.72313 43.45993 5
e 548.96922 757.84570 12
e 126.76009 779.19089 15
e 136.77987 142.30935 9
e 632.55364 562.99163 10
e 230.61725 210.46904 11
e 23.69070 828.43375 9
e 558.22056 730.21659 7
e 667.02280 821.20404 12
e 478.77557 627.74748 9
e 341.12102 530.82544 5
e 265.51526 432.66247 5
e 481.26216 34.39708 11
e 618.19287 340.10920 6
e 251.91003 703.62926 13
e 536.16884 459.45283 9
e 266.82115 232.14101 5
e 101.72046 1000.92534 7
e 124.79755 913.95626 7
e 257.97640 329.20624 13
e 641.23032 42.26781 6
e 646.27899 421.28976 7
e 265.93862 359.11852 10
e 475.32463 138.12788 12
e 522.13455 15.86583 8
e 629.25494 400.21832 6
e 680.85150 399.01339 10
e 388.07032 589.26763 16
e 391.12048 729.86189 9
e 602.20643 165.81806 12
e 622.17252 941.21441 7
e 442.47025 110.46457 11
e 64.18507 57.02048 15
e 308.23340 313.64223 10
e 521.68445 986.02522 15
e 574.64583 663.53518 12
e 442.43640 783.18003 15
e 402.33920 74.54795 18
e 453.03819 179.72087 8
e 456.57740 987.42960 5
e 189.65416 102.91645 12
e 650.94960 38.68645 16
e 79.02963 669.29369 9
e 82.63735 690.85221 12
e 23.78196 465.88195 8
e 158.62640 561.96578 8
e 89.84124 54.75642 14
e 579.81099 269.54323 12
e 209.34190 899.06457 12
e 453.62724 16.77322 12
e 395.92308 718.68084 9
e 324.45245 246.35725 11
e 585.67405 662.67689 9
e 400.67631 288.75399 7
e 11.27489 1027.96621 14
e 528.19118 1003.73465 11
e 150.74545 479.63651 7
e 283.52027 952.70416 8
e 146.33169 411.75262 4
e 310.29412 891.70592 8
e 673.47556 913.87204 6
e 239.80337 135.60359 10
e 448.33837 296.27211 7
e 664.41988 174.52813 8
e 120.49568 861.82341 7
e 312.10212 820.16000 8
e 251.59695 520.21255 8
e 186.23311 331.35639 7
e 325.14244 93.59549 8
e 481.24940 30.26682 8
e 244.61706 931.86819 12
e 462.45594 1016.30830 12
e 29.13051 1001.88453 9
e 297.35700 689.94712 15
e 464.51393 271.04019 8
e 396.77954 197.54219 6
e 551.57168 579.38253 10
e 543.06385 455.98711 11
e 177.27502 642.44862 5
e 144.52480 29.06652 14
e 375.49067 199.19162 9
e 564.64050 88.22891 10
e 411.67723 949.06492 8
e 603.25649 319.15588 6
e 647.01219 321.09720 6
e 336.12384 133.95050 4
e 647.87583 683.43620 7
e 689.75664 100.13224 13
e 643.06167 739.46384 12
e 58.04202 815.81035 9
e 620.93945 95.82985 12
e 336.89668 31.28458 10
e 528.43279 616.86976 10
e 212.41654 746.30882 7
e 133.93515 968.11374 8
e 129.32087 901.37851 7
e 246.41471 208.83867 10
e 269.60856 707.80275 14
e 287.49761 823.88805 5
e 239.94647 584.25554 11
e 393.61031 539.04519 8
e 464.06141 395.16933 6
e 686.83090 94.14859 6
e 248.21258 983.98328 10
e 170.24185 825.74630 9
e 492.22482 414.86585 5
e 343.00663 740.56283 4
e 97.96691 569.35713 13
e 132.03378 662.07457 6
e 186.90143 598.31389 13
e 636.40292 987.88963 9
e 82.47147 140.37109 6
e 68.23091 474.81768 9
e 117.75768 78.04310 11
e 236.51626 452.18024 13
e 43.02248 407.23348 7
e 274.14109 138.17584 12
e 193.34127 1042.17143 10
e 245.20152 43.77405 11
e 25.53175 654.61087 15
e 332.83805 807.11547 15
e 658.59385 281.19893 6
e 77.55017 132.02799 11
e 615.95637 773.02921 12
e 630.54659 712.48619 6
e 594.06374 568.58029 8
e 376.46139 269.94761 3
e 707.46773 453.15192 6
e 146.65830 211.36219 8
e 477.33029 961.46951 11
e 706.21260 828.00715 11
e 468.67509 473.02675 11
e 485.51665 672.98235 6
e 301.75447 476.30532 11
e 273.08112 142.14442 8
e 395.29528 642.66355 11
e 635.82705 627.22321 7
e 68.58333 693.31473 4
e 688.33357 654.85519 7
e 91.24155 822.50142 13
e 628.92610 765.89280 7
e 616.94137 785.99864 10
e 326.63737 714.89303 10
e 621.32338 653.70271 10
e 491.25218 494.30139 14
e 467.13440 206.95592 11
e 522.23497 590.28263 8
e 534.89575 271.40318 11
e 565.62454 1025.76554 4
e 28.78591 437.39268 13
e 288.02535 970.56837 11
e 520.14062 838.22700 7
e 349.64058 198.95582 13
e 502.34105 252.79698 7
e 488.78634 964.34907 13
e 508.06317 263.83308 7
e 429.45234 827.10347 10
e 326.49988 71.14303 11
e 84.51089 720.31412 12
e 697.58190 59.30573 8
e 633.33961 662.76539 5
e 96.38776 112.34711 9
e 138.51533 177.84589 9
e 276.18424 472.36973 6
e 664.14325 309.93902 9
e 475.76545 470.39469 7
e 152.81808 587.49518 5
e 487.36156 124.12019 9
e 560.40204 84.27988 11
e 573.55561 671.26576 8
e 248.07489 251.99570 9
e 671.60053 396.96589 10
e 639.48129 675.42638 4
e 73.36433 478.45033 7
e 205.20228 576.04975 9
e 334.06629 719.64254 13
e 192.64308 404.43350 9
e 403.33994 624.56992 4
e 291.43024 325.80369 13
e 52.36689 923.26006 6
e 468.78391 157.81188 12
e 701.11491 839.36277 9
e 437.70313 503.28401 10
e 57.20946 879.53449 13
e 583.49696 816.04901 10
e 499.34428 272.96910 12
e 167.27758 757.15491 10
e 545.98636 583.87851 7
e 432.23643 392.40188 6
e 480.35798 783.32961 12
e 230.94801 939.42105 8
e 444.65335 20.86162 10
e 170.16092 842.76058 10
e 355.87890 137.50154 7
e 709.70877 295.68745 7
e 308.97219 418.04293 5
e 663.59933 1068.71033 12
e 311.89573 473.70235 10
