c ./output/rectangle/uniform/uniform-rectangle-8-2000
p rectangle 2000 720.00000 1080.00000
e 400.92341 1044.74123 8
e 262.40744 753.22254 11
e 143.91082 553.06473 9
e 389.92350 586.15089 11
e 385.37375 497.67832 5
e 73.40076 551.27856 13
e 660.90304 65.37928 11
e 247.41165 653.65581 6
e 338.03676 1061.66866 8
e 388.40538 376.53091 8
e 220.29189 394.21185 9
e 607.54164 92.50961 3
e 258.70373 395.45762 12
e 261.01749 780.76505 11
e 331.19195 664.30214 13
e 418.32425 804.51112 7
e 242.95367 113.33657 10
e 410.81740 456.03365 8
e 416.23370 682.89761 13
e 458.08826 178.51093 10
e 437.29850 895.63617 10
e 493.94347 220.44794 8
e 538.52867 779.52685 8
e 31.07724 652.28989 8
e 244.03281 97.79196 6
e 329.89073 199.92189 9
e 392.31542 547.04614 7
e 74.40995 22.62174 14
e 161.49431 932.80966 10
e 692.36809 248.59401 9
e 33.78600 425.39469 9
e 109.87039 1061.17362 16
e 296.32367 583.35381 9
e 108.38502 159.68011 14
e 504.64571 994.30185 11
e 235.35110 564.44900 11
e 211.67680 434.04045 12
e 75.10059 730.29879 12
e 52.89189 937.64326 6
e 504.31599 241.83131 8
e 241.62133 442.78028 10
e 182.65817 776.22155 11
e 561.69800 888.22854 5
e 182.04595 845.49435 10
e 291.31310 400.41151 10
e 439.71957 1062.29351 10
e 145.78079 968.22704 8
e 473.46846 169.59056 8
e 681.37226 495.22714 10
e 324.87041 801.76630 6
e 309.51748 371.39704 4
e 229.73073 204.88796 8
e 467.58318 838.20817 7
e 272.40450 638.23548 9
e 461.76126 626.90520 11
e 562.38889 334.64805 9
e 581.97803 70.24906 9
e 683.54337 697.31880 16
e 392.89231 587.92371 10
e 641.03099 364.49744 6
e 202.39361 753.44161 9
e 358.68058 771.07512 6
e 326.38059 306.10833 15
e 478.14359 254.00528 4
e 201.57383 539.16520 7
e 206.68308 759.11568 7
e 462.44112 542.78844 6
e 226.34429 292.26938 7
e 448.70123 398.01326 7
e 258.35295 466.69308 10
e 308.42452 517.07234 8
e 127.89714 641.66524 5
e 300.74188 598.85920 10
e 635.24279 384.76123 11
e 197.38860 403.47661 7
e 412.16315 703.43857 8
e 538.52861 797.15040 9
e 677.08129 89.72016 9
e 19.80994 11.55146 10
e 473.49553 867.50788 9
e 613.32104 89.33635 9
e 356.49964 546.50735 8
e 560.13025 875.50481 11
e 26.54072 245.49184 11
e 71.63826 1065.53435 9
e 266.66633 464.51873 12
e 696.92730 59.46131 6
e 180.39916 878.08545 12
e 81.91432 865.12677 15
e 347.92343 787.81024 8
e 54.22017 799.07752 13
e 537.27148 346.96202 6
e 465.32335 771.84450 9
e 634.54544 619.65788 5
e 708.86887 252.11162 11
e 205.93528 389.19346 7
e 458.66112 891.50293 5
e 477.88622 523.47604 8
e 101.30659 729.39338 10
e 649.78558 251.33896 13
e 308.80453 929.11899 9
e 585.75817 228.21422 9
e 351.28079 437.74878 11
e 184.54496 193.33285 7
e 429.96466 162.87527 11
e 228.91050 114.14882 12
e 511.58927 218.24313 9
e 554.31138 780.67731 5
e 94.54903 380.14223 7
e 683.36447 904.49126 9
e 423.19652 171.76302 7
e 203.80184 651.10107 7
e 575.47589 65.84209 8
e 191.54579 333.84647 11
e 363.71230 447.54776 9
e 221.60909 762.54242 11
e 663.70684 948.95486 5
e 353.82122 399.65708 8
e 708.34211 203.52702 7
e 416.34394 492.17606 12
e 638.44389 123.13397 5
e 628.90967 645.31272 9
e 659.09714 625.47716 9
e 48.23335 394.26049 8
e 57.55605 582.10762 8
e 277.99590 117.51577 8
e 651.81747 1057.99120 8
e 494.71612 951.14337 5
e 482.62083 912.14721 7
e 229.27840 970.19567 6
e 65.31257 677.54144 13
e 583.44721 23.42893 10
e 346.28723 795.99578 6
e 505.85139 417.67706 8
e 45.64754 1065.69354 10
e 41.06421 318.14659 9
e 496.15824 279.57822 8
e 182.52753 529.54489 8
e 588.52861 838.23872 8
e 543.02578 614.60841 7
e 296.99690 558.60153 8
e 339.59450 667.14081 8
e 648.97150 677.85123 9
e 522.93994 160.88689 13
e 693.50384 399.71373 9
e 220.61948 335.71316 12
e 521.58910 420.69089 9
e 559.42521 845.85577 6
e 448.00946 417.63056 11
e 186.49122 41.47704 8
e 320.35845 927.26049 9
e 396.41853 207.48833 9
e 432.54903 842.47827 9
e 109.37573 1032.63201 5
e 460.48436 820.69516 12
e 667.48920 358.82362 9
e 693.14218 793.26381 13
e 430.57825 282.96376 10
e 550.59881 1032.17792 7
e 376.96600 801.15625 6
e 74.21221 971.72276 12
e 280.79851 742.12338 5
e 460.95943 796.44362 8
e 386.52328 257.58008 7
e 116.02044 43.80745 11
e 36.77928 488.84426 11
e 593.20209 248.26744 13
e 207.97861 231.02161 10
e 161.34798 980.23751 5
e 441.77941 812.02264 9
e 373.80216 291.63839 10
e 475.50426 680.54777 11
e 177.10764 918.30592 7
e 44.24292 910.99261 8
e 372.19780 896.00932 7
e 267.23789 156.43530 7
e 463.85453 251.39856 11
e 671.32662 234.71710 11
e 617.02420 768.76379 7
e 219.26188 530.97300 7
e 339.78043 868.51263 8
e 91.99884 772.08062 10
e 163.57621 806.38184 10
e 164.06860 551.03160 10
e 665.26328 129.63070 8
e 455.10083 550.32489 7
e 274.13081 444.54436 8
e 244.55234 302.90056 12
e 20.76889 118.91504 8
e 650.46449 330.91875 16
e 300.35127 176.74995 9
e 474.40404 557.23255 9
e 87.57093 546.59837 7
e 26.30373 563.93693 5
e 332.43950 277.76845 9
e 41.57809 457.87025 10
e 201.18854 980.53922 8
e 476.70355 559.52928 6
e 487.94305 691.69887 7
e 319.55964 225.77688 10
e 397.05142 234.51377 6
e 410.60072 815.65894 13
e 334.74474 226.03489 12
e 39.53630 856.68889 7
e 522.77068 405.83403 9
e 77.86022 121.01420 13
e 52.95129 182.64817 7
e 607.28913 244.67420 10
e 58.08982 10.36064 15
e 131.72623 901.07097 11
e 536.60522 793.75413 9
e 11.72555 1030.80119 11
e 347.88600 181.22774 10
e 486.60274 230.30239 12
e 496.24651 56.61739 5
e 555.85312 1012.18601 9
e 548.40871 623.13473 7
e 462.26810 654.07610 7
e 362.42441 989.86764 11
e 296.39550 89.88166 11
e 697.51882 229.76629 4
e 468.92809 189.45492 11
e 313.81085 17.27024 10
e 327.59104 744.37995 12
e 12.05051 828.40738 11
e 454.01595 560.45907 8
e 237.76518 345.62947 10
e 525.72180 850.77433 11
e 224.28541 328.87905 12
e 117.33207 427.57598 7
e 430.65067 67.73658 9
e 163.70978 50.90562 6
e 625.75806 998.61822 10
e 81.40880 241.09512 7
e 49.76400 146.38526 10
e 696.38778 959.73426 11
e 215.68742 804.82073 8
e 342.13616 142.16655 7
e 257.22817 565.92339 10
e 274.40230 317.12526 16
e 313.54499 122.75738 9
e 116.04490 80.15166 8
e 451.62649 160.59351 12
e 122.40734 193.63153 6
e 672.95265 180.55703 5
e 137.99627 462.48096 7
e 126.96067 798.14438 8
e 205.21616 132.03251 11
e 598.47924 392.92536 12
e 624.81924 115.49511 8
e 167.45188 730.17911 13
e 206.02049 383.90290 9
e 512.45827 168.49182 14
e 444.64414 34.02456 14
e 289.96991 320.47489 7
e 451.15342 634.08160 9
e 243.00131 581.71917 10
e 512.95342 486.17953 13
e 11.33884 239.74478 5
e 457.98816 180.39268 16
e 224.07734 63.82328 7
e 322.76021 971.53960 7
e 25.50450 279.47981 4
e 96.14006 110.22634 18
e 666.76267 983.23985 5
e 28.46563 429.12115 8
e 684.38056 122.12621 11
e 410.48795 124.19766 8
e 72.39328 944.13318 8
e 337.44528 703.12618 9
e 440.66814 379.97249 10
e 238.34024 117.33821 9
e 696.65703 946.48217 9
e 208.29052 586.78174 6
e 604.88017 283.12533 8
e 697.44385 316.92323 11
e 284.82147 333.55866 8
e 477.12471 665.34838 8
e 54.05671 653.98376 9
e 600.41796 887.76445 7
e 329.52924 892.02728 9
e 201.60751 152.07798 9
e 406.80144 322.57911 13
e 47.92484 38.10273 11
e 514.54579 534.13344 4
e 428.13893 181.18660 12
e 314.47202 977.15790 11
e 648.48201 489.68268 7
e 175.33350 288.34322 16
e 212.86812 297.58649 10
e 496.44511 983.47147 10
e 459.72692 894.54894 7
e 186.84017 314.07362 7
e 218.45093 527.37335 4
e 371.28221 254.34519 12
e 541.71599 358.49857 10
e 400.33105 226.91479 8
e 191.96243 100.30999 15
e 288.35477 246.29892 10
e 198.11956 406.15494 8
e 254.06516 1069.73337 7
e 636.53827 700.90254 5
e 387.70931 137.40864 5
e 558.46058 808.97568 6
e 252.41131 1058.85981 10
e 685.72510 1008.28443 11
e 687.13039 1046.36309 8
e 471.33237 1025.69869 11
e 48.07541 540.28493 10
e 499.57756 458.94349 7
e 463.03380 583.64189 6
e 14.08922 94.07266 5
e 590.68653 952.60153 8
e 72.50295 488.60832 11
e 529.40814 889.78183 8
e 642.39509 535.27447 7
e 93.53148 442.25856 12
e 485.21206 747.65351 8
e 355.13018 438.45916 11
e 61.12606 1020.95765 5
e 240.61650 837.54662 10
e 173.13565 135.11603 7
e 206.62938 44.30791 6
e 469.64964 476.99307 11
e 260.37492 1037.28085 7
e 115.71496 406.18701 12
e 90.54411 311.42412 8
e 52.50458 296.98955 6
e 190.56271 620.47359 14
e 432.64439 358.92691 14
e 191.09787 33.87913 8
e 70.77103 737.76140 10
e 195.75376 224.40903 7
e 356.67483 270.14601 6
e 406.73437 745.35054 12
e 432.53554 107.92940 4
e 155.80911 780.25431 9
e 231.23581 757.03856 9
e 690.51004 305.51128 8
e 253.15576 526.37560 10
e 564.58767 504.61214 4
e 320.22774 231.64949 11
e 617.19140 439.75672 14
e 245.70347 834.00995 5
e 468.08457 228.27760 13
e 39.85617 252.42779 9
e 514.71093 518.66645 9
e 74.14432 343.20967 8
e 507.68297 758.47155 8
e 251.67381 320.12202 14
e 41.46452 626.55888 10
e 271.31599 328.20779 4
e 543.91074 1035.55184 15
e 267.82897 13.54479 13
e 313.00912 53.94104 7
e 698.13530 811.06655 7
e 75.12018 629.59623 7
e 688.66441 981.15648 8
e 401.85061 328.66814 9
e 656.27608 767.59190 8
e 224.26524 299.48512 9
e 69.12192 157.43844 10
e 275.23486 969.25093 4
e 84.12208 563.99236 10
e 131.22482 651.66690 13
e 126.63884 729.95360 8
e 276.88773 512.53662 6
e 278.88817 314.52504 8
e 63.61165 220.48651 13
e 471.53176 444.53627 12
e 21.02641 343.12654 9
e 365.74717 476.19931 7
e 202.95239 194.80206 8
e 426.23363 37.59330 11
e 24.05019 350.49009 10
e 76.16184 344.24755 11
e 444.86956 236.97867 11
e 594.76981 281.73752 12
e 81.65360 824.56071 8
e 472.47395 698.46849 9
e 200.38455 879.37305 6
e 313.30876 10.94134 8
e 22.70862 472.24136 14
e 488.65530 134.86545 10
e 529.13834 623.91494 11
e 218.89808 884.30579 10
e 98.26971 592.20079 6
e 646.59564 164.78845 5
e 347.17001 1059.35938 9
e 155.31458 512.41763 7
e 599.57389 647.57124 6
e 280.26770 625.92312 9
e 380.13359 954.76332 9
e 179.61447 901.06340 9
e 61.96796 481.07855 17
e 121.47490 1061.00986 13
e 348.90779 26.21210 4
e 361.17932 945.89376 10
e 585.82839 445.50866 9
e 135.57874 997.99888 8
e 332.01071 708.57524 9
e 338.05833 963.78682 12
e 653.41623 899.16499 14
e 550.68410 511.79570 9
e 629.76711 1069.93008 11
e 553.42641 477.51021 14
e 520.81813 168.06689 16
e 40.93667 367.29109 17
e 322.71245 722.03220 7
e 55.60743 509.34845 6
e 207.50741 789.61915 6
e 547.43293 242.72357 6
e 510.86487 271.42933 6
e 408.96361 364.71991 9
e 555.12064 524.20571 4
e 655.58404 77.29783 8
e 150.47569 761.80498 9
e 122.15372 1026.22036 9
e 183.90808 346.89274 7
e 263.48199 460.62801 16
e 451.68577 10.79205 12
e 370.46533 711.38717 13
e 680.38908 786.69829 8
e 262.38385 966.48059 6
e 494.50627 235.41175 12
e 178.38541 581.18593 13
e 639.55421 805.41802 5
e 274.18780 838.60382 11
e 469.07573 682.99568 8
e 428.76447 266.13219 10
e 284.30860 160.57461 6
e 178.47760 951.03220 7
e 263.99898 593.86197 8
e 48.43367 608.17559 8
e 267.53131 550.57995 14
e 420.93232 882.85029 11
e 559.96080 949.83355 10
e 268.08155 77.06809 9
e 528.84574 984.65482 9
e 666.86155 923.84733 7
e 667.54509 650.45168 10
e 238.43600 869.43291 10
e 154.24045 665.32623 3
e 232.33431 808.83066 8
e 282.26779 397.68867 6
e 379.94416 411.32033 7
e 112.58281 222.08834 8
e 406.52393 382.99841 6
e 437.11071 79.11391 5
e 254.50444 171.14126 8
e 353.93596 302.82718 11
e 581.03816 98.04596 13
e 366.21167 998.08486 7
e 323.54992 984.78794 5
e 29.21252 638.89990 10
e 216.88487 897.46562 12
e 595.57013 72.39451 9
e 595.40354 197.69286 5
e 304.22309 501.45508 13
e 28.12665 567.82851 9
e 90.36744 582.86331 4
e 14.00813 990.18938 4
e 153.30384 374.03269 4
e 535.29959 578.52428 12
e 412.92077 869.31487 8
e 579.79215 708.89566 7
e 443.65983 625.35725 8
e 87.76449 401.81241 11
e 459.36132 43.44623 7
e 212.21172 36.49642 14
e 83.72605 803.95429 12
e 320.62154 79.34155 7
e 413.62463 244.57668 7
e 357.01506 267.59396 13
e 186.07290 862.12784 7
e 315.72113 1039.70887 21
e 632.75329 282.75940 10
e 361.51050 65.16610 13
e 201.49527 651.28491 9
e 108.37096 261.37816 12
e 100.91672 300.35891 10
e 309.84559 753.79416 5
e 442.39221 316.79336 10
e 445.58094 567.94579 12
e 626.21994 291.67540 10
e 304.34891 1043.08151 9
e 280.92739 840.10942 16
e 463.76260 744.56284 9
e 355.84267 609.11908 12
e 629.98295 175.69374 13
e 80.57004 685.67776 6
e 273.97338 666.10250 10
e 371.62844 246.01729 6
e 375.66524 907.14814 15
e 528.22331 479.97632 5
e 269.85895 181.43891 5
e 439.11243 291.92469 9
e 397.94883 926.19799 12
e 52.59572 164.72732 12
e 357.20448 302.81106 8
e 612.84597 891.65398 10
e 149.93340 668.36141 7
e 688.87258 313.67639 12
e 199.73021 80.89100 8
e 162.16331 885.30497 9
e 257.64263 543.96195 11
e 338.83984 281.19998 10
e 378.41339 767.69244 6
e 272.50599 651.66942 7
e 467.84193 773.29527 7
e 674.29479 1028.58598 13
e 293.50647 790.15835 12
e 471.01633 368.23549 7
e 219.87727 1069.30600 6
e 102.32151 809.24008 10
e 464.56466 151.58570 10
e 496.97025 203.96814 5
e 610.95500 1012.48457 11
e 185.30088 382.83472 10
e 267.28853 696.24688 8
e 209.43799 211.54781 11
e 615.56071 671.84136 6
e 238.28689 90.75586 6
e 475.77861 834.11435 10
e 583.14449 333.43916 5
e 37.24127 598.79916 9
e 522.59883 907.60372 10
e 363.53969 463.06149 6
e 619.47511 363.59919 8
e 108.16251 821.85046 6
e 262.00461 181.63318 8
e 417.23824 73.44832 8
e 626.69196 664.43679 5
e 115.45463 755.92514 10
e 139.70538 233.24838 7
e 14.67368 256.19024 8
e 382.12093 523.02973 7
e 233.29860 919.22965 9
e 358.87289 987.85877 15
e 205.16659 443.17835 9
e 369.76742 308.90968 9
e 187.36232 586.70900 7
e 323.21947 239.74019 12
e 149.28932 434.06214 21
e 416.23802 94.89262 9
e 659.93199 813.66380 8
e 53.17942 974.07257 7
e 703.86555 800.35653 8
e 331.37461 374.82459 9
e 462.91758 30.98424 12
e 17.88325 691.45150 11
e 702.82672 308.53723 9
e 20.10051 951.65271 8
e 272.01730 1042.65148 14
e 28.32487 965.37976 8
e 539.38997 432.85145 10
e 407.99357 43.10791 5
e 508.63873 701.73040 8
e 61.47147 847.39659 6
e 34.77792 823.20365 8
e 589.50613 266.27668 6
e 571.78425 638.31173 14
e 475.85671 411.53203 11
e 658.62616 677.68209 5
e 76.02210 109.97577 7
e 328.55389 430.24977 13
e 349.46510 568.71708 6
e 445.37399 715.45778 9
e 146.53636 574.50011 7
e 284.44390 423.53299 8
e 91.73961 699.12065 6
e 428.02158 406.66281 8
e 565.87042 662.52959 15
e 338.58179 687.50540 10
e 649.50400 931.87296 6
e 235.71810 918.79531 6
e 478.88050 967.82760 15
e 389.79689 888.69562 10
e 256.68356 494.34410 4
e 472.45933 44.69623 16
e 349.26400 227.33709 6
e 321.48890 960.25375 9
e 22.02057 461.94913 11
e 169.46807 587.17387 7
e 283.96560 160.83261 5
e 381.10535 887.65594 8
e 88.23480 205.73618 8
e 162.49320 662.19538 7
e 560.62390 727.68345 7
e 88.60571 80.48025 6
e 687.07512 31.59147 8
e 427.78549 276.88650 7
e 440.76093 887.19300 10
e 444.27886 644.26341 5
e 26.05459 894.43930 8
e 545.50594 761.40428 17
e 48.15778 805.74134 12
e 99.30960 372.93849 11
e 470.12065 33.10374 5
e 341.67781 777.43952 7
e 283.66775 438.39747 5
e 72.75849 160.13117 11
e 230.37316 145.95149 10
e 89.12770 342.25551 9
e 13.09263 399.13767 8
e 230.67264 429.81807 12
e 429.34483 322.78162 7
e 690.91066 88.55932 6
e 145.44961 992.76658 6
e 674.62807 385.49100 7
e 676.70889 347.33451 9
e 258.95783 185.52510 10
e 614.05991 262.19590 11
e 43.45567 378.43428 8
e 637.27201 1066.60396 12
e 649.55271 762.76635 7
e 49.32012 448.50686 11
e 26.26692 684.21955 7
e 52.56435 874.66307 7
e 84.86172 114.81737 6
e 11.21684 624.16067 13
e 174.61945 156.94689 14
e 127.25575 825.46512 9
e 165.77856 775.15867 7
e 93.76084 796.22654 15
e 107.05606 881.41462 7
e 202.83644 850.17934 16
e 265.57825 928.69419 9
e 560.10321 702.31231 7
e 145.29876 415.32082 7
e 328.76343 511.20101 18
e 566.58634 279.48170 7
e 320.43010 740.30193 10
e 658.62014 403.69277 7
e 301.80802 37.97676 11
e 459.29759 532.99031 9
e 323.95110 1006.78878 13
e 46.98694 633.57976 21
e 534.76448 410.89823 13
e 559.84482 569.22432 6
e 703.23219 463.96486 8
e 226.41125 850.10386 8
e 23.13292 554.20353 5
e 128.01948 413.91545 13
e 462.45972 802.50463 5
e 647.23466 1020.39081 10
e 556.41873 210.66317 11
e 49.78091 339.46044 8
e 188.91545 538.59083 12
e 131.16321 728.65097 9
e 198.71242 784.35377 10
e 379.02540 528.02811 9
e 352.13987 524.11982 5
e 551.35086 641.65688 9
e 431.41146 485.30408 12
e 442.01129 853.19779 7
e 230.44079 521.46474 17
e 581.22425 394.78291 10
e 349.20778 145.44800 5
e 663.33323 189.69323 9
e 271.12162 444.00008 13
e 243.75548 160.41216 10
e 149.30936 1069.75403 11
e 273.16733 132.53563 6
e 296.12628 353.32229 5
e 214.39447 865.32360 9
e 173.65881 579.74950 10
e 387.62256 875.57487 10
e 253.82589 839.05262 7
e 113.76757 771.98198 13
e 392.15177 774.04376 9
e 695.23872 837.00588 13
e 693.24908 496.41616 11
e 293.30800 707.01072 7
e 649.32819 124.50840 7
e 632.43387 927.14882 6
e 368.87031 896.95956 15
e 585.79345 774.00132 4
e 557.77348 85.70885 17
e 141.44798 798.68695 9
e 303.42979 853.88057 9
e 648.98221 184.38082 7
e 394.73610 319.00594 6
e 661.75819 922.65769 8
e 419.04667 911.54024 8
e 203.68121 498.61531 15
e 701.38432 151.95302 8
e 285.10515 713.17944 6
e 115.98781 429.62247 8
e 432.09036 529.46458 9
e 496.13672 1034.61081 6
e 344.45160 941.29178 7
e 623.64697 519.82689 6
e 594.53917 608.38696 10
e 197.96927 95.81396 15
e 694.64488 978.38992 8
e 291.37653 861.99202 11
e 678.04655 452.49201 7
e 206.65099 372.42593 7
e 10.44562 621.24138 10
e 17.25301 675.98910 21
e 609.50646 1068.47827 9
e 248.28016 898.92460 13
e 682.55847 421.70901 10
e 487.47630 674.02204 8
e 702.93835 480.36703 8
e 104.06135 907.14718 7
e 642.00771 858.49525 7
e 170.28329 340.45071 6
e 579.06875 535.60822 9
e 173.48199 843.14365 9
e 52.67183 409.09286 12
e 38.42305 491.20760 7
e 314.89429 876.64987 11
e 296.15654 832.19959 14
e 530.53862 301.20764 9
e 287.95295 634.18624 17
e 498.83327 946.08041 10
e 599.29580 561.58913 8
e 180.42827 90.83034 12
e 67.21360 262.69562 13
e 656.67290 1040.29840 8
e 320.18611 667.39962 7
e 43.07696 137.84698 11
e 535.32902 379.92729 5
e 136.06001 696.83350 10
e 547.05562 502.30637 9
e 532.29229 101.76529 7
e 249.43681 770.47235 6
e 257.18052 936.76229 7
e 704.29693 403.50700 9
e 305.12967 351.78689 9
e 551.60183 538.54235 13
e 45.41588 394.02373 12
e 656.33067 685.91464 11
e 91.02543 1033.61576 5
e 534.70384 343.49723 9
e 257.28985 802.44036 10
e 340.72573 377.39301 13
e 318.51996 804.32808 7
e 694.71186 403.94011 4
e 425.61783 750.89122 21
e 363.79135 92.90502 9
e 426.69360 670.15367 9
e 641.80202 636.50854 16
e 52.86631 882.15258 6
e 409.86478 246.13339 5
e 558.20221 1036.20772 8
e 281.83245 425.39372 8
e 587.94119 960.17395 12
e 646.62614 531.20611 7
e 250.37476 842.55287 7
e 509.02421 51.75163 6
e 366.61418 510.44095 7
e 77.15697 67.01948 8
e 190.35798 783.42717 8
e 167.09872 982.56818 8
e 641.19801 547.73197 15
e 161.69149 923.73158 6
e 175.53525 630.50795 7
e 539.01783 444.43300 9
e 380.15663 653.57379 9
e 699.45116 1030.17598 12
e 126.23480 368.61611 14
e 584.47839 130.30517 7
e 290.35570 669.49881 11
e 513.26652 892.29230 13
e 59.72612 551.03932 6
e 298.88997 1037.44349 9
e 673.12263 483.50334 12
e 431.66492 931.89137 6
e 110.27626 720.89906 8
e 348.35840 225.51203 9
e 16.59078 756.45036 9
e 172.41954 284.16606 9
e 110.43593 81.73921 9
e 219.76209 194.19478 14
e 456.24571 996.67325 10
e 684.38514 711.04013 9
e 126.86622 599.29800 10
e 433.54742 119.96063 6
e 14.16146 818.98637 8
e 577.75589 234.87861 3
e 709.49147 48.83901 14
e 25.72537 1053.56730 9
e 52.26424 605.15091 7
e 496.37942 336.95791 8
e 394.61042 47.61828 10
e 87.76364 80.10598 17
e 292.88604 438.75190 9
e 603.90564 785.27053 6
e 127.57563 695.10106 10
e 404.02402 871.39380 6
e 92.87396 412.97966 5
e 258.95766 818.64520 9
e 503.77107 114.54082 9
e 79.72453 13.59631 13
e 285.89952 1062.54558 6
e 333.72062 240.88830 6
e 75.35655 955.16478 9
e 648.68804 486.58637 5
e 379.92110 534.10024 7
e 509.30172 41.83820 7
e 205.17105 932.67442 7
e 11.82962 281.57029 10
e 704.35117 18.76024 10
e 515.11167 619.41046 8
e 585.66413 512.32017 10
e 117.19089 232.82703 9
e 519.55407 435.44044 9
e 688.73508 54.89471 11
e 701.52380 352.96233 9
e 182.59928 88.27581 9
e 477.15759 148.53933 9
e 58.53114 157.81266 7
e 657.34915 141.91545 7
e 643.77264 473.63524 7
e 241.21377 957.74987 9
e 634.19017 241.73322 6
e 452.97723 451.04272 7
e 421.47140 444.34784 10
e 353.00317 1063.46890 8
e 53.55711 624.29472 14
e 586.01273 62.78062 4
e 624.14812 285.40814 6
e 220.62641 978.83629 13
e 297.37788 544.52068 3
e 595.92701 1009.44343 8
e 658.07551 466.39564 11
e 616.81279 893.41089 11
e 573.12920 49.91922 10
e 104.80722 412.92723 8
e 190.10963 189.03683 16
e 267.20795 1048.39964 9
e 197.52031 931.18086 9
e 183.80089 763.54796 10
e 564.38551 1042.74471 8
e 480.24093 199.03382 9
e 300.83426 438.02405 9
e 699.52814 573.56118 14
e 345.37616 34.54913 9
e 359.24131 552.33008 7
e 139.73082 134.31972 8
e 701.67491 104.87574 6
e 63.43788 977.25411 9
e 283.03993 921.82403 7
e 350.24775 744.15005 3
e 114.00046 1054.22794 16
e 505.74729 270.27863 8
e 632.28900 844.02968 9
e 260.22540 137.87018 15
e 180.19169 538.84310 7
e 179.17925 414.58325 9
e 343.35514 1026.06797 10
e 672.41670 1011.13847 7
e 701.48884 121.06031 8
e 28.33221 83.09599 9
e 194.31673 410.33920 13
e 700.45784 17.75847 8
e 269.14783 969.12424 14
e 600.61683 982.68706 5
e 122.36749 654.47929 6
e 307.07017 266.52603 3
e 348.49697 1027.16296 8
e 566.66050 879.96534 8
e 439.67057 964.25594 11
e 67.47742 977.18069 10
e 406.75700 578.16042 12
e 685.85715 667.78871 8
e 265.72437 375.99501 13
e 488.06076 1057.22756 14
e 165.77213 1052.07878 8
e 436.33426 1046.13796 9
e 176.65113 64.62800 13
e 44.10551 635.33215 10
e 678.97925 961.00963 6
e 416.25410 852.66584 8
e 131.67480 660.84728 8
e 110.72938 221.11730 15
e 157.27393 437.95195 10
e 569.05753 628.19116 9
e 310.13173 751.95354 10
e 25.97625 967.48938 8
e 308.00792 630.37665 13
e 581.17579 927.73492 6
e 309.03143 797.84040 15
e 40.89569 371.69835 8
e 148.17089 1012.17356 4
e 205.10277 42.94540 8
e 429.99179 78.13453 4
e 397.88085 955.10537 7
e 417.69522 936.66249 6
e 103.34831 331.76073 21
e 296.73566 534.74633 9
e 317.04758 76.88746 10
e 508.38128 815.28191 11
e 457.24706 98.73402 14
e 668.27525 133.70286 15
e 330.24038 952.07023 12
e 523.93474 543.67255 8
e 139.14082 981.76260 11
e 23.92724 195.95613 7
e 650.63604 336.65764 10
e 372.57095 876.58700 7
e 383.28299 647.78693 13
e 699.33558 216.17066 6
e 660.63786 426.74096 10
e 344.27879 846.07364 12
e 599.53626 607.60422 9
e 149.43722 334.04699 11
e 563.46905 148.89059 5
e 110.51984 467.33143 7
e 376.86865 498.44445 7
e 325.57921 393.46473 11
e 493.68290 992.54279 9
e 85.88121 731.79361 9
e 565.70094 320.90768 12
e 327.54657 212.78508 8
e 268.56060 45.99083 7
e 472.88076 1040.35273 9
e 554.34949 41.99133 17
e 225.33902 597.73609 11
e 546.87747 440.71313 6
e 626.84117 684.47043 9
e 378.88046 123.60363 10
e 635.81246 637.34514 8
e 650.46275 628.11942 7
e 413.34079 797.73847 8
e 325.71457 470.60422 12
e 407.30127 138.70198 10
e 233.57087 316.60473 10
e 533.77288 434.36252 8
e 192.87974 301.70382 15
e 376.26762 230.48299 8
e 374.78214 210.39723 12
e 618.52326 1021.20360 9
e 360.90853 109.83737 13
e 398.34901 848.42310 12
e 225.15770 325.62687 9
e 25.87904 172.27582 12
e 268.57220 619.10367 6
e 489.25207 473.02489 11
e 235.75114 1057.39015 10
e 96.80179 841.03034 9
e 140.84442 892.75605 5
e 581.68939 555.97048 15
e 455.51856 818.58946 8
e 629.93653 834.53681 12
e 568.41938 516.33431 6
e 573.17365 111.81143 11
e 19.14496 273.00906 8
e 493.36422 20.75802 9
e 85.44208 356.52001 10
e 243.05362 1061.12941 8
e 396.94986 15.84118 14
e 104.47097 865.25311 10
e 92.34446 195.30140 12
e 257.11960 443.64703 7
e 43.85523 365.78477 6
e 103.12431 982.10501 10
e 429.48559 404.26918 11
e 704.79208 584.61701 8
e 271.59717 762.05785 12
e 679.55005 200.17521 12
e 494.42182 376.50630 8
e 129.49730 794.06106 7
e 245.85645 902.51658 8
e 639.47973 940.58196 3
e 274.69956 458.26295 12
e 111.01879 757.10845 6
e 484.43822 532.34313 7
e 596.16094 539.39044 12
e 266.13464 370.72681 13
e 390.36018 517.98791 21
e 627.01110 214.71725 8
e 399.13724 969.09451 5
e 165.84595 222.18851 8
e 290.70813 483.06879 9
e 580.48074 999.55130 12
e 196.51227 185.49821 13
e 566.09620 635.99391 8
e 700.36430 315.42759 13
e 127.73244 600.33185 10
e 197.78283 919.30809 11
e 266.63574 674.18479 8
e 198.35027 771.20770 11
e 274.58510 314.60405 5
e 319.83289 968.97246 9
e 616.94326 142.81200 8
e 467.71900 473.72665 14
e 84.88095 316.74772 8
e 597.31955 443.60884 7
e 227.93045 223.76793 7
e 364.52168 870.49046 8
e 565.43514 859.09144 10
e 557.08514 384.47101 8
e 651.47726 248.54412 11
e 113.99195 51.56738 10
e 514.49921 984.38917 8
e 183.47962 435.47321 9
e 256.72835 131.08147 9
e 513.20028 502.63551 11
e 237.75094 981.98037 19
e 393.59285 404.70740 10
e 272.38572 539.61677 8
e 291.87588 287.41995 8
e 321.99442 1004.47998 10
e 509.11974 999.40881 13
e 337.22024 342.29489 8
e 93.41608 620.59719 11
e 310.80806 1003.78011 16
e 53.30242 110.24511 12
e 319.53559 72.11443 13
e 529.56058 282.10154 10
e 580.54025 979.78072 15
e 154.74643 730.10885 13
e 502.44524 471.35847 6
e 588.37518 736.09182 9
e 290.22896 963.42243 10
e 160.50072 723.92652 9
e 414.64784 236.81816 10
e 190.15551 778.06437 6
e 186.45088 241.29264 8
e 569.59962 566.37172 6
e 526.32611 1057.57401 8
e 477.72381 804.72030 9
e 697.53485 480.84567 11
e 483.65996 461.76461 8
e 679.87973 950.29972 7
e 603.95031 54.24236 7
e 574.02958 292.27284 11
e 161.37431 788.25373 11
e 252.69748 575.27202 13
e 371.95041 666.58117 14
e 469.46615 743.11391 6
e 67.78336 441.58168 7
e 226.40685 918.91450 10
e 685.76635 940.99959 12
e 34.19067 152.76267 8
e 463.43748 180.87692 12
e 239.46742 457.09453 11
e 233.43740 807.84460 8
e 556.69711 369.54410 11
e 20.45446 885.25224 5
e 624.57353 426.32078 9
e 338.80955 890.34406 11
e 51.74709 963.27786 9
e 344.11052 983.62125 11
e 573.56499 818.95294 13
e 456.60148 177.62179 5
e 107.90600 651.54635 8
e 337.78950 314.65974 6
e 576.27394 51.06638 12
e 51.02753 178.92630 7
e 703.26783 696.86598 6
e 551.45144 812.05486 6
e 46.95090 601.43179 10
e 87.14529 571.02154 6
e 295.33073 183.39074 8
e 11.37390 753.67154 8
e 113.75057 165.88780 10
e 509.29764 377.93523 8
e 629.82707 317.23453 9
e 520.36060 918.72982 5
e 85.60342 608.52801 7
e 605.72027 621.12851 15
e 325.33909 698.29072 12
e 150.16223 108.95700 9
e 212.61831 482.90174 8
e 402.89168 860.96184 5
e 563.78856 617.72493 11
e 652.79884 711.80513 4
e 392.80054 283.98957 12
e 124.80565 716.96712 5
e 140.11192 563.63165 8
e 128.52508 1017.20585 13
e 20.38406 186.55717 13
e 266.11125 325.44885 10
e 175.20034 610.47805 10
e 32.90614 98.42673 10
e 603.61205 11.41102 13
e 550.84968 567.54945 5
e 531.21902 584.73075 10
e 138.38848 906.30083 10
e 102.54140 1007.39044 13
e 433.35737 396.68151 9
e 622.34145 722.10364 9
e 302.85014 726.64018 7
e 270.93795 343.52485 10
e 421.28482 877.93024 8
e 85.43790 694.78563 10
e 123.29055 452.34304 7
e 461.18732 731.02282 8
e 406.86147 350.76238 7
e 225.86487 733.65435 9
e 228.16002 917.52030 10
e 646.44727 89.44705 8
e 540.74544 847.42285 6
e 423.85707 101.83822 10
e 578.32646 22.48408 10
e 60.87569 135.44767 7
e 158.84367 195.36492 19
e 91.96585 614.35966 10
e 405.30401 983.68300 9
e 621.61529 688.40316 6
e 410.65650 504.13768 4
e 460.78905 558.83567 9
e 378.34800 504.84476 9
e 224.84840 644.06122 10
e 422.71855 807.32065 15
e 201.06487 847.54679 6
e 661.28927 96.95621 6
e 365.53584 953.47543 7
e 237.28318 908.27891 6
e 621.09522 220.49592 6
e 698.84455 216.77374 8
e 151.65691 714.63137 10
e 280.28354 92.16716 11
e 504.79335 325.17778 8
e 116.09097 853.73620 14
e 437.83319 1013.69392 11
e 484.22999 963.44788 7
e 325.11189 80.43125 12
e 573.60408 627.56271 13
e 325.85684 467.38298 9
e 512.74242 417.57281 15
e 346.88908 501.35304 11
e 106.94966 713.25870 8
e 172.54212 1003.57307 10
e 663.18424 124.28255 6
e 568.08245 411.26176 11
e 273.15891 819.82558 13
e 706.34980 580.77066 15
e 56.72548 120.35324 8
e 449.31435 245.10482 4
e 321.37781 655.34317 8
e 159.77739 237.70299 7
e 680.78353 777.41133 6
e 13.51406 778.06771 8
e 167.14393 37.67537 12
e 88.06688 162.93395 7
e 656.16208 348.06534 8
e 646.03206 148.36407 11
e 498.80818 1000.24873 6
e 431.33714 636.19735 10
e 612.09919 438.25497 7
e 332.79881 136.85870 11
e 259.62818 503.70238 10
e 24.26188 545.22332 8
e 580.46035 39.84505 12
e 133.73819 512.89732 7
e 127.31884 330.18955 8
e 292.14683 202.95854 13
e 520.82322 161.37410 12
e 643.18804 149.43514 7
e 516.34886 292.70194 11
e 699.13134 125.80412 8
e 182.06733 773.99671 11
e 417.47706 963.14664 9
e 427.83922 466.32732 12
e 563.15135 328.30297 13
e 703.78499 363.95100 6
e 295.79754 965.17339 8
e 189.42324 674.07628 10
e 187.68725 638.15275 9
e 574.31673 29.23175 11
e 172.36002 839.78765 12
e 630.20096 280.51836 5
e 168.19058 961.12710 4
e 146.17484 654.80662 12
e 690.40564 524.75199 7
e 413.56157 743.11678 6
e 16.86437 968.01283 7
e 221.24864 870.53612 6
e 223.61002 540.10689 7
e 457.37718 217.15550 8
e 434.63859 347.74595 13
e 610.54649 860.72801 12
e 333.19854 919.44982 9
e 447.53040 135.17586 9
e 652.03629 633.66998 10
e 217.23010 290.27218 10
e 496.17127 300.38880 4
e 443.52404 364.64690 10
e 635.94049 276.29643 13
e 504.01151 212.58302 11
e 606.78890 197.63398 8
e 116.29537 251.39782 12
e 447.45484 274.54721 13
e 177.16056 545.73994 10
e 80.58857 796.41160 7
e 476.16906 396.37095 9
e 216.55005 1015.13163 6
e 61.76033 948.46729 6
e 685.56083 803.57361 10
e 206.53889 858.04423 7
e 481.56220 1042.69899 10
e 346.25164 1023.31353 9
e 188.04864 814.30061 11
e 346.02802 916.02934 7
e 599.35703 685.32215 12
e 487.35587 945.97443 7
e 533.51519 1006.78437 8
e 180.32474 521.22143 13
e 324.67555 752.70267 9
e 653.55702 146.99718 8
e 550.57857 216.85726 10
e 20.71937 653.48908 7
e 70.62637 379.74203 11
e 508.63543 844.50481 10
e 88.60554 637.17929 9
e 607.04016 176.88024 8
e 325.81686 855.20777 18
e 223.78777 1052.67924 7
e 197.99323 474.84750 7
e 466.73187 674.30499 5
e 82.49244 395.94035 11
e 225.39334 369.76780 3
e 285.57915 781.16585 8
e 75.56001 157.64660 11
e 103.73569 554.46177 10
e 169.53153 559.95877 7
e 456.34551 760.28130 8
e 176.70151 905.56962 10
e 503.60529 382.17291 11
e 46.26354 607.64083 9
e 381.12914 23.58156 10
e 266.09124 814.55006 10
e 667.80504 43.31396 9
e 624.02308 548.10734 9
e 397.24346 311.85184 4
e 246.28935 586.89708 13
e 569.22861 808.73122 12
e 569.77061 745.83093 9
e 259.24777 337.94831 11
e 309.57659 298.52960 10
e 229.59177 289.59218 9
e 120.98161 83.40535 12
e 595.33546 611.70538 7
e 567.67886 721.77506 7
e 63.83517 530.52068 7
e 236.95141 496.85500 17
e 110.74158 213.97676 7
e 72.23318 432.89326 14
e 378.75979 948.56824 13
e 42.12419 100.14471 9
e 209.92538 644.62273 5
e 596.95744 993.70947 7
e 512.61120 869.52673 8
e 519.87764 391.92003 8
e 235.33829 143.63434 9
e 236.61704 586.34068 12
e 143.29206 637.11644 7
e 41.12365 42.20101 4
e 71.48907 126.22806 10
e 360.75612 796.36628 6
e 525.55154 736.64546 9
e 328.62569 443.63825 12
e 278.88827 72.45076 11
e 85.92475 414.64038 4
e 627.14179 979.78992 13
e 508.87421 561.46549 13
e 95.75646 936.37965 11
e 61.50791 399.75955 7
e 321.35771 963.98404 12
e 103.03380 546.53059 6
e 67.01246 478.20280 6
e 12.88145 253.14668 7
e 90.12612 759.12872 6
e 359.38697 218.11648 5
e 303.77565 674.76933 9
e 68.13543 744.47238 9
e 330.99465 738.39032 9
e 367.14147 48.53631 5
e 600.20392 776.43232 10
e 656.36835 810.89057 13
e 471.45580 651.20757 11
e 284.09772 859.44735 8
e 241.42016 954.10870 7
e 485.16209 571.97048 11
e 411.75974 868.65824 8
e 265.74199 943.77114 12
e 207.01542 783.17751 8
e 271.02810 1007.67315 10
e 30.85520 943.69308 9
e 399.44361 940.60124 7
e 164.38464 177.44250 9
e 121.42770 502.24881 9
e 465.68822 685.33701 10
e 438.56658 980.35224 11
e 657.38028 111.15106 10
e 186.46323 986.98790 9
e 522.60547 639.26926 14
e 498.27169 983.41910 6
e 614.62404 603.44822 18
e 459.32645 935.15827 6
e 199.54284 614.18900 13
e 238.53145 814.07686 14
e 604.59647 516.25933 4
e 638.94468 792.19229 12
e 209.17199 467.38220 11
e 306.27915 143.09364 7
e 56.11055 777.81972 14
e 500.33766 822.67083 10
e 172.79633 124.39241 6
e 78.15900 448.83028 10
e 499.23227 978.50441 11
e 674.80452 1012.91251 8
e 248.11923 117.44701 5
e 634.18785 882.17880 7
e 514.23209 789.61507 8
e 397.80531 794.05336 10
e 692.08794 586.09245 9
e 641.80574 200.37059 9
e 481.67989 224.03497 11
e 666.23972 1054.26922 4
e 174.64179 288.14150 10
e 313.35158 1023.90456 4
e 181.33737 684.76502 9
e 687.09461 397.77623 9
e 339.36414 694.76819 9
e 368.61948 430.49013 8
e 449.54615 832.66314 16
e 580.58417 270.21960 8
e 367.34280 646.12519 8
e 102.85928 302.54829 12
e 89.23954 125.79734 10
e 334.68507 669.32720 6
e 419.49862 631.73041 8
e 209.18280 992.32268 8
e 347.65135 681.38039 7
e 489.83957 148.61544 8
e 179.02165 126.10495 11
e 428.20414 787.64258 9
e 437.20974 518.85235 4
e 486.94000 891.29119 14
e 156.28311 881.51019 16
e 518.40287 16.77678 7
e 406.05318 969.66097 5
e 645.68185 17.96246 9
e 657.26778 802.29250 9
e 508.51570 723.77773 19
e 218.90062 453.55496 5
e 443.63103 408.76873 11
e 207.59124 673.54528 9
e 445.13801 980.56508 9
e 702.13533 153.84383 11
e 39.51652 262.57937 8
e 615.39692 313.11787 9
e 668.86129 931.27958 7
e 412.32776 460.34069 7
e 230.25373 717.36336 7
e 537.66574 215.37174 6
e 606.01710 324.83425 7
e 663.97090 130.38569 5
e 538.78374 654.88519 10
e 191.72191 12.09648 10
e 484.61402 58.65679 10
e 146.54251 228.35925 10
e 648.31657 493.23635 11
e 387.53672 288.27252 6
e 530.38361 717.25996 12
e 347.13768 718.40518 7
e 547.13093 387.20166 11
e 702.90017 945.64415 10
e 198.83010 411.19097 12
e 73.05155 11.39212 11
e 165.84998 829.08608 5
e 412.27670 961.86563 13
e 206.09940 497.00078 6
e 627.69362 608.28911 8
e 529.88384 743.23417 5
e 531.64441 209.98990 7
e 335.50693 712.61319 11
e 170.37303 1053.16158 6
e 360.14029 510.33280 8
e 442.88519 497.41292 6
e 427.76224 661.42328 11
e 564.78924 23.42648 5
e 204.82172 159.78647 11
e 29.52654 768.13510 5
e 489.89332 697.93346 6
e 463.93583 691.02568 6
e 226.74371 623.00257 15
e 398.96872 596.54283 13
e 490.26611 633.48475 9
e 562.59288 690.27978 9
e 483.64914 942.51813 7
e 118.52776 299.80108 14
e 301.61140 567.00493 4
e 226.72265 805.25294 8
e 87.38238 379.67542 12
e 557.55343 874.22646 8
e 486.72641 208.42661 11
e 137.44712 269.24737 7
e 64.17113 1003.36528 11
e 338.76054 493.83692 11
e 323.54577 898.25524 11
e 566.36907 92.28934 11
e 27.70887 334.27692 14
e 296.70508 288.40518 5
e 632.84555 102.24147 7
e 515.93779 18.71101 9
e 131.55242 326.38845 10
e 419.97800 290.59155 11
e 433.55045 493.37957 6
e 96.17236 669.70716 9
e 149.04604 500.44134 6
e 205.73673 949.11131 15
e 375.39242 804.68794 9
e 381.26242 463.73919 6
e 168.25169 598.52772 8
e 120.69132 686.11439 10
e 676.53700 417.85223 10
e 582.44937 1064.65287 13
e 253.68384 229.28046 9
e 449.80053 475.60212 10
e 684.17194 703.37317 7
e 478.83603 76.87690 8
e 230.46740 936.39754 8
e 690.20695 28.02302 5
e 343.59380 960.23710 7
e 372.10837 801.62023 6
e 260.20801 475.58751 7
e 319.68263 251.89015 13
e 559.76703 726.36908 15
e 581.97177 829.18598 9
e 322.45194 201.94274 12
e 468.20766 587.61246 12
e 442.32362 211.95774 10
e 607.15617 822.71768 17
e 408.16512 137.48224 9
e 243.52490 34.15514 10
e 74.72361 1019.98309 9
e 296.19984 533.76518 12
e 592.40649 156.37344 9
e 653.86227 362.77532 10
e 28.03741 848.71682 9
e 402.73867 37.61678 12
e 418.57862 698.32855 9
e 525.73673 923.96126 8
e 705.64916 922.99497 6
e 562.05078 612.68932 9
e 519.89165 294.00262 13
e 257.18360 866.74500 9
e 595.38630 144.11915 7
e 129.34605 725.14195 12
e 357.74751 686.06691 8
e 541.10411 601.24333 9
e 352.16544 913.57561 11
e 469.85321 40.28677 9
e 264.21814 427.06020 8
e 355.32155 313.57910 7
e 214.29684 699.25857 13
e 388.51884 904.08512 10
e 687.49128 665.75932 9
e 458.37338 256.14448 6
e 33.60640 834.56549 13
e 252.36067 40.38878 7
e 217.52001 472.49530 10
e 388.21150 914.33377 9
e 497.18117 58.55709 9
e 564.34213 895.50645 6
e 30.30770 772.74082 16
e 621.14185 61.11496 8
e 126.33511 947.59216 10
e 130.95355 497.10316 10
e 589.41841 72.38500 9
e 587.60227 46.74662 9
e 420.76466 189.09236 14
e 271.87824 119.75107 11
e 567.34108 732.97784 7
e 132.46922 219.20854 8
e 270.26730 967.45458 9
e 170.21419 210.56274 9
e 593.70612 187.87900 5
e 706.66423 147.05127 8
e 443.02186 928.75747 7
e 50.32610 995.12988 12
e 12.14140 309.25108 8
e 603.95261 86.36685 14
e 550.76042 762.61317 8
e 662.51619 212.70440 6
e 553.28277 457.95562 10
e 369.41407 686.32095 8
e 235.21842 209.34024 13
e 434.50647 802.17292 8
e 248.39961 446.36400 11
e 257.87863 511.05007 12
e 678.94388 650.23063 10
e 586.87038 573.75132 9
e 705.78512 1036.44128 11
e 297.34998 596.01760 7
e 455.73023 236.00606 11
e 320.52258 16.33927 10
e 459.74522 936.96109 8
e 48.48085 252.70024 9
e 336.04861 856.80722 12
e 493.25894 716.91000 10
e 279.39182 287.94950 10
e 114.32661 516.46064 6
e 62.73156 80.63966 12
e 608.94911 30.90714 9
e 660.24931 127.57718 7
e 212.04583 267.63212 10
e 593.77233 626.59675 11
e 535.40749 1001.48884 6
e 671.92582 405.78188 10
e 186.12613 425.14047 9
e 111.73034 174.21630 8
e 449.06873 874.12524 9
e 516.29994 589.84554 12
e 645.36339 800.27790 5
e 136.49518 56.44912 9
e 608.67062 30.51231 8
e 313.95690 95.81649 6
e 324.53212 794.49770 5
e 617.44587 701.46892 12
e 534.64148 390.65226 11
e 453.36696 997.49101 9
e 613.80572 632.05976 8
e 297.26890 268.68328 8
e 632.25161 154.22382 10
e 575.29698 375.58433 8
e 697.05077 708.48356 7
e 625.24616 1062.76860 12
e 419.83936 807.31493 11
e 669.63734 977.59199 6
e 576.19394 302.13094 9
e 470.76864 553.59098 6
e 86.82730 940.68510 8
e 331.26718 564.41779 14
e 588.02095 879.08249 6
e 297.61057 934.58542 14
e 693.65285 757.31519 7
e 71.69297 203.45911 4
e 657.63452 514.88418 4
e 58.10818 129.88116 11
e 496.67512 889.73518 11
e 273.37981 71.43988 7
e 56.47767 14.55456 7
e 649.11885 410.81533 9
e 418.38417 758.77443 14
e 464.18176 969.71221 13
e 427.72536 997.93676 11
e 276.21227 388.00787 8
e 590.81583 1045.71774 9
e 485.93962 901.47852 13
e 665.70505 401.39498 9
e 579.59786 721.98601 10
e 538.80256 754.24143 8
e 694.38081 288.29943 10
e 66.49457 75.66132 8
e 609.06219 470.33813 17
e 410.54932 312.43651 6
e 690.63315 623.07021 12
e 480.44196 202.91301 8
e 35.21761 309.80227 13
e 619.29566 620.60349 8
e 70.82051 274.37379 11
e 635.49890 829.36574 8
e 296.76840 497.00083 13
e 391.90249 379.25208 10
e 366.98153 190.21036 10
e 475.96058 282.61255 7
e 578.53801 766.69554 8
e 79.93558 741.51091 7
e 351.18224 579.01302 9
e 78.18448 149.46987 11
e 270.44485 369.53436 10
e 541.07621 973.60562 7
e 65.35797 364.41460 10
e 546.27769 312.86443 11
e 82.25984 565.97159 10
e 598.92402 880.30549 11
e 286.06903 1069.81599 14
e 397.94889 1038.13974 10
e 493.71104 124.60031 5
e 384.38956 388.34859 8
e 184.19066 728.68822 8
e 585.68265 267.03059 5
e 64.24754 64.04380 9
e 42.23580 717.15571 12
e 648.13660 776.79808 6
e 86.31460 517.27032 7
e 161.33139 497.02638 11
e 538.97515 299.89301 10
e 458.93528 294.75366 10
e 250.66149 617.19939 11
e 509.10915 914.39414 3
e 316.16831 226.78964 9
e 437.46578 747.13452 6
e 381.02986 51.40358 9
e 426.93370 753.11894 6
e 464.46957 125.45286 8
e 356.51137 214.79873 10
e 534.03012 210.79746 8
e 638.58465 913.94150 10
e 38.65315 620.87946 8
e 37.70496 410.74479 10
e 417.44777 449.12182 10
e 85.54485 470.65800 8
e 241.40383 638.61036 14
e 179.18665 810.97404 9
e 292.56231 317.24799 9
e 130.33663 362.52940 8
e 348.89678 75.63794 8
e 451.84244 827.61393 8
e 487.95139 564.28556 6
e 611.02815 814.31822 7
e 473.94505 741.05510 7
e 375.37306 911.26474 4
e 220.15985 42.08857 4
e 289.12648 221.21841 8
e 511.48230 285.91899 12
e 60.29728 732.53171 10
e 217.76727 826.38240 11
e 272.77414 917.68743 7
e 681.32454 330.95044 9
e 571.31155 628.86051 10
e 295.84960 784.03346 10
e 34.43748 515.42608 9
e 358.96515 385.95453 5
e 233.77362 905.14571 8
e 632.18163 75.35120 5
e 491.53534 316.04788 13
e 275.64577 532.48090 8
e 176.98693 404.57400 10
e 666.55789 162.14973 11
e 462.72666 802.96388 12
e 361.90633 311.46551 10
e 106.79136 208.14014 10
e 604.82483 658.02612 4
e 299.08665 728.69763 9
e 178.99421 909.38410 11
e 367.94214 403.76426 10
e 244.63000 242.94269 10
e 206.13800 682.12648 11
e 526.22158 902.12693 8
e 691.64964 950.72687 15
e 447.91052 406.01971 6
e 279.83815 368.17468 6
e 446.61018 267.76478 12
e 707.12467 586.49790 6
e 326.99028 257.23874 7
e 199.98015 539.52997 12
e 255.99414 913.13746 9
e 199.23768 877.85635 7
e 190.39881 901.66009 6
e 26.92113 668.19616 12
e 695.64550 460.77492 10
e 154.20174 80.40616 6
e 323.35544 434.00723 8
e 681.33087 678.56396 15
e 343.02559 1012.31080 11
e 232.49124 971.55035 8
e 516.90750 851.21522 11
e 225.36321 646.86591 8
e 364.73001 682.75002 16
e 311.45674 215.67987 10
e 20.44945 46.60020 5
e 453.95839 982.34063 10
e 214.67958 571.76964 14
e 86.53248 1012.36664 14
e 652.74406 581.41422 9
e 576.16595 198.95951 14
e 373.51054 716.30178 8
e 393.56505 771.82952 6
e 126.82712 645.69469 12
e 682.32416 1061.12908 7
e 633.15243 835.31092 10
e 203.02003 431.91705 10
e 661.62269 631.59716 8
e 508.29888 128.37546 7
e 441.61963 403.03093 9
e 155.45881 566.79301 8
e 583.74388 275.95797 3
e 421.78569 739.75374 6
e 267.98211 513.22461 18
e 575.91870 474.39925 8
e 677.18948 497.62119 10
e 650.50853 1023.24284 9
e 461.48971 935.15021 17
e 263.39252 132.72622 7
e 594.71005 982.97601 10
e 97.82398 229.90982 7
e 417.06049 357.61609 8
e 91.23785 739.27428 9
e 162.70730 1068.39939 9
e 338.74945 927.61994 5
e 706.27978 430.71284 7
e 590.66789 743.89948 4
e 463.37600 604.45384 7
e 13.47871 382.07240 9
e 71.72561 786.90499 4
e 510.43391 112.11641 11
e 703.88921 681.29160 15
e 251.52986 22.35761 10
e 545.11587 234.15068 11
e 91.47957 398.86746 7
e 105.37745 960.95885 8
e 21.42885 969.74354 6
e 640.98236 727.73993 10
e 393.15126 196.49473 9
e 333.80328 51.73704 6
e 666.01022 89.70239 7
e 639.59705 922.77966 10
e 442.01190 972.36333 5
e 181.16080 431.78802 15
e 584.10183 273.89415 10
e 601.60978 542.74302 9
e 636.23193 240.26765 9
e 115.87520 884.40560 2
e 330.69367 26.58654 13
e 344.10404 594.12296 6
e 354.79012 295.32853 7
e 105.61110 635.39881 7
e 320.55748 799.32835 12
e 418.54141 137.04348 10
e 628.35375 716.08197 8
e 106.26764 177.37707 10
e 220.41922 1048.91336 14
e 693.31536 226.59422 6
e 490.42672 170.29959 10
e 291.24373 566.76780 8
e 314.83938 817.12513 14
e 582.16459 949.39385 11
e 236.44339 713.25670 12
e 370.71437 709.39378 11
e 446.92794 970.77940 12
e 123.71689 146.27463 8
e 697.84778 1064.23578 12
e 174.41343 341.96280 8
e 621.97102 584.47236 9
e 592.82901 239.12252 13
e 249.86601 261.82653 11
e 708.66640 461.50562 11
e 401.20510 251.15696 5
e 313.32985 172.62177 6
e 28.50775 1066.51979 12
e 369.12893 582.63512 9
e 640.16922 687.96989 7
e 425.45421 707.46798 11
e 208.67230 550.33335 12
e 585.14194 292.33724 11
e 351.70517 579.26330 11
e 131.37765 379.67585 6
e 50.40871 113.76914 9
e 523.89811 197.54133 5
e 211.09382 36.10950 12
e 162.06148 167.39597 6
e 348.37221 1051.08759 10
e 282.97378 1023.03662 8
e 698.15550 522.02927 8
e 106.35698 501.78605 9
e 52.09264 115.74274 8
e 226.57577 624.57736 6
e 120.49583 731.51681 8
e 107.21445 373.67472 12
e 42.77673 228.60404 7
e 350.77578 771.67580 20
e 492.55024 561.65433 7
e 249.92369 92.38989 5
e 362.06392 638.62783 8
e 82.46027 74.24126 10
e 464.00757 600.62093 4
e 137.20484 925.26828 17
e 436.35060 726.96789 7
e 180.58321 711.57236 5
e 342.58926 277.00154 11
e 262.07261 409.67879 8
e 332.56102 283.61083 6
e 689.51818 125.14624 8
e 157.43316 124.13949 11
e 480.79466 283.03362 8
e 90.51399 101.98698 10
e 414.76130 270.91116 6
e 31.22459 362.91077 4
e 312.57801 968.81922 10
e 328.90980 239.83610 7
e 61.59333 474.86498 7
e 146.38753 26.03182 13
e 276.21708 577.81762 8
e 141.15309 122.52404 8
e 458.77682 919.72418 11
e 628.17387 582.24239 6
e 516.50864 390.65774 7
e 21.50926 960.35954 13
e 183.97612 692.43140 10
e 590.32304 861.52026 8
e 540.16047 361.43153 11
e 309.75841 585.63522 9
e 647.90442 349.20188 7
e 405.39175 539.45191 10
e 405.62771 81.50328 10
e 694.00721 46.17813 15
e 432.38158 882.53272 7
e 706.52454 280.22808 10
e 105.74433 577.04023 6
e 662.47793 253.91581 9
e 103.82334 1032.53068 9
e 250.34777 591.82700 14
e 258.99051 1068.76661 9
e 148.40466 551.50586 12
e 52.90366 76.07125 9
e 127.89107 479.01360 8
e 673.72992 76.15378 10
e 189.82303 932.86874 7
e 428.21248 686.13112 8
e 265.51875 51.39313 11
e 317.33852 156.41753 11
e 365.86079 586.95664 13
e 307.66653 665.78954 15
e 311.83254 448.41773 8
e 226.36585 101.20516 10
e 305.70325 245.59684 9
e 13.94133 682.35225 8
e 687.34520 661.55748 9
e 576.51871 678.50586 12
e 102.60632 601.44478 12
e 685.67290 231.60321 8
e 136.70078 680.74469 10
e 445.83483 934.12684 12
e 469.04100 284.77944 11
e 355.36589 381.82028 4
e 490.50124 451.32117 5
e 235.90652 699.65633 8
e 230.98008 575.42034 11
e 350.12582 986.27941 4
e 311.15330 658.19434 7
e 248.24952 692.18428 11
e 267.01080 570.14964 21
e 385.82754 407.39985 10
e 393.65066 307.32746 9
e 75.69475 370.86674 12
e 375.88737 106.50776 11
e 521.11898 637.30752 5
e 705.96448 476.05577 9
e 77.00768 463.83524 8
e 367.32377 590.77940 13
e 609.03937 916.70099 8
e 491.10680 436.15051 10
e 455.66530 860.64645 6
e 181.94484 815.46570 13
e 93.59740 791.89399 9
e 424.73553 1015.75675 6
e 482.79470 554.74753 11
e 110.10778 879.18377 6
e 396.32712 319.09960 6
e 290.40938 1026.00129 5
e 272.71018 835.19380 10
e 443.67215 240.95203 12
e 526.35937 199.20622 7
e 185.73877 291.25662 4
e 110.65876 1069.66621 9
e 63.88684 764.48976 12
e 286.79835 757.68407 11
e 14.65423 43.03032 6
e 472.30337 146.02755 10
e 418.88968 156.76769 4
e 550.33647 947.35434 7
e 442.71929 986.43491 3
e 308.40267 666.05015 11
e 380.17435 150.67335 10
e 228.14822 126.74676 8
e 22.75352 588.29131 7
e 442.79872 988.17803 8
e 396.96445 541.01690 9
e 203.32596 660.68994 6
e 190.92736 237.36708 6
e 673.32001 806.55804 8
e 102.67283 155.41402 9
e 529.94421 812.73699 11
e 340.48327 1051.60876 8
e 444.66042 823.64490 11
e 57.38869 711.91833 9
e 695.37725 359.86835 9
e 389.91095 212.84359 6
e 173.97587 124.76206 11
e 563.49036 91.21187 15
e 41.23104 102.40524 7
e 73.82881 130.17705 6
e 388.07878 1001.50449 10
e 559.84820 417.78797 11
e 258.55455 1030.24378 11
e 451.03767 329.65894 12
e 603.95841 102.97290 5
e 566.14836 858.64470 8
e 269.63845 180.77610 10
e 412.62729 673.50055 8
e 89.50537 111.42080 7
e 576.46285 40.57717 8
e 363.35598 821.78755 8
e 311.34403 625.22416 14
e 45.47863 418.69216 8
e 602.80958 388.75001 6
e 17.19716 349.40650 9
e 215.85590 136.72497 12
e 287.69065 1010.18262 10
e 193.99338 871.29809 10
e 525.66380 342.86349 9
e 599.01156 26.46907 13
e 308.39035 267.65646 17
e 706.61088 914.04984 7
e 678.10551 632.40980 4
e 314.66049 1054.25218 4
e 331.36122 88.01235 9
e 461.91840 533.49674 11
e 688.42604 625.58349 9
e 269.15479 873.17144 7
e 243.11412 922.24551 8
e 29.18705 436.15138 10
e 430.44401 377.84518 6
e 540.47028 835.37129 7
e 243.05294 879.75819 5
e 654.27270 1029.98531 6
e 259.48197 558.64721 12
e 688.58137 947.80202 5
e 681.58251 64.29282 8
e 609.72275 855.10578 9
e 265.74892 622.40226 13
e 267.16169 777.99338 8
e 676.26380 281.48933 17
e 581.03523 749.29315 17
e 554.24607 931.11518 11
e 701.08444 927.34224 12
e 480.25293 766.94583 10
e 323.98482 236.05314 9
e 203.76590 811.84864 7
e 498.73413 1025.77260 7
e 382.81299 840.76480 14
e 329.01755 533.03532 8
e 606.97736 822.38824 6
e 59.10071 761.38149 10
e 357.03688 820.20397 6
e 58.38186 710.16165 11
e 392.23270 102.19404 9
e 390.24873 290.62860 12
e 355.19701 432.50381 7
e 362.98071 59.76819 5
e 347.37269 533.33785 4
e 187.77520 693.04383 13
e 416.87158 758.52070 13
e 38.03717 389.92731 10
e 442.22683 787.15540 7
e 15.63562 688.67243 13
e 143.89631 479.84790 10
e 516.96399 977.46123 11
e 311.54855 468.12716 10
e 350.40270 686.86624 7
e 521.73853 235.23967 9
e 281.27348 336.95154 8
e 185.73469 853.36780 14
e 607.39311 163.07136 15
e 49.98344 379.41155 10
e 195.74471 142.31223 13
e 253.65040 559.02665 8
e 690.10335 593.21140 14
e 704.48616 939.21499 10
e 83.13767 226.67624 6
e 290.23145 418.34798 14
e 233.19782 984.49300 6
e 548.61178 49.79926 6
e 205.60378 1018.77783 8
e 446.95899 729.88618 4
e 442.91079 867.37651 9
e 169.78849 972.66989 12
e 293.46161 351.72924 6
e 360.79105 329.45680 16
e 325.46830 270.68658 10
e 606.17287 895.15794 10
e 255.65290 488.56185 5
e 387.76025 1045.11824 9
e 337.18370 974.43403 10
e 643.36912 736.44851 9
e 158.35583 925.88799 10
e 13.79474 736.70773 9
e 189.49482 471.79756 6
e 98.22770 952.12525 5
e 350.17064 569.18651 6
e 63.31245 275.25597 16
e 23.80421 129.80993 13
e 85.84453 278.54276 14
e 333.92781 990.22860 11
e 219.53832 754.78422 10
e 161.56811 918.00130 8
e 463.20159 188.25958 8
e 617.79506 938.76722 10
e 491.18003 53.07384 4
e 10.68410 624.71387 8
e 72.93785 704.80135 12
e 44.81944 88.54281 4
e 408.03782 508.57024 8
e 592.97811 198.84850 4
e 677.85990 72.50902 12
e 12.76027 231.57759 5
e 402.07131 41.20802 8
e 299.15149 314.78769 12
e 37.21960 1013.79569 8
e 697.07716 384.61588 10
