c ./output/rectangle/uniform/uniform-rectangle-3-4000
p rectangle 4000 720.00000 1080.00000
e 259.53805 392.01935 6
e 549.82383 451.52921 8
e 532.74538 339.25825 8
e 501.44108 658.18807 11
e 26.16265 843.57269 10
e 502.39166 648.70113 9
e 255.47283 641.34009 7
e 477.50776 843.85453 13
e 671.11416 254.09258 15
e 286.99799 63.14750 9
e 370.83152 902.11670 14
e 114.62029 740.85930 11
e 272.55667 339.43327 7
e 696.26973 55.24487 6
e 463.69714 98.44847 6
e 554.12739 645.87664 5
e 528.57130 857.00012 16
e 599.20061 727.45736 6
e 703.54988 1045.51548 8
e 633.52501 779.66056 11
e 63.54807 23.78940 7
e 51.02082 196.32702 11
e 695.21083 953.43581 4
e 461.65658 115.63509 9
e 431.13561 1007.40760 7
e 465.80183 859.63960 11
e 76.97086 656.89246 9
e 171.99502 144.08827 9
e 464.08640 198.75842 8
e 85.88538 131.93328 9
e 519.49709 103.28440 10
e 118.03394 914.86675 10
e 347.89926 285.20360 10
e 263.85702 87.51141 9
e 682.16311 682.10149 7
e 21.30911 552.90610 10
e 202.06073 60.47023 12
e 668.82586 1030.39026 8
e 671.68618 880.72682 14
e 234.79091 1034.68948 4
e 238.60415 446.03529 8
e 70.83342 981.50115 7
e 173.71325 230.21904 8
e 524.10480 867.55927 10
e 60.53586 289.40446 8
e 249.14146 718.71810 13
e 352.68871 832.42003 6
e 32.70702 541.80776 10
e 678.54183 380.89063 8
e 159.46906 815.20358 13
e 570.12032 469.98167 7
e 369.35841 965.16537 9
e 565.54669 1010.19556 10
e 417.59831 754.83235 8
e 266.81542 1051.86669 7
e 104.49521 823.96687 4
e 555.32037 258.11402 6
e 14.15651 638.04140 10
e 453.37695 984.07668 10
e 104.31117 808.51073 7
e 218.05711 129.92835 8
e 373.55926 1036.87000 9
e 258.02604 659.90205 5
e 256.74385 830.88805 7
e 436.21336 490.23391 7
e 562.05630 37.11319 12
e 149.66870 301.60496 8
e 265.31076 129.99116 10
e 453.66635 1062.68452 13
e 574.71727 970.73995 8
e 278.11896 43.55451 12
e 596.82462 798.32728 10
e 49.65882 48.58961 10
e 28.55604 687.77335 10
e 637.70706 468.14763 12
e 422.01740 717.80918 2
e 225.35859 1054.79087 13
e 567.56856 99.68130 7
e 553.68645 498.17330 15
e 342.03658 180.34937 8
e 360.76472 934.29071 17
e 535.38060 764.86614 7
e 595.98451 636.34166 6
e 38.34712 972.75912 6
e 310.59627 320.33371 7
e 684.36055 562.90701 8
e 146.26866 290.38774 6
e 377.35546 902.42467 10
e 675.63669 479.82051 4
e 102.07112 279.01954 7
e 115.25202 967.45147 14
e 100.88377 984.15996 11
e 606.71224 743.63342 8
e 138.41649 1057.50787 8
e 481.71256 163.92841 15
e 399.74183 179.12987 9
e 622.75435 1057.97130 8
e 108.52921 249.24682 8
e 691.60733 18.00127 10
e 465.16242 527.27507 7
e 548.69818 575.44982 9
e 204.88461 154.58764 9
e 594.20490 78.18242 8
e 183.59085 193.42420 10
e 685.55327 704.44382 10
e 573.40874 536.40933 10
e 654.27209 622.38604 11
e 202.82318 408.41747 7
e 492.55332 51.89569 12
e 280.57415 252.06305 9
e 504.59266 1021.47897 7
e 98.76112 291.14401 11
e 687.89570 436.48078 11
e 535.77129 556.26128 11
e 560.99317 336.90390 10
e 148.79546 657.96495 7
e 573.00424 930.51530 10
e 368.26506 192.27407 9
e 662.02209 961.57082 11
e 587.56016 645.79073 10
e 281.96488 36.81458 9
e 674.51760 131.29846 12
e 234.82609 701.78589 6
e 198.68174 823.67100 19
e 386.92105 699.21894 9
e 158.26207 265.83492 8
e 150.99415 62.37305 11
e 468.82940 97.43876 8
e 701.42880 186.28930 17
e 405.10901 545.92210 9
e 477.51877 855.43704 6
e 359.49787 118.96112 7
e 200.31912 717.69520 13
e 228.63932 554.65171 11
e 88.34411 574.17215 14
e 623.13357 242.72521 11
e 91.36904 299.33528 7
e 53.36082 96.60069 15
e 648.94227 841.49363 6
e 27.67531 630.58646 9
e 254.80952 472.74757 7
e 482.21890 75.88568 8
e 370.73753 455.39700 9
e 514.24091 626.26156 10
e 252.66617 742.20233 7
e 438.22441 715.13520 9
e 443.70913 601.32921 6
e 64.34888 186.56380 12
e 68.88689 340.54279 10
e 217.03536 284.44740 10
e 663.30691 474.02073 10
e 618.68199 307.50624 12
e 622.81881 213.15710 8
e 423.06763 566.73975 11
e 133.61799 758.45990 7
e 402.54483 891.69546 10
e 503.05192 697.78963 6
e 317.79867 628.84268 4
e 121.45382 434.85869 8
e 105.76181 210.61868 5
e 465.44353 587.15814 9
e 588.90350 72.64581 8
e 14.52818 946.85474 13
e 542.94124 182.45543 10
e 357.99571 311.58666 8
e 117.99891 919.14328 8
e 186.50733 237.36768 7
e 423.67341 229.80398 7
e 15.57566 228.36638 6
e 216.98317 79.04901 10
e 492.36709 660.35157 9
e 596.27121 565.72173 11
e 211.35751 899.10812 7
e 509.15653 326.13694 8
e 479.20520 683.08542 10
e 454.36685 791.39019 4
e 617.98105 834.07365 5
e 205.39797 72.36219 6
e 701.62946 617.29612 8
e 248.32615 250.26071 11
e 326.28723 212.67378 7
e 483.05747 438.76421 10
e 659.34803 203.68881 6
e 228.81354 221.35193 12
e 272.12680 904.62928 11
e 387.27842 547.55505 16
e 605.85766 863.31614 17
e 638.76126 472.57485 12
e 630.50101 157.80590 10
e 96.78239 211.54973 9
e 237.51572 483.12536 12
e 506.48692 510.23353 7
e 42.98052 303.66014 7
e 436.97206 186.90288 7
e 357.69605 439.12002 10
e 70.94472 699.67272 7
e 655.53974 912.07073 6
e 341.86067 15.32952 7
e 471.48080 312.81547 6
e 562.56718 170.83897 11
e 636.00482 142.53990 12
e 399.10320 240.54229 9
e 554.43703 690.66207 8
e 307.12763 33.62475 11
e 387.04913 92.75726 8
e 537.08888 364.47910 8
e 628.40159 144.66829 12
e 695.95456 768.96206 5
e 363.91463 800.69895 11
e 260.75586 434.78375 15
e 403.01614 579.93012 7
e 537.05430 677.85378 7
e 402.50865 309.68387 13
e 219.98321 901.90418 8
e 631.93287 401.58082 7
e 267.70280 70.76710 7
e 703.89397 388.75933 9
e 221.21062 149.80716 7
e 589.96362 907.50747 8
e 566.70462 977.32052 11
e 163.29780 290.72339 7
e 558.27050 101.93656 5
e 31.99346 753.46513 7
e 27.32573 1029.42874 12
e 681.09394 715.32324 6
e 551.38845 431.26882 9
e 538.13679 57.25837 12
e 412.01063 432.94534 11
e 396.12927 409.67614 5
e 584.28538 371.47533 7
e 340.59383 378.00614 7
e 88.19900 15.46090 4
e 219.16465 750.85139 10
e 211.95609 136.48676 8
e 705.16845 437.24388 8
e 158.54372 61.54329 4
e 482.52145 745.70814 8
e 118.44973 800.24198 15
e 17.69796 804.64565 13
e 178.01471 371.06081 5
e 658.02344 163.88647 8
e 647.33216 317.58728 9
e 42.84839 875.87579 10
e 18.28042 562.91087 11
e 447.84559 892.57053 8
e 693.49803 117.79313 12
e 680.63004 832.04735 7
e 666.11422 172.39184 10
e 601.77460 684.63476 9
e 409.48388 646.96623 10
e 550.56371 472.96266 8
e 301.57805 23.94479 11
e 570.87720 129.20665 6
e 175.54495 725.69957 10
e 633.42398 489.19980 9
e 414.11435 527.20899 11
e 705.22818 877.17484 10
e 34.66328 692.79956 12
e 137.89339 230.87407 10
e 431.27136 235.80061 6
e 457.80770 182.70965 9
e 507.36828 832.23610 10
e 693.89476 283.99404 5
e 150.18689 123.86035 10
e 286.80010 916.52326 7
e 316.42143 897.21314 12
e 418.05498 1008.39780 11
e 276.44027 942.05273 8
e 688.50393 903.67454 9
e 601.91317 488.13635 8
e 568.41411 186.96604 11
e 180.24093 184.14850 7
e 121.28245 914.67406 7
e 59.87096 247.02315 10
e 317.35814 15.94416 13
e 392.21840 657.73948 8
e 160.54166 435.85841 6
e 587.43830 842.99022 10
e 689.37844 319.07291 8
e 303.02417 700.13193 8
e 239.24597 998.69502 7
e 325.21188 1002.52921 15
e 260.22030 478.38830 11
e 636.48495 106.82365 8
e 301.71998 479.31556 7
e 551.26948 554.82582 12
e 81.39434 969.12368 9
e 553.37016 730.82562 11
e 103.28570 986.56996 6
e 158.34724 675.69040 14
e 258.47575 587.52430 8
e 596.79183 85.74283 11
e 596.92309 72.77681 8
e 326.08661 642.42083 15
e 246.65831 923.95331 11
e 212.86170 181.27306 10
e 438.26605 309.94848 8
e 511.65157 329.71416 8
e 375.86473 784.75086 7
e 558.55800 849.16223 13
e 146.31966 349.89658 11
e 410.82417 853.11896 12
e 265.15596 473.65921 6
e 482.90320 140.34723 6
e 137.84599 718.24458 9
e 145.80115 133.27174 6
e 136.11521 608.79063 10
e 127.60084 797.82141 16
e 222.40421 595.69868 11
e 385.28211 954.27071 7
e 550.17009 467.40552 11
e 648.61699 427.27086 7
e 305.26882 17.01824 8
e 57.85356 121.51441 8
e 653.56235 878.36674 6
e 321.63397 83.42582 8
e 619.34437 828.58603 10
e 328.02683 110.37501 13
e 146.37226 610.57074 11
e 204.85518 177.36672 8
e 569.12957 547.26680 9
e 514.86307 314.14928 13
e 696.90010 708.47881 9
e 314.67586 468.26613 9
e 264.58846 477.87342 4
e 600.29244 456.09753 12
e 19.33155 686.13957 8
e 137.27791 1019.58111 11
e 512.30794 781.26800 8
e 282.48380 784.36853 7
e 405.32767 628.53746 12
e 698.72119 640.53457 8
e 286.03040 819.69257 7
e 419.39402 935.84260 11
e 244.11416 323.98672 13
e 238.30327 707.53520 5
e 301.37966 347.19468 14
e 632.52658 666.31767 5
e 642.49833 540.50172 6
e 99.26715 948.68598 11
e 135.40838 1008.04047 7
e 514.61653 818.92154 9
e 459.59350 549.44155 10
e 616.42461 436.72647 9
e 256.92305 565.81030 7
e 686.20181 353.31771 12
e 153.91852 219.03025 10
e 420.76724 236.23763 10
e 202.05196 1014.63511 11
e 552.01213 242.07847 10
e 452.96745 1047.58260 9
e 570.52659 764.16954 7
e 683.81460 902.75862 7
e 669.56710 349.29836 7
e 171.02323 591.55771 9
e 83.33332 797.89846 16
e 33.24417 217.91465 6
e 36.56881 303.44026 9
e 436.53974 93.90049 7
e 627.82162 616.67286 10
e 229.77672 673.85059 10
e 98.86375 818.75393 5
e 311.39311 156.27375 7
e 358.48180 921.33375 10
e 304.64388 437.81430 10
e 468.53399 454.41442 8
e 213.76651 771.58759 11
e 628.09293 432.81282 7
e 547.51674 326.09787 8
e 142.75871 668.22006 9
e 444.26901 426.77393 9
e 43.64150 648.29748 9
e 358.66780 854.06348 10
e 521.62467 499.10357 10
e 296.50938 168.83761 13
e 126.04186 724.24379 8
e 195.82339 503.73592 9
e 415.78287 939.34281 14
e 452.80656 767.21244 9
e 647.02978 953.15908 7
e 257.22875 731.33518 16
e 91.25115 461.14975 7
e 428.31352 433.12120 9
e 615.59495 528.28837 12
e 298.80276 892.86670 9
e 536.49104 241.12952 9
e 191.68257 181.67588 7
e 180.82027 50.17906 10
e 463.12844 267.63970 10
e 320.12570 770.88491 6
e 335.59343 630.61859 9
e 313.62241 638.36374 10
e 189.44990 93.95493 13
e 283.50360 958.42977 10
e 329.82732 220.38574 4
e 387.65090 527.62317 11
e 563.45858 741.15451 5
e 503.17695 227.37686 9
e 504.08625 428.47152 10
e 505.44899 98.38851 12
e 103.96844 645.80067 12
e 281.50707 954.38912 10
e 328.53457 272.58851 6
e 46.34681 246.03213 8
e 412.32634 383.88721 5
e 181.58553 198.30472 6
e 113.44166 464.51202 8
e 256.53005 85.67826 7
e 680.94738 643.15424 14
e 55.53584 256.64600 11
e 215.72398 130.47218 14
e 227.68735 166.56610 10
e 478.87620 887.63116 12
e 119.02620 693.18644 9
e 569.62316 492.95971 13
e 535.99171 544.23541 9
e 586.81150 576.48449 13
e 531.75548 755.34057 10
e 122.94998 171.41378 10
e 75.25610 417.16987 18
e 495.96325 662.14546 7
e 549.99520 494.24830 10
e 253.44704 657.74146 10
e 631.79800 21.83899 7
e 132.16586 209.44412 9
e 562.94975 984.48705 8
e 655.51895 283.58215 5
e 154.32637 617.15214 8
e 627.10859 454.03623 8
e 56.98948 571.06669 10
e 116.89406 660.19224 5
e 342.61919 601.13521 7
e 274.74995 388.88524 7
e 597.99437 107.32827 9
e 35.53948 730.71924 9
e 561.15335 254.20507 8
e 696.82205 290.32108 10
e 310.66123 964.06389 8
e 709.96473 793.44885 9
e 137.06111 585.40382 3
e 43.15696 908.69896 15
e 581.94263 372.25951 13
e 525.12538 985.34614 9
e 689.05492 401.35689 9
e 125.47373 87.69336 9
e 317.05646 410.42227 14
e 286.10603 346.19940 6
e 194.17693 1062.67568 12
e 271.54735 891.83227 8
e 493.58984 48.32353 9
e 390.81162 444.72159 3
e 12.01893 934.33837 6
e 38.16198 288.54271 6
e 45.38538 371.58361 7
e 529.81360 207.29872 13
e 420.53784 999.00882 6
e 675.97425 269.43737 7
e 479.30085 586.15064 11
e 629.84365 627.94221 12
e 123.44065 525.14256 10
e 536.52539 647.19749 10
e 404.54924 823.12596 7
e 255.84002 81.27160 8
e 215.35515 885.40244 4
e 100.25085 441.65997 9
e 155.85697 324.06489 9
e 629.29151 75.20196 15
e 137.37855 138.24498 9
e 474.11896 221.42076 7
e 596.35691 483.85796 8
e 426.25870 506.78690 10
e 168.48083 699.44690 9
e 573.94354 551.16593 9
e 341.26882 317.79156 12
e 245.98896 747.94796 4
e 10.56152 440.34928 6
e 281.77597 516.76890 12
e 267.19362 269.30173 6
e 296.43285 682.27623 6
e 255.33042 257.02342 9
e 443.94368 798.37436 15
e 657.10116 810.59590 11
e 136.90638 841.11529 9
e 487.83045 982.06026 9
e 564.05191 576.72773 4
e 476.43872 650.61900 6
e 550.57856 325.39991 12
e 563.69140 620.62045 7
e 326.44658 85.99763 6
e 696.32109 893.62845 7
e 650.80193 297.21965 8
e 356.93420 404.37208 9
e 375.64962 274.58853 7
e 266.58706 634.69104 17
e 317.53369 1060.10650 6
e 233.77961 1057.89753 6
e 453.54140 349.42224 9
e 31.23467 349.49229 7
e 110.57112 317.96278 9
e 273.34100 989.07712 9
e 508.85171 659.71309 11
e 146.77970 46.25497 6
e 214.64284 360.11706 7
e 382.11129 955.45707 13
e 655.92981 707.32772 11
e 391.21786 94.67805 6
e 297.89706 572.12679 10
e 701.16310 997.65141 11
e 288.19917 999.46797 7
e 228.51319 587.01495 5
e 285.38184 177.53084 5
e 335.72406 251.96114 7
e 522.08081 932.65493 9
e 646.66212 606.92268 10
e 527.32850 957.57252 11
e 285.56120 582.32820 7
e 592.57772 394.34863 9
e 232.06707 353.08689 7
e 262.67449 441.97652 6
e 52.03379 16.78165 11
e 25.57010 276.84016 9
e 552.42273 1030.77916 9
e 166.58514 1053.61588 9
e 239.83023 88.70755 10
e 563.59266 687.89011 6
e 699.41036 407.23237 12
e 20.72479 752.67119 9
e 668.11583 478.35289 9
e 398.04632 195.70620 11
e 609.34629 892.36729 12
e 634.66592 1004.08193 13
e 634.19934 195.17982 7
e 250.98595 473.40774 10
e 554.03246 757.75665 9
e 363.25738 768.48486 18
e 490.71781 340.42536 12
e 660.39148 710.42238 8
e 522.48350 52.46201 9
e 288.65835 741.32459 12
e 30.31443 172.89545 5
e 28.36776 786.32585 16
e 162.92733 219.85289 7
e 69.75918 373.97369 7
e 28.08254 1007.03627 8
e 136.89979 556.05850 9
e 284.27410 738.98156 12
e 146.38207 926.42705 5
e 555.44594 932.33879 6
e 637.77747 92.50026 11
e 24.80537 167.80167 9
e 198.63510 152.36473 6
e 227.83423 856.93451 9
e 656.01421 176.56042 11
e 381.45019 54.46125 10
e 23.05111 247.41786 12
e 247.00818 182.32518 9
e 147.86236 750.68675 8
e 341.80972 132.12827 6
e 589.66863 698.14206 8
e 510.65774 777.20933 7
e 438.17309 993.49793 12
e 312.37039 40.88536 9
e 35.79110 792.81817 6
e 95.20457 670.48531 11
e 145.28079 393.41155 5
e 622.95268 990.28848 6
e 97.09409 317.06631 9
e 615.57504 43.78521 14
e 82.60131 481.14803 9
e 664.01538 139.97928 12
e 53.66561 415.95734 15
e 313.44001 783.64885 19
e 561.54369 408.74437 9
e 97.07981 216.32593 6
e 671.81641 981.74791 12
e 442.70818 257.10355 14
e 589.66125 930.76532 7
e 311.69660 611.27449 3
e 514.44275 544.62840 6
e 150.41650 670.49469 13
e 217.15293 237.37502 8
e 691.30250 239.24739 11
e 603.78029 197.44322 6
e 470.54927 240.23837 6
e 702.98499 564.72584 13
e 541.35189 841.42162 13
e 321.12867 198.78022 12
e 20.87320 474.29339 7
e 278.52760 891.16841 10
e 465.67406 618.78771 7
e 484.30364 305.34360 13
e 276.62647 459.82441 6
e 595.42026 252.19714 14
e 150.51947 187.95418 17
e 127.47979 957.52951 13
e 495.22665 1011.29116 6
e 225.41472 436.42871 5
e 241.39419 506.01319 7
e 348.55610 806.78509 10
e 592.56268 451.89684 9
e 140.63351 844.61750 6
e 288.01721 311.42850 9
e 160.96821 46.68622 8
e 674.44335 829.09376 6
e 134.74966 989.45232 19
e 422.51162 106.98160 6
e 191.70474 757.75741 7
e 312.37032 488.96882 10
e 401.71518 785.11715 7
e 700.74480 1024.87340 9
e 681.81135 477.47645 7
e 68.00519 779.97911 7
e 13.35732 304.56139 6
e 48.70917 945.13143 13
e 178.02967 672.23364 10
e 360.21101 142.52423 10
e 561.81099 262.38231 12
e 410.16393 947.82105 7
e 362.45293 994.24158 9
e 597.01607 178.39494 5
e 242.36806 432.72513 10
e 441.57490 368.04606 7
e 617.18695 331.50585 8
e 517.93869 267.74184 7
e 418.39707 194.61549 11
e 617.34771 719.47680 8
e 664.56843 157.22184 11
e 35.68556 132.62056 6
e 366.19301 62.47028 8
e 30.37248 694.01826 6
e 154.15963 724.52339 14
e 33.98854 768.75177 8
e 611.29307 308.23794 8
e 11.28817 505.18461 8
e 563.50390 818.16824 9
e 135.96652 634.65007 7
e 484.26355 672.13448 6
e 621.57940 771.24516 14
e 369.68159 275.18033 10
e 260.17962 898.70705 8
e 77.75962 182.53210 9
e 518.60403 165.18970 7
e 522.48660 1037.66384 6
e 520.31579 532.21797 11
e 171.94554 66.63562 9
e 537.29713 799.52270 5
e 64.12661 441.90696 8
e 374.85089 311.69789 9
e 531.83142 714.60371 7
e 666.61099 793.70611 8
e 583.58917 77.86815 10
e 202.21602 63.31116 13
e 336.44974 300.89969 8
e 686.23047 423.77980 7
e 319.84729 577.21398 13
e 404.86988 484.18232 7
e 498.59662 827.55226 10
e 579.08573 269.96059 8
e 604.24726 217.04802 9
e 207.11536 617.74650 7
e 168.59773 611.39358 9
e 456.40116 697.75784 6
e 207.08009 393.28128 10
e 701.35442 912.12833 7
e 582.59022 338.10304 12
e 458.74612 180.24132 10
e 360.40879 117.70312 9
e 487.05843 640.38493 9
e 650.31562 36.17587 10
e 694.42844 209.07573 9
e 343.98453 513.00057 11
e 56.08721 751.43726 9
e 539.51642 660.61886 11
e 525.88132 1015.34731 9
e 251.38771 152.71124 7
e 176.79714 481.04161 9
e 588.20599 301.85134 5
e 238.81267 42.00507 13
e 56.10933 217.31620 5
e 371.58994 909.78496 7
e 75.93259 758.96406 6
e 249.24335 839.79804 4
e 706.90479 816.63016 9
e 575.89082 46.14574 9
e 180.52148 914.58615 9
e 99.30292 107.26115 10
e 203.07635 310.49946 14
e 470.65102 810.25543 13
e 446.99215 857.72243 9
e 443.67246 461.61216 9
e 588.40575 131.95531 11
e 178.30884 744.85593 9
e 226.35157 840.73351 9
e 171.49324 715.75751 13
e 620.98993 482.54450 9
e 345.86299 828.63838 9
e 155.43728 999.96512 8
e 639.17950 332.26878 8
e 50.27042 742.96288 7
e 517.05415 744.58998 15
e 566.58621 165.67676 14
e 416.24765 567.01062 13
e 580.67430 968.63317 7
e 486.77421 593.61538 12
e 22.64023 724.62544 6
e 609.63972 918.42172 9
e 324.76132 754.83743 20
e 695.30797 1053.46198 10
e 672.80389 726.64168 5
e 346.59485 416.50199 7
e 455.40639 326.16647 9
e 554.79508 714.49177 8
e 681.31290 98.23623 14
e 240.32654 44.19335 10
e 412.90115 546.58225 7
e 184.48206 390.58596 7
e 57.40024 26.17163 12
e 97.64434 282.37134 9
e 237.38930 836.56510 8
e 401.57483 360.60593 5
e 199.51030 14.35869 15
e 540.26588 300.18643 10
e 228.74683 819.28579 7
e 452.09299 291.28854 9
e 237.16585 44.15914 12
e 472.08265 449.38424 11
e 530.80743 440.97622 12
e 168.33522 273.68449 10
e 307.50066 555.70986 8
e 383.46238 811.51658 14
e 50.40770 457.72314 6
e 707.78176 902.44411 10
e 324.08723 287.08615 11
e 89.23332 604.02239 8
e 282.43296 533.08874 12
e 652.52731 839.02408 12
e 709.46447 198.70029 11
e 518.52578 836.98660 12
e 31.24409 684.00105 9
e 202.58898 801.97107 9
e 443.86790 754.69709 12
e 335.79417 268.98798 9
e 490.84677 190.64424 10
e 73.05492 588.71651 7
e 522.66414 735.88571 7
e 637.32941 21.94333 13
e 357.13159 644.59887 19
e 707.63187 1045.40463 12
e 329.22938 292.47066 6
e 624.85641 190.14929 8
e 510.37610 298.56820 8
e 224.20345 705.32293 9
e 191.04497 602.27713 10
e 271.14043 600.96988 8
e 571.26113 385.97814 6
e 508.91496 919.25022 12
e 94.27715 604.40551 6
e 232.54136 892.98912 14
e 409.80015 455.38247 8
e 527.30348 950.30338 7
e 245.80654 517.02498 9
e 267.11813 107.39270 8
e 496.98092 930.63369 10
e 165.75372 408.23557 7
e 692.72547 93.84389 4
e 490.16522 1041.27212 12
e 120.96525 804.47943 8
e 514.86389 747.08147 5
e 306.07825 780.65467 6
e 290.18064 837.83220 3
e 468.57076 380.53020 6
e 474.42052 598.73366 4
e 423.55923 68.27399 9
e 77.59647 193.28332 6
e 694.28593 142.37882 14
e 389.35159 524.25027 13
e 267.18538 661.99217 10
e 471.92208 248.37637 10
e 329.73604 1040.99818 12
e 339.27511 422.05540 17
e 333.73958 325.98804 8
e 577.25283 918.81162 12
e 109.15341 153.24620 9
e 261.64411 289.19256 7
e 51.05833 843.87568 11
e 368.47951 982.55731 8
e 653.76584 558.94076 5
e 220.65311 471.97153 11
e 379.16332 769.03781 11
e 703.15736 19.06515 9
e 120.73580 652.75516 10
e 460.94507 461.44485 4
e 508.82095 1017.15309 7
e 204.48597 873.94416 13
e 125.68348 623.06573 9
e 459.01035 76.30447 10
e 174.62082 564.29386 8
e 462.00387 515.65352 8
e 694.71819 334.75095 2
e 331.64353 888.61337 10
e 83.44795 291.21858 7
e 348.01720 487.94708 8
e 669.14608 303.84788 11
e 296.28668 182.88299 10
e 185.46232 162.12235 12
e 74.77094 246.42275 11
e 87.82729 426.53801 7
e 130.12853 143.75852 7
e 184.53708 190.26089 4
e 508.56583 614.34737 9
e 442.04166 1044.27353 8
e 148.55170 701.14680 6
e 268.54197 907.50135 12
e 25.57921 599.26012 9
e 640.69568 365.93290 9
e 482.89156 939.15161 8
e 380.81532 279.69037 9
e 184.55864 453.39991 8
e 589.30861 584.70634 10
e 164.00600 433.83458 8
e 294.00904 865.72451 5
e 612.31984 79.26009 9
e 642.09635 845.45628 11
e 463.77058 589.62229 14
e 700.45976 910.27003 11
e 247.01983 369.83398 10
e 180.20590 586.00800 6
e 305.45513 1031.62347 13
e 24.87539 796.94341 6
e 683.43491 915.95209 9
e 627.51919 261.73038 14
e 17.08924 718.36123 12
e 338.61744 193.43727 10
e 693.23876 649.98085 13
e 440.59776 624.55719 12
e 503.64774 964.79169 10
e 178.78916 450.79383 7
e 97.18758 514.22544 11
e 192.23128 486.72713 9
e 553.94746 92.44042 11
e 561.05545 603.50995 7
e 651.60460 807.27126 6
e 136.53714 106.28658 2
e 106.40819 297.32654 10
e 53.07843 293.33930 6
e 387.62028 532.10052 13
e 620.39506 214.75407 9
e 657.63894 13.75556 13
e 625.69529 659.47128 6
e 697.97525 305.27986 10
e 581.41058 345.66999 15
e 257.98074 122.96064 11
e 394.48296 649.18059 7
e 530.27036 389.24947 15
e 214.06532 180.52080 7
e 259.61223 846.08075 6
e 288.51332 116.66205 9
e 625.21944 127.00224 6
e 180.66415 828.26315 7
e 537.59552 861.30192 8
e 344.11837 611.84181 10
e 41.34739 736.19003 11
e 494.18422 1049.47704 5
e 33.33644 473.42043 9
e 564.49287 464.01537 10
e 640.33559 373.92005 6
e 286.49849 144.43371 12
e 223.53662 919.98604 12
e 698.45652 552.86052 5
e 692.38585 582.83474 8
e 136.00215 24.34639 12
e 452.02451 48.32562 13
e 158.29935 720.71759 8
e 360.53173 591.66092 8
e 190.91913 33.72442 7
e 217.78658 1049.31319 6
e 555.41701 938.61131 8
e 290.19474 332.56020 6
e 491.50921 983.91951 13
e 528.34201 59.20665 14
e 498.57470 962.09416 8
e 192.00933 343.42453 7
e 16.83209 1015.85339 7
e 572.98594 825.60847 12
e 370.35408 82.81347 13
e 275.93875 953.97590 10
e 422.79022 506.52854 13
e 332.41976 139.27351 8
e 277.27131 296.49453 6
e 451.43341 167.99704 6
e 392.73878 476.14801 11
e 183.32488 1044.64036 4
e 575.22719 136.79318 10
e 708.61201 720.26955 12
e 277.94380 465.18064 12
e 458.38272 250.49839 12
e 685.26288 694.52619 11
e 674.67301 975.96401 7
e 34.18342 614.88546 7
e 336.61954 998.63558 5
e 111.94139 65.54941 10
e 180.10425 741.20229 9
e 327.18023 738.67425 11
e 219.90788 701.45768 14
e 379.83967 909.01351 13
e 677.33122 223.64048 15
e 19.67976 814.62332 5
e 365.97957 365.65487 7
e 204.85342 248.39167 9
e 99.39059 1003.95899 16
e 662.42144 492.74671 8
e 272.19512 302.63283 9
e 473.14895 1000.95883 12
e 230.28294 488.23061 9
e 407.83452 324.08623 6
e 526.29644 656.05008 6
e 456.99415 98.69594 9
e 515.63602 295.59570 10
e 432.13515 1059.16425 7
e 698.66507 489.78517 6
e 279.74070 48.38780 7
e 474.35236 227.37445 10
e 248.60796 887.05454 10
e 687.39773 122.56660 19
e 225.64859 1034.39663 9
e 533.90766 157.83106 11
e 513.60172 833.84213 5
e 542.11894 420.27456 11
e 578.91579 836.41163 11
e 534.31186 720.72141 11
e 62.60800 208.94233 10
e 646.53807 323.53106 7
e 574.47726 827.30665 8
e 175.60035 100.68923 6
e 33.94348 297.72643 7
e 130.60063 38.40008 8
e 571.57028 356.82930 5
e 99.95279 183.76687 12
e 476.79902 620.71843 7
e 359.99106 361.15370 8
e 705.73166 376.50959 11
e 689.37042 581.57516 11
e 604.11286 166.98525 7
e 197.13658 274.77850 11
e 13.30334 704.00738 10
e 431.93678 539.15548 10
e 559.80733 101.87231 11
e 385.61808 901.07793 7
e 698.09366 297.56044 11
e 411.30894 513.73265 8
e 447.82965 716.66324 10
e 112.69101 160.66943 10
e 698.33829 763.01981 5
e 588.19386 582.96682 7
e 472.78421 802.30949 6
e 338.01263 530.98869 7
e 201.66506 821.35030 7
e 437.68707 1019.56059 8
e 101.08705 299.70282 13
e 173.43641 1051.44659 4
e 69.68941 500.28924 8
e 171.17690 752.49641 12
e 489.93328 779.53743 11
e 126.92763 152.89757 5
e 147.30806 541.75785 10
e 182.07633 601.48953 10
e 429.92493 363.67290 15
e 295.63914 264.30759 13
e 551.29029 234.79831 7
e 74.75279 71.59464 12
e 569.70898 963.01766 8
e 430.56551 863.19764 6
e 20.30770 116.17100 10
e 95.81721 277.85937 8
e 424.68565 353.54327 12
e 341.96132 333.45835 8
e 417.65125 420.87971 9
e 76.77797 104.50189 5
e 206.12204 770.85907 12
e 350.94058 122.92731 8
e 23.36720 982.10481 7
e 108.61495 1040.87782 8
e 333.94388 533.44266 13
e 372.79350 606.19185 10
e 103.96272 584.84285 10
e 655.50940 647.42691 5
e 394.02313 205.76237 8
e 219.20354 722.43565 7
e 42.99624 468.49652 11
e 260.65530 751.61870 14
e 189.12768 838.24625 11
e 146.10964 488.05062 10
e 678.47355 607.86189 5
e 236.04433 45.98901 4
e 372.83541 74.09198 10
e 473.69614 433.25681 6
e 316.37785 784.43847 12
e 394.69210 65.67852 8
e 140.33256 413.26652 14
e 384.72328 709.52248 11
e 148.90089 1045.42628 13
e 90.43449 628.09614 8
e 592.13725 380.53245 5
e 233.95558 660.44141 8
e 84.65445 428.84243 4
e 703.16188 618.63872 8
e 321.32330 515.80100 8
e 302.28341 749.90992 7
e 369.32708 880.66155 8
e 562.33486 646.85684 11
e 622.90346 412.74717 9
e 424.69930 641.52714 12
e 387.74426 448.57773 12
e 274.87277 905.98868 5
e 296.59373 102.13407 12
e 25.49666 170.35494 5
e 230.53535 836.18564 10
e 675.48598 1029.64914 12
e 672.02135 790.12049 15
e 231.97143 991.91964 7
e 270.50689 38.35423 10
e 39.56975 827.29252 7
e 678.48042 929.86964 10
e 706.98236 1006.38238 13
e 695.47955 902.57250 8
e 585.71135 43.84564 11
e 343.01432 553.94253 8
e 472.86561 312.00883 8
e 668.27248 399.92265 9
e 180.61467 917.58485 10
e 33.52172 489.47325 8
e 613.14052 266.77251 12
e 100.38019 42.08456 8
e 358.25642 737.54560 6
e 681.62822 285.64639 5
e 620.41982 995.96794 8
e 250.83410 583.35275 4
e 494.89664 160.46407 12
e 565.24015 806.68367 12
e 541.63543 1012.62792 9
e 697.13188 572.31360 14
e 450.32194 361.84712 9
e 436.77051 375.32345 14
e 88.09084 727.80861 14
e 240.25702 159.56757 7
e 146.13283 869.29649 6
e 158.08252 908.13048 10
e 184.17280 821.13977 3
e 412.21406 74.02607 8
e 703.24061 242.34618 9
e 339.41903 758.62663 14
e 543.25848 372.87572 6
e 441.47441 446.38042 7
e 688.97899 615.82900 5
e 170.87112 772.07011 9
e 57.85947 743.04135 7
e 253.32417 95.86658 9
e 624.76275 167.74486 11
e 200.90732 773.29712 10
e 86.56848 168.49291 8
e 108.34145 614.49954 7
e 373.37581 769.11381 10
e 307.10464 281.22929 7
e 24.18877 878.91851 9
e 636.11350 208.58079 6
e 368.42347 51.71276 9
e 473.84503 607.38447 14
e 86.64203 1011.50021 9
e 670.88835 552.74011 14
e 54.36871 805.96654 12
e 472.06666 806.69109 10
e 652.58503 922.33268 8
e 404.17382 891.33482 5
e 665.71901 292.56812 8
e 350.86694 553.02288 10
e 322.80647 928.85037 14
e 532.51782 939.35604 6
e 205.43925 385.75024 10
e 225.46887 95.42031 6
e 27.40292 173.52043 12
e 193.06521 1036.19409 8
e 153.69759 417.91036 6
e 664.20707 277.98111 11
e 481.52204 69.03365 7
e 561.11835 868.69334 7
e 57.93480 978.24440 8
e 411.09022 885.87219 10
e 661.05206 1011.82579 5
e 48.86385 199.32420 4
e 147.74749 328.50238 2
e 318.02640 1009.53871 10
e 473.35361 1067.30162 14
e 60.84724 328.55425 13
e 419.25592 698.55402 12
e 156.98183 1046.00221 9
e 53.24190 770.16544 11
e 435.42111 680.91606 8
e 33.47677 688.14165 14
e 444.15339 310.46564 12
e 377.35613 387.34769 8
e 681.87159 64.65626 10
e 12.86870 151.32186 10
e 162.69868 26.50205 7
e 105.93952 69.70322 11
e 454.54933 802.48101 5
e 118.10464 412.87752 9
e 34.87544 209.54804 7
e 475.12823 812.77667 10
e 275.86683 380.86891 11
e 690.94796 612.50289 7
e 313.12560 540.12725 10
e 324.36609 1051.18138 11
e 16.52170 80.23858 6
e 431.31740 412.86787 12
e 321.28230 677.96040 7
e 213.68846 658.26699 10
e 197.16639 1058.10371 6
e 229.64426 478.22565 8
e 534.45809 489.42634 12
e 68.15279 490.30742 11
e 618.34606 1064.69091 8
e 427.84553 1008.31448 13
e 388.59305 735.54671 10
e 146.04441 999.15008 5
e 64.72121 630.61224 15
e 195.27909 102.82001 8
e 331.89212 227.22949 9
e 632.55800 963.05297 12
e 600.34605 676.11393 6
e 484.68683 161.68546 11
e 359.59927 117.89199 13
e 204.70867 199.01465 10
e 355.49571 298.68670 10
e 256.98884 530.94426 5
e 539.10067 758.86235 6
e 173.86305 156.73441 10
e 421.44226 923.32907 9
e 702.37868 935.39344 5
e 227.92130 156.72932 11
e 707.65294 71.25691 11
e 675.94405 827.28077 4
e 434.81379 849.67972 4
e 505.52206 790.96365 6
e 44.48896 728.92414 4
e 290.71320 964.26698 9
e 650.66586 455.32916 9
e 315.25708 486.45281 13
e 321.79663 801.22646 7
e 167.88154 625.26284 12
e 145.53169 313.75516 12
e 577.75044 904.67512 15
e 458.26706 1038.01711 8
e 166.94032 709.80043 8
e 325.70744 504.19373 6
e 628.27651 408.72755 11
e 498.29110 767.22450 15
e 77.00159 92.44597 9
e 216.89662 785.71163 13
e 334.47581 235.99499 12
e 345.89453 1048.96451 9
e 587.26751 409.76231 11
e 704.59527 862.70749 4
e 488.77821 157.20039 8
e 310.35398 122.70879 10
e 307.25035 277.78939 7
e 122.57895 77.96139 13
e 380.69979 888.28997 10
e 674.35977 1021.88713 13
e 188.51687 1006.68253 9
e 19.62902 431.12061 7
e 570.33582 395.94527 8
e 675.30669 268.13413 6
e 416.89133 552.47613 14
e 369.01236 302.75749 14
e 631.45882 1066.91305 7
e 351.70395 897.15515 7
e 21.75472 897.08650 4
e 75.36392 872.77894 4
e 78.68488 840.87352 7
e 575.48701 810.75705 8
e 138.76118 987.34276 7
e 547.18153 669.01611 9
e 587.85694 903.72426 5
e 414.07669 227.71157 11
e 512.27313 521.65557 9
e 512.67944 335.66635 6
e 153.65122 316.06935 8
e 290.72429 569.20062 9
e 267.62089 715.43133 5
e 275.30443 309.89799 15
e 207.07009 761.22815 5
e 667.22513 954.80573 11
e 301.80042 604.71806 8
e 639.39755 884.17318 11
e 197.41994 918.00828 9
e 74.16044 912.51375 6
e 401.90381 703.22517 6
e 518.73879 1015.72783 4
e 551.04611 431.94760 9
e 148.48947 410.77929 11
e 113.78401 40.61756 7
e 22.19416 22.81375 10
e 26.10378 1006.18432 10
e 646.48489 218.22789 11
e 674.60418 678.87254 13
e 485.28135 944.49725 9
e 354.05958 423.99612 9
e 670.57325 952.99751 11
e 659.77551 408.57940 8
e 312.05433 42.77587 12
e 326.44399 837.89825 12
e 576.42901 102.56928 11
e 67.01003 234.58538 6
e 243.57194 258.67853 7
e 378.43924 222.00048 6
e 343.53314 938.31565 12
e 561.43767 232.17058 11
e 386.75006 821.69473 8
e 398.36125 176.49008 10
e 531.89345 122.52059 10
e 526.65520 446.91496 6
e 704.73291 991.79208 7
e 501.95958 800.68213 11
e 563.94752 434.89364 8
e 544.76012 37.07716 17
e 644.63865 706.64642 6
e 81.48720 807.45657 12
e 609.13887 193.82816 10
e 577.45227 270.37239 9
e 195.42755 369.97466 8
e 362.20775 826.04902 7
e 485.98916 150.54278 11
e 183.29610 924.17468 12
e 127.69918 179.50913 8
e 577.09060 221.79468 8
e 646.00049 779.10951 11
e 197.63651 317.32599 10
e 258.74773 306.63911 10
e 98.46430 641.96152 13
e 83.86810 514.33964 9
e 68.11851 196.06979 12
e 395.84329 840.88607 9
e 388.59063 441.20973 9
e 49.36873 1038.71068 11
e 693.76697 774.11769 8
e 400.77699 592.11959 8
e 679.51750 109.59730 12
e 282.78302 806.47330 11
e 518.85657 357.28099 6
e 19.99873 94.82263 9
e 687.30452 697.87388 10
e 240.45902 940.53173 15
e 24.36781 99.06495 5
e 276.83048 321.72000 12
e 673.22538 109.62841 7
e 46.26428 441.18196 14
e 185.11530 678.89197 9
e 204.68387 370.32438 9
e 536.78594 548.51203 6
e 269.61056 321.38594 7
e 625.71569 904.07664 10
e 472.99659 161.96418 8
e 454.58974 144.37846 10
e 319.14231 1006.28712 11
e 250.12383 321.71160 10
e 311.92268 128.87911 14
e 351.70436 235.74880 11
e 23.74892 65.31702 4
e 604.32131 1002.20893 10
e 659.42533 66.76534 8
e 405.46087 956.68612 13
e 11.64363 878.33014 10
e 202.11809 37.83942 13
e 621.16399 149.99566 7
e 568.18413 833.06079 8
e 15.67143 330.73885 8
e 40.91575 731.11046 14
e 39.69389 655.75365 9
e 149.97462 615.55516 9
e 363.77660 192.22078 11
e 50.88825 193.72377 8
e 92.45161 998.89516 10
e 136.49689 1063.62618 10
e 238.37049 665.72202 8
e 589.94165 1055.21455 7
e 126.45395 316.55556 16
e 52.84778 66.65222 7
e 433.07068 521.85423 13
e 232.25375 784.19996 6
e 281.65032 985.94155 15
e 483.97118 654.34275 10
e 316.11971 165.54938 5
e 275.26988 898.64408 13
e 298.46610 848.44272 11
e 435.65907 421.01976 7
e 257.86912 1012.79092 9
e 124.80881 968.15827 11
e 708.93125 39.60911 9
e 156.02648 527.81766 12
e 688.28052 664.78797 10
e 150.23128 32.87493 15
e 241.57090 103.51443 4
e 624.89933 513.95251 9
e 538.97533 1016.69339 8
e 121.61778 918.48845 9
e 269.14491 510.36059 9
e 683.15620 465.36212 10
e 217.63076 957.09019 6
e 398.21498 663.27847 6
e 574.26385 1030.68185 10
e 153.94165 640.39256 13
e 473.90492 313.70557 11
e 449.34672 743.86456 6
e 170.37125 470.19575 10
e 592.53659 660.86959 12
e 196.35614 197.01734 8
e 500.39030 889.24700 4
e 532.67385 579.08359 6
e 28.09000 260.39950 7
e 339.76381 300.46887 12
e 483.63472 395.88913 13
e 198.20966 221.56427 8
e 391.22985 446.44599 15
e 647.56391 565.38171 6
e 697.83832 410.59670 8
e 505.22757 514.29827 8
e 412.33139 173.90568 12
e 223.00041 409.28440 14
e 287.18327 928.06091 8
e 380.57812 209.64385 11
e 197.02487 395.38224 16
e 643.71619 649.09029 11
e 105.23287 590.81878 10
e 169.23280 326.43182 7
e 556.57976 157.73586 8
e 168.93016 227.66932 13
e 40.88494 944.44984 13
e 625.45913 367.92457 9
e 667.57235 919.09022 4
e 352.64469 239.61294 11
e 39.53760 530.16396 9
e 696.17333 883.75562 12
e 622.35144 19.66398 4
e 322.70535 799.34551 13
e 561.26431 598.47364 8
e 571.51644 476.81934 8
e 164.39564 182.12349 3
e 665.20996 410.97471 10
e 224.71778 632.25236 9
e 568.25145 926.85715 7
e 628.17360 246.36411 14
e 167.23086 40.52929 14
e 37.46804 261.08251 9
e 208.60477 880.22032 9
e 656.23344 21.10247 6
e 194.78630 717.04230 13
e 72.66047 899.37500 6
e 244.88715 392.42619 9
e 425.85860 416.35849 11
e 652.92920 407.96449 8
e 22.62688 423.54461 10
e 135.77198 269.56969 10
e 66.12511 751.26914 10
e 300.42044 564.06650 17
e 706.83046 886.73422 7
e 179.30466 477.22029 5
e 559.02001 945.75505 8
e 126.94397 575.57827 12
e 278.05525 304.87553 6
e 64.08880 159.75969 7
e 657.95919 909.94144 7
e 350.27498 463.31091 10
e 93.85456 588.58817 6
e 438.81125 282.89300 7
e 76.67118 709.26179 10
e 623.01449 652.59115 8
e 373.82657 538.49726 6
e 14.28443 215.76697 7
e 698.93178 285.66499 11
e 507.05596 319.62479 10
e 253.77705 721.95526 5
e 292.82626 23.34885 8
e 331.41247 876.14001 10
e 313.11498 820.74568 10
e 543.85112 555.97628 10
e 19.88701 941.56771 9
e 410.77576 411.70259 7
e 660.93079 642.16990 7
e 454.55113 118.70932 9
e 14.72453 368.77194 10
e 152.43999 908.68541 7
e 47.06712 485.82735 11
e 325.42370 834.68957 8
e 545.70635 691.33366 7
e 141.50744 158.08983 7
e 435.26905 764.77823 11
e 424.19208 222.81165 9
e 30.88708 872.11168 11
e 42.31405 181.95800 8
e 219.48554 31.00749 8
e 412.01584 610.42068 8
e 171.74633 346.76540 8
e 66.30458 416.72243 12
e 529.81728 351.29027 16
e 355.33694 802.45491 7
e 34.00793 276.48921 7
e 183.73230 955.45124 6
e 402.09040 534.68033 6
e 44.81508 409.50535 13
e 217.11670 936.15397 10
e 514.57855 68.76707 7
e 705.29581 580.58602 12
e 354.03331 981.23873 9
e 549.85972 754.02198 13
e 673.89893 207.87020 4
e 486.26190 946.35543 10
e 166.61246 117.70102 11
e 671.78323 56.85442 4
e 516.75762 990.89603 6
e 668.03186 115.26838 13
e 671.45414 1002.51370 10
e 109.76450 943.05447 10
e 469.75838 45.66891 11
e 283.10383 656.55201 10
e 89.64899 327.78166 7
e 346.97985 609.00357 8
e 285.13967 644.81907 9
e 71.30018 526.07638 9
e 383.22229 651.57121 7
e 380.39575 698.22849 8
e 102.48052 819.19745 6
e 386.19499 521.44366 12
e 19.44526 605.95592 6
e 117.45729 355.82107 11
e 427.15265 390.73154 7
e 488.27705 446.00412 13
e 14.04750 189.09593 6
e 75.34347 268.97223 8
e 193.19077 411.14588 8
e 193.68891 528.31432 7
e 311.90823 777.11401 10
e 312.85599 443.00250 8
e 449.15403 21.44409 6
e 28.95045 725.38807 4
e 182.54203 906.83379 10
e 512.38129 582.42943 6
e 289.22993 636.88364 13
e 530.50745 924.62254 13
e 57.52291 424.37843 4
e 549.38384 645.92681 9
e 427.01856 154.02178 11
e 634.50902 420.76400 13
e 399.56921 251.70037 11
e 320.70402 910.13984 8
e 666.40416 780.82369 7
e 598.06869 827.82914 6
e 54.50241 809.72330 10
e 270.13848 623.50493 12
e 144.89385 669.66642 9
e 669.95731 317.57405 8
e 324.63410 253.65593 10
e 459.44386 462.45896 4
e 613.41303 773.92360 8
e 125.32086 230.78359 10
e 275.25378 472.76124 11
e 106.32279 533.10056 12
e 542.90666 702.58592 13
e 673.92380 841.49686 10
e 658.34104 62.58574 6
e 621.58140 28.20344 6
e 534.17043 421.19746 7
e 650.23985 366.76057 9
e 487.47964 776.69148 10
e 553.84304 326.91671 5
e 152.41934 588.58135 15
e 382.18546 775.56303 5
e 532.88470 747.42796 14
e 611.10693 239.56230 11
e 569.94737 198.26489 5
e 688.55103 852.05119 8
e 170.36511 244.22882 11
e 376.07868 465.20636 10
e 144.61295 303.94472 5
e 238.89813 125.39210 6
e 224.81153 936.00193 13
e 132.97133 184.29094 5
e 437.68400 474.65978 14
e 40.16419 399.73446 13
e 601.46626 1055.43800 8
e 232.50223 167.70038 11
e 178.77742 726.67003 9
e 539.25757 526.24362 11
e 319.35239 122.98183 8
e 612.79194 407.74842 8
e 38.04088 404.21220 14
e 696.30741 958.19542 7
e 121.08808 100.98432 13
e 649.76929 695.30344 6
e 526.15809 146.21563 6
e 530.58011 170.67921 13
e 12.45074 234.58940 9
e 369.27609 636.19700 14
e 610.41723 374.84872 11
e 646.09762 273.33031 7
e 214.50915 271.20207 8
e 649.08267 636.64223 13
e 376.78207 137.72781 9
e 351.30374 680.91769 11
e 503.15486 794.30218 10
e 177.92779 1016.79997 11
e 144.00505 638.16716 8
e 522.34934 414.01238 12
e 135.70814 1001.78590 10
e 217.60543 583.77911 13
e 412.36339 535.65960 15
e 627.89634 561.93839 8
e 376.53637 987.69551 7
e 231.11805 651.78580 7
e 225.42321 805.61659 13
e 48.64037 266.53340 8
e 348.47527 170.84315 5
e 74.01658 418.97121 12
e 47.92911 60.50325 12
e 583.28311 41.52287 10
e 456.05520 966.05506 7
e 453.32508 215.91509 8
e 108.14367 869.84353 8
e 511.70135 38.02263 4
e 410.96671 350.23548 8
e 466.12929 708.60486 10
e 481.95063 720.23111 9
e 109.81145 636.40264 8
e 164.59326 284.01588 7
e 119.91946 325.75091 11
e 28.30837 526.76633 8
e 159.23354 509.97574 17
e 386.95424 883.60161 10
e 304.67997 1002.17098 6
e 691.98022 943.03527 7
e 177.71109 793.80215 7
e 59.76611 194.20145 8
e 398.30573 975.99509 12
e 474.60400 134.47999 12
e 55.61723 534.09207 8
e 52.42466 754.11795 10
e 23.63423 800.95644 9
e 624.71860 111.97457 9
e 133.25087 432.42940 8
e 678.67915 775.28926 11
e 174.62934 857.84615 8
e 254.60158 468.16345 6
e 550.21920 149.00167 7
e 374.82695 570.65504 8
e 124.26632 428.03260 4
e 625.90968 862.92848 15
e 641.38771 273.91500 8
e 172.95902 594.65522 8
e 397.54195 331.84043 7
e 525.79461 687.14698 8
e 168.71666 447.53205 6
e 352.72210 724.49032 9
e 515.72209 699.84644 13
e 603.26858 889.53213 9
e 191.49309 457.70515 11
e 134.22487 1032.09062 12
e 177.00553 913.99028 6
e 103.58767 804.52546 11
e 35.90514 943.86420 8
e 116.37382 435.15559 11
e 364.24641 300.10286 7
e 127.63695 189.46268 8
e 191.11856 1036.81726 10
e 514.14054 643.64423 12
e 523.77034 114.86502 14
e 332.32465 984.42875 14
e 243.19578 400.18457 7
e 85.33333 665.64081 8
e 219.78683 79.41846 7
e 514.30216 788.94292 11
e 596.49522 258.77459 13
e 638.87767 19.22633 8
e 331.85267 198.30507 10
e 546.88893 44.82742 9
e 107.46864 404.10855 7
e 297.87765 887.04378 14
e 51.02505 555.20042 14
e 215.50063 184.30707 5
e 233.35939 865.82939 7
e 623.03038 1026.91089 6
e 288.07948 1008.35520 10
e 687.65115 417.45791 10
e 630.30629 58.70810 17
e 465.36461 465.34705 8
e 499.14597 333.35046 7
e 317.64691 999.41810 5
e 42.86378 799.50015 5
e 351.70665 622.95647 6
e 134.67465 359.66285 8
e 493.54792 346.45177 10
e 141.13986 757.56957 6
e 359.11428 362.17205 10
e 657.76513 1009.17807 7
e 464.18410 485.81337 8
e 128.17388 691.17130 12
e 38.90482 252.49466 8
e 583.92480 301.80554 11
e 235.58577 405.33613 13
e 143.49853 1047.92112 6
e 151.10929 849.18716 8
e 434.34851 465.92774 11
e 379.92344 10.47444 7
e 498.51116 892.49468 11
e 334.46530 610.66334 10
e 62.43174 685.79778 7
e 309.56667 250.61973 12
e 666.26186 982.61881 14
e 657.72211 978.57108 10
e 247.98028 597.67486 9
e 540.27295 1001.49393 7
e 95.36754 877.00896 5
e 166.40350 56.09596 6
e 544.40593 346.49804 7
e 476.24527 247.87111 11
e 69.38030 798.66790 7
e 464.82407 89.42321 11
e 583.46630 1026.03981 10
e 692.20319 1043.30365 12
e 271.05731 358.60438 4
e 508.71521 956.11765 9
e 318.80941 282.89535 6
e 267.55757 865.89666 10
e 196.98742 517.58523 7
e 113.95931 831.34666 6
e 707.91612 839.16016 6
e 428.48156 98.59671 11
e 144.48443 122.47763 11
e 312.11347 816.70926 10
e 441.64095 583.88975 7
e 157.20149 769.15398 15
e 37.84164 831.91920 11
e 528.24792 1062.53811 5
e 429.69535 343.38556 7
e 357.55344 600.96616 7
e 632.28491 939.86364 9
e 64.61125 835.14499 6
e 346.97290 280.29211 11
e 134.62927 214.24449 8
e 584.57443 38.11782 3
e 395.52169 763.89907 7
e 302.14150 439.22359 7
e 482.79061 264.66044 5
e 425.12845 876.57505 9
e 160.60666 601.35012 7
e 534.00963 125.57669 13
e 230.36923 687.11078 10
e 248.00234 378.21529 13
e 354.50541 883.50941 15
e 39.28459 302.64405 13
e 337.26409 837.44072 6
e 509.41159 711.20404 12
e 136.51546 685.22504 9
e 664.09107 59.31558 10
e 123.98208 92.33494 7
e 622.97539 577.05505 7
e 355.49764 463.09208 9
e 497.54860 664.16899 13
e 83.15883 646.00211 5
e 506.24853 156.02538 4
e 292.83182 515.11956 7
e 346.11379 113.59262 16
e 14.08311 159.51626 10
e 496.17479 969.79782 8
e 20.72539 841.95342 10
e 269.40653 621.50152 5
e 422.83615 860.22192 10
e 55.63143 233.77601 15
e 623.60462 405.58188 17
e 648.09891 272.08087 13
e 567.57900 565.12491 10
e 283.53837 442.68138 8
e 329.73101 738.81796 11
e 37.49054 169.01277 7
e 267.41741 185.11090 14
e 214.85220 619.26584 8
e 535.36664 85.91152 10
e 325.84913 749.10582 14
e 690.94610 1057.75035 10
e 347.71729 323.46071 13
e 14.64505 348.41929 9
e 414.58454 386.30496 7
e 121.45411 214.59934 11
e 544.81728 801.19622 14
e 619.30994 307.52634 12
e 468.97348 293.14574 10
e 351.91719 678.51264 12
e 263.16727 116.21890 12
e 95.24827 530.53448 10
e 671.39219 179.41200 13
e 699.05161 187.23708 10
e 177.66872 735.98388 7
e 404.57191 497.87745 6
e 115.90682 29.77838 8
e 79.92705 632.71070 12
e 547.03975 81.47294 12
e 495.71993 894.78825 15
e 492.53946 492.86785 6
e 465.95974 443.18183 16
e 403.62076 837.14598 16
e 358.43960 745.42756 5
e 488.54454 444.43163 16
e 682.18497 732.56415 9
e 191.58570 1042.64214 11
e 324.14541 571.74840 5
e 533.63479 909.06009 5
e 609.67391 102.72864 5
e 589.69519 199.59987 10
e 187.09979 563.32351 9
e 516.40939 1032.82769 9
e 124.26505 915.27063 8
e 560.68270 199.07498 11
e 438.28474 944.86923 8
e 485.59207 537.24925 9
e 659.47788 1055.90183 7
e 553.95648 161.81085 11
e 347.83875 123.09529 11
e 31.18730 976.45826 8
e 620.19705 570.52329 7
e 66.62637 907.41338 16
e 214.27720 684.58487 8
e 696.63007 357.40867 13
e 283.00640 387.08373 10
e 72.77018 499.05517 6
e 19.60066 389.02639 5
e 329.06011 588.31599 7
e 257.55535 891.18443 12
e 279.22175 398.09068 12
e 295.28546 1058.07858 7
e 229.04908 988.53349 11
e 415.47147 665.15522 11
e 161.63817 31.31287 5
e 494.52401 172.87996 12
e 706.60371 574.31227 10
e 247.94385 371.20940 8
e 493.06939 368.46874 9
e 26.98243 646.29713 12
e 709.29200 612.23411 5
e 467.84731 955.56043 9
e 390.12117 264.59052 14
e 245.69103 483.61129 7
e 426.16346 1021.71765 7
e 500.67321 430.31681 11
e 282.18327 312.75842 7
e 247.44914 321.16392 10
e 613.78531 848.47838 6
e 618.76835 711.07702 11
e 109.43960 488.01535 15
e 301.55143 807.44711 12
e 603.06066 212.56062 9
e 695.32348 458.32528 7
e 125.33973 428.79014 11
e 291.10314 74.28867 18
e 323.89015 551.23999 5
e 401.02417 380.43488 4
e 188.40238 732.02422 8
e 18.67778 676.77866 7
e 644.67650 108.91035 6
e 509.33472 651.75660 9
e 244.33605 421.17389 7
e 116.56225 630.48956 8
e 128.73315 334.85740 7
e 142.75394 72.15162 5
e 86.59265 755.32331 6
e 179.15561 271.90134 8
e 180.32437 813.32734 9
e 269.73635 176.20669 10
e 93.84248 504.23252 10
e 167.49378 957.41886 9
e 373.15105 82.84863 13
e 437.94056 252.63944 7
e 464.84853 53.38510 11
e 471.14248 147.04463 13
e 476.51616 594.25342 13
e 566.22102 98.48698 6
e 648.93389 67.24020 9
e 331.74286 515.23053 8
e 467.23143 598.34683 7
e 703.90827 256.27813 11
e 134.82874 497.30251 10
e 18.51914 474.08064 6
e 449.61409 11.46637 8
e 590.53141 917.53449 9
e 545.12340 789.49483 6
e 629.57267 490.91921 6
e 115.71505 1013.20709 11
e 37.30768 402.94725 8
e 365.21303 328.59122 14
e 271.48832 809.73737 12
e 441.68536 122.23014 11
e 246.13958 918.55796 7
e 621.87328 780.44978 11
e 489.82332 807.44392 9
e 240.12889 942.87149 8
e 510.52000 360.41242 12
e 44.21906 810.81424 10
e 240.50201 782.57918 9
e 182.44713 479.46340 11
e 152.31300 594.34191 6
e 370.55518 422.79756 7
e 623.98132 65.61601 7
e 590.50672 1023.72887 11
e 106.23660 205.60476 10
e 543.31454 668.50983 7
e 465.68946 1024.47282 10
e 518.06120 753.61576 11
e 597.95724 575.96577 10
e 151.66599 62.13991 7
e 523.07279 404.21011 4
e 39.26492 11.99339 5
e 110.46357 634.82774 14
e 140.69877 821.52837 11
e 702.50830 647.14279 6
e 569.99446 682.99475 13
e 378.04941 946.57080 13
e 693.33187 131.17340 9
e 20.76089 918.23589 7
e 244.61218 893.24997 11
e 487.45730 400.87432 6
e 479.96573 292.67562 4
e 432.90936 106.45652 9
e 445.99166 539.65606 12
e 322.61563 1037.58377 7
e 594.47541 610.92954 10
e 491.21983 57.04826 8
e 640.74276 479.60979 5
e 97.59830 1037.68163 8
e 519.77511 83.20259 12
e 363.05755 309.06720 7
e 354.41780 501.71238 11
e 66.20187 800.88864 11
e 694.07785 611.01569 7
e 644.63174 1030.60574 8
e 63.61200 1062.12445 9
e 250.75021 601.75150 4
e 286.90707 649.48653 8
e 54.72350 297.58788 11
e 622.48937 1006.17574 7
e 97.15491 494.89650 12
e 94.34498 411.81041 9
e 97.11544 67.03635 8
e 608.46552 678.16071 13
e 411.80849 184.89097 6
e 10.73922 68.36677 9
e 320.60208 593.96252 9
e 457.84522 879.58110 7
e 548.42470 1031.43409 4
e 583.15376 609.76397 12
e 407.37689 385.33757 10
e 695.81713 185.51354 9
e 394.55103 237.08351 14
e 553.06646 228.81336 11
e 242.74195 962.47279 9
e 663.62735 817.74121 7
e 30.74809 837.75510 8
e 166.77445 824.02002 15
e 201.34838 817.69891 9
e 174.76440 302.43720 10
e 692.69786 738.94446 10
e 160.89244 190.39920 5
e 247.44866 292.91342 15
e 90.89655 669.21219 11
e 481.05360 206.70902 14
e 525.63361 426.85012 9
e 605.96620 366.94599 8
e 700.49894 871.74795 10
e 76.88551 134.60580 10
e 451.43434 737.46683 6
e 338.55936 525.85867 9
e 698.20512 457.21410 8
e 470.19389 437.12230 8
e 498.57101 724.01695 13
e 139.46243 38.45845 11
e 83.76644 258.22983 7
e 368.29703 210.77839 7
e 81.77661 787.47654 10
e 274.49810 29.74323 14
e 12.41194 562.95208 4
e 537.17562 913.76519 12
e 94.50703 521.62216 10
e 563.35786 674.78996 7
e 632.81382 763.12117 9
e 602.93309 370.62911 3
e 51.65431 581.90926 11
e 657.96974 1011.72345 15
e 233.89572 539.93088 14
e 453.99275 94.42243 10
e 480.80684 598.28888 5
e 656.12275 684.77206 15
e 247.03102 894.56301 10
e 70.39047 540.35385 9
e 508.10146 779.55778 5
e 488.01025 1000.36530 13
e 392.72998 841.38681 5
e 210.16071 681.64150 13
e 513.06954 664.39817 5
e 393.73319 834.17538 9
e 511.30431 199.46315 16
e 401.92037 447.07260 5
e 97.73731 193.50840 9
e 367.68565 808.42716 4
e 517.84601 103.22534 9
e 299.39502 616.89981 6
e 655.25770 1018.86078 10
e 94.37518 303.09211 8
e 628.15045 245.82306 13
e 432.73581 548.90289 12
e 105.19363 384.13459 12
e 654.33947 165.97863 7
e 411.59952 46.18945 12
e 681.58858 252.39719 4
e 147.92225 197.59882 8
e 183.57726 382.38246 13
e 680.77382 685.55955 9
e 200.88603 731.65683 11
e 232.11548 127.35458 9
e 141.03632 178.65122 10
e 40.30087 1064.16340 11
e 470.48704 295.90573 7
e 267.65387 887.21089 8
e 489.18592 1019.44489 11
e 326.50462 1043.69184 11
e 311.51971 650.19124 8
e 146.03551 709.42396 10
e 501.61515 615.47655 10
e 32.69100 813.79049 6
e 657.64311 680.27760 6
e 345.10198 289.90835 11
e 83.99259 612.71409 10
e 621.78375 741.52916 8
e 56.07017 227.35159 9
e 660.93154 62.35160 14
e 99.23064 891.85819 13
e 522.94342 827.41465 12
e 602.24464 602.16579 12
e 460.86061 716.35038 10
e 235.77413 724.63416 10
e 679.56142 525.81590 5
e 152.23501 706.45264 8
e 59.80433 748.76555 9
e 572.85908 1019.32918 9
e 74.74693 417.92570 10
e 422.79558 341.29694 7
e 142.84489 388.42924 15
e 435.63573 855.71516 10
e 323.42682 764.87976 11
e 308.06931 143.89614 12
e 596.40820 340.37372 9
e 631.02890 449.16391 12
e 51.79799 606.59276 11
e 665.42780 622.69749 10
e 159.60554 952.94271 7
e 441.31121 973.57333 5
e 614.14020 828.53563 11
e 599.78912 755.83553 8
e 309.93003 36.30115 7
e 499.26170 198.61800 8
e 154.66168 286.76508 8
e 60.49750 1040.29573 11
e 369.48330 165.70931 11
e 337.90054 939.32730 7
e 136.05466 671.64929 10
e 19.24170 213.58431 8
e 643.74177 126.23222 11
e 337.69563 919.71950 13
e 508.28647 1043.30678 10
e 633.49545 835.98787 8
e 513.59210 997.52143 7
e 10.90303 241.69087 5
e 153.09426 897.56668 7
e 527.48194 449.01301 15
e 25.99176 219.56479 4
e 586.62982 165.77324 11
e 430.52120 328.36545 8
e 436.01668 644.47295 15
e 32.13673 434.49982 10
e 265.78035 47.13871 5
e 309.94881 629.94143 10
e 271.29209 397.15746 8
e 677.41386 1048.49452 7
e 94.57909 325.54765 10
e 609.64118 452.12198 7
e 673.91039 996.22539 11
e 423.38389 89.41820 6
e 134.53629 457.06839 7
e 309.96548 989.84514 11
e 536.98204 587.85070 11
e 113.01123 189.40271 8
e 661.87081 34.54402 9
e 111.38811 794.31910 10
e 70.41504 301.88396 6
e 67.05442 107.87192 11
e 87.70457 764.62862 6
e 415.49814 769.97958 5
e 390.90806 1050.35596 12
e 301.97771 587.33023 12
e 204.72342 99.49808 8
e 217.21199 687.73322 9
e 216.98441 517.21007 16
e 709.59035 1041.62636 9
e 577.76403 943.35326 9
e 28.06735 713.76715 7
e 153.33465 165.88439 5
e 138.11079 988.26480 14
e 126.56063 467.76703 9
e 546.83906 752.74850 6
e 219.32062 192.64792 7
e 697.14491 998.98838 6
e 577.48275 860.42715 9
e 518.92904 580.75092 15
e 646.07926 1022.54902 15
e 180.63949 858.96417 13
e 84.47079 362.47259 5
e 249.68388 536.83582 11
e 329.77335 767.93726 7
e 282.00877 467.02372 7
e 221.35627 310.83486 8
e 394.56927 310.13814 9
e 254.38016 1016.77861 8
e 445.97843 389.03281 10
e 539.04452 959.07570 6
e 619.72570 112.21901 8
e 335.77192 345.75697 11
e 411.52298 547.00414 5
e 200.25774 714.76652 16
e 192.91964 1055.72100 11
e 396.73575 100.12504 11
e 289.40554 624.76764 8
e 331.23262 423.84467 6
e 483.72040 381.12696 10
e 177.72141 351.02650 10
e 238.51919 278.06771 8
e 662.67393 883.23762 12
e 291.86099 982.24791 12
e 467.74085 468.04725 16
e 242.96210 385.27964 13
e 594.00388 522.05594 12
e 594.87543 568.41182 9
e 211.67914 506.61113 13
e 594.11402 149.60710 9
e 376.66475 119.82727 7
e 241.04923 816.98240 9
e 98.77195 583.97948 13
e 443.24932 700.61638 6
e 25.14573 267.85161 4
e 593.19487 635.26652 9
e 298.92314 228.10923 8
e 102.92103 201.96365 13
e 437.26217 429.15619 8
e 546.02006 749.79683 9
e 595.88195 493.55564 16
e 370.29038 154.52032 9
e 625.54162 245.65222 12
e 394.56905 417.37836 4
e 60.47067 642.90407 11
e 225.29421 689.71619 9
e 24.74963 545.77334 11
e 353.67998 320.89557 8
e 395.63131 896.92824 12
e 158.32739 747.55416 7
e 139.05768 533.01102 10
e 399.40136 894.54071 8
e 136.32083 81.45311 7
e 692.14315 298.02635 7
e 273.93700 990.70551 9
e 481.25475 643.47592 12
e 531.58207 452.85682 6
e 315.23785 693.92882 11
e 579.01895 670.97564 10
e 661.02703 813.12382 9
e 538.63529 931.64167 10
e 95.29387 256.10072 8
e 123.92522 1038.01207 10
e 646.29152 14.18346 17
e 147.23975 490.79455 12
e 683.13729 73.34527 8
e 676.50922 358.17781 5
e 140.21970 137.03176 11
e 452.24799 748.38318 14
e 544.34207 221.16472 7
e 366.14229 459.50854 9
e 270.22797 75.85942 12
e 247.26860 1052.14250 8
e 512.30744 352.76900 8
e 284.39675 663.21527 7
e 412.32916 778.22675 9
e 424.33425 700.18118 7
e 278.90204 930.56539 6
e 263.54895 174.31765 9
e 455.12831 1012.79137 12
e 23.55894 136.79636 10
e 243.68834 12.78829 6
e 278.54016 539.59329 8
e 586.83127 272.25049 14
e 326.16121 933.81697 15
e 578.51671 42.16521 8
e 252.06091 115.53032 10
e 100.70771 185.82190 10
e 123.36089 557.33765 5
e 198.21410 209.40949 5
e 23.64494 643.31383 5
e 69.37674 18.12708 6
e 365.15369 42.30345 10
e 117.88895 842.62541 9
e 279.75624 384.24175 14
e 309.57624 342.42240 12
e 256.90910 67.25256 17
e 94.45957 296.34607 10
e 105.25783 151.91676 14
e 493.96245 466.73475 4
e 693.38417 96.56156 9
e 94.62381 221.11639 7
e 181.47812 892.38981 5
e 635.25814 1063.36806 15
e 383.58751 1026.98542 7
e 601.44548 158.46197 12
e 555.39786 472.32596 9
e 149.90890 256.64756 11
e 511.38276 647.16217 6
e 453.95625 1010.53124 5
e 646.58575 139.55475 11
e 532.99822 547.06575 9
e 384.84869 670.19235 13
e 45.64300 810.77600 9
e 171.83845 587.17353 10
e 476.01784 834.24776 11
e 399.59731 174.63247 8
e 437.58866 148.90554 14
e 691.79282 698.27737 11
e 121.09422 852.04900 9
e 679.86107 152.32335 12
e 33.04338 716.59906 8
e 182.09539 1001.02565 6
e 211.24573 235.89800 9
e 605.48482 104.67164 13
e 533.73290 744.30793 7
e 520.92918 899.05141 6
e 424.75808 764.39715 7
e 66.43527 446.31818 7
e 674.71949 84.84464 12
e 577.73274 456.46363 7
e 334.02060 711.39898 10
e 320.23089 856.69755 12
e 222.32165 801.20493 10
e 459.52069 374.29661 10
e 382.29629 757.67331 4
e 539.52546 539.04037 7
e 641.12245 319.40922 12
e 42.26112 814.45904 7
e 494.01004 927.73039 9
e 553.87702 664.21060 8
e 190.26403 64.07024 11
e 228.75491 581.87147 10
e 435.56593 271.71351 12
e 628.28586 68.64459 11
e 105.24788 663.86344 8
e 122.69185 397.62388 8
e 539.42298 87.00774 11
e 614.01629 176.16460 9
e 55.96145 529.26584 9
e 137.22532 657.46075 17
e 670.15353 680.87601 8
e 181.63736 611.40006 7
e 86.65013 742.44994 12
e 582.71563 672.21660 7
e 612.61183 135.35676 7
e 449.62360 821.52222 10
e 35.56788 941.35656 10
e 598.23801 594.32177 7
e 99.50024 564.74166 10
e 124.80185 88.15686 9
e 178.44827 574.66195 8
e 345.72038 96.06710 12
e 295.20923 328.35984 12
e 327.19610 181.89718 10
e 222.65596 347.56995 9
e 691.75290 609.32233 5
e 443.89344 486.78974 9
e 217.60235 21.85457 7
e 285.89400 157.97770 9
e 219.89359 887.15800 7
e 650.31428 939.99801 9
e 615.55880 1029.96721 4
e 79.80575 164.56444 8
e 533.32433 849.00114 8
e 167.60665 633.06750 13
e 40.64036 863.09803 14
e 632.53287 569.08889 8
e 74.53818 767.47228 9
e 501.44360 283.43531 14
e 24.66860 176.38919 11
e 494.21214 61.70341 12
e 548.16995 882.35509 8
e 481.35631 1017.85964 9
e 547.05890 70.95096 12
e 499.48006 826.79015 7
e 102.09308 285.81071 6
e 562.13063 781.09383 8
e 165.53322 676.35439 6
e 57.76179 795.22820 12
e 31.24443 198.69597 11
e 196.03279 426.40969 14
e 663.86011 793.52816 6
e 72.31897 774.25545 9
e 581.37310 633.86052 7
e 575.70169 943.09807 6
e 549.77767 971.09731 8
e 595.62474 675.15622 5
e 261.72230 867.60038 11
e 33.87438 534.08654 11
e 74.45436 878.25050 3
e 494.76845 377.03660 10
e 230.48757 73.08404 14
e 527.09830 575.13169 10
e 304.23261 845.14342 11
e 478.52151 970.26030 11
e 554.10241 980.50929 8
e 372.89666 308.10988 7
e 36.51319 28.85560 7
e 379.02299 585.37690 10
e 66.24045 863.45541 8
e 498.15797 889.34289 8
e 590.67986 807.42720 7
e 41.83752 30.22056 11
e 190.24865 622.92935 8
e 160.35143 478.65154 10
e 246.49923 347.02886 8
e 28.44612 529.24499 10
e 83.56099 786.04786 4
e 685.39096 828.70163 12
e 698.97568 430.31925 10
e 133.48384 281.77315 8
e 587.91322 307.71907 8
e 291.39945 688.38889 14
e 365.57766 978.73753 8
e 538.95784 758.89580 10
e 493.62133 534.60806 10
e 602.35249 850.79099 8
e 372.96744 725.84845 18
e 439.78186 808.94024 8
e 212.17782 816.13566 4
e 273.02027 626.61794 7
e 219.90322 699.45253 12
e 97.22628 295.48428 10
e 473.41533 77.71646 6
e 176.68126 733.81343 10
e 495.15927 259.56428 7
e 146.16276 116.62533 8
e 41.48808 44.58278 14
e 516.01526 86.79152 6
e 336.79096 180.34600 8
e 414.10775 276.33394 9
e 688.57059 977.23716 7
e 427.41102 261.53143 17
e 68.31205 774.42859 14
e 620.31268 518.97978 6
e 624.59817 441.16338 7
e 650.40802 695.16660 8
e 161.90460 255.93448 10
e 78.22492 888.37238 7
e 519.52667 678.87387 12
e 408.47807 513.35469 8
e 481.36649 919.75347 6
e 319.67874 154.71849 9
e 173.68594 536.07244 12
e 693.70503 240.89508 13
e 161.06891 969.92443 5
e 529.18227 1051.58680 10
e 203.01175 314.69182 9
e 654.89077 1031.65817 8
e 456.72214 366.42831 9
e 585.90773 168.70782 12
e 97.67743 489.77707 5
e 116.95109 955.87904 12
e 82.52815 778.72967 6
e 530.45612 478.62426 9
e 657.22578 691.67446 6
e 272.30389 338.86464 10
e 692.54090 206.47488 9
e 695.16836 523.39923 11
e 62.03306 289.32039 4
e 97.81058 672.45677 12
e 427.22753 915.48216 9
e 519.30354 143.65307 8
e 260.69218 353.22020 14
e 674.63222 177.68711 11
e 559.65185 209.07431 8
e 131.34613 398.51036 7
e 161.94991 1046.05408 9
e 490.87850 111.38525 10
e 385.64316 707.40086 14
e 155.50771 136.81158 9
e 459.17257 966.78746 10
e 42.37760 881.64789 7
e 689.79069 388.96062 11
e 478.03239 773.58499 9
e 324.39242 812.43678 5
e 505.23237 891.55971 10
e 62.55502 412.90800 11
e 672.73716 637.73519 10
e 268.23396 127.26141 8
e 438.30974 953.01190 7
e 292.54047 475.23901 8
e 71.41134 646.63136 11
e 14.71737 567.56112 12
e 278.49172 134.54836 12
e 309.55037 363.51006 15
e 696.21863 647.04594 11
e 499.84314 784.36020 11
e 189.92007 391.57847 9
e 480.90813 36.55256 6
e 707.50880 160.20910 12
e 280.55970 598.17768 12
e 687.69257 803.11886 12
e 471.13796 407.08985 15
e 81.48465 921.25008 9
e 285.22160 1063.92584 5
e 317.91335 220.18406 9
e 385.32945 676.02562 8
e 646.14902 733.45693 17
e 597.13491 252.51546 6
e 562.73235 1027.11350 8
e 310.24013 293.71601 6
e 694.89313 85.75473 11
e 191.98224 889.64608 6
e 298.46464 130.37111 10
e 690.65153 973.80530 12
e 166.71068 197.61571 10
e 652.70829 991.09319 4
e 324.19063 328.28201 8
e 31.63306 546.27819 14
e 398.75905 517.03008 7
e 507.05386 522.18861 7
e 385.70172 27.92256 19
e 643.52264 275.39189 5
e 375.73728 68.00108 12
e 276.50947 814.33918 11
e 56.74927 655.64817 9
e 285.80372 808.08597 12
e 41.89180 955.48771 7
e 409.11678 278.97435 8
e 627.82879 601.91237 7
e 292.44182 1006.82667 9
e 214.36887 904.17244 12
e 174.47259 899.16278 7
e 468.81334 1045.87206 7
e 274.45856 826.55913 10
e 102.08880 442.86642 11
e 51.69256 657.57113 6
e 456.79953 493.39598 9
e 589.71804 871.06129 14
e 708.59906 876.95673 8
e 284.34866 308.16541 9
e 170.12681 427.02529 11
e 564.44487 915.92087 11
e 598.55989 385.36751 4
e 251.86359 701.50434 11
e 134.62234 514.17295 11
e 196.68885 325.80758 8
e 76.84285 192.95121 8
e 544.10270 112.27953 6
e 468.16249 888.32037 6
e 206.60376 1064.83672 12
e 595.33746 509.94128 9
e 509.01614 164.24027 8
e 136.19381 350.73712 10
e 351.49370 709.56691 10
e 635.42235 460.86059 6
e 595.38598 289.19929 7
e 180.58039 502.06219 7
e 81.02577 733.42623 8
e 653.27954 168.41260 11
e 677.74481 989.85919 7
e 66.98728 345.20571 8
e 352.95907 118.96108 10
e 339.08704 246.61489 10
e 691.02780 143.78657 7
e 584.00216 190.99393 8
e 546.26288 691.00138 3
e 254.44091 563.33522 12
e 282.43693 650.59782 8
e 119.76809 249.89386 17
e 247.44264 154.45178 7
e 198.03916 80.58729 5
e 587.36877 269.50593 11
e 429.71697 1027.92542 9
e 331.17032 780.62474 7
e 91.51425 902.87864 5
e 30.97092 569.59047 11
e 267.25306 954.25123 8
e 155.71684 444.05363 12
e 159.45967 280.56188 7
e 194.72891 297.13401 9
e 583.24378 972.17607 6
e 689.24539 186.85560 13
e 242.01223 146.17189 9
e 132.04557 31.01686 8
e 238.93231 736.89824 9
e 134.01239 425.36474 8
e 114.22404 1034.12929 12
e 451.11092 183.55488 8
e 225.53271 430.15189 13
e 688.82666 158.29876 11
e 473.86316 125.17604 8
e 662.60707 1025.56601 13
e 244.76344 836.74749 7
e 326.10147 265.45278 10
e 330.74343 516.99914 10
e 390.12774 833.11683 8
e 237.97400 229.05023 9
e 113.46140 371.56360 15
e 592.02514 710.91836 11
e 517.57364 444.82051 5
e 76.88818 619.64258 15
e 109.27905 553.88384 10
e 379.02012 365.42423 12
e 275.37997 1045.23536 9
e 667.80244 746.29562 15
e 282.39486 587.42129 6
e 508.89450 450.40772 6
e 642.43272 287.36184 5
e 612.29619 14.86144 10
e 145.48174 517.67362 8
e 572.90081 226.66760 9
e 492.22656 1012.18745 8
e 253.08301 43.36724 6
e 167.73216 779.54473 6
e 46.55553 122.96343 10
e 346.76921 227.89458 7
e 149.29411 363.86634 12
e 640.85031 454.63353 11
e 631.39523 614.12909 9
e 691.97431 601.17440 9
e 211.04078 943.87893 11
e 173.15526 596.48991 15
e 584.35416 358.08434 19
e 182.70953 906.68839 9
e 339.11687 52.60490 6
e 17.54502 996.11229 9
e 183.18757 165.70154 9
e 680.23568 316.95449 12
e 479.64183 542.43969 13
e 113.53690 885.37390 7
e 542.47199 277.99036 7
e 631.27874 389.02103 6
e 247.88032 309.76104 10
e 339.15655 772.96506 9
e 62.88956 390.94519 7
e 516.21625 829.24643 13
e 310.44318 962.65748 9
e 176.58577 532.61242 6
e 74.59724 399.00979 10
e 20.59944 46.33989 5
e 341.30411 160.31441 10
e 527.50153 217.31590 18
e 285.22637 911.84007 4
e 276.74126 997.08767 10
e 313.21804 245.10351 8
e 362.24180 169.69874 11
e 98.44101 661.01725 9
e 307.04559 861.76616 13
e 209.97163 898.71612 13
e 120.76646 660.36009 13
e 519.17311 99.41733 16
e 352.49461 225.96835 7
e 47.95174 982.63892 7
e 480.16988 926.20717 7
e 183.60462 1048.21987 12
e 337.71616 938.54106 7
e 239.12865 730.33173 5
e 362.58701 372.19652 9
e 213.70601 307.97411 9
e 457.97921 878.37631 10
e 114.44908 694.68067 11
e 68.79221 123.79474 7
e 387.58616 658.43490 7
e 251.81067 1033.84552 6
e 500.14257 709.58695 7
e 367.32420 60.74364 9
e 17.89777 797.24034 14
e 425.53879 552.57806 13
e 638.68214 628.45756 8
e 608.52775 338.32736 10
e 53.13979 518.12734 10
e 499.63374 662.59235 11
e 170.10793 255.80203 6
e 12.54865 730.70238 7
e 510.62304 276.31458 8
e 74.64569 1030.22300 8
e 615.46127 573.70669 9
e 691.99653 330.49716 4
e 106.38438 955.35004 5
e 665.37868 829.86326 7
e 474.56379 457.91937 11
e 260.64418 968.29661 4
e 87.63649 1043.98935 7
e 385.10965 646.06488 11
e 23.48144 552.01265 6
e 652.42402 740.10322 12
e 495.69472 1007.94294 10
e 199.26805 169.53881 10
e 288.01861 173.90200 9
e 108.09439 405.10726 13
e 260.77185 640.96436 8
e 165.38188 778.69915 8
e 559.00665 710.82292 5
e 160.24362 124.08980 15
e 576.45123 939.74898 10
e 582.58775 491.45256 5
e 434.02333 663.31505 6
e 111.97353 69.49778 8
e 467.22933 663.57771 7
e 691.56260 1037.81864 9
e 610.71159 140.45456 14
e 414.42550 482.68177 13
e 429.92853 153.21167 8
e 60.84160 217.98454 10
e 93.89915 169.26851 12
e 91.51508 647.93879 6
e 99.41346 227.36683 8
e 149.43547 747.81628 10
e 200.47060 341.35871 9
e 562.49480 544.54901 6
e 558.49238 847.91874 5
e 485.61737 41.50592 12
e 244.41388 803.86687 7
e 586.47545 758.58082 7
e 109.86340 81.09136 6
e 510.24992 208.97183 13
e 95.58318 51.35612 9
e 392.92967 172.66962 8
e 125.10487 398.04556 10
e 111.74325 575.10289 4
e 223.38956 82.00150 13
e 457.41158 994.46141 9
e 112.42570 404.43685 8
e 169.77089 242.35607 7
e 478.37890 777.08211 13
e 544.25403 712.17278 10
e 502.93507 378.58225 7
e 479.32303 772.19571 8
e 259.55404 508.90664 7
e 42.44144 684.52541 9
e 379.11835 914.64572 9
e 533.33379 325.42703 7
e 456.68964 78.64985 6
e 684.19408 686.45880 7
e 407.00600 594.48853 10
e 321.85854 579.85038 9
e 71.61374 833.68650 10
e 278.34294 617.18918 8
e 473.90091 1052.00831 10
e 574.27783 512.59657 9
e 354.78549 139.26395 6
e 237.07287 153.42864 7
e 399.76684 417.34531 8
e 610.72917 531.51073 8
e 438.30661 265.79505 15
e 122.95146 1018.80206 12
e 361.90101 329.67712 13
e 111.94128 463.74979 9
e 220.93247 653.91972 6
e 417.66417 98.25235 5
e 618.19178 787.21810 13
e 66.17105 676.94231 10
e 288.80328 510.51896 11
e 137.46131 1046.37559 7
e 63.33020 253.40718 14
e 301.04645 498.17336 9
e 276.15137 818.99815 11
e 161.38423 235.62048 9
e 208.04049 840.17289 11
e 170.20538 471.07638 14
e 655.88839 712.88509 14
e 560.78293 875.20862 11
e 391.55570 593.19947 9
e 371.91234 816.23490 4
e 54.22211 113.00699 12
e 256.90213 836.29178 8
e 203.60068 160.20490 10
e 675.14188 677.39614 8
e 349.36585 865.94680 10
e 479.30581 603.08185 9
e 158.43450 527.38469 9
e 177.76933 226.37454 12
e 649.29988 790.10990 21
e 528.06695 956.26699 14
e 660.87602 135.58799 9
e 619.90540 714.62082 4
e 297.16163 533.10184 8
e 352.90228 940.91173 8
e 473.64159 527.84880 11
e 158.63314 960.58248 11
e 558.01796 1037.17652 7
e 548.67478 793.70204 10
e 333.11500 251.09467 10
e 316.64301 221.09465 7
e 174.36494 121.58137 8
e 279.84010 70.82664 6
e 681.23003 268.78036 8
e 689.97141 893.36409 9
e 359.51556 680.29293 10
e 25.46680 514.09668 12
e 85.53516 207.59178 9
e 90.77899 945.39580 8
e 641.01915 18.27977 4
e 530.67301 724.75408 12
e 186.04192 224.32068 18
e 560.19495 366.81513 13
e 265.32204 737.13192 8
e 221.22452 1039.02033 10
e 197.27237 778.24495 11
e 337.86775 975.62779 7
e 284.15070 195.38805 11
e 304.83116 734.38867 10
e 168.76838 1062.38090 19
e 598.31131 999.31443 12
e 368.66822 714.05758 8
e 396.12003 607.81620 9
e 290.46426 736.68177 11
e 144.06273 607.83727 6
e 653.65858 931.81902 4
e 655.10086 963.90351 8
e 148.80501 194.55066 6
e 120.54552 182.93215 14
e 626.64578 975.78823 5
e 699.36756 812.67044 7
e 200.13908 1007.52223 6
e 216.91083 677.14704 10
e 708.40492 567.03618 13
e 120.27658 973.47156 10
e 63.03210 205.14924 15
e 541.56429 586.67100 9
e 377.31833 62.08767 12
e 503.96286 498.74550 10
e 440.89198 861.57920 7
e 94.81536 756.67071 13
e 624.25185 1014.24503 15
e 118.40479 313.41713 5
e 163.06805 674.16593 7
e 606.95529 746.29594 8
e 562.41114 224.36906 7
e 512.03975 1048.20781 13
e 221.87889 651.99751 10
e 118.84553 656.85010 17
e 561.81048 976.94049 11
e 427.86587 248.47717 7
e 611.46278 16.48363 9
e 84.34648 493.79621 8
e 241.40621 512.15650 12
e 491.02452 632.91686 9
e 228.22800 827.29664 5
e 30.42766 446.06768 7
e 600.39674 318.13980 7
e 200.68045 551.35123 9
e 663.55581 561.40650 10
e 171.46463 1052.29849 8
e 466.63762 694.34873 9
e 392.86958 646.61299 10
e 399.58911 316.21120 8
e 246.43741 76.57100 14
e 79.00418 340.85561 6
e 503.72493 50.43187 7
e 155.59999 800.84672 5
e 404.88170 336.21369 9
e 371.48306 171.28789 8
e 119.50272 768.82338 10
e 377.84423 944.39344 8
e 652.27719 1034.35518 6
e 589.12117 974.61247 12
e 535.94710 966.56915 10
e 646.24592 421.10067 10
e 171.96741 560.70013 4
e 697.90169 874.34483 4
e 246.79682 46.53433 7
e 92.24688 1002.57809 7
e 299.23446 380.67197 5
e 262.80919 80.98323 7
e 276.72867 462.42932 16
e 307.13085 612.87528 7
e 226.32152 335.99802 11
e 210.49530 986.38965 16
e 597.49065 426.12275 12
e 347.69933 520.31740 9
e 680.50638 181.90899 13
e 589.91465 521.83944 11
e 206.71541 245.21179 11
e 443.96499 792.08252 5
e 157.36219 46.48509 12
e 421.81402 99.16575 7
e 204.04205 945.74057 9
e 391.21109 290.51079 15
e 204.14389 336.46820 12
e 678.70527 786.52375 15
e 351.96595 910.22080 9
e 135.63888 417.75849 8
e 652.74017 831.93937 11
e 171.25648 247.49695 13
e 14.67489 520.17346 13
e 159.04077 1011.41318 6
e 21.73462 112.94987 13
e 692.09579 262.10936 12
e 283.15818 305.65236 9
e 599.17229 666.92759 6
e 69.36782 1035.47147 16
e 412.56331 316.57493 7
e 685.16707 133.65900 7
e 506.50639 484.18568 7
e 279.52013 17.94960 5
e 528.51815 91.02592 9
e 588.17128 426.57358 9
e 460.56508 650.73535 10
e 660.29134 288.48851 11
e 574.06655 96.11477 8
e 704.89026 130.17618 7
e 87.66215 229.78823 11
e 37.32474 333.04432 10
e 206.93883 387.95476 9
e 521.09846 78.08385 7
e 519.78173 181.84546 9
e 497.42300 323.86528 10
e 126.97063 16.93128 10
e 73.19219 212.25855 11
e 215.71826 624.39350 6
e 140.93667 208.46737 13
e 56.41303 987.47661 10
e 603.80734 158.47303 9
e 702.24474 317.29781 10
e 492.85035 833.88727 10
e 378.21387 1057.97566 8
e 160.36791 157.54002 9
e 358.73228 798.06327 9
e 305.75796 1053.05919 9
e 348.00576 190.89352 10
e 357.66707 445.48486 10
e 189.35243 74.40743 9
e 75.44870 947.93059 3
e 700.65060 383.48311 6
e 306.98867 665.13128 5
e 281.21956 481.13295 4
e 176.22591 103.57761 13
e 355.85858 877.54391 13
e 683.70403 30.83916 8
e 275.28660 483.75800 11
e 390.55029 703.42089 7
e 417.56132 628.82470 10
e 44.07164 427.43877 7
e 334.58468 540.82155 7
e 360.89044 762.61705 14
e 462.62712 228.95931 9
e 668.74072 1009.78058 9
e 206.35732 11.65473 11
e 172.78590 730.12852 8
e 403.49635 182.57998 6
e 388.48190 556.16716 7
e 148.51935 982.68863 6
e 568.40583 132.84114 10
e 689.93210 147.20796 10
e 163.31486 213.00391 15
e 480.60543 183.87669 16
e 683.25784 828.75051 7
e 297.81056 565.45381 15
e 337.05810 555.19756 10
e 436.55445 599.69080 9
e 199.59702 62.68657 8
e 395.50380 212.57068 9
e 332.89493 163.32049 9
e 494.27990 813.80032 11
e 674.78825 55.19436 8
e 467.55493 871.37240 10
e 351.79508 916.31535 8
e 97.62807 768.58797 10
e 482.49648 942.04246 5
e 71.44907 718.79696 14
e 201.22596 755.93336 11
e 264.35567 153.89362 11
e 61.41756 480.41336 10
e 372.68844 552.45486 10
e 265.56236 155.55727 9
e 434.40438 765.46259 3
e 406.34590 389.19035 9
e 134.76133 689.93487 10
e 633.69143 23.52023 7
e 390.81414 670.90163 8
e 369.49496 866.51344 13
e 673.63888 660.92905 4
e 237.97740 61.09847 12
e 659.21232 442.15973 15
e 504.50698 546.14193 3
e 346.35059 585.47707 5
e 329.10940 604.81127 6
e 486.60628 951.16709 8
e 16.00154 233.93782 6
e 478.02895 734.76737 11
e 338.06094 282.16208 15
e 318.99717 434.79331 11
e 493.39146 671.32651 9
e 681.85781 568.35298 5
e 330.49145 142.03519 8
e 126.39020 269.01006 6
e 185.86203 917.53760 11
e 466.78597 358.26830 9
e 583.76219 697.62567 15
e 400.99804 1068.60033 10
e 432.34340 402.30823 3
e 437.10718 580.66377 10
e 688.04111 256.45147 13
e 612.63942 976.53710 7
e 290.17404 256.07566 7
e 677.25747 778.23459 8
e 441.48289 643.94555 12
e 543.70239 656.65956 11
e 106.34344 281.12948 5
e 15.61274 299.37508 11
e 429.73779 111.51537 7
e 492.73274 986.57298 9
e 511.63302 78.37791 4
e 634.46589 979.95394 4
e 43.12871 804.30759 6
e 305.93744 713.33033 13
e 465.75696 27.82016 9
e 22.69945 953.02417 10
e 425.97582 986.84437 9
e 215.99558 233.48311 7
e 616.83840 478.00820 8
e 660.40670 849.15274 10
e 612.78275 370.60710 6
e 207.22912 671.66321 9
e 285.38914 792.15751 9
e 415.56552 762.59181 9
e 208.81628 875.54384 7
e 685.22037 603.44436 19
e 194.79811 361.71931 11
e 550.71074 562.78891 14
e 551.30555 909.15781 7
e 491.56124 361.34247 11
e 330.48530 524.51774 12
e 407.42840 250.81592 14
e 192.72988 94.32081 8
e 79.30042 346.45585 9
e 323.18159 286.50551 10
e 141.68788 310.76950 16
e 626.31643 426.32595 6
e 522.70094 177.03773 11
e 425.88411 478.99968 7
e 261.70189 329.48220 17
e 487.16311 582.32970 6
e 269.69954 223.44794 9
e 468.04233 1037.75443 10
e 596.57327 963.95656 10
e 185.11798 331.22022 7
e 548.74505 726.60819 7
e 305.40981 434.22069 7
e 187.64612 529.81952 12
e 253.94525 72.49893 6
e 69.18379 586.94688 4
e 355.41165 933.01081 11
e 683.17770 350.87924 7
e 618.29262 822.30390 8
e 649.06445 139.99810 9
e 148.85842 688.59060 9
e 601.27547 248.66081 8
e 50.10004 12.69180 7
e 302.45632 36.72919 7
e 33.91447 869.04903 12
e 648.10627 188.34667 14
e 119.95593 854.77051 8
e 610.32642 345.34739 6
e 373.03529 802.26060 11
e 330.26697 893.43594 7
e 662.19968 170.70713 9
e 453.29623 742.78396 8
e 164.55779 1026.70868 9
e 666.31764 297.47052 13
e 240.39859 146.79451 16
e 67.55346 925.12721 15
e 662.74159 799.89431 15
e 246.76830 396.10930 6
e 685.92885 256.48178 10
e 575.81954 891.03700 8
e 119.37628 883.27835 5
e 159.38156 916.61123 13
e 412.20295 456.31018 6
e 287.24329 543.91207 7
e 551.26282 128.95585 7
e 572.50109 49.02783 7
e 348.05777 842.58673 8
e 243.58046 216.24050 7
e 330.27911 411.24133 4
e 365.32219 406.27214 8
e 544.24538 1050.27559 8
e 611.91456 202.28111 6
e 229.47684 346.45600 5
e 37.22775 351.93899 7
e 259.51462 610.95195 10
e 250.21436 410.60478 10
e 219.29331 451.43384 8
e 467.34604 579.15852 11
e 581.09903 758.86670 10
e 252.04906 514.16893 9
e 155.66659 871.99437 9
e 62.29410 245.19678 9
e 643.14204 715.70261 11
e 467.96072 123.43826 7
e 179.03805 800.69960 12
e 696.94823 965.47468 15
e 371.68307 836.82901 4
e 385.29256 644.14380 13
e 190.48305 451.34289 3
e 315.47627 531.49985 8
e 207.90212 168.67006 9
e 418.09157 273.19381 9
e 420.90165 805.30755 9
e 485.49212 223.14650 6
e 302.56908 586.39864 8
e 91.31540 1022.98177 7
e 130.33806 665.68257 7
e 436.01401 138.15918 5
e 304.82483 854.08111 12
e 590.98923 841.28636 6
e 213.07624 953.75806 10
e 465.96916 832.96705 7
e 705.87906 988.89642 10
e 594.45131 315.48628 7
e 433.06804 356.37207 9
e 275.18652 453.91009 9
e 696.57385 767.79470 11
e 71.99150 1054.86180 11
e 520.93583 871.07377 9
e 66.93214 696.60396 9
e 44.32358 775.86046 4
e 197.25813 560.40664 9
e 230.50982 412.44574 11
e 71.99595 963.06346 13
e 361.60867 624.49935 9
e 544.62278 417.12821 13
e 41.80421 680.30834 8
e 112.94199 718.63934 8
e 296.49566 282.85416 10
e 221.69919 758.13529 14
e 36.36262 418.29744 6
e 609.31677 341.75789 12
e 68.95695 250.87919 7
e 264.66093 846.61221 6
e 230.73626 574.57772 8
e 622.85837 446.03499 5
e 539.38112 95.91462 11
e 169.52274 614.88277 6
e 462.67403 69.40579 6
e 298.15809 492.28230 7
e 561.24489 494.44529 6
e 474.00094 330.93152 15
e 18.00811 234.23499 5
e 372.09438 549.13256 12
e 627.54422 632.21555 9
e 140.40925 1060.14931 10
e 287.23852 868.24682 4
e 300.37749 851.74247 11
e 497.27075 311.03976 10
e 232.48252 201.88851 9
e 403.89820 316.98639 10
e 271.32032 1054.13317 8
e 546.51286 473.95414 13
e 220.95449 326.54286 17
e 289.95277 746.08803 11
e 11.20153 1049.47926 7
e 113.69232 111.78164 7
e 632.05282 162.61275 8
e 708.05011 921.95506 11
e 427.36590 760.11894 16
e 676.19908 283.54377 6
e 594.48861 727.06459 9
e 32.50458 1064.43212 10
e 100.25167 948.83163 9
e 122.86694 643.50183 12
e 190.29304 636.47801 5
e 52.84457 700.61956 6
e 195.35903 890.87932 5
e 201.30619 237.32614 8
e 578.83996 1031.95971 6
e 287.00958 552.70815 11
e 580.57996 438.27381 15
e 541.05027 461.84536 8
e 347.48185 117.60981 6
e 510.28675 860.76342 9
e 372.24327 114.81299 8
e 674.03384 280.73715 9
e 27.27572 499.14603 10
e 382.74033 835.21459 9
e 132.80966 172.23672 11
e 27.87507 168.65864 12
e 595.97731 482.98101 8
e 473.90714 995.35699 4
e 587.60492 40.58424 10
e 468.69780 337.33979 11
e 499.24240 877.83425 10
e 185.74347 900.75484 7
e 556.41662 152.46074 9
e 499.78374 695.80315 7
e 615.93731 750.10594 10
e 578.28991 314.08418 11
e 101.85058 1062.56359 6
e 689.59624 196.96720 9
e 102.65626 682.99246 11
e 22.34260 296.48951 8
e 597.34851 399.49670 12
e 154.57839 897.47772 9
e 49.35120 292.91174 12
e 340.55589 554.19832 8
e 702.15025 966.68171 13
e 657.79822 470.21173 10
e 442.49143 39.64950 8
e 543.76563 140.74714 7
e 620.66039 141.03414 8
e 672.14815 309.85598 8
e 107.49222 963.13741 13
e 412.34565 97.12803 5
e 213.39959 478.07131 11
e 514.47654 874.75280 5
e 405.45753 338.89101 17
e 586.17916 280.15935 14
e 461.79942 324.80942 10
e 409.13679 423.23724 12
e 642.90030 157.05202 9
e 193.46170 328.84973 4
e 636.15392 683.95250 11
e 553.09600 749.19178 10
e 302.10676 953.96436 10
e 622.49132 679.93947 13
e 709.38283 810.66760 6
e 694.76289 440.31043 9
e 98.69962 250.93217 9
e 248.53362 161.73281 11
e 632.82623 52.63895 7
e 79.91843 857.00718 4
e 325.85131 630.84664 9
e 155.30545 633.08720 8
e 235.61130 535.50751 9
e 257.04510 782.63084 10
e 383.23250 936.30187 10
e 612.71623 304.25059 7
e 517.68883 222.15585 9
e 457.93660 890.72441 9
e 474.86570 808.35718 6
e 593.15656 328.26098 4
e 299.14027 242.00868 8
e 487.77604 614.40335 14
e 548.60729 153.24376 12
e 360.14723 274.71832 12
e 22.11430 746.52456 9
e 476.59203 237.15168 9
e 357.53342 309.48455 11
e 402.72849 449.81251 9
e 127.66667 983.77536 10
e 447.41293 559.30779 8
e 204.04445 823.02237 6
e 198.26948 848.38956 10
e 146.71698 728.73156 12
e 515.68610 19.31684 10
e 264.17977 169.56128 15
e 336.10026 719.30974 10
e 102.68349 1030.89851 10
e 335.80122 358.64221 10
e 344.65035 286.34544 9
e 174.00457 311.43495 8
e 196.04375 427.27872 5
e 257.83973 991.05810 13
e 677.37927 73.34058 4
e 24.37459 277.33669 7
e 229.20068 803.71802 7
e 699.54087 434.52579 6
e 258.07438 837.41311 5
e 699.41157 403.38473 14
e 267.91022 887.86678 9
e 409.99876 750.64482 7
e 637.69075 606.37597 12
e 469.63199 49.17215 14
e 562.69918 850.64401 9
e 119.53554 568.67414 7
e 115.91138 998.78939 10
e 681.35767 1069.83744 8
e 531.86855 454.12297 11
e 196.97055 601.36312 6
e 77.54716 220.81347 14
e 655.91947 593.42236 11
e 400.20047 629.56345 9
e 556.42078 933.53290 8
e 614.28291 819.37847 9
e 239.74737 430.59728 9
e 146.96369 528.75393 8
e 262.97767 545.65489 8
e 157.79885 870.48806 9
e 580.22825 506.58995 11
e 32.48796 345.10574 8
e 79.89006 898.36092 11
e 317.37984 286.60296 6
e 522.61677 606.82226 18
e 303.80402 215.15304 15
e 321.79341 1053.94654 12
e 541.64986 534.24857 11
e 359.23770 334.65633 8
e 705.40255 355.20146 8
e 33.20591 747.30772 10
e 565.18877 928.59189 8
e 332.17955 116.80222 8
e 300.25767 1040.58729 7
e 243.80898 1006.05478 17
e 190.53898 891.69987 9
e 595.80457 1057.17195 14
e 649.41989 166.73013 17
e 533.96975 953.98088 9
e 244.55711 872.65416 14
e 446.97935 508.57879 9
e 681.71751 402.80089 9
e 38.44252 502.95965 9
e 648.93230 922.38641 6
e 132.45137 1000.66651 9
e 273.91752 479.83746 12
e 571.40068 436.43096 6
e 14.24948 770.18289 14
e 70.43133 628.52806 12
e 497.27579 764.08548 13
e 431.00486 29.90016 6
e 242.81500 286.31201 10
e 69.74002 740.33864 9
e 572.83558 831.40247 11
e 404.65847 962.50708 11
e 146.24438 59.29167 7
e 598.81225 117.53389 14
e 170.96601 575.86786 10
e 171.98773 856.82236 8
e 358.71094 593.93367 11
e 96.93254 51.84211 15
e 300.32442 246.80584 11
e 661.86447 56.17816 4
e 66.55344 977.29368 8
e 636.42498 901.29670 9
e 599.64846 22.03764 9
e 485.22730 477.71127 4
e 109.41888 1008.02992 10
e 58.88445 259.85906 8
e 665.15046 706.68280 16
e 681.99881 790.48132 11
e 417.38974 296.96283 7
e 401.84960 403.83948 10
e 247.75084 575.37673 6
e 162.70102 1069.30957 7
e 425.78318 611.35644 7
e 187.42669 745.45188 13
e 275.18555 877.81135 7
e 259.26108 538.25216 11
e 629.85395 1054.38615 14
e 500.43819 216.71379 8
e 362.70791 489.95320 9
e 374.24738 535.63754 10
e 76.76191 974.87168 7
e 585.95953 953.72018 6
e 558.23068 859.55701 8
e 55.39407 750.35086 7
e 44.09461 123.13930 9
e 63.77875 420.90401 7
e 200.58648 102.99036 7
e 218.39043 779.64317 5
e 374.69299 388.81013 9
e 520.66605 809.10445 7
e 19.55025 745.42977 13
e 151.91221 1022.18398 13
e 533.03314 400.72123 8
e 451.73627 279.13485 17
e 62.26110 840.93353 11
e 697.79311 383.21866 13
e 528.32439 761.97510 8
e 180.97363 499.75913 7
e 43.29688 16.00561 11
e 97.46030 571.32479 5
e 618.11316 69.35762 6
e 348.66908 570.79262 7
e 392.03166 310.25584 11
e 400.41387 511.83720 14
e 272.48310 923.30943 11
e 686.12422 613.43056 5
e 327.17144 496.82675 13
e 257.36244 567.63620 6
e 596.33776 39.15346 10
e 579.67667 602.33385 10
e 402.93133 767.30554 13
e 290.73222 669.75091 8
e 266.33434 22.90451 9
e 414.58784 305.95077 5
e 631.99919 133.16238 7
e 88.21085 77.40114 5
e 168.10234 138.80010 7
e 644.10345 564.48845 10
e 74.86401 63.26220 5
e 576.50087 432.34676 15
e 664.77702 992.73860 7
e 10.70487 832.48432 4
e 657.14338 864.24868 5
e 132.96299 378.64838 8
e 312.73758 902.06576 11
e 378.51837 861.38219 4
e 477.00244 580.95499 13
e 600.14323 1002.84079 8
e 278.99575 660.83486 8
e 449.82592 959.92246 17
e 52.39326 475.92649 12
e 616.07957 713.48208 11
e 188.60913 96.11528 9
e 531.70662 503.49565 11
e 261.06685 736.10023 6
e 98.36372 177.75326 13
e 270.59730 469.82945 12
e 299.92162 372.78186 11
e 36.53704 395.45024 9
e 683.29071 561.76766 7
e 648.72217 650.52616 9
e 633.89976 12.27243 7
e 498.41628 658.52319 8
e 331.38734 85.12740 5
e 436.96515 168.27246 7
e 583.53460 193.54432 8
e 531.10013 871.88429 11
e 306.50205 152.91669 5
e 640.94222 348.29765 10
e 436.17274 448.03939 11
e 624.26348 994.69543 4
e 552.38115 566.34986 11
e 413.73710 836.24223 7
e 610.54781 523.62455 12
e 64.88808 1065.16461 4
e 615.64675 169.38938 13
e 61.64567 836.13643 7
e 439.43621 1058.92935 7
e 197.56223 132.36884 10
e 535.40852 916.87727 10
e 137.69837 737.13236 11
e 373.94417 604.85691 12
e 210.67444 222.48945 12
e 257.02531 581.33836 10
e 170.73076 352.30458 12
e 253.06348 322.15468 5
e 397.34493 108.35455 11
e 678.57317 223.59492 8
e 451.27119 68.53529 5
e 625.17196 232.04899 11
e 649.08158 461.86492 7
e 109.28541 417.59761 7
e 597.09910 162.83815 9
e 502.14860 67.92852 12
e 516.08915 493.44070 8
e 215.50752 790.56700 9
e 311.17715 946.83064 10
e 105.88321 803.80837 19
e 133.37307 184.25584 7
e 574.33030 209.55953 10
e 162.04998 489.11768 9
e 162.60189 998.93283 7
e 450.10161 350.10470 7
e 700.58725 893.94935 5
e 573.54851 987.85654 5
e 367.07992 805.91297 11
e 376.28821 612.59246 10
e 106.21594 47.85300 14
e 19.54257 535.78025 11
e 113.20255 140.50836 8
e 66.71269 259.99966 8
e 408.33585 786.03078 17
e 133.29355 442.28301 8
e 312.33493 892.03194 4
e 239.74366 783.86097 9
e 524.04485 260.60304 11
e 231.80753 293.84757 14
e 468.82143 403.19036 11
e 658.98954 857.22135 10
e 234.42390 434.35120 6
e 573.40076 32.26042 12
e 557.76425 846.07328 14
e 251.32100 365.24407 9
e 89.84921 630.57866 9
e 392.02974 642.69334 10
e 92.81201 33.97153 5
e 623.55860 803.88020 6
e 512.65650 589.56526 8
e 257.89015 771.78952 7
e 608.17288 631.58080 10
e 560.51589 931.85954 8
e 661.09782 99.04650 7
e 169.69738 209.68631 9
e 277.96529 362.89039 12
e 418.16832 416.40437 11
e 687.36483 97.31803 3
e 431.99362 757.80892 9
e 72.27842 315.41934 11
e 609.20635 31.70012 9
e 680.12538 471.76877 14
e 367.11584 655.38101 9
e 205.50812 319.59273 8
e 50.13730 1007.93916 10
e 10.25568 389.99056 10
e 139.58133 307.22157 8
e 294.29301 826.66671 14
e 366.14403 520.29164 12
e 209.86559 185.15663 13
e 447.00625 466.63716 8
e 527.12802 956.55264 7
e 395.58699 67.30920 11
e 325.21860 258.22296 6
e 624.01124 977.99952 14
e 380.36079 462.31529 11
e 488.67956 698.74201 11
e 70.74023 313.86135 13
e 463.59767 871.74108 10
e 360.77842 630.36934 6
e 318.84037 13.59198 11
e 196.79213 191.35535 5
e 14.57886 798.63950 14
e 394.15093 753.54139 9
e 277.36140 530.20585 8
e 302.46232 514.64123 7
e 360.36154 113.58593 11
e 74.51210 336.04545 9
e 417.72349 680.18546 9
e 469.00626 565.77127 11
e 208.38064 252.94656 10
e 218.56394 775.55068 9
e 289.03929 69.84009 5
e 679.87150 861.28980 12
e 192.18318 1065.54560 9
e 696.25272 327.36944 11
e 212.83416 418.47048 11
e 355.34688 923.58188 14
e 665.77384 863.98514 8
e 37.56822 701.33917 6
e 327.85795 699.64648 9
e 320.95093 592.27695 5
e 387.38726 916.65027 4
e 420.78730 470.77151 7
e 98.29340 860.47285 9
e 584.21106 863.88093 10
e 434.30168 15.26290 12
e 106.07729 474.35148 9
e 590.55257 582.93668 7
e 121.98693 38.90064 9
e 423.35512 263.64081 6
e 108.42523 289.89506 9
e 42.47060 13.09741 7
e 123.66716 1065.22274 10
e 506.71648 259.34929 6
e 431.49236 1063.72387 10
e 242.48986 56.43085 5
e 216.52442 872.33418 9
e 258.68797 958.27020 9
e 519.67762 341.58059 8
e 305.62944 334.38176 7
e 46.56690 108.80500 20
e 305.81478 824.33652 8
e 173.75146 929.34612 5
e 520.23259 586.79800 8
e 432.45454 998.00470 16
e 265.83678 130.34110 11
e 143.40154 57.91079 7
e 613.53069 378.51875 12
e 197.81110 1015.48218 8
e 578.02308 870.92955 9
e 126.76623 462.96530 7
e 583.27168 632.45062 10
e 595.18245 98.33058 6
e 616.69945 752.21017 11
e 230.42034 982.47386 15
e 371.67348 397.03554 8
e 52.58844 44.18485 6
e 585.96829 364.84191 12
e 286.76970 380.41185 5
e 306.24689 209.45010 7
e 495.26235 154.48288 11
e 198.60706 374.76206 9
e 209.73965 1064.87152 5
e 189.25729 933.07197 7
e 65.52079 89.15836 9
e 528.41099 458.96059 10
e 176.25714 23.27428 14
e 295.88645 786.50429 12
e 334.14325 793.35405 9
e 243.34251 517.95447 11
e 537.03160 473.06690 11
e 62.97597 848.81151 10
e 129.24935 299.86543 9
e 660.98440 244.50537 8
e 180.50090 237.06919 5
e 220.57426 724.78791 13
e 682.83223 891.70850 10
e 655.75654 853.79443 6
e 422.78939 167.08605 5
e 611.44510 1041.03410 11
e 454.03856 745.94354 5
e 316.20439 205.96213 9
e 346.33371 324.45016 8
e 44.24465 739.97124 5
e 669.55307 318.96718 5
e 508.80520 983.64232 11
e 30.82765 155.52226 11
e 29.40247 289.78340 7
e 177.11714 53.81586 14
e 554.63468 454.45124 10
e 333.32644 858.95874 7
e 690.31855 823.09973 6
e 663.87272 815.35023 6
e 260.77409 262.63274 10
e 356.24813 315.17447 6
e 185.33036 589.14225 7
e 563.34559 162.89341 14
e 57.73761 50.88014 13
e 79.00625 507.66403 9
e 512.02551 954.12622 11
e 528.35107 807.98079 7
e 89.82997 998.12957 10
e 678.82613 1054.44612 10
e 138.67684 44.26527 9
e 220.12429 1035.22371 9
e 309.07917 687.54350 12
e 427.68279 435.12180 7
e 188.58094 345.63297 7
e 525.24975 122.48466 7
e 506.48966 682.26030 11
e 350.10085 638.34550 11
e 485.80356 393.78072 14
e 480.66661 1003.69520 10
e 104.85386 837.43532 8
e 197.70827 793.78960 9
e 417.40058 752.94107 9
e 153.91839 650.94071 8
e 543.28679 412.33995 6
e 376.46903 1055.12640 10
e 339.76041 585.55820 9
e 526.45838 606.62958 7
e 415.73723 330.33761 11
e 670.35454 719.35823 14
e 145.44940 929.90106 7
e 83.41402 522.32988 9
e 385.17115 750.96895 20
e 461.65868 730.82922 10
e 455.95697 1062.40057 13
e 198.63732 672.22523 4
e 620.82031 580.47300 7
e 341.21862 919.40181 10
e 152.89469 313.62402 9
e 348.10614 152.47503 12
e 376.98522 199.91056 8
e 258.58133 598.33392 9
e 269.03386 550.62267 11
e 553.26984 851.50820 8
e 572.99924 861.16661 11
e 247.56607 347.89356 11
e 550.44513 621.88184 9
e 246.14114 923.85947 8
e 98.89146 940.80666 7
e 207.31758 859.91686 5
e 501.85685 994.32718 10
e 138.70197 509.71428 8
e 641.46581 1042.17769 12
e 198.62561 752.05334 10
e 497.48897 805.52704 7
e 453.46445 447.03276 8
e 237.14571 183.78744 9
e 205.36634 940.20851 7
e 202.48251 476.97176 10
e 206.38414 649.39374 6
e 552.03846 147.48567 10
e 101.68874 591.37556 10
e 631.29975 162.05407 14
e 10.55804 21.08278 12
e 220.21873 98.52625 7
e 59.52828 428.84507 9
e 88.30680 57.81344 12
e 542.36313 755.89617 7
e 123.40529 956.10597 6
e 33.17225 85.50788 9
e 682.41602 265.86485 8
e 579.99985 207.73948 5
e 374.40444 168.54486 7
e 33.13143 754.17130 12
e 456.25012 816.03024 9
e 635.26435 55.17240 6
e 675.71134 927.58839 7
e 350.46374 673.97578 5
e 691.34316 770.40434 10
e 543.82171 142.13615 8
e 174.09084 362.18678 5
e 273.57072 112.76774 17
e 444.14249 280.98629 10
e 181.90080 682.26687 11
e 704.77662 773.92968 15
e 406.50514 555.61249 9
e 150.62550 411.47301 12
e 433.73189 629.19256 5
e 694.67860 140.96670 11
e 83.27778 936.57589 11
e 489.92637 349.20981 11
e 418.78908 484.11018 8
e 115.48824 931.90480 11
e 642.72136 289.66161 9
e 408.60166 201.10849 9
e 284.26351 926.16798 11
e 409.76855 924.32719 12
e 402.37399 547.79952 13
e 358.08796 61.77640 12
e 435.35254 499.27565 11
e 49.82308 537.66959 5
e 272.71026 877.29756 5
e 442.53624 266.90481 8
e 387.62778 436.03520 7
e 64.65958 251.87463 8
e 609.91614 922.25074 8
e 440.11991 275.15711 19
e 366.03414 531.08212 11
e 671.68336 1028.99153 7
e 550.61008 814.12436 9
e 436.14833 406.47449 8
e 392.15656 136.96978 4
e 610.23264 371.88960 7
e 89.74115 956.52034 8
e 560.44295 812.89766 10
e 177.51554 550.42890 8
e 391.25196 348.60853 7
e 235.74826 917.05047 14
e 691.44602 116.23999 7
e 88.46367 722.07518 11
e 349.35922 368.13457 5
e 247.18148 1037.52521 8
e 470.54831 760.19528 7
e 184.01377 264.20871 10
e 494.86467 979.60203 11
e 541.42496 433.37062 11
e 522.17862 1022.37609 4
e 169.01601 169.34456 10
e 40.39510 635.63831 9
e 66.59370 401.94930 7
e 150.53683 120.69764 7
e 408.84214 42.00200 6
e 216.95450 34.27477 10
e 119.11685 198.03333 13
e 163.55017 763.64795 10
e 378.88295 496.14931 8
e 687.25160 769.66436 11
e 122.11953 152.60553 8
e 489.83765 1027.60027 9
e 692.07120 554.00736 6
e 417.70714 266.96302 12
e 342.75284 104.50720 17
e 678.25349 239.17281 10
e 175.56834 711.28538 12
e 43.74140 546.39682 6
e 330.78249 120.49661 8
e 281.03646 710.24765 13
e 633.86814 601.20904 9
e 690.13055 481.34685 6
e 480.35909 101.45045 5
e 69.80471 203.23800 10
e 107.48799 317.92352 5
e 178.10584 438.69902 11
e 294.41031 1013.58585 10
e 196.12355 666.63025 6
e 150.17058 613.21788 6
e 277.07412 1034.18195 9
e 27.35365 501.56393 10
e 629.50910 133.39642 14
e 228.46184 441.41682 12
e 626.24118 53.56973 5
e 442.42113 876.13172 13
e 576.37910 688.61972 10
e 356.23917 616.61241 8
e 431.37670 663.91937 12
e 35.14808 220.40141 8
e 127.74191 821.15912 10
e 344.02339 117.71256 17
e 194.61143 115.29086 4
e 189.04527 748.92440 9
e 73.83870 790.82012 11
e 318.42512 204.32195 13
e 86.29301 301.58157 6
e 707.26771 23.09582 10
e 11.80073 361.39454 9
e 290.86463 515.62235 11
e 446.07382 257.03897 10
e 520.52250 1030.63984 13
e 67.27439 914.49189 11
e 469.29086 128.88375 9
e 50.34733 888.99574 5
e 448.99266 195.62318 7
e 79.99653 648.69664 8
e 67.13488 364.40398 11
e 280.31910 178.45271 9
e 655.82656 458.14484 11
e 651.29995 1000.52082 14
e 577.72122 25.15100 13
e 264.55784 900.72934 10
e 537.02096 586.85831 9
e 708.77293 295.58735 7
e 453.16210 385.66749 12
e 622.80503 448.59707 10
e 202.26532 119.14692 13
e 199.99982 434.74023 7
e 127.60270 238.15387 9
e 367.92927 225.27043 6
e 172.51646 964.28028 15
e 264.10276 161.88892 12
e 377.67180 692.48437 9
e 706.70779 977.98001 10
e 87.15511 1031.38143 6
e 188.39391 100.43742 8
e 681.66142 450.84372 8
e 490.70986 28.54094 10
e 114.87313 593.90801 4
e 457.45755 621.50342 12
e 180.53074 144.45171 8
e 460.37487 167.31238 15
e 209.23933 491.27066 6
e 420.85638 735.10013 13
e 360.13589 262.40470 8
e 538.33908 841.25917 4
e 224.00893 932.83506 11
e 11.77026 1009.74284 8
e 166.68532 357.32564 9
e 554.19661 994.11861 8
e 28.49655 1002.35259 13
e 158.13790 1017.73904 12
e 152.83594 105.46071 6
e 167.03095 874.74629 10
e 576.49000 802.82106 5
e 332.54795 60.28174 14
e 324.31445 270.61801 11
e 300.93368 746.13495 6
e 157.91108 813.10687 13
e 140.49769 676.07420 7
e 536.10014 147.66221 8
e 677.09871 778.49866 9
e 256.03869 193.90114 14
e 437.21099 808.20497 7
e 125.64872 67.17165 15
e 363.33785 499.19887 2
e 350.76519 834.86302 8
e 596.27931 21.84927 6
e 464.44386 173.11224 4
e 216.81327 797.74357 8
e 184.34062 29.06616 9
e 479.85817 668.97121 19
e 32.67424 1019.40863 8
e 271.53020 616.47133 11
e 86.20832 801.58900 9
e 671.39604 739.71089 6
e 573.73228 845.43057 6
e 346.38516 1018.60289 6
e 324.07137 496.05720 5
e 234.32704 702.18489 8
e 242.01351 81.53112 11
e 57.83561 858.81404 9
e 533.46193 431.33321 12
e 425.81862 40.71880 6
e 490.24223 967.20763 15
e 356.88814 874.89158 16
e 79.17987 247.94241 8
e 643.20626 388.04833 11
e 24.10226 187.55787 10
e 595.37047 1047.08981 10
e 521.00047 183.26129 12
e 657.83488 784.34978 9
e 694.16954 82.88048 8
e 612.30605 22.89727 11
e 516.24841 1036.33226 12
e 171.26200 35.52195 7
e 557.36877 910.68293 5
e 407.04940 121.59315 16
e 443.10007 852.37414 11
e 209.46553 1059.27644 8
e 414.69493 98.61621 6
e 620.70843 740.50323 7
e 372.87643 839.94910 13
e 257.56082 524.73739 11
e 556.38025 683.58486 10
e 654.22839 277.59168 8
e 361.36308 22.60922 6
e 442.98227 89.35932 9
e 329.96531 599.94564 9
e 448.96127 238.97961 10
e 647.01480 479.79834 18
e 46.89381 856.38509 11
e 97.67650 973.67322 8
e 79.71228 1023.71497 7
e 482.56023 1049.06928 11
e 676.72222 386.40425 15
e 282.93295 29.32564 16
e 375.64035 807.02670 9
e 425.62759 335.73211 5
e 215.34899 915.99603 12
e 413.27696 1057.79610 10
e 541.58310 729.95863 8
e 513.73132 342.03054 8
e 280.94364 422.12621 9
e 64.23280 40.18323 8
e 248.85236 953.41217 10
e 466.60983 186.66695 4
e 321.92135 482.78874 11
e 612.85408 684.54438 7
e 658.62997 21.63397 6
e 521.94460 319.30390 9
e 516.72501 957.21627 6
e 677.92015 436.29137 6
e 568.42404 731.36951 11
e 314.26912 459.27951 6
e 86.67695 432.01044 16
e 681.99918 550.36293 8
e 139.00580 181.07033 9
e 654.03985 534.65391 8
e 59.02187 317.75823 13
e 371.39491 612.32214 9
e 94.04400 29.04180 11
e 78.54399 487.62748 13
e 107.37823 654.58248 10
e 200.43202 411.77860 5
e 57.29249 836.67175 7
e 192.13274 632.00065 12
e 419.67368 142.68178 9
e 581.05054 679.12117 8
e 156.06886 110.86332 8
e 108.79042 306.86140 8
e 239.35073 735.82873 6
e 628.07611 400.95997 11
e 563.66237 94.80586 8
e 475.82464 245.55457 9
e 453.63952 184.06845 13
e 322.35046 938.29206 5
e 75.91850 713.87097 6
e 346.17855 819.87799 8
e 61.73304 948.31400 10
e 309.67047 747.67367 9
e 408.14443 933.67413 10
e 497.72731 816.57130 7
e 309.50144 130.90972 10
e 429.61910 220.38421 14
e 684.85784 849.38154 8
e 605.19139 170.93762 7
e 134.72493 515.91627 8
e 338.32289 21.39299 11
e 252.19149 756.41216 7
e 270.93723 494.58325 13
e 226.59480 612.13104 8
e 238.76209 27.82994 6
e 301.69169 723.76648 7
e 384.53174 834.04774 11
e 94.53695 287.47079 9
e 243.17024 234.62326 13
e 476.29130 1004.72049 15
e 449.07930 978.71778 11
e 469.24482 292.84550 9
e 145.17162 1059.63270 10
e 183.21914 137.44494 10
e 472.39387 369.45479 10
e 380.78505 295.66066 9
e 63.12307 543.21544 9
e 604.16283 807.46083 14
e 389.30555 750.55639 12
e 239.79040 772.00547 10
e 667.62590 49.57534 6
e 702.51637 378.24799 4
e 617.26444 614.81915 5
e 493.60688 75.72832 7
e 419.50359 886.22975 11
e 590.30182 656.95096 15
e 125.71421 857.36273 7
e 33.85669 840.67539 5
e 568.24021 912.82423 7
e 105.51843 218.19684 7
e 179.04552 518.98720 6
e 631.54032 625.25134 13
e 685.85922 947.13455 13
e 282.05431 247.66783 15
e 338.31288 516.60474 7
e 102.11349 466.54147 13
e 71.35125 746.01802 10
e 508.22046 452.09746 13
e 148.83903 669.17990 7
e 349.77640 847.65145 6
e 372.91908 395.92208 7
e 165.52324 1024.57257 14
e 185.26178 316.85844 10
e 651.72864 1067.78525 9
e 232.51169 202.55458 6
e 151.61206 78.74347 9
e 619.93159 683.12601 10
e 69.68780 290.59119 9
e 676.22892 785.10982 8
e 458.96690 831.64949 6
e 344.49728 1001.07533 9
e 293.77701 1041.47165 9
e 386.87862 998.28751 4
e 540.63989 360.61276 8
e 193.94168 445.85128 10
e 215.28460 576.58090 10
e 397.02204 921.78176 4
e 119.46556 624.79071 6
e 43.88477 180.13898 12
e 637.33731 523.74962 8
e 385.90274 168.14506 11
e 524.43986 831.66479 7
e 167.45473 51.72228 10
e 228.23899 182.35576 7
e 148.27705 29.35731 11
e 642.80509 91.39980 17
e 216.68164 444.01179 9
e 658.51342 1017.38104 12
e 243.98798 921.12001 11
e 539.67657 751.99385 12
e 339.92075 160.38775 8
e 489.57926 641.00210 8
e 342.45690 724.29217 13
e 442.35435 647.52763 10
e 142.63432 546.38343 7
e 292.55660 727.24541 8
e 79.14144 840.70269 9
e 48.77513 732.48222 10
e 609.10051 938.78271 5
e 52.95599 588.90899 7
e 481.33192 187.05806 7
e 481.60668 282.67621 8
e 688.39997 436.22823 7
e 645.97082 435.88539 8
e 673.36606 495.54191 7
e 525.97497 533.87579 8
e 149.96463 82.17232 14
e 253.40951 674.18736 10
e 377.04674 655.50977 11
e 75.19413 748.89194 8
e 682.29332 98.73979 10
e 142.72263 92.15788 14
e 470.79632 850.52704 7
e 253.07974 57.15348 9
e 438.07421 727.31071 9
e 500.78740 223.57610 10
e 18.72673 397.57166 10
e 693.50485 978.50955 8
e 527.31738 922.30722 6
e 85.94531 302.07359 5
e 238.37461 290.48486 13
e 418.53859 324.10143 9
e 486.96469 756.22806 9
e 282.36853 23.43919 6
e 18.36679 802.29212 10
e 138.28746 259.46520 11
e 114.59537 535.91684 15
e 569.31095 373.65931 6
e 257.92397 862.17021 11
e 674.25994 511.09963 9
e 676.90526 817.79837 13
e 279.50116 942.88792 13
e 517.34141 689.06185 8
e 225.28305 831.63165 10
e 582.16344 990.45920 11
e 475.57566 325.84318 10
e 606.44855 508.77965 14
e 670.45637 243.31077 11
e 210.12814 928.58274 9
e 282.52575 598.69369 13
e 534.86966 1024.62891 3
e 337.25929 483.00088 10
e 476.02516 543.18238 6
e 677.35540 835.47690 15
e 703.78274 494.05251 12
e 348.64210 848.12445 7
e 265.56812 595.42382 9
e 114.76814 297.76154 8
e 554.82693 195.85454 11
e 120.45178 244.75466 12
e 185.88773 663.36502 10
e 473.11159 798.26492 6
e 291.94122 63.83437 8
e 573.84600 409.98153 8
e 152.77188 883.71045 4
e 566.61552 835.17407 6
e 408.31524 503.70912 10
e 445.86595 273.86567 9
e 555.61454 798.79103 8
e 434.30405 907.84798 7
e 317.80775 638.91450 10
e 532.43281 80.95976 10
e 56.69895 663.95431 7
e 585.30697 297.97179 11
e 141.57828 10.58691 11
e 282.16057 971.48472 8
e 119.07463 360.27943 10
e 469.72894 710.20662 14
e 580.94735 51.29158 9
e 602.28024 830.61921 14
e 158.35789 822.61006 5
e 612.07794 760.29584 10
e 117.20771 60.26982 11
e 124.74897 734.67701 5
e 485.14485 247.64485 5
e 89.74765 1013.27155 11
e 58.21735 225.11335 12
e 182.42489 642.11352 10
e 48.62245 566.21929 21
e 662.00622 462.29295 4
e 373.49854 274.12130 9
e 219.78001 701.90822 7
e 677.01982 167.58187 14
e 441.02915 828.25303 13
e 526.75360 450.69220 9
e 373.99531 591.71819 8
e 567.98648 838.45387 11
e 420.24444 644.64755 8
e 278.47644 154.31506 14
e 613.48950 854.44603 12
e 274.74098 481.93522 9
e 65.81155 161.31125 9
e 502.24799 1031.48679 10
e 590.44392 1061.37834 18
e 132.21840 355.89531 5
e 180.87590 1034.35642 9
e 194.61824 158.38450 10
e 306.87772 228.81156 14
e 496.90451 46.91925 11
e 63.01658 1001.06144 10
e 552.41925 718.93111 8
e 466.08553 440.23176 10
e 230.34423 152.06824 6
e 62.27281 327.29773 6
e 410.80694 188.28951 12
e 604.46737 98.92185 9
e 365.69196 478.22642 11
e 242.24112 686.45599 4
e 210.58600 515.87075 9
e 75.27734 432.83315 7
e 228.10666 518.24273 7
e 375.66103 553.23353 9
e 372.92982 359.64527 9
e 598.40026 327.90808 10
e 580.86760 760.90874 9
e 232.16765 375.44772 14
e 34.73487 888.80308 8
e 556.95500 371.64378 10
e 379.28939 586.51215 9
e 521.40260 1023.39392 15
e 351.03211 531.68150 10
e 283.17632 855.74226 5
e 632.83457 1035.52016 7
e 641.30308 166.17834 11
e 205.58691 256.70948 12
e 417.61567 927.50007 4
e 92.99584 467.08249 14
e 695.47756 1013.48862 9
e 259.69329 413.29832 7
e 582.95387 454.43333 10
e 172.76706 329.31224 7
e 228.35896 762.80521 7
e 135.45627 807.98364 8
e 403.57955 12.79699 7
e 451.46499 209.96957 9
e 103.35362 487.57557 6
e 550.23732 1069.08796 10
e 13.60989 331.44472 10
e 147.91845 400.17374 6
e 524.25202 1025.67587 11
e 171.53897 796.79604 12
e 143.96958 926.38469 11
e 197.44837 643.39803 5
e 483.65824 877.43147 10
e 61.67715 966.17762 8
e 174.37052 770.21786 6
e 244.77750 641.04462 17
e 414.08215 802.40906 5
e 327.14315 645.24862 13
e 383.74278 457.12395 10
e 26.51902 955.18526 5
e 343.29639 982.29282 11
e 234.68843 783.84711 9
e 259.30879 865.74330 19
e 498.84957 791.87586 10
e 265.35761 342.30254 11
e 436.36058 980.50431 9
e 405.72617 869.94419 12
e 285.36672 990.22782 10
e 273.81037 547.95261 8
e 129.74712 1065.11339 15
e 346.90468 390.70323 9
e 26.65150 247.89569 11
e 613.18859 426.32963 8
e 641.76541 1067.27844 7
e 223.59892 74.00893 8
e 543.28042 774.83139 5
e 357.44075 939.05553 11
e 544.38497 373.83119 15
e 612.21011 1040.31715 9
