c ./output/rectangle/uniform/uniform-rectangle-0-1000
p rectangle 1000 720.00000 1080.00000
e 653.32936 737.63656 12
e 110.91184 536.70910 10
e 459.62819 1007.76857 8
e 188.85964 43.38823 7
e 195.42130 720.73851 12
e 71.58828 777.41948 8
e 621.86461 449.25448 8
e 469.98883 135.53490 8
e 122.41869 717.04903 6
e 195.74648 357.59514 9
e 571.80786 243.59764 9
e 136.69119 514.74262 11
e 49.43778 507.25446 9
e 370.32679 390.37637 6
e 504.79781 508.52055 7
e 369.55046 860.42877 7
e 385.61342 967.71882 8
e 382.98154 840.65511 7
e 150.12727 49.28360 13
e 663.75329 426.73555 10
e 96.14027 1054.68441 6
e 294.51722 1005.60557 10
e 222.55698 24.65452 8
e 173.71248 929.17090 10
e 326.19138 738.48704 5
e 162.35053 939.08262 15
e 517.17750 797.97160 10
e 639.71870 125.97137 10
e 575.54918 778.91420 9
e 684.75763 869.32055 8
e 154.73597 782.67461 8
e 123.64822 116.54864 14
e 182.68117 349.00853 4
e 213.67875 1004.33509 10
e 197.95880 663.67079 13
e 88.33860 977.28417 5
e 346.29664 272.86640 4
e 256.73251 377.02503 16
e 475.15353 37.40710 9
e 546.82171 274.54489 13
e 592.22671 686.70858 7
e 324.35439 954.47045 12
e 618.21347 846.04039 13
e 548.77321 1032.22745 5
e 151.65211 401.96573 4
e 350.74498 683.79490 10
e 580.87363 701.61533 7
e 705.74260 1041.48942 9
e 233.42567 528.25179 8
e 571.08250 145.35408 9
e 298.71950 926.05702 7
e 154.32015 698.67867 11
e 247.44768 735.24162 13
e 26.95655 1049.00274 13
e 47.47880 1009.74656 9
e 338.45645 760.24784 6
e 392.13004 812.11107 8
e 322.30765 997.55219 7
e 561.69645 135.29611 15
e 509.09053 832.50299 10
e 490.48535 716.40878 7
e 150.27123 1013.63469 10
e 511.38062 370.19292 9
e 708.45370 440.59623 7
e 92.12607 375.94196 11
e 323.27602 762.32857 6
e 567.22157 852.37251 8
e 222.73855 300.83315 5
e 172.76553 47.66454 8
e 647.54375 763.49529 6
e 16.97388 93.11885 16
e 454.31223 1022.73758 9
e 24.25574 398.01677 6
e 693.17255 906.63062 9
e 371.47760 522.15768 13
e 187.36119 908.89212 9
e 403.19528 90.98997 11
e 502.17606 615.73314 8
e 181.34173 584.68118 5
e 313.67767 156.39591 8
e 694.60231 299.29140 5
e 377.49921 590.72501 4
e 278.06543 58.10712 11
e 427.31260 429.99475 11
e 605.53218 951.68474 9
e 700.69711 830.98418 7
e 483.02747 780.73263 9
e 163.43351 901.38624 14
e 529.27487 939.73657 10
e 464.50823 987.00544 9
e 31.68105 370.60600 11
e 225.45947 761.43623 7
e 669.03508 998.88061 12
e 471.74357 449.96423 15
e 412.03629 328.80832 7
e 173.70231 14.62228 7
e 550.84018 656.16034 9
e 600.70178 121.82933 10
e 466.81838 25.33793 5
e 444.84457 264.32141 13
e 181.53964 18.41229 10
e 505.99652 313.50669 12
e 222.51455 951.46630 9
e 186.89457 627.93198 10
e 521.74668 645.71387 9
e 250.36025 621.13795 13
e 68.45569 1015.20282 7
e 554.56052 11.16239 13
e 521.66885 583.15351 8
e 591.90907 1021.48186 2
e 517.82224 630.15422 8
e 298.46064 311.19676 10
e 705.53771 702.04974 9
e 185.71643 922.84982 7
e 236.99162 689.80270 8
e 595.93310 185.53208 9
e 327.14214 1027.85763 6
e 352.87768 475.22831 10
e 355.40842 940.28523 7
e 480.39746 992.99387 11
e 466.39646 925.55228 7
e 215.67959 526.90142 11
e 18.22763 357.08442 12
e 553.14087 319.86924 6
e 487.68547 19.85219 11
e 178.34457 486.41579 11
e 25.84060 76.46996 7
e 414.20321 134.35670 11
e 34.53672 38.69966 7
e 419.67968 729.32416 10
e 539.97990 113.09296 9
e 446.19204 623.30094 12
e 542.69344 59.06614 11
e 221.99785 904.22649 9
e 441.27221 51.49466 11
e 697.56620 258.26662 7
e 493.96680 869.88362 13
e 669.21971 472.63482 11
e 226.34777 825.57642 11
e 392.16397 769.12734 12
e 251.21870 539.32975 11
e 438.44330 788.08416 12
e 297.18407 380.77914 16
e 302.40729 546.68105 3
e 32.18942 417.14101 8
e 407.34676 826.29994 8
e 510.48745 68.68385 6
e 691.61398 917.04604 8
e 90.79592 399.93355 8
e 21.56753 961.65836 8
e 192.31859 444.84407 8
e 275.50380 46.14341 11
e 203.91763 571.31670 8
e 534.19846 12.36508 4
e 427.58957 228.57864 8
e 513.84997 953.56227 7
e 539.89197 364.02180 12
e 449.65362 22.16781 11
e 27.00701 46.45336 8
e 352.01564 605.39975 7
e 15.71550 1060.50171 9
e 693.75991 1026.52368 9
e 105.90917 31.73049 9
e 85.31827 393.74563 9
e 91.47389 236.82845 9
e 16.11606 653.34630 10
e 542.18908 715.73852 12
e 191.46389 251.58026 7
e 134.47833 307.45747 4
e 705.87962 98.25478 6
e 539.37180 916.29782 14
e 193.70214 937.16582 9
e 677.02392 876.13386 13
e 272.31300 197.18302 8
e 405.13035 375.19036 9
e 483.30490 571.25594 9
e 13.15658 797.68186 6
e 654.47125 786.97910 9
e 489.39961 317.24530 6
e 676.62038 869.19715 6
e 534.67639 553.07386 6
e 518.34360 52.57675 5
e 191.03751 248.12081 13
e 249.67072 590.99251 8
e 381.62050 503.44459 10
e 603.24426 15.69869 4
e 281.46957 691.47082 11
e 480.13236 22.33855 8
e 257.19727 628.66672 9
e 598.34854 1031.13264 9
e 426.31444 286.85317 10
e 341.15992 203.30697 6
e 532.38637 847.56544 6
e 154.69497 816.97951 10
e 345.22985 251.12433 14
e 178.01958 169.98547 11
e 552.85708 186.31601 8
e 128.90059 11.05551 9
e 188.09134 466.36410 9
e 653.82891 289.02507 9
e 339.58392 849.82264 10
e 455.43036 886.64431 6
e 564.40003 211.75517 6
e 532.10410 401.92302 12
e 469.89872 930.56931 9
e 641.33103 1069.25541 9
e 38.96828 479.26477 10
e 44.20174 121.70915 8
e 430.38480 668.88898 16
e 581.44074 620.47198 8
e 110.19633 81.38985 8
e 501.01584 666.64767 12
e 374.11837 474.30499 8
e 256.24176 781.53913 12
e 530.13444 664.32930 10
e 454.15708 937.46068 10
e 131.05044 324.17781 12
e 499.17625 761.30270 8
e 46.35408 1014.58344 11
e 231.28537 893.88928 15
e 220.86800 92.76849 8
e 420.69266 571.40977 9
e 379.59999 328.81775 7
e 62.97207 551.89122 10
e 521.57343 378.10354 6
e 106.75354 226.36751 7
e 316.88418 581.57178 13
e 703.65747 523.59524 8
e 141.59156 244.65512 6
e 311.29872 451.39242 6
e 621.68442 33.47704 8
e 503.51796 1035.85685 11
e 365.71947 338.49761 8
e 152.51845 985.53370 8
e 338.45873 91.75979 9
e 635.60074 279.30108 9
e 251.19746 433.86649 8
e 78.37123 78.57542 6
e 259.52639 466.95874 11
e 396.64176 587.89211 10
e 332.06418 204.75463 9
e 116.86809 409.28540 8
e 345.76701 307.93092 15
e 572.29633 290.18996 4
e 22.57301 705.58892 6
e 613.66710 412.55675 7
e 106.73156 686.14436 15
e 188.66967 672.62034 15
e 549.36565 230.88430 13
e 284.41121 447.18689 7
e 219.33972 13.77187 4
e 405.53403 762.03246 8
e 247.04803 46.87595 6
e 698.98493 996.01145 8
e 664.36909 409.06966 9
e 381.35854 974.40154 8
e 501.80392 357.06128 14
e 202.05759 961.50171 10
e 48.27260 520.22047 9
e 441.42491 503.04870 6
e 149.91391 364.00861 10
e 405.22474 73.65514 9
e 638.45005 678.19143 9
e 319.73596 783.80468 9
e 199.13080 1049.66748 8
e 696.33174 61.41354 4
e 154.64914 294.30377 10
e 407.06885 402.07554 7
e 609.85627 22.10268 11
e 327.15236 234.72363 7
e 648.10225 242.97985 15
e 356.10200 643.89252 13
e 263.29576 633.27205 9
e 474.07423 71.99397 10
e 662.46624 715.39956 13
e 109.68676 576.92168 17
e 351.14079 679.80105 12
e 354.40286 803.86359 12
e 28.31118 359.83739 13
e 391.96197 13.22815 8
e 625.13731 920.86735 9
e 633.84540 597.78646 8
e 170.11299 681.04443 6
e 624.11988 640.82172 7
e 631.43160 1051.63015 6
e 288.41604 605.41382 8
e 705.62507 27.53444 9
e 57.19130 480.60417 10
e 412.49847 1033.47582 7
e 515.11397 586.98661 6
e 611.64290 621.49144 10
e 287.90538 191.28318 13
e 359.35546 448.01388 9
e 610.66333 483.91186 9
e 629.14532 81.75292 9
e 250.66314 52.08657 11
e 629.98648 718.58783 8
e 92.72817 1020.27306 10
e 20.94756 750.13412 3
e 301.43176 413.73474 10
e 559.90490 721.50863 7
e 505.19618 54.41180 8
e 55.10192 866.39403 10
e 303.49029 417.68826 9
e 258.19245 36.12868 10
e 615.37064 962.58364 10
e 531.28813 877.95144 10
e 264.83188 101.73840 12
e 390.46332 234.25719 5
e 562.92717 464.66323 9
e 436.16252 15.16809 10
e 259.56312 762.19756 9
e 535.33326 297.22033 6
e 434.59216 945.23802 5
e 25.60785 635.19538 4
e 370.65619 78.55140 7
e 396.50532 819.28397 7
e 401.81634 728.42937 8
e 327.52195 192.74163 14
e 284.15555 247.94809 5
e 19.84363 136.02586 13
e 204.49326 884.79391 7
e 414.19258 373.26682 7
e 647.96325 169.30131 4
e 660.85037 824.56394 10
e 256.83990 754.24305 6
e 402.51342 346.13547 13
e 434.72369 713.71382 9
e 405.68906 253.09268 9
e 659.60371 1010.39675 6
e 494.74807 277.08687 9
e 685.98932 474.59263 7
e 538.50018 624.85623 6
e 146.46949 73.22391 8
e 370.58569 632.92036 4
e 122.86442 745.34329 10
e 586.68756 879.26882 13
e 379.66569 65.80346 8
e 190.82189 565.78292 12
e 468.78355 169.86265 7
e 112.88757 511.10068 9
e 528.51103 342.42604 9
e 233.52446 465.16818 10
e 186.22419 213.20275 13
e 467.84975 260.88924 13
e 78.28684 697.29738 14
e 172.98966 160.34318 11
e 276.42323 1041.67739 8
e 433.05361 750.55501 11
e 31.80739 275.45118 10
e 645.58512 338.13641 9
e 436.07798 913.21230 4
e 365.57657 16.06668 6
e 290.33514 839.53708 7
e 138.22358 689.45986 5
e 409.92016 146.21741 13
e 570.71262 444.06904 8
e 564.66918 777.06884 8
e 264.88037 446.66943 5
e 383.08065 915.40505 8
e 241.29583 567.91144 8
e 535.17914 396.60696 12
e 449.15406 92.85018 7
e 114.03491 673.33618 10
e 637.30326 115.15092 10
e 181.62702 888.51927 9
e 640.34846 184.54351 7
e 113.49651 229.86228 6
e 681.17890 321.09445 8
e 640.83902 551.37151 10
e 30.42483 226.31570 10
e 615.70389 409.61570 7
e 535.17417 372.08434 15
e 687.60363 916.69391 8
e 531.68674 197.88541 12
e 53.42394 239.32458 8
e 238.73667 848.02161 11
e 147.80661 933.32155 8
e 332.09908 1052.00737 16
e 702.33430 460.22628 10
e 207.04401 760.13787 10
e 703.40003 548.94717 11
e 233.06696 111.86601 8
e 621.07738 933.57209 5
e 492.99561 994.03666 7
e 163.25557 512.95266 11
e 339.40639 857.75539 11
e 416.89191 364.79617 7
e 467.11031 282.54884 9
e 349.15490 773.93524 15
e 418.15115 24.54727 5
e 133.11849 728.78789 15
e 613.04689 246.19467 7
e 607.72543 862.67284 8
e 513.71221 376.87160 8
e 708.68886 347.28314 14
e 424.43874 74.18800 10
e 65.51367 67.16165 14
e 331.93282 499.53318 7
e 350.40793 485.50744 4
e 46.54415 266.92518 10
e 494.12826 467.35004 10
e 290.61660 343.03002 9
e 464.24331 177.94498 10
e 75.18522 168.86986 10
e 688.60354 997.62038 6
e 182.27620 466.55780 5
e 427.31000 503.37737 10
e 506.98350 812.71014 11
e 97.00390 231.09766 6
e 282.52733 472.05810 5
e 182.60726 646.72749 8
e 645.88519 357.07229 10
e 516.86601 39.86377 6
e 654.10157 272.11502 11
e 628.57739 1024.84581 12
e 261.83048 870.96499 4
e 620.64587 487.89480 5
e 482.11594 931.36072 11
e 180.65975 814.62534 9
e 650.38763 645.12804 10
e 433.98125 602.14724 10
e 501.40000 84.41027 10
e 707.81421 935.53670 11
e 489.11186 82.63355 15
e 683.60975 979.71876 6
e 259.28035 759.77186 5
e 357.48092 769.16250 12
e 172.74555 61.76231 6
e 245.23860 472.93020 7
e 300.82937 863.31657 10
e 686.45832 768.52705 9
e 361.85191 459.86759 7
e 190.68731 229.63499 10
e 55.31820 990.72467 8
e 511.26505 514.11271 10
e 700.52587 199.13821 7
e 452.92422 939.05113 7
e 302.67476 423.33432 16
e 49.42480 531.01407 7
e 357.53398 697.26775 8
e 241.60149 38.44942 10
e 373.11815 42.20911 15
e 525.90484 379.74090 19
e 694.44789 394.11684 5
e 464.02081 41.66850 9
e 482.81443 78.64604 6
e 639.62759 678.35203 14
e 33.98765 555.67876 8
e 106.72676 491.78389 10
e 159.54174 391.09719 7
e 696.20519 798.73002 7
e 566.21856 910.68345 14
e 131.91740 961.56806 11
e 382.77643 555.21659 11
e 295.26576 372.63312 6
e 264.61855 1007.90965 11
e 618.55575 458.87740 8
e 350.70841 1068.69781 10
e 334.79950 442.76440 9
e 358.57126 481.56255 5
e 367.75405 1007.50646 10
e 17.04373 383.98369 7
e 645.83117 936.63210 11
e 221.93001 678.52508 10
e 526.38936 74.00314 11
e 551.68955 336.57500 11
e 614.78323 365.28905 14
e 427.98496 272.15514 6
e 648.09765 62.02771 12
e 289.26329 683.66059 7
e 42.79559 822.23967 16
e 83.35639 412.52141 8
e 659.67195 72.63881 11
e 470.66486 508.04422 8
e 314.65443 383.73270 13
e 48.88354 343.00242 9
e 148.69766 708.53228 10
e 117.78608 696.80718 10
e 451.12613 566.50928 6
e 598.09189 911.88584 9
e 266.14889 55.69988 6
e 149.10278 645.19045 9
e 395.28187 896.27992 7
e 701.48760 788.46181 8
e 485.19135 731.49201 9
e 644.41404 536.49226 11
e 442.27261 263.86665 5
e 430.99340 217.39781 11
e 352.84300 783.01409 4
e 340.85134 370.46499 11
e 534.29987 69.27572 11
e 183.34045 974.87523 10
e 153.58354 862.44249 8
e 696.51265 49.69670 4
e 493.62179 867.88803 12
e 126.70245 556.30367 7
e 511.91638 488.30632 5
e 637.01978 539.63490 10
e 51.63229 232.32749 13
e 245.86878 356.60001 14
e 140.62716 918.07659 10
e 691.24227 92.51920 6
e 194.75666 545.68122 6
e 40.67839 280.83592 9
e 605.59165 748.26239 11
e 589.56742 1061.50188 11
e 298.14495 807.13331 20
e 675.63960 394.87498 7
e 136.08357 269.12651 11
e 174.14187 921.84281 7
e 570.71643 786.21897 14
e 196.14249 632.42641 13
e 302.11585 130.22730 6
e 467.65054 938.71684 7
e 25.89902 404.36738 10
e 504.35980 988.92263 9
e 363.08736 258.08292 13
e 628.03825 835.88076 13
e 619.91625 653.30957 9
e 480.16122 499.78711 8
e 687.33779 798.24520 7
e 28.51233 321.46894 9
e 276.48766 444.48542 8
e 234.54076 984.56497 4
e 361.05063 249.43439 8
e 34.51725 539.23365 9
e 583.95921 615.72903 14
e 396.40788 194.65528 9
e 519.21559 255.53089 7
e 312.42058 846.55620 9
e 529.96657 830.49334 12
e 272.28438 1048.89285 13
e 429.57521 274.07971 10
e 26.27567 296.30051 13
e 429.32018 992.21679 7
e 582.73341 182.01991 6
e 436.53893 686.16868 11
e 470.19081 509.91509 11
e 653.89263 101.49763 8
e 244.76932 554.81065 7
e 637.75908 946.16334 10
e 622.43126 177.37574 8
e 122.38219 181.21415 7
e 223.39880 901.24113 11
e 320.33674 1002.64154 5
e 479.23216 569.82570 8
e 236.04705 268.14378 11
e 251.92315 358.14362 6
e 463.12221 645.32714 7
e 24.80389 77.63309 6
e 135.82401 896.71184 11
e 435.86222 573.21135 15
e 671.40720 168.85957 9
e 188.61623 26.09362 13
e 650.93249 895.32234 8
e 603.70357 431.26491 11
e 126.48264 264.66845 16
e 58.45190 777.87152 7
e 401.34318 228.83610 16
e 121.24367 114.00239 7
e 614.75625 631.51386 5
e 33.98499 889.95537 12
e 603.07328 41.92151 8
e 333.73832 623.74409 10
e 417.06383 633.19710 6
e 452.86277 189.07174 10
e 81.99745 21.66304 7
e 548.48858 114.74896 8
e 336.72399 451.96816 14
e 238.26825 479.48620 9
e 523.32643 482.26319 7
e 542.62005 462.67748 7
e 321.72592 41.98769 11
e 606.24317 985.50633 8
e 692.60531 1045.36032 10
e 289.34519 739.63771 14
e 163.32956 104.66992 17
e 142.29135 200.40541 3
e 240.58763 513.31916 13
e 65.74698 270.49182 10
e 291.90476 586.34537 5
e 315.35067 17.16681 11
e 363.55075 599.40689 8
e 247.84707 674.30909 9
e 78.43825 1033.76993 10
e 172.89261 23.79555 11
e 240.27846 538.96927 10
e 281.77696 1000.13942 11
e 569.93995 554.68561 7
e 103.33585 946.64539 13
e 306.33784 81.63878 12
e 708.84005 548.76103 7
e 543.46459 193.05918 11
e 696.64649 258.08207 10
e 589.36001 873.46638 12
e 384.22342 532.53605 10
e 119.48354 402.00103 10
e 498.83197 777.04616 6
e 335.55574 946.01847 11
e 35.51614 891.22791 10
e 623.00726 896.80697 8
e 174.69828 153.56024 10
e 26.82794 34.19471 10
e 641.49351 363.83581 4
e 248.09873 438.07041 4
e 76.79307 587.85200 11
e 489.35976 1056.41043 13
e 158.94365 278.19397 5
e 403.83108 1012.16794 9
e 674.14712 396.89412 9
e 133.37711 374.02685 16
e 261.08744 76.72056 9
e 515.20098 119.04295 13
e 566.18288 1035.85231 11
e 552.27771 732.23393 6
e 341.18945 96.43687 10
e 207.68682 760.78121 8
e 484.26383 307.02654 8
e 107.76044 996.11863 9
e 699.79241 603.04217 10
e 506.72055 573.30465 8
e 30.52557 687.32293 16
e 56.61653 615.89997 7
e 463.81635 722.24003 14
e 331.77705 208.22573 17
e 174.35443 232.47376 5
e 404.83392 753.01413 13
e 132.16627 994.39723 7
e 156.18829 654.72774 7
e 526.47961 630.50634 9
e 480.14190 15.99928 10
e 531.06159 294.48660 10
e 238.90947 407.44118 8
e 578.18506 485.43150 13
e 704.36248 703.10111 6
e 362.74854 485.71087 7
e 455.34008 188.96515 6
e 480.98231 953.24465 9
e 287.27602 136.11715 7
e 459.03933 638.64911 13
e 434.78719 754.29150 6
e 425.65358 290.79939 14
e 390.88729 533.30670 8
e 159.04041 92.88384 8
e 227.10265 1016.11221 8
e 152.97634 127.29325 10
e 571.62758 604.29385 15
e 377.27761 473.54981 13
e 367.79349 419.88882 10
e 56.26026 33.25031 6
e 58.72090 575.62822 7
e 365.84827 450.10822 7
e 315.73861 42.98073 10
e 422.73672 256.24707 9
e 456.42949 956.60412 9
e 199.62759 970.53906 7
e 611.83988 947.69889 11
e 412.75522 170.25865 9
e 635.48329 949.89160 8
e 551.17929 322.26638 16
e 668.39438 814.67304 7
e 227.93022 393.88461 10
e 276.51741 998.74910 7
e 433.44641 835.27494 11
e 668.77815 35.60710 5
e 290.93578 866.75865 7
e 364.43490 672.01065 9
e 635.97582 612.94071 14
e 155.48852 970.44434 7
e 362.31700 966.46255 5
e 653.24049 499.18522 9
e 660.41732 316.46910 9
e 699.56806 263.20651 2
e 114.10985 811.23001 12
e 632.34995 332.83184 11
e 51.56593 1026.62787 10
e 264.04073 495.90478 11
e 625.58870 573.02884 6
e 526.28562 252.38203 6
e 50.17625 930.35057 11
e 83.95223 12.37931 13
e 639.38822 592.63495 11
e 57.99829 193.34954 11
e 501.20338 1012.62929 11
e 276.71864 462.09972 12
e 621.27619 121.68314 12
e 492.87639 1025.79312 4
e 360.71050 92.65639 13
e 570.85565 640.90024 5
e 93.54973 272.05997 8
e 326.92772 512.27164 9
e 577.72498 365.57100 9
e 643.74518 1056.50964 10
e 15.20680 829.83373 5
e 163.93488 945.77909 7
e 569.86341 676.58649 10
e 356.48720 981.17885 8
e 179.99963 368.46092 10
e 11.28534 651.80730 8
e 621.16702 495.28070 4
e 371.97049 426.69780 13
e 397.90710 268.90232 6
e 130.73466 753.66124 6
e 259.20219 72.66255 15
e 551.46377 658.47812 7
e 706.12686 580.45407 9
e 556.51281 346.17502 21
e 494.32055 325.78371 6
e 225.39453 43.63839 7
e 303.48811 859.31656 12
e 470.10602 218.62256 15
e 451.22464 965.69319 8
e 139.34562 672.36194 11
e 625.84961 357.86927 6
e 313.73376 413.25700 10
e 414.43492 829.64921 9
e 187.70481 438.73714 13
e 29.67186 735.89296 7
e 518.33879 103.25238 8
e 207.36068 646.84292 8
e 313.74241 140.26984 8
e 306.72856 663.32697 7
e 24.72410 393.05961 5
e 361.07563 738.04741 10
e 27.10630 497.33280 5
e 12.47732 584.02490 5
e 463.86098 998.31999 14
e 118.40726 293.96963 6
e 488.16738 81.36597 7
e 171.67189 682.56356 13
e 533.96160 216.13815 8
e 333.59444 896.58257 15
e 706.98137 791.54433 11
e 696.67926 540.88302 8
e 247.36704 920.77802 6
e 389.19175 469.52059 8
e 164.85792 799.74839 6
e 408.23407 595.51029 7
e 195.82970 702.71211 10
e 248.61422 294.17192 11
e 67.66655 541.00351 8
e 657.91800 840.66448 9
e 161.46094 49.17755 7
e 278.33768 169.44219 17
e 467.65168 1043.98502 7
e 361.48155 773.41527 8
e 322.31829 18.80786 6
e 357.55879 506.97183 6
e 144.87180 332.49666 8
e 38.24476 938.09456 8
e 21.52317 38.48472 6
e 368.23341 942.38072 11
e 194.67853 1026.21783 9
e 42.17921 863.61094 10
e 96.60912 676.12191 12
e 12.67920 528.93982 7
e 571.27703 903.16994 9
e 533.44145 119.85958 12
e 13.74523 686.38848 11
e 119.01548 814.89678 9
e 545.21415 257.08009 7
e 132.20570 289.29421 11
e 691.17643 187.01865 11
e 182.35052 1003.56571 6
e 577.60343 862.93210 10
e 637.54027 680.56428 11
e 457.07803 288.05632 8
e 62.37126 386.01019 9
e 382.81166 1041.50406 9
e 633.20055 147.76494 8
e 535.86567 516.53986 9
e 303.39176 597.54394 11
e 128.27005 102.45881 10
e 70.20929 769.71148 10
e 658.23973 1045.73488 12
e 325.95992 169.83195 7
e 669.76627 495.90990 16
e 501.42638 632.22937 6
e 650.98966 871.96652 8
e 197.56902 1056.72560 4
e 643.35593 493.00920 9
e 157.29459 821.20419 8
e 204.84253 800.59063 10
e 79.04123 518.70154 9
e 94.76686 280.12972 8
e 578.16802 162.60365 9
e 348.84953 857.81847 5
e 434.06165 323.00485 11
e 559.75677 202.96185 11
e 122.80169 858.15839 8
e 517.74563 622.52779 12
e 366.06024 712.43092 7
e 227.12063 562.33976 10
e 464.87513 423.14042 10
e 665.28267 80.65743 8
e 55.22659 792.92954 10
e 460.68037 626.13123 7
e 487.22233 292.80201 12
e 454.41823 687.66782 8
e 158.88858 607.65631 9
e 312.06781 915.83260 8
e 531.37009 614.44342 10
e 676.49983 753.62555 11
e 677.02315 1059.42652 11
e 396.04260 120.34085 9
e 262.49231 833.63327 8
e 59.95567 370.78469 11
e 513.00015 539.17956 6
e 395.47740 216.53982 7
e 213.58531 729.27104 10
e 652.11512 366.84009 7
e 222.20934 490.26673 12
e 167.24841 952.61890 4
e 477.92470 755.11021 10
e 587.56711 491.94451 7
e 277.10797 748.40484 10
e 576.03558 994.43941 8
e 655.11387 170.72833 5
e 10.24595 123.22097 5
e 654.59754 137.04735 14
e 430.77951 822.87782 6
e 82.30982 517.96072 9
e 59.39040 1023.96251 10
e 583.79331 285.80161 16
e 200.62778 419.30735 11
e 190.14298 398.93856 10
e 133.74799 173.93936 7
e 645.54820 327.62500 12
e 610.90734 411.10143 8
e 98.37438 802.33497 13
e 578.95067 763.16648 9
e 129.83104 296.05843 10
e 416.16870 23.36753 12
e 585.85188 49.76888 14
e 167.12340 524.86032 12
e 293.81014 697.25660 11
e 268.43692 987.66373 10
e 371.91185 756.83433 5
e 510.94537 899.33334 8
e 198.37849 342.27745 5
e 284.21522 886.73779 8
e 589.71994 237.58714 9
e 451.29893 264.29947 5
e 276.64757 341.53760 10
e 324.51331 284.24931 10
e 650.68084 224.74606 11
e 89.74900 512.15687 6
e 220.64117 1016.37999 9
e 525.34005 837.10775 7
e 309.01664 1060.98198 11
e 344.42532 46.97081 4
e 106.90642 783.67100 12
e 93.62782 380.44450 14
e 556.58031 632.36725 8
e 317.16769 748.67051 8
e 571.79511 881.02087 8
e 333.17828 306.75061 9
e 149.27225 450.56897 8
e 438.72968 848.92717 9
e 37.25927 635.15994 14
e 650.75174 549.03837 13
e 336.72564 71.77304 7
e 46.68743 1039.95129 12
e 620.10303 922.49027 8
e 378.12421 876.14335 8
e 632.45990 576.82218 8
e 122.34061 777.19247 5
e 226.10520 68.60512 6
e 539.06812 368.53870 10
e 449.90748 508.85978 5
e 468.94050 100.99639 11
e 341.53811 1030.12106 10
e 537.79116 511.94674 9
e 330.12239 75.66839 4
e 242.20505 714.18078 9
e 97.29479 943.97128 10
e 55.47175 940.52896 9
e 140.29257 465.22798 10
e 216.34399 1030.40900 8
e 604.18495 198.40213 4
e 620.46643 95.36856 10
e 313.18504 735.30394 10
e 508.17554 596.88526 7
e 398.35436 517.75693 10
e 695.40235 818.15604 11
e 190.65426 498.42650 8
e 230.21466 177.57538 8
e 362.14961 1043.96014 8
e 45.45872 428.40187 10
e 242.03491 978.44636 8
e 395.40606 515.78273 11
e 421.93948 18.73909 10
e 226.79818 238.86606 6
e 355.87856 557.97143 10
e 674.50378 88.44561 13
e 118.59651 840.56103 15
e 323.94097 160.65148 12
e 306.76698 23.06985 14
e 130.64761 636.37869 10
e 514.47705 443.66277 10
e 99.42653 456.38648 11
e 623.84122 1040.49330 9
e 145.54721 775.94830 7
e 443.22884 134.40062 16
e 300.23858 73.52856 7
e 584.06848 90.90918 12
e 339.13003 950.55687 15
e 694.74350 865.72089 10
e 520.67298 169.45869 7
e 29.01997 795.63206 7
e 437.72858 177.76491 5
e 218.61819 682.60465 7
e 583.36757 655.14210 9
e 141.99495 419.34051 9
e 319.30928 773.40487 13
e 124.60573 885.99143 9
e 643.11026 863.73216 5
e 162.76507 349.18630 8
e 243.46054 117.82898 12
e 596.47723 667.83578 4
e 384.80165 1043.67991 8
e 243.55586 948.63390 10
e 152.25940 753.53514 10
e 521.78356 54.32857 7
e 89.98260 659.35179 17
e 68.34274 591.04623 6
e 361.99513 650.41656 9
e 158.99623 790.58964 9
e 291.66300 840.86008 6
e 166.58526 337.30331 5
e 144.71408 24.26940 5
e 288.34264 363.82323 9
e 342.02031 138.67598 10
e 108.07430 177.36090 16
e 104.29094 819.40840 13
e 26.30443 504.69726 8
e 606.11922 406.43908 10
e 299.19068 223.86280 11
e 261.49420 56.22571 11
e 338.11022 507.76986 6
e 464.02542 799.15728 10
e 302.30894 602.66102 8
e 338.81472 646.50324 6
e 202.51736 601.69234 6
e 307.14869 449.46422 13
e 56.54077 67.61718 9
e 414.83537 484.89877 12
e 106.72458 69.25681 12
e 104.30554 1045.12635 12
e 556.44236 251.90547 7
e 21.72726 279.76874 15
e 271.94431 816.78276 7
e 45.33510 579.30018 8
e 426.81207 347.54623 8
e 497.77079 789.43524 11
e 691.81222 736.84894 7
e 375.25484 1016.66891 14
e 196.86339 747.49792 6
e 634.82902 338.59189 13
e 671.41169 295.89859 5
e 364.86657 463.82132 9
e 583.99747 113.03623 11
e 52.86414 1062.10809 10
e 211.74397 626.38458 10
e 262.15747 82.38281 11
e 495.10097 292.08884 7
e 88.13242 935.32704 10
e 396.20543 665.33055 7
e 129.39847 833.14386 10
e 492.31433 51.04010 8
e 12.05937 873.33995 6
e 307.08342 499.78766 7
e 277.07222 899.12489 7
e 625.48179 439.90491 14
e 491.73687 254.68800 10
e 351.45021 242.25099 6
e 181.80004 416.07415 6
e 16.07907 183.70828 10
e 268.24245 559.93028 8
e 495.33923 391.14095 8
e 56.69966 914.77584 9
e 398.87936 828.13263 11
e 113.06748 496.51239 10
e 76.45380 276.41591 11
e 262.10488 759.16769 8
e 264.76168 964.11949 15
e 101.21383 136.16049 16
e 668.82974 389.53453 12
e 239.41237 323.30788 12
e 43.59044 555.90176 12
e 459.85155 605.23720 13
e 430.99636 224.86251 9
e 294.54560 543.73402 9
e 551.42729 654.27047 10
e 649.72980 987.54384 12
e 313.87818 30.18103 14
e 619.11070 895.47210 6
e 598.80615 979.24047 6
e 497.13194 126.44765 8
