c ./output/rectangle/gaussian/gaussian-rectangle-8-2000
p rectangle 2000 720.00000 1080.00000
e 50.52788 537.79529 8
e 199.54087 546.93748 11
e 53.27809 539.44661 9
e 190.11498 735.81299 11
e 148.64235 287.56034 5
e 164.19612 529.33394 13
e 53.91457 389.98610 11
e 132.71303 644.62873 6
e 230.26996 411.05159 8
e 142.52581 779.22047 8
e 152.99116 531.37655 9
e 27.81367 440.13083 3
e 223.45216 559.56731 12
e 253.19068 583.19931 11
e 134.77679 385.35083 13
e 247.38307 617.04792 7
e 228.59548 441.47216 10
e 357.98935 432.85141 8
e 166.76940 687.96000 13
e 147.78580 493.88279 10
e 116.80775 458.34507 10
e 141.77589 358.11729 8
e 81.91389 581.89796 8
e 93.47404 486.06366 8
e 29.60436 195.95365 6
e 153.89551 568.75600 9
e 51.11900 626.86916 7
e 107.85866 762.93147 14
e 217.58351 473.67109 10
e 83.46403 619.49212 9
e 185.44893 606.11018 9
e 175.99184 607.54747 16
e 179.98010 749.79651 9
e 46.14059 356.01657 14
e 98.67055 480.43339 11
e 132.16250 519.67701 11
e 122.66971 882.58003 12
e 296.29304 516.45195 12
e 313.39407 458.23321 6
e 50.35723 400.47367 8
e 177.91779 698.53419 10
e 186.35994 677.85824 11
e 109.29357 598.27719 5
e 34.15663 767.18253 10
e 114.87647 801.86314 10
e 188.48400 512.75572 10
e 280.72531 790.55241 8
e 142.63820 700.53991 8
e 73.95007 280.45791 10
e 38.15374 516.99460 6
e 216.68880 582.39639 4
e 218.03825 637.86119 8
e 131.74055 337.82905 7
e 180.17985 419.18741 9
e 269.05153 599.51216 11
e 237.12457 650.38009 9
e 136.14223 516.06136 9
e 169.57457 429.27208 16
e 87.47638 131.30435 10
e 172.04822 532.08100 6
e 199.77178 716.47889 9
e 123.91975 663.30856 6
e 179.30908 672.45653 15
e 279.62603 420.75481 4
e 230.10581 505.14302 7
e 181.19718 526.31066 7
e 260.19042 302.96579 6
e 109.75614 549.93716 7
e 212.75649 648.95334 7
e 209.03253 339.42246 10
e 136.40307 555.40974 8
e 223.75743 443.11802 5
e 282.75800 477.06925 10
e 105.11664 543.47071 11
e 36.52534 743.25559 7
e 120.29805 710.56373 8
e 157.29664 383.63339 9
e 267.54092 418.73951 9
e 356.48118 434.58994 10
e 227.33769 535.55484 9
e 438.33329 779.98776 9
e 52.88200 508.31807 8
e 250.12825 342.13379 11
e 139.42650 481.12233 11
e 46.48618 606.94179 9
e 130.25928 375.37704 12
e 140.81122 417.66146 6
e 150.37556 503.28628 12
e 300.12907 494.21923 15
e 243.17718 590.53991 8
e 115.33722 643.28838 13
e 142.58576 653.09503 6
e 121.51103 403.25990 9
e 122.01080 614.71136 5
e 110.10667 596.95523 11
e 274.02238 461.45305 7
e 188.05809 779.78008 5
e 183.55318 678.13258 8
e 201.23361 602.01948 10
e 23.66567 591.10352 13
e 120.30002 466.53700 9
e 189.70502 582.41042 9
e 159.81274 287.47421 11
e 12.55099 485.64129 7
e 211.82639 737.68919 11
e 189.93194 656.81396 12
e 265.17693 650.82471 9
e 169.89638 473.08442 5
e 184.59335 702.92428 7
e 313.86131 509.08742 9
e 243.90662 519.13831 7
e 110.20664 540.95681 7
e 187.41821 513.53699 8
e 188.47551 603.51282 11
e 155.57437 443.19634 9
e 87.54798 447.69006 11
e 6.07930 425.51446 5
e 138.37257 717.12654 8
e 179.49863 782.83461 7
e 91.97880 450.38700 12
e 289.18083 351.11904 5
e 143.58649 545.91070 9
e 215.38459 437.56126 9
e 68.66065 616.33131 8
e 71.75426 775.21187 8
e 205.53043 388.00761 8
e 129.32762 555.62835 8
e 63.78613 787.41983 5
e 154.28804 397.63217 7
e 23.54730 515.48798 6
e 317.40952 628.73721 13
e 118.30239 809.97898 10
e 181.65772 245.57641 6
e 91.15469 850.72051 8
e 166.54818 491.97407 10
e 261.64878 416.13478 9
e 160.91606 156.87054 8
e 217.19519 684.78561 8
e 53.07018 602.23294 8
e 143.14233 720.70329 7
e 147.22174 619.41578 8
e 197.62022 516.84686 8
e 307.63786 732.42810 9
e 74.55382 342.08750 13
e 76.40753 433.99895 9
e 273.69710 563.94211 12
e 231.69885 112.89211 9
e 93.66963 754.18069 6
e 112.57721 688.86673 11
e 164.75736 723.87156 8
e 121.71157 377.52804 9
e 28.79613 616.85793 9
e 157.07484 474.48825 9
e 241.42872 594.63872 5
e 34.26368 633.32183 12
e 139.49670 599.17391 9
e 189.79483 503.51306 13
e 231.51907 652.49478 10
e 233.19824 297.40467 7
e 127.24551 723.45751 6
e 176.44675 551.86480 12
e 127.98593 579.66518 5
e 57.22366 792.89980 8
e 25.77941 462.15955 7
e 129.34707 410.83726 11
e 197.44548 630.26273 11
e 123.96148 567.58374 13
e 231.76817 571.11632 10
e 90.69987 449.68592 5
e 239.39773 527.20710 9
e 160.98855 654.34691 10
e 44.66370 583.89008 11
e 142.91898 332.85262 7
e 159.02858 340.30819 8
e 148.13827 720.41157 7
e 224.13798 469.02294 7
e 179.01509 595.68115 11
e 190.78313 508.65385 11
e 125.48853 433.07592 7
e 229.75261 461.28254 7
e 254.64091 587.52373 8
e 33.88859 749.59579 10
e 310.79718 512.55980 10
e 92.14830 664.50032 10
e 198.83410 677.41591 8
e 126.90682 351.70335 7
e 124.24825 509.43579 8
e 129.12089 379.01917 12
e 58.57292 656.93543 8
e 193.05875 716.00458 16
e 141.81553 597.37889 9
e 56.28217 377.09603 9
e 227.46333 350.39536 7
e 268.65908 735.26429 5
e 164.21823 416.02468 9
e 165.91921 661.20056 10
e 76.09849 399.61416 8
e 289.25101 584.67394 6
e 179.07386 662.11273 7
e 164.43899 616.91219 10
e 136.60707 349.05291 6
e 23.28587 531.81685 13
e 32.75318 650.44436 12
e 52.05717 680.17749 7
e 122.34977 642.56275 9
e 80.16527 434.34659 13
e 86.55603 501.63956 7
e 155.38506 9.22280 10
e 77.71577 685.11012 15
e 154.73785 695.94422 11
e 192.74104 360.52662 9
e 96.28824 289.04828 11
e 213.05622 617.87577 10
e 98.08864 587.98290 12
e 198.28404 654.54620 5
e 93.84898 621.05315 9
e 211.11259 590.27705 7
e 188.82421 576.67672 7
e 72.78818 334.22001 11
e 226.52309 744.00638 11
e 141.82108 588.77254 4
e 143.63112 183.20650 11
e 96.05277 692.26940 10
e 116.80628 483.77143 12
e 215.27500 577.79320 11
e 19.37024 646.46631 8
e 165.17946 422.16038 10
e 138.77297 805.16749 11
e 114.46518 381.46264 12
e 219.74384 476.06825 7
e 122.71695 606.08133 9
e 98.94440 178.80892 6
e 170.81124 547.43408 10
e 82.03510 596.63180 7
e 281.36508 588.07813 10
e 219.01637 466.24070 11
e 282.54700 581.10026 8
e 214.10097 587.43129 7
e 6.04142 290.44916 10
e 106.38380 584.10695 16
e 139.52394 800.62518 9
e 254.63028 1008.62841 8
e 346.18441 513.41248 12
e 66.92705 377.74349 6
e 57.72710 588.01376 5
e 10.62793 590.41997 7
e 261.40849 333.12022 8
e 210.45900 462.80928 11
e 173.54977 729.20753 12
e 150.25518 665.72128 8
e 70.81642 417.67374 13
e 236.54707 442.71979 9
e 286.02961 378.76622 14
e 109.74928 454.33564 14
e 199.36076 587.77824 7
e 153.16023 339.27250 9
e 129.54485 351.49525 10
e 127.07766 506.76863 13
e 92.17505 545.52335 5
e 91.69029 357.43505 16
e 29.45945 329.60414 7
e 112.62939 313.93549 7
e 267.49649 357.78232 4
e 202.07918 741.89626 18
e 109.75213 604.65765 5
e 210.33135 485.73563 8
e 242.45134 546.65258 11
e 365.91064 356.95036 8
e 39.90873 390.18501 8
e 196.77351 555.28959 9
e 93.55802 801.55357 10
e 222.45011 361.10617 9
e 162.03272 388.96186 9
e 106.53391 642.81796 6
e 184.24580 497.46655 8
e 289.07230 712.08927 11
e 143.94794 602.02436 8
e 182.55282 343.45461 8
e 249.10016 467.61580 9
e 48.02913 561.44012 7
e 100.11843 777.14007 9
e 71.48817 254.83609 9
e 114.25804 551.49506 13
e 310.59507 594.04802 11
e 147.12047 667.68227 4
e 86.37878 438.29952 12
e 115.39615 333.39807 11
e 67.98438 294.08823 7
e 143.45351 630.13304 16
e 73.07296 538.83840 10
e 87.08195 748.90136 10
e 59.08026 405.45806 7
e 116.88194 693.66323 7
e 95.47203 477.97939 4
e 9.86066 703.77074 12
e 186.11040 444.54739 10
e 209.41774 646.95713 8
e 320.14314 833.19249 15
e 147.96159 503.00196 10
e 79.73747 811.65823 8
e 51.40955 854.59810 7
e 178.90333 395.19792 5
e 286.17265 447.14286 5
e 211.79719 759.11422 6
e 13.35163 476.89905 10
e 243.77623 587.95194 11
e 121.98167 730.30359 8
e 288.54377 575.88871 11
e 94.07185 396.09380 10
e 117.93267 521.73544 7
e 173.31350 794.72772 6
e 227.57326 621.21778 5
e 105.87417 606.72097 8
e 144.68299 476.13329 11
e 49.34245 627.34719 8
e 144.50336 713.81318 7
e 237.43347 833.54136 12
e 268.89755 279.27525 8
e 182.50442 615.75274 11
e 195.81690 367.73167 5
e 251.68778 418.63028 10
e 334.56048 579.10827 7
e 137.09384 530.75101 6
e 247.12557 450.27005 11
e 231.75589 578.56382 7
e 203.74333 590.48558 12
e 151.10401 363.37984 8
e 247.73247 590.70585 6
e 243.18971 493.67592 14
e 171.57322 522.28343 14
e 82.57156 576.67946 8
e 128.05192 787.88631 10
e 87.75481 508.52128 7
e 179.33330 215.24167 6
e 71.85758 451.70803 12
e 96.62556 395.61199 4
e 225.63608 779.43645 9
e 239.66473 661.39365 9
e 83.96292 514.35480 8
e 12.56036 1059.26912 10
e 226.72921 623.27713 4
e 79.81736 551.58371 11
e 82.59575 621.50751 14
e 107.28912 351.06651 5
e 123.55522 403.68633 13
e 141.08958 466.23349 9
e 94.25623 216.77688 9
e 107.72863 760.67359 8
e 226.21052 518.14287 8
e 65.56008 448.13251 14
e 70.64596 301.60719 10
e 276.98813 539.80260 4
e 65.34220 249.70281 15
e 65.56321 477.76746 13
e 148.23556 378.01215 7
e 139.31647 330.87113 7
e 206.26733 649.63918 7
e 173.75417 711.85636 8
e 108.49173 610.41209 9
e 21.99412 501.77713 8
e 297.75025 655.78387 9
e 98.71840 451.61452 10
e 79.37257 553.33100 4
e 143.10455 505.94830 10
e 152.37637 399.53017 13
e 223.56643 586.46841 8
e 206.54605 507.78055 6
e 220.20819 747.33277 8
e 197.53899 483.65269 13
e 200.22484 741.27482 12
e 53.22727 856.50053 9
e 280.81874 645.80843 7
e 240.66980 441.69780 8
e 110.87272 816.24794 11
e 271.21517 349.81506 10
e 100.67389 353.87542 11
e 126.26319 782.77113 11
e 155.30271 779.15729 12
e 76.43791 543.36050 8
e 259.84346 655.66039 9
e 83.58459 316.97829 6
e 196.82172 694.16827 8
e 173.97891 656.78961 14
e 149.03145 523.81051 10
e 106.64460 473.12106 11
e 173.96093 528.87798 10
e 121.00297 610.51376 6
e 88.25712 586.03244 5
e 226.32155 637.76893 9
e 108.05315 358.83823 7
e 208.52357 601.58153 6
e 43.40574 580.86301 9
e 26.69614 702.30797 9
e 175.82742 671.69997 9
e 251.01146 546.78828 17
e 59.13119 534.25900 13
e 165.40193 597.68289 4
e 187.54141 596.26543 10
e 164.08345 648.89000 9
e 261.27726 784.85186 8
e 109.59678 478.56426 9
e 30.70551 616.01071 12
e 118.75144 743.29821 14
e 210.79599 550.37345 9
e 201.83970 576.91152 11
e 51.75564 433.40676 14
e 145.26847 277.49801 16
e 159.82734 590.31825 17
e 215.23245 705.57532 7
e 134.63206 653.86737 6
e 248.50241 928.16242 6
e 52.95086 846.98849 6
e 166.89026 358.77081 6
e 93.06979 829.05616 9
e 159.32337 304.03008 4
e 143.51279 529.95865 8
e 320.15898 706.95968 9
e 181.71914 494.89622 9
e 36.08621 676.02307 7
e 142.77142 763.97614 16
e 331.52987 402.87879 12
e 100.18702 724.13405 13
e 131.48515 623.95010 8
e 226.65578 588.97349 6
e 167.20578 551.13753 12
e 11.01914 291.21103 13
e 151.63842 775.90861 5
e 58.56597 407.95995 11
e 238.75186 632.71913 8
e 248.24132 668.33805 10
e 109.13088 639.04586 6
e 318.73463 329.52092 7
e 142.12844 369.66570 8
e 152.06251 705.93954 8
e 66.24736 402.14333 14
e 178.48831 685.43917 11
e 31.74519 354.69736 10
e 70.44855 750.93676 9
e 181.11661 639.22315 9
e 189.86205 280.23387 7
e 205.52653 559.03343 10
e 202.57667 680.87518 10
e 132.30176 545.48525 3
e 131.11389 608.47855 8
e 178.80258 655.70399 6
e 302.46285 623.29735 7
e 248.45567 417.56653 8
e 345.44383 351.70841 6
e 129.27057 525.52968 5
e 224.44617 711.87025 8
e 139.66792 637.17319 11
e 218.13834 435.97347 13
e 241.80865 545.24605 7
e 39.79591 1009.88688 5
e 99.24475 498.91262 10
e 38.02843 342.42223 12
e 24.81919 576.19296 9
e 109.84225 822.18679 5
e 27.76657 556.10190 13
e 70.13270 848.10059 9
e 77.48062 641.05176 4
e 85.14005 490.16316 4
e 164.57217 875.18050 4
e 337.82623 735.45431 12
e 311.51397 484.52154 8
e 244.89441 492.32706 7
e 134.32857 639.13825 8
e 49.63674 405.95333 11
e 51.66434 759.56393 7
e 146.63048 589.20185 14
e 131.23494 631.06377 12
e 304.47447 183.52652 7
e 27.07835 488.85656 7
e 196.95982 779.98993 13
e 102.62413 659.30489 7
e 254.61820 479.06067 21
e 266.46573 719.61929 10
e 198.58535 349.79205 13
e 73.76177 471.94712 9
e 221.59170 606.37982 12
e 44.16506 413.42850 10
e 22.16903 470.33250 5
e 235.41160 610.97559 10
e 165.82419 376.85182 12
e 33.67265 385.13809 10
e 142.26009 797.38101 9
e 164.85200 271.03114 16
e 329.72364 543.89248 9
e 267.90267 503.85456 12
e 74.37833 593.25236 13
e 128.46717 446.61282 6
e 229.39312 537.29907 10
e 158.91118 588.94318 6
e 251.69786 565.70196 15
e 83.70536 627.78715 5
e 243.28487 576.08850 5
e 215.19404 858.15327 9
e 345.91197 551.36106 12
e 134.89565 417.34896 12
e 217.81452 374.41327 8
e 62.20373 485.64828 10
e 32.71023 484.31431 7
e 112.41224 735.36475 12
e 91.16615 728.74265 8
e 203.21869 688.57755 9
e 148.20706 434.77632 11
e 118.80144 786.29362 10
e 191.94451 733.71294 6
e 18.70413 609.00211 7
e 149.06173 667.31938 7
e 129.72110 115.26171 13
e 161.24459 480.79152 12
e 208.54444 338.66448 7
e 56.10837 674.09091 6
e 219.50350 316.84200 10
e 67.77761 457.81614 10
e 70.12940 686.96960 5
e 264.52482 431.71395 11
e 221.02893 490.85491 10
e 184.43303 719.82590 8
e 220.66344 429.04391 11
e 215.68549 794.65176 6
e 247.80546 946.91172 6
e 278.55211 733.22393 10
e 175.75277 776.65770 5
e 76.57000 637.52784 9
e 204.70348 613.03631 10
e 24.76253 600.68463 6
e 95.77175 572.75080 8
e 179.14180 548.08249 6
e 188.39936 663.37946 8
e 119.80169 490.99525 8
e 358.10178 700.33527 5
e 189.68013 588.58835 10
e 196.89389 607.71543 7
e 73.42261 556.87318 8
e 87.71700 332.86275 7
e 9.30236 716.59798 9
e 82.85537 649.02442 15
e 142.42717 825.26494 9
e 172.40841 442.77937 9
e 74.26245 954.51788 7
e 281.90381 489.16270 12
e 37.30220 500.76658 21
e 37.84902 747.50561 9
e 231.66707 474.43333 8
e 232.25184 692.41566 7
e 223.61122 646.05432 8
e 194.54431 528.17693 9
e 102.99024 696.11531 12
e 150.68229 280.95275 11
e 40.31550 696.28858 9
e 239.96166 525.14003 8
e 119.06197 894.36472 14
e 272.95885 646.13769 8
e 80.68835 164.42025 10
e 64.43517 609.79891 5
e 118.07995 544.53426 8
e 117.88701 419.53141 6
e 182.99668 649.61064 8
e 174.83213 864.79786 6
e 109.18910 590.66257 14
e 159.74133 465.16188 11
e 209.16351 489.53923 5
e 178.70955 504.25176 7
e 168.69978 623.08756 13
e 234.30894 959.04274 6
e 51.68668 391.50215 9
e 318.64200 760.79131 7
e 191.08362 132.37815 8
e 20.14335 546.79110 6
e 39.87302 617.21335 8
e 195.28087 550.69921 15
e 245.23284 433.97531 10
e 205.45322 584.24265 6
e 116.13438 478.43204 6
e 59.08569 565.31370 15
e 239.32510 619.59683 10
e 129.12938 447.95153 4
e 185.44040 621.33269 16
e 151.13926 369.34278 6
e 132.04723 631.67551 9
e 62.66845 613.61430 11
e 170.93071 748.90185 7
e 229.52700 241.83330 5
e 174.02736 482.94021 8
e 132.69959 310.72411 8
e 65.96125 161.95519 7
e 181.72265 664.49327 7
e 74.47185 656.82914 6
e 29.56208 414.77353 8
e 108.25876 970.63671 7
e 100.53634 767.49095 10
e 106.27415 517.86561 5
e 65.45294 511.76504 8
e 126.68657 438.97484 17
e 114.14324 359.82500 12
e 138.96230 461.24017 11
e 96.58005 640.14153 5
e 96.95888 500.94769 7
e 88.14915 771.59047 5
e 170.88065 556.78201 11
e 72.67440 496.83541 10
e 47.09724 540.75118 9
e 180.52918 406.65900 8
e 184.35784 863.16793 12
e 99.25508 455.28543 7
e 44.73914 607.25935 6
e 151.16238 491.67377 6
e 70.27616 551.74134 7
e 125.65909 443.87149 9
e 199.97066 804.52030 10
e 133.87795 722.64030 11
e 173.79178 586.38266 8
e 135.56282 423.68703 12
e 115.83551 267.56877 7
e 214.63266 228.12447 11
e 46.42554 687.85636 7
e 63.93506 337.61947 7
e 172.78961 664.65580 6
e 242.42418 782.84076 13
e 329.60574 657.03707 14
e 61.66902 480.40541 9
e 43.43211 546.96455 7
e 71.46156 471.71591 15
e 198.97908 394.52357 7
e 330.97613 571.48547 16
e 353.35765 565.54030 9
e 118.54537 557.89985 7
e 203.99503 480.26718 7
e 263.58573 513.09351 18
e 287.76726 461.68867 7
e 148.68786 503.25369 10
e 194.40423 346.13026 7
e 160.28833 482.80445 11
e 117.88508 421.12929 9
e 139.04422 269.42137 13
e 88.61493 509.17833 21
e 255.18190 564.07531 13
e 309.07812 798.89894 6
e 93.23943 719.39863 8
e 282.50469 499.35484 8
e 171.44306 832.55912 5
e 238.68816 363.11183 13
e 172.94642 497.00411 5
e 101.51562 799.11444 10
e 170.19845 639.51743 11
e 241.66546 514.63511 8
e 247.73537 667.57886 12
e 168.52726 594.80775 9
e 120.80699 668.42476 10
e 236.73401 629.46741 9
e 111.75262 546.41365 5
e 8.63462 548.40728 9
e 81.88437 522.49192 12
e 149.71376 754.47136 7
e 208.75818 419.82157 17
e 128.75957 476.25133 10
e 217.66792 515.69021 5
e 274.09952 398.23344 9
e 91.19943 304.23587 13
e 70.70120 577.74410 10
e 147.98420 460.22150 11
e 144.17643 606.38290 6
e 171.84555 608.08479 5
e 285.74157 437.60552 9
e 105.68973 378.04377 10
e 232.53860 736.35625 10
e 109.45820 538.70766 7
e 266.24595 651.38411 13
e 286.01567 605.12300 9
e 84.39097 432.57450 13
e 128.44917 253.90758 11
e 143.62225 583.30746 7
e 88.34725 466.25655 7
e 286.52925 422.59676 6
e 189.12679 509.13234 15
e 142.55574 599.54319 4
e 27.86006 585.14885 17
e 129.48272 872.62234 9
e 174.03186 362.50048 9
e 83.68343 624.06112 7
e 141.16551 697.10374 6
e 87.79174 397.32145 8
e 160.43647 563.88121 8
e 138.44334 706.74842 15
e 82.10555 665.68851 8
e 129.78048 332.96714 6
e 173.76120 668.19334 8
e 87.29223 627.76120 9
e 59.68513 563.13271 6
e 63.28663 723.20894 7
e 180.96275 347.14277 6
e 209.27684 498.66363 10
e 89.69829 339.32753 15
e 35.92100 574.25159 8
e 20.83611 655.21566 11
e 20.26106 496.76845 7
e 74.50500 811.06182 7
e 219.24125 960.13171 10
e 167.11592 695.66613 21
e 241.71960 349.17721 9
e 73.88472 555.28323 13
e 101.61741 396.26458 10
e 49.66627 397.66114 8
e 179.13745 534.81028 8
e 188.96634 495.41745 7
e 102.31774 342.59834 7
e 59.14834 710.40209 6
e 98.93961 607.33155 9
e 183.71018 285.92931 9
e 249.70023 657.40969 12
e 213.04878 470.68788 7
e 206.61206 439.12669 11
e 210.59176 361.74409 14
e 169.27793 461.00485 9
e 102.33825 522.26559 17
e 75.42164 611.40901 10
e 157.71003 668.26729 8
e 20.91924 516.27638 12
e 35.86092 474.13456 13
e 139.99375 618.42965 8
e 142.54952 336.69849 7
e 221.47673 797.59099 11
e 302.82965 378.59607 5
e 193.89081 595.82859 10
e 65.57998 349.81923 9
e 110.19138 589.59562 7
e 74.00061 325.41426 6
e 72.35744 399.95271 7
e 64.68261 553.83281 9
e 354.18003 311.34686 9
e 103.78312 573.45505 13
e 93.65265 566.14796 12
e 152.68293 484.69588 11
e 201.03963 456.88684 5
e 196.59329 473.55532 9
e 161.31573 560.66239 10
e 122.17393 502.47433 13
e 92.68590 332.13243 7
e 165.59462 319.37587 4
e 172.19268 506.39193 21
e 40.41254 643.59064 9
e 88.39766 733.29235 9
e 169.94599 740.61881 16
e 56.60386 256.84540 6
e 119.23991 404.30598 5
e 39.78658 754.05455 8
e 258.75509 630.58255 8
e 106.70882 369.04975 12
e 192.79416 608.45706 7
e 158.10832 728.84770 7
e 139.29858 359.33131 6
e 131.12698 639.85029 7
e 196.18421 600.15145 8
e 266.93358 525.74118 8
e 114.77693 393.19838 8
e 126.74232 514.19308 15
e 56.44991 543.55422 6
e 111.05542 676.07918 7
e 233.69675 797.11656 9
e 129.64427 664.34141 9
e 241.19094 648.94748 12
e 56.81478 747.99986 14
e 59.06178 699.49658 7
e 34.49189 783.17221 11
e 195.58900 667.15357 13
e 215.35112 317.21739 6
e 344.00855 646.33687 9
e 82.58667 526.99971 12
e 150.81156 718.59887 6
e 231.10759 393.55114 8
e 157.22421 283.55665 9
e 157.51708 782.28766 9
e 38.84443 402.66206 9
e 191.83465 598.49336 9
e 99.87584 635.34849 14
e 231.83172 322.21628 10
e 239.23895 561.34334 9
e 155.74163 815.44888 10
e 31.07558 373.39918 6
e 107.29357 563.05701 8
e 179.34607 708.01711 3
e 158.51871 556.55606 14
e 280.67356 930.97439 9
e 126.89442 661.58447 7
e 129.19606 918.89249 8
e 106.41139 739.91247 10
e 248.38262 673.07193 17
e 137.36572 702.41016 9
e 121.50133 770.12086 6
e 149.12297 586.68844 10
e 258.78721 575.23859 6
e 78.88783 392.62681 5
e 177.68628 606.77194 9
e 48.72770 258.46881 9
e 89.57706 550.19531 13
e 51.46056 485.30997 6
e 69.19389 467.55410 6
e 107.02035 630.41997 9
e 162.26326 510.99623 5
e 282.82277 429.22440 7
e 108.65437 562.25811 7
e 110.20654 724.31371 7
e 43.98202 517.91919 10
e 149.47255 684.31927 10
e 155.18634 502.42960 8
e 78.24162 521.26940 10
e 133.88881 464.12875 9
e 53.16706 736.39115 9
e 246.86371 359.40736 11
e 132.58583 431.63582 9
e 127.44822 787.04443 9
e 188.69741 499.35709 9
e 211.91914 383.42894 7
e 16.94106 328.17079 7
e 22.53325 424.76064 7
e 139.83198 571.90207 9
e 193.15999 269.92361 6
e 260.13425 467.94234 7
e 107.84271 468.11624 10
e 46.14908 679.45323 8
e 118.40322 478.48835 14
e 270.53126 490.21016 4
e 139.40767 583.68875 6
e 137.93382 550.16187 13
e 126.68079 547.22748 3
e 181.53156 360.87858 8
e 115.63014 290.35346 11
e 149.42711 597.73227 11
e 163.39702 466.21530 10
e 203.83656 539.47206 8
e 199.12203 278.82853 16
e 261.73989 566.73646 9
e 76.28678 473.86810 9
e 50.21936 665.58089 10
e 243.64943 649.32320 8
e 125.38113 829.56443 9
e 40.90680 303.22977 9
e 297.30535 446.07291 14
e 257.51431 578.09892 9
e 36.74546 600.38660 7
e 200.14114 853.67423 8
e 91.90953 760.79963 6
e 108.37800 644.05440 9
e 108.65090 625.31275 7
e 142.25669 502.47133 3
e 37.14940 426.15242 16
e 210.95409 495.30321 8
e 240.75011 538.26983 9
e 2.34592 407.82604 15
e 138.26605 439.24061 7
e 190.88772 533.41738 9
e 96.32150 694.35028 10
e 68.80212 449.57639 7
e 242.09791 259.64395 8
e 114.12516 842.83600 9
e 185.98196 431.02566 13
e 152.43716 448.10370 8
e 307.45480 390.21262 14
e 244.64035 370.72023 5
e 155.68573 434.39321 6
e 189.33498 744.65240 3
e 210.67689 624.53492 8
e 191.04100 491.57705 8
e 253.31477 620.99531 11
e 134.24554 422.06122 10
e 183.37739 733.16063 12
e 210.46941 386.85847 8
e 177.28542 343.36679 13
e 256.20067 479.31506 14
e 233.66355 628.19640 8
e 99.95131 414.60445 9
e 212.60883 203.52504 13
e 100.30811 390.26328 10
e 12.66427 500.83541 6
e 108.54294 550.32139 8
e 311.55336 461.64707 8
e 90.92654 794.35529 15
e 277.49984 420.72378 10
e 206.27034 519.65687 9
e 191.88587 339.03419 10
e 50.46163 534.32623 8
e 263.53358 422.48313 13
e 191.73913 640.75925 6
e 171.36022 418.32119 15
e 143.54720 452.85709 8
e 203.48327 415.82001 4
e 94.87291 522.23425 8
e 78.50011 523.48921 4
e 105.80417 360.85457 7
e 237.44919 516.04383 6
e 288.77941 654.28814 21
e 144.02074 530.58519 9
e 50.28235 213.22018 10
e 5.16391 416.43883 11
e 54.31710 531.82689 14
e 126.05159 658.18121 15
e 258.53522 583.72175 12
e 187.48504 701.24015 8
e 132.02961 648.13028 11
e 67.37092 671.06226 7
e 128.34644 558.97561 10
e 93.29123 549.37038 7
e 145.91763 381.84727 13
e 134.61493 356.02466 6
e 112.19145 551.27665 10
e 109.49312 102.24708 12
e 16.79759 344.73165 9
e 135.16411 326.10136 11
e 56.22489 486.58976 5
e 111.51675 351.50450 7
e 186.94182 505.30455 7
e 63.58409 541.17276 11
e 228.33643 341.28842 9
e 215.43898 736.82395 9
e 158.65686 963.29358 12
e 57.06075 652.77261 8
e 182.15790 890.73894 7
e 243.15604 412.85360 9
e 200.14617 718.77542 17
e 128.84755 428.07201 11
e 73.98234 350.31873 6
e 212.83996 468.63066 9
e 116.01456 600.54869 10
e 119.06541 433.23872 8
e 1.02246 265.28517 7
e 135.65606 566.32528 8
e 74.75783 697.52756 12
e 207.40166 263.21385 10
e 201.80646 521.71201 10
e 249.92274 536.93614 8
e 199.15644 569.39387 15
e 180.49145 529.78263 8
e 10.29776 276.00542 12
e 83.21594 601.51609 9
e 139.24973 409.47676 13
e 217.21157 541.00897 12
e 151.72728 744.09707 9
e 115.60032 511.19983 12
e 195.44486 498.61270 6
e 134.23998 431.43439 11
e 74.35836 637.39117 10
e 95.20914 557.95621 9
e 165.68421 530.58759 5
e 227.64510 560.48741 15
e 126.06519 388.42829 8
e 221.56872 714.36133 12
e 208.28808 431.72740 6
e 133.17635 443.05729 11
e 112.17240 308.25549 8
e 180.50482 448.85445 9
e 94.57238 576.63000 10
e 337.29354 528.78192 8
e 99.49117 567.37367 14
e 103.67761 392.39780 10
e 38.46966 804.02950 12
e 106.16075 276.16000 7
e 131.14249 642.66187 6
e 435.14432 499.05856 10
e 269.31427 597.71179 11
e 79.44701 632.45043 8
e 32.61394 369.72139 12
e 161.58332 447.22730 12
e 15.27956 190.65977 8
e 193.63579 585.23833 7
e 78.91190 769.98837 8
e 316.25591 332.36866 3
e 116.77034 713.77355 12
e 198.11131 788.19086 6
e 3.27068 557.35005 7
e 187.58780 471.42667 12
e 38.62919 483.68479 13
e 133.73135 436.97065 21
e 99.71726 496.18447 8
e 187.39543 488.57474 5
e 217.73494 518.87367 8
e 120.46960 623.90302 9
e 144.01729 381.59158 12
e 225.95208 498.79068 13
e 43.20218 506.80575 8
e 244.30235 646.14760 13
e 125.52900 881.60472 10
e 239.63329 660.55323 11
e 4.76167 719.45113 8
e 227.98606 654.82239 11
e 184.58665 463.96329 5
e 77.41569 592.72503 9
e 67.28044 409.86259 8
e 74.40824 272.59151 14
e 159.56576 431.63309 8
e 120.69907 407.62723 7
e 171.69652 468.98534 7
e 177.78365 499.37420 8
e 249.78805 439.98159 10
e 234.46934 478.19304 8
e 131.27986 454.12616 11
e 140.68591 674.78836 10
e 206.27921 618.15294 8
e 111.33850 539.96490 9
e 212.48447 509.93636 9
e 154.16979 616.16944 11
e 159.70684 675.50759 19
e 159.82238 715.64483 10
e 117.42390 396.13016 8
e 149.94870 847.90373 8
e 139.66540 638.27256 10
e 192.69214 509.49676 13
e 237.22751 541.42013 8
e 165.40636 643.25001 11
e 164.37205 366.82860 16
e 39.10198 437.83226 12
e 256.11773 713.83853 13
e 132.46270 305.26349 10
e 219.44921 292.26424 15
e 229.56974 458.74917 13
e 124.69701 739.44715 6
e 215.63414 234.29945 9
e 222.84525 707.72915 10
e 200.32126 476.78857 9
e 79.49030 784.71787 10
e 45.26640 596.28704 6
e 203.46722 724.19234 8
e 277.18005 413.12721 6
e 17.03353 508.16992 8
e 86.82057 721.53317 9
e 298.33767 563.34725 11
e 251.03480 232.53389 8
e 328.80880 589.63093 7
e 88.77303 302.38927 7
e 123.36059 419.57703 11
e 187.67158 539.88785 11
e 129.28922 913.34491 13
e 97.91261 926.24755 14
e 160.65659 502.15764 6
e 324.51723 432.32892 7
e 176.27783 434.11390 10
e 175.74249 757.77131 12
e 73.44649 532.69565 8
e 159.00171 693.10522 12
e 192.37685 383.68323 11
e 81.78550 355.35405 8
e 89.84594 696.84546 11
e 118.41924 568.51362 5
e 25.89448 432.90196 9
e 123.48166 634.44534 11
e 259.07138 497.92598 9
e 170.98597 848.24053 11
e 166.05002 401.43095 13
e 174.51067 721.89201 5
e 216.05575 534.08624 8
e 218.14099 539.70347 6
e 405.74865 303.30646 12
e 52.80577 430.26451 7
e 226.74418 763.89530 6
e 285.71429 339.46313 6
e 175.52428 604.20758 10
e 81.05514 402.75426 6
e 90.52576 575.40861 8
e 187.47005 471.12926 8
e 197.46312 680.27174 10
e 168.88989 432.96078 8
e 307.57352 703.89001 9
e 115.64136 542.75786 5
e 135.42286 702.38122 7
e 155.36258 672.23542 15
e 135.55163 718.14719 12
e 205.74808 353.08101 9
e 133.03667 509.43892 8
e 90.93415 524.57978 5
e 121.25492 508.61537 11
e 93.11134 678.23643 4
e 132.06099 507.53176 12
e 340.67305 617.15306 5
e 39.28519 490.27106 8
e 272.72598 564.22340 13
e 71.63512 757.20588 13
e 74.75157 815.50447 10
e 131.31773 719.23275 10
e 282.83461 541.87754 10
e 66.26390 607.98316 13
e 223.15838 572.81919 5
e 143.86115 294.56645 10
e 106.56804 480.51673 10
e 89.47764 519.36066 13
e 251.36583 647.92607 9
e 70.93981 384.34920 9
e 211.73572 602.61510 7
e 83.96574 498.93593 10
e 17.19786 269.13540 8
e 182.51062 616.39406 10
e 131.51089 302.04050 7
e 129.62102 547.47819 8
e 32.15116 593.10554 7
e 53.45743 667.69678 9
e 105.64648 612.13611 10
e 97.87031 898.80217 8
e 83.15417 482.85001 6
e 111.27882 706.28583 10
e 118.20601 642.32863 10
e 123.24920 723.55048 7
e 85.27278 583.59964 19
e 118.61253 680.19232 10
e 138.32030 560.79718 9
e 73.06079 413.20235 6
e 247.02393 385.62720 4
e 170.43913 286.31103 9
e 320.51602 625.39355 9
e 215.70454 463.84908 10
e 277.74178 562.65351 15
e 136.60519 883.73576 6
e 102.32828 582.79518 6
e 191.12526 272.63151 7
e 138.30220 476.16576 6
e 55.41689 367.46013 6
e 134.47279 613.92334 8
e 245.69949 509.51405 10
e 213.28043 324.64272 11
e 293.30774 531.07866 8
e 219.54909 457.79345 14
e 177.88036 383.16712 11
e 148.15767 579.88567 7
e 136.92871 821.20169 12
e 137.60265 463.53720 13
e 104.41121 639.08257 9
e 355.72299 564.60761 15
e 34.77332 421.44418 11
e 242.76443 489.88768 8
e 178.65930 391.13976 10
e 71.67989 316.24036 6
e 144.48700 643.06387 11
e 278.12928 735.50653 13
e 232.97657 541.34129 15
e 233.02430 548.87005 8
e 209.72803 251.16864 4
e 159.33050 543.30728 8
e 133.10624 435.70255 7
e 183.02616 341.41005 6
e 24.33035 283.95546 8
e 242.81936 474.01916 12
e 22.96015 780.41922 7
e 351.37083 299.15686 8
e 369.44954 522.60691 11
e 217.08454 438.75890 6
e 114.53632 569.77477 10
e 322.97301 469.93594 7
e 233.30611 573.84502 11
e 177.51602 740.11622 10
e 62.19044 499.40775 8
e 60.84589 680.49881 12
e 126.47118 761.39798 7
e 68.49557 374.02355 8
e 240.40107 529.69036 13
e 18.06674 426.67860 12
e 3.53299 448.54389 7
e 193.17260 453.96738 11
e 177.31458 615.64808 8
e 156.71290 409.18331 11
e 144.56249 527.24887 9
e 60.23450 576.22164 12
e 202.22219 223.31811 13
e 266.22526 480.53118 6
e 52.43131 667.68839 8
e 192.34912 716.26364 10
e 159.57850 505.96086 9
e 118.69315 749.58354 11
e 86.86696 328.14492 12
e 127.92316 522.19930 5
e 115.25494 755.26786 4
e 50.20605 516.50289 12
e 118.35994 641.11160 7
e 124.72987 374.56224 6
e 239.49922 511.80768 7
e 209.65557 682.77241 6
e 79.84640 592.35384 7
e 137.93170 460.39106 8
e 222.42231 587.50694 13
e 75.61304 581.84824 12
e 210.25986 550.42641 9
e 184.27053 711.23575 9
e 216.05693 367.89137 10
e 93.95770 570.85886 10
e 45.26054 686.74042 4
e 152.14610 633.77475 10
e 187.59563 789.07787 13
e 47.50809 415.98250 11
e 243.81074 509.08468 8
e 85.98700 484.09679 12
e 169.39960 1045.70249 13
e 132.08336 583.82064 10
e 170.75544 445.69121 7
e 228.43087 466.85939 9
e 141.07263 570.80377 6
e 177.85066 511.56069 6
e 26.18402 642.51472 10
e 132.75174 354.16871 7
e 198.19856 441.63485 10
e 167.32403 465.17242 9
e 150.58307 636.65255 11
e 76.52781 459.99551 7
e 92.88792 399.61804 12
e 269.76026 209.39681 7
e 343.55396 758.93826 8
e 102.59991 474.47507 13
e 227.24469 879.80927 9
e 117.49869 405.76112 8
e 93.44721 458.27300 10
e 53.11424 731.40601 7
e 94.04392 529.61305 11
e 213.17554 441.47546 10
e 109.91050 514.33062 9
e 201.27987 670.19082 8
e 109.59393 716.41435 18
e 120.62267 566.26857 7
e 141.91295 565.51765 7
e 171.09842 667.93610 5
e 25.51145 325.68079 11
e 150.80844 455.31769 3
e 192.26275 470.40391 8
e 332.09330 607.65696 11
e 50.65371 493.71831 10
e 143.99792 388.71821 7
e 44.05028 568.02797 8
e 118.98933 632.55936 10
e 126.23587 737.44207 11
e 212.67057 704.30843 9
e 131.73968 469.19691 10
e 282.66455 796.31251 10
e 34.32362 327.25971 9
e 55.98251 576.16442 9
e 134.74140 354.75166 4
e 200.70881 485.99093 13
e 82.98389 434.12733 12
e 97.96355 456.13223 9
e 220.80050 586.22166 11
e 309.52074 659.26474 10
e 225.47131 717.12054 9
e 147.15516 395.67776 12
e 97.23320 352.71228 7
e 226.80232 609.43914 7
e 174.61529 558.67240 7
e 213.77789 618.09826 17
e 180.44657 575.50742 7
e 248.01854 697.60258 14
e 91.73294 527.92064 13
e 179.66328 829.53242 9
e 184.14094 552.21653 5
e 205.23226 602.12173 7
e 230.22793 619.16848 8
e 103.05741 320.93405 8
e 67.36852 557.35368 9
e 178.22500 684.79256 12
e 191.50984 647.30546 7
e 184.62444 637.56127 4
e 46.91911 715.90901 10
e 126.82743 733.48414 6
e 163.95039 488.44522 9
e 167.14792 575.88946 12
e 147.22041 452.89025 11
e 94.65710 305.12983 4
e 3.74947 482.30532 13
e 98.54688 492.22433 13
e 131.61453 721.54045 11
e 163.48072 752.21197 7
e 192.50584 403.14818 12
e 57.52535 656.53220 6
e 133.25126 538.11594 6
e 163.59002 434.27822 7
e 215.50460 402.30474 6
e 41.06322 705.56895 5
e 166.51778 242.26384 9
e 266.04178 361.45012 9
e 164.63515 615.49537 9
e 174.58579 661.74996 5
e 141.14813 885.44854 10
e 111.85312 613.35839 13
e 67.37988 381.53012 11
e 110.57613 304.67426 8
e 69.18324 261.19012 7
e 111.39290 583.83185 11
e 164.23905 454.38770 8
e 132.27388 515.92404 12
e 228.32113 413.99039 8
e 189.20618 796.54696 10
e 119.68501 592.20822 9
e 89.59490 511.75981 7
e 211.89280 630.60108 9
e 225.70326 553.30775 9
e 228.87380 546.05068 10
e 165.46178 514.24393 11
e 200.34681 335.52860 10
e 165.88427 705.58371 9
e 174.89469 747.79449 14
e 171.82360 510.12722 6
e 286.77636 668.80695 18
e 264.84139 751.97605 6
e 146.67809 306.39608 13
e 31.63698 380.52674 14
e 11.10791 487.55151 4
e 258.76231 655.36540 12
e 125.89358 720.33532 11
e 181.13839 397.09761 7
e 106.64442 523.42259 14
e 228.72058 804.32462 10
e 166.97078 163.75106 6
e 125.63891 513.42552 10
e 185.22064 700.82270 11
e 206.30992 388.37544 8
e 134.76721 588.35944 5
e 95.63281 358.29413 7
e 125.20380 449.04084 8
e 58.82022 548.39775 10
e 176.28750 696.68460 9
e 102.51590 615.77388 9
e 94.04227 175.59070 11
e 150.15479 503.93785 4
e 48.11308 524.64272 10
e 113.60868 657.82986 4
e 185.60687 742.24115 9
e 52.28781 802.51027 9
e 80.18550 594.44042 9
e 84.41622 580.91133 8
e 217.65266 564.55439 16
e 108.02067 739.45505 8
e 160.87715 499.25282 8
e 225.49212 417.09054 12
e 63.03585 652.98688 10
e 147.29216 344.40095 6
e 118.05915 279.96131 8
e 83.62873 517.57008 8
e 98.91794 711.08288 7
e 24.82978 725.94654 8
e 20.29162 742.95295 11
e 51.57555 733.17254 9
e 17.52152 613.22858 4
e 233.72111 875.35249 14
e 274.78284 572.40222 16
e 13.96746 437.47568 7
e 77.74847 163.30388 5
e 145.32797 575.58956 9
e 99.49290 646.77735 9
e 121.95625 624.47988 19
e 249.64487 529.87894 5
e 228.68796 534.54086 11
e 152.55100 625.90586 9
e 205.74217 626.15057 9
e 206.33984 538.90648 11
e 123.65658 430.42210 8
e 132.73957 689.74595 9
e 275.54118 782.15636 7
e 278.11894 522.11944 7
e 85.61211 713.50808 7
e 140.17198 562.71364 6
e 23.75188 422.51096 7
e 203.57003 679.54562 5
e 35.43349 841.50095 10
e 236.91588 716.24266 10
e 193.80938 491.81646 10
e 140.23128 517.71049 10
e 71.50669 310.85870 11
e 106.30612 451.62406 6
e 58.14051 509.46617 12
e 193.29385 463.27985 7
e 181.01554 562.31361 11
e 75.67118 617.02558 10
e 187.51383 462.16769 12
e 156.85521 480.36374 11
e 108.79952 170.14566 5
e 202.36506 378.18714 13
e 18.19345 626.94319 6
e 184.70387 765.28993 8
e 188.32131 321.21959 5
e 147.24058 715.72273 7
e 184.70174 237.33352 11
e 237.71038 562.63147 6
e 158.43826 667.22481 8
e 95.44153 558.18054 6
e 227.35991 1060.21902 11
e 104.05781 790.32061 5
e 121.54772 928.87218 11
e 43.32768 583.68574 5
e 141.09893 599.13830 6
e 321.01135 515.47729 6
e 109.46367 744.87583 15
e 208.68807 829.62787 13
e 89.64408 510.20775 9
e 132.69203 535.63547 9
e 223.83021 688.05001 7
e 197.79646 482.85647 14
e 110.69103 574.37244 4
e 127.05480 551.03828 8
e 68.36583 386.12314 12
e 271.31726 589.82116 8
e 212.35175 638.39864 11
e 116.08323 377.74847 7
e 88.50127 543.07729 11
e 152.10542 762.64379 11
e 15.38896 806.36020 11
e 196.15310 760.56732 11
e 179.30896 446.81838 14
e 253.37215 767.35927 5
e 315.37474 881.75879 7
e 341.80795 981.30262 9
e 307.68650 587.89238 10
e 323.12233 839.79550 11
e 204.59244 827.41865 6
e 216.93763 686.96722 9
e 170.56121 685.71914 6
e 265.60658 745.85049 15
e 375.83897 968.73008 9
e 84.07557 646.02592 6
e 161.79958 802.36738 8
e 247.42214 628.94224 10
e 191.85076 900.58282 10
e 179.44325 686.13491 13
e 205.40514 897.44690 9
e 268.25064 767.06642 10
e 137.80769 389.32709 7
e 276.02951 838.07733 8
e 255.18595 1023.00305 8
e 283.46939 762.31529 5
e 420.19139 874.72106 7
e 329.67874 811.55441 6
e 385.62692 592.61251 7
e 267.25796 462.48754 13
e 303.58606 927.57437 15
e 356.80305 513.19735 9
e 126.66064 811.27189 12
e 231.70080 681.79105 12
e 200.79389 882.93375 10
e 155.88428 948.76605 17
e 152.56433 871.26638 9
e 273.44283 948.06842 10
e 170.74384 695.81378 9
e 275.94743 711.75356 12
e 280.89903 786.71194 9
e 245.64000 901.82651 10
e 128.74510 873.90743 9
e 241.80744 970.23609 12
e 315.47151 542.07719 9
e 138.49547 856.44847 8
e 270.32964 790.47363 6
e 353.00485 629.90112 9
e 159.06572 788.65182 13
e 264.77893 547.48280 9
e 321.47042 619.38911 7
e 274.41875 550.44328 12
e 125.21096 915.57864 8
e 393.39732 663.95588 9
e 109.74730 813.15267 11
e 286.42937 910.81178 9
e 221.44861 943.13558 8
e 311.75780 879.97260 7
e 219.00771 633.33255 13
e 297.40898 602.47928 10
e 246.15492 623.43691 9
e 402.72685 927.09516 6
e 167.67990 883.91600 13
e 405.42270 735.34441 7
e 226.88970 791.48492 10
e 473.85886 717.28882 9
e 232.53989 767.70557 9
e 342.58989 787.82933 6
e 272.60137 718.76450 16
e 322.95062 468.60513 8
e 330.76087 842.88555 10
e 162.08109 662.47180 10
e 289.58671 634.22926 9
e 251.58921 1046.99621 9
e 345.38120 640.39153 14
e 123.62423 946.34217 11
e 169.17989 807.30672 7
e 256.23540 998.77721 8
e 282.67254 890.47124 9
e 226.37044 919.58393 9
e 164.74609 552.36593 5
e 489.77488 696.58522 8
e 230.10026 1071.83707 7
e 196.53260 697.46575 12
e 288.28504 776.50373 8
e 160.51853 739.40017 14
e 320.76485 1044.73031 8
e 312.63755 737.61145 6
e 133.92128 808.41611 10
e 282.92227 867.69094 8
e 268.39881 963.61310 13
e 246.02777 933.03973 8
e 280.47982 990.15789 11
e 266.40982 823.22221 12
e 310.19151 968.55709 10
e 176.69234 827.27122 9
e 25.12546 703.18950 11
e 306.82479 560.98736 7
e 192.68583 794.29887 11
e 347.75383 454.04080 10
e 340.41553 738.87027 8
e 211.81489 624.23599 9
e 281.31238 610.29777 12
e 400.91188 761.63772 10
e 99.38521 850.58824 10
e 157.94205 661.23837 6
e 275.59337 696.42118 12
e 171.29105 656.28884 9
e 201.52607 824.65535 7
e 166.05646 797.84084 10
e 337.76581 536.44218 11
e 304.27775 777.16904 6
e 303.32275 901.85904 10
e 82.20601 796.94522 9
e 126.71361 847.56786 8
e 402.06578 556.16374 9
e 444.39203 856.32710 12
e 245.43306 806.98831 5
e 257.44665 604.08167 9
e 239.94957 673.61233 8
e 214.49580 865.97328 6
e 250.69769 888.76366 5
e 309.78067 785.66742 12
e 185.75390 685.33460 11
e 192.83279 878.04907 9
e 317.63513 705.70412 8
e 309.99435 1044.36881 8
e 223.08009 803.65861 10
e 298.72139 522.03923 8
e 242.22515 726.48012 7
e 300.70235 1048.35834 12
e 198.41447 926.66028 11
e 315.12867 879.87953 6
e 232.95020 828.66405 9
e 99.35706 681.35387 6
e 341.49491 877.97408 8
e 135.62932 539.45168 14
e 306.68432 781.72776 6
e 247.52686 960.39186 14
e 275.11421 785.83296 7
e 74.11449 868.49539 4
e 271.86051 881.28660 4
e 330.95352 717.10821 11
e 346.50372 743.98463 11
e 246.23486 936.70875 7
e 226.84484 882.42458 7
e 297.68910 872.86135 9
e 356.04661 483.86411 14
e 125.16166 446.71924 13
e 279.85390 1039.11305 11
e 88.75642 660.85766 8
e 63.45589 988.97549 9
e 268.91681 802.83283 13
e 79.11330 560.43140 9
e 382.31517 867.36144 10
e 167.38478 869.41017 8
e 39.47233 630.27600 10
e 274.27388 676.28192 8
e 263.40781 1061.82964 17
e 457.22100 837.62460 6
e 346.51132 924.35562 12
e 393.78487 751.43352 8
e 379.15678 571.25089 13
e 202.03592 587.74690 8
e 283.48988 870.92471 11
e 281.37549 726.08106 8
e 140.70427 804.41612 13
e 385.17564 437.96426 10
e 289.31145 768.48819 10
e 223.59413 599.76440 7
e 193.78558 754.33463 8
e 413.88114 722.30390 7
e 363.14259 693.27118 9
e 219.15542 719.47080 11
e 373.45341 508.07877 10
e 481.96268 542.10180 7
e 272.70763 888.22332 10
e 304.61698 497.82320 11
e 458.60190 774.78811 10
e 369.15753 596.90294 11
e 351.11982 794.07132 14
e 360.91980 751.60065 10
e 242.50052 992.77676 5
e 214.28193 787.86622 8
e 258.25921 557.89634 8
e 294.29820 713.20938 5
e 296.65966 637.67441 9
e 340.58953 661.90318 12
e 91.27330 556.89527 6
e 312.36348 784.55542 7
e 192.52642 505.46239 11
e 296.58325 779.81827 10
e 188.93374 620.35962 10
e 232.86100 670.80119 11
e 279.45494 792.24039 3
e 330.41806 736.75977 9
e 332.89806 580.95059 6
e 234.30631 864.42962 9
e 279.29632 581.12609 6
e 87.92618 697.84887 8
e 338.94164 774.42688 10
e 362.82991 725.96898 8
e 252.16427 802.34405 10
e 168.24912 795.31014 8
e 209.38263 671.20148 10
e 263.44874 842.06301 10
e 473.32443 646.95121 8
e 215.87597 580.42326 14
e 201.34836 743.05236 9
e 326.42560 710.93852 9
e 286.83669 877.34620 8
e 164.37626 605.63728 8
e 348.32003 794.80937 8
e 256.79793 703.85191 6
e 280.95069 812.87082 7
e 198.61531 762.21604 7
e 188.45263 1004.89892 4
e 177.90159 627.91957 4
e 422.99157 860.20320 8
e 173.60545 494.56562 12
e 314.25827 644.28128 10
e 177.70467 567.24762 11
e 134.87267 847.54139 7
e 147.60920 801.32882 9
e 132.67852 1034.65472 10
e 295.68958 534.72422 10
e 278.76994 610.11349 9
e 262.78031 719.38927 5
e 174.33919 830.41519 8
e 220.28209 561.69463 5
e 206.90969 1048.63561 13
e 289.87051 877.09394 8
e 342.20531 622.18620 10
e 287.92088 723.15981 11
e 155.83312 699.47061 12
e 169.94687 759.83307 10
e 234.47729 851.85489 10
e 353.11779 957.75311 4
e 349.51958 711.23565 9
e 339.93006 956.37534 11
e 168.37579 371.45436 10
e 273.34168 671.78654 10
e 144.01102 845.27022 11
e 346.26996 930.83868 8
e 154.16684 647.96883 15
e 149.23191 732.73416 6
e 103.16197 624.20726 6
e 342.10492 803.72441 12
e 279.69672 638.59365 6
e 283.84920 965.48375 7
e 245.90894 729.44379 12
e 240.80207 765.31480 9
e 358.62874 760.43073 7
e 208.74656 869.02214 6
e 211.53942 639.01904 12
e 162.26455 612.04854 10
e 278.77933 452.67248 6
e 375.25785 970.14603 8
e 199.77189 968.14016 15
e 139.76927 757.79062 11
e 216.36417 605.62592 8
e 172.24178 733.97099 11
e 230.43947 787.11502 8
e 250.84192 915.71611 16
e 358.28405 1060.15112 10
e 265.93022 673.84015 5
e 350.85562 743.68686 10
e 207.18499 598.85748 14
e 339.04052 788.91665 14
e 333.21386 517.60536 9
e 339.90574 518.02355 14
e 259.96621 968.35205 8
e 196.66361 708.37077 6
e 144.69962 787.60508 12
e 351.37910 421.16415 7
e 320.61084 867.40733 10
e 265.98996 739.30125 10
e 425.27410 650.90604 8
e 221.19145 788.61102 7
e 382.53267 730.52100 9
e 326.36875 950.32823 8
e 298.54546 775.76176 3
e 278.14446 843.55502 6
e 348.88335 795.69187 18
e 169.80225 1069.42639 8
e 160.15951 776.78665 10
e 457.47064 895.68241 9
e 407.32711 1004.49686 17
e 192.87221 668.28444 7
e 311.07917 764.81737 10
e 350.76492 889.40143 7
e 256.22998 767.70513 8
e 191.30864 637.99157 9
e 189.19476 573.44506 9
e 152.16592 900.78364 5
e 333.33340 691.33357 7
e 135.26845 998.35711 4
e 301.61520 574.75221 7
e 283.18833 812.86690 9
e 226.52256 568.93769 4
e 419.33653 784.51164 11
e 302.72071 644.63418 15
e 224.56343 740.46773 10
e 267.50565 966.49335 11
e 357.01806 873.16929 7
e 217.47978 822.01495 8
e 348.69956 1006.48466 6
e 248.38036 851.67741 10
e 365.98180 791.63071 9
e 199.57487 836.14069 6
e 286.60311 907.22961 7
e 271.02500 662.59983 10
e 237.43449 723.24780 5
e 164.84364 378.53489 15
e 265.68917 1050.45051 10
e 145.69487 856.48434 9
e 389.73476 727.51245 9
e 104.11896 959.34085 2
e 353.58090 626.84846 13
e 237.55429 889.22248 6
e 205.22231 768.86031 7
e 199.60333 717.54010 7
e 369.81255 710.90409 12
e 301.14005 649.45968 10
e 252.24974 1046.35006 8
e 381.32001 681.67711 10
e 298.25927 766.71972 14
e 303.15335 637.98304 6
e 247.79724 858.08369 10
e 334.15644 606.11580 8
e 448.83890 992.99349 14
e 353.79814 822.82154 11
e 287.77240 822.20264 12
e 474.21373 712.23513 11
e 190.72033 966.69842 12
e 240.27082 710.91526 8
e 414.76433 819.73918 12
e 232.11241 615.41532 8
e 317.15637 1055.57557 9
e 149.86792 530.82533 13
e 144.08386 746.09375 11
e 187.77182 759.19707 11
e 167.50687 881.48591 5
e 179.51287 711.46127 6
e 251.20984 656.06484 12
e 288.29141 1039.87303 9
e 189.20165 917.07092 7
e 172.47735 714.67274 11
e 225.96983 538.97501 12
e 211.16927 725.98681 11
e 248.04119 488.58118 11
e 294.21681 581.22674 6
e 147.09664 799.34193 9
e 234.18059 913.25829 5
e 418.87286 667.06415 12
e 254.09857 1009.39655 6
e 184.40726 702.03549 10
e 311.22760 832.10633 8
e 235.58761 514.10969 8
e 361.42118 814.32017 9
e 290.66738 749.05343 8
e 343.11322 748.68150 6
e 281.03128 763.14925 8
e 394.03794 637.61763 12
e 325.45725 661.02487 7
e 65.88091 913.49161 20
e 296.20136 298.97550 7
e 217.85631 539.01049 5
e 246.14982 983.97131 8
e 290.27606 435.15808 10
e 214.45537 745.50076 4
e 66.48317 695.77290 17
e 349.55599 592.14143 7
e 360.32591 610.99694 5
e 358.79711 613.31269 11
e 143.19928 964.38875 8
e 245.36465 872.50499 6
e 202.52577 808.82168 8
e 247.31670 736.02418 11
e 228.67246 758.68319 8
e 289.41150 1058.95945 10
e 240.72883 795.54554 6
e 354.70277 751.26176 4
e 252.24584 689.89943 10
e 362.81457 920.11862 7
e 339.61214 720.34561 7
e 301.74190 885.70567 13
e 250.69672 673.93708 8
e 192.61491 1003.35653 8
e 502.76423 782.52233 11
e 219.04530 607.84656 6
e 204.15267 894.22132 7
e 357.74606 482.59823 13
e 142.87232 899.37826 10
e 140.16926 715.72647 8
e 286.25770 634.77196 11
e 356.89536 758.86559 9
e 297.64398 886.56990 7
e 344.61074 774.22811 10
e 299.22793 570.36870 10
e 113.53138 518.32783 15
e 204.54896 578.92010 7
e 183.01300 977.71635 10
e 217.23146 899.99593 6
e 397.01343 780.47587 9
e 394.22749 1065.31047 9
e 441.14180 980.14693 14
e 539.56495 1038.62200 9
e 314.22559 875.78258 12
e 481.49717 1055.78961 9
e 395.22202 973.23279 8
e 287.10887 1022.53515 10
e 308.12425 1033.11713 7
e 406.04863 908.48455 8
e 383.56975 850.44784 11
e 286.58045 900.78330 11
e 300.91405 756.82629 13
e 320.68421 887.71206 15
e 253.31777 965.39426 8
e 383.29896 887.88522 10
e 289.87179 912.05459 9
e 382.25334 892.82250 8
e 421.30401 907.44714 9
e 415.28552 1004.30577 12
e 301.47151 971.92872 12
e 236.02905 1063.46664 8
e 336.02598 941.67853 10
e 380.71033 964.38891 12
e 434.69825 1026.50312 11
e 362.07255 1069.21495 4
e 405.31186 929.33143 5
e 483.24954 680.84434 8
e 355.43116 1018.45007 11
e 361.35299 854.07345 4
e 327.61085 1029.83274 7
e 448.68501 1057.44910 11
e 469.49396 965.56255 21
e 342.98264 1018.65544 10
e 337.33352 929.55132 9
e 405.37004 955.20016 12
e 311.08501 919.10708 11
e 354.02867 972.92087 5
e 309.52019 949.51033 9
e 309.96007 796.42469 8
e 417.43562 844.55799 13
e 531.89243 1020.20152 8
e 387.66960 938.83909 10
e 412.54263 1022.51097 6
e 137.55612 1015.62578 13
e 595.34667 938.51820 9
e 281.06172 1061.12277 6
e 444.04449 870.55457 11
e 602.96886 1030.73092 6
e 414.77784 780.10488 6
e 413.63100 972.12425 5
e 448.39640 1047.50542 10
e 402.05577 888.83097 12
e 296.88823 995.17165 7
e 368.33111 820.83017 4
e 471.33330 1071.45816 9
e 320.65896 1052.07825 12
e 509.37075 754.61824 11
e 488.38893 864.02823 6
e 242.23171 1075.72872 10
e 340.72667 901.35701 4
e 139.31509 1076.02395 7
e 397.36642 799.85120 3
e 462.44261 686.03596 11
e 232.01806 907.82363 10
e 331.22722 1066.27759 8
e 359.18993 838.81925 7
e 546.17110 1008.86358 8
e 308.77429 1069.97714 9
e 470.36851 877.52457 6
e 428.35466 784.08106 6
e 392.31820 993.29787 8
e 366.40934 981.30757 9
e 433.63931 1006.84792 11
e 469.69849 1005.52530 8
e 413.06455 1054.73209 11
e 422.36953 828.72908 9
e 457.17493 763.60963 9
e 324.28311 789.56920 6
e 424.01266 1069.55911 11
e 457.87643 790.77979 15
e 574.09289 942.68223 7
e 556.22915 832.69506 6
e 290.23231 1018.14400 10
e 477.98648 909.01873 11
e 319.28948 843.05056 11
e 283.40779 962.90631 12
e 603.42607 1005.42136 5
e 492.98834 1039.26750 8
e 354.54255 1059.73934 10
e 400.65435 701.85755 8
e 536.77056 1026.55850 7
e 545.95793 923.56797 8
e 219.73674 994.49149 8
e 257.03193 945.94172 14
e 371.07402 998.57970 8
e 383.45696 920.27659 6
e 640.53685 1037.40274 9
e 367.29502 946.51591 12
e 348.93758 844.48695 10
e 506.52368 1074.47661 10
e 492.44610 1012.97420 9
e 280.53985 875.82106 13
e 174.41783 990.68128 17
e 258.30480 954.17235 7
e 354.34731 715.43808 4
e 365.25174 528.65984 4
e 553.76085 1016.44096 9
e 432.00150 1038.62473 11
e 421.88322 921.70695 9
e 462.12331 973.53974 7
e 412.62213 1032.65824 8
e 436.85207 984.11239 10
e 504.73125 745.29712 6
e 461.02915 1056.84752 7
e 680.36630 1014.08782 5
e 369.90171 832.89534 6
e 317.06978 713.27689 12
e 531.49926 769.37120 5
e 397.02582 1003.85489 8
e 331.58693 950.94750 9
e 387.47636 868.84619 13
e 597.33077 1024.44675 8
e 417.98627 1030.17853 17
e 511.84856 869.36406 17
e 245.45992 836.52465 11
e 307.90988 960.25026 12
e 372.53826 1000.88933 10
e 171.75958 812.26301 9
e 311.48104 1016.17871 7
e 565.25261 995.14412 7
e 518.63697 1008.96325 14
e 389.72940 989.01668 8
e 382.85759 940.96169 6
e 334.69310 936.88109 10
e 441.48624 1005.98517 6
e 305.45297 1043.62901 11
e 411.53091 949.94608 9
e 418.53564 559.50119 12
e 376.45047 912.03000 7
e 367.39927 1038.43940 5
e 314.85230 920.85495 4
e 495.46975 989.57088 13
e 270.89845 836.12961 13
e 425.99870 660.47260 10
e 254.12735 988.22941 7
e 391.43945 751.34707 13
e 542.32202 1068.48675 10
e 329.25143 984.55252 11
e 532.26948 846.59015 10
e 364.70105 847.26813 7
e 253.65795 962.13335 9
e 536.77835 617.56399 8
e 294.10680 984.71514 14
e 615.62811 938.07696 15
e 435.80747 1001.39142 10
e 288.96287 779.34335 13
e 474.11066 748.30374 8
e 253.88842 588.42579 14
e 319.92257 979.51926 10
e 336.38565 936.66785 6
e 227.38345 844.41925 14
e 382.43065 907.92547 6
e 503.69207 1077.97210 6
e 446.06038 962.46663 8
e 399.11022 669.60829 4
e 277.20502 942.01614 9
e 266.79029 969.32884 12
e 267.92044 913.45810 6
e 392.36178 975.20619 16
e 585.10074 967.09663 10
e 487.08974 1018.47238 10
e 375.13119 1002.69992 5
e 399.84078 1072.28690 9
e 538.63337 758.34990 10
e 413.79113 963.97696 9
e 489.94794 1041.73280 10
e 474.17185 995.95745 9
e 390.16484 948.92479 6
e 327.69952 936.63829 5
e 597.83390 852.16655 6
e 429.39091 1024.52607 16
e 359.24646 1005.87522 13
e 404.00072 844.19605 14
e 481.53648 1046.42503 11
e 307.88453 986.04114 10
e 369.74090 1069.25082 8
e 387.38192 965.22286 8
e 420.59613 889.12047 10
e 483.57225 1052.57606 4
e 348.21623 924.76501 8
e 280.59466 1009.36567 12
e 539.83239 946.20190 4
e 382.32928 1008.83462 8
e 321.37168 1008.44866 4
e 499.06913 1045.25064 12
e 369.32063 1006.75705 5
e 561.73762 1016.30320 8
e 369.58281 961.10645 12
e 466.36101 970.82734 8
e 402.42975 1029.54293 10
