c ./output/rectangle/gaussian/gaussian-rectangle-9-2000
p rectangle 2000 720.00000 1080.00000
e 77.65994 569.42023 12
e 232.97782 13.76315 6
e 251.57019 168.93726 9
e 89.74311 432.14044 12
e 218.46348 462.74433 11
e 404.46870 398.12893 10
e 138.11446 238.56802 9
e 197.07977 110.20084 10
e 110.60808 254.58242 9
e 210.22987 104.58322 6
e 265.65845 378.41026 7
e 229.16341 361.02059 10
e 337.98729 523.10876 4
e 161.22426 401.29157 8
e 357.33048 145.52904 9
e 125.91815 121.38655 6
e 157.44146 248.92201 5
e 149.25570 133.44013 10
e 268.18366 93.07610 10
e 218.41201 318.76811 13
e 190.28073 94.21283 15
e 152.74505 321.67735 6
e 197.01879 381.35280 6
e 318.42806 135.22471 5
e 183.14670 257.39773 13
e 197.85067 421.76352 5
e 179.10854 256.81137 9
e 385.44209 520.23454 4
e 212.42189 408.86774 11
e 249.36104 305.31063 11
e 95.53888 388.62510 5
e 291.50585 197.30020 10
e 217.19975 227.65031 9
e 319.84831 458.11376 6
e 243.82866 391.69105 10
e 257.61278 166.38400 8
e 283.81095 446.82175 10
e 229.67466 387.27551 8
e 149.86490 50.23347 9
e 228.60542 258.09114 9
e 99.01855 90.95582 9
e 299.59939 29.15918 11
e 131.15874 211.91180 11
e 336.90924 142.99591 9
e 294.38619 39.41726 12
e 208.96332 424.88541 10
e 102.52360 380.45055 7
e 158.54633 9.30063 10
e 312.53952 141.73545 9
e 229.13212 428.53464 9
e 171.92458 177.41508 4
e 223.10688 342.73688 3
e 228.86246 314.81944 12
e 289.21682 84.05807 15
e 200.99753 178.52359 11
e 320.23184 325.41905 6
e 174.27792 190.82795 14
e 32.76507 521.57215 8
e 70.93317 52.80089 9
e 323.41204 578.27289 7
e 232.00768 500.68906 13
e 290.68662 444.18519 10
e 237.72640 408.68153 7
e 327.37502 48.96356 9
e 155.37622 275.53482 8
e 99.09394 283.67375 14
e 167.45142 146.68699 10
e 324.30190 73.72598 12
e 325.25238 227.97763 7
e 222.92218 88.43678 11
e 74.26138 430.93081 16
e 300.25484 246.30246 10
e 42.79897 149.46456 7
e 284.88621 280.50735 7
e 162.12366 412.47307 10
e 258.79607 214.00182 6
e 178.35715 318.83227 5
e 361.93697 130.17071 11
e 262.98265 142.29942 10
e 106.39080 445.66745 7
e 196.43439 169.86194 9
e 186.16095 298.30849 10
e 454.52225 126.51445 10
e 236.70646 244.69629 6
e 327.62503 212.91469 10
e 217.92309 89.92341 10
e 445.19154 326.31577 9
e 35.32431 234.17595 15
e 262.50138 265.67753 9
e 231.11251 429.43241 4
e 194.03163 302.63937 8
e 271.94525 362.82797 7
e 200.97736 126.37837 11
e 407.44015 273.48250 9
e 269.65162 303.69995 19
e 319.51314 303.43396 10
e 156.74527 293.51043 5
e 324.57162 325.11675 5
e 85.37775 145.78480 6
e 207.83300 537.91176 8
e 188.35738 343.43825 9
e 210.75549 354.67702 9
e 290.49141 128.21285 9
e 264.67908 137.78274 11
e 179.31772 272.81411 8
e 318.34014 333.82705 10
e 137.84310 173.39102 13
e 220.95179 21.20064 6
e 178.81681 422.91879 9
e 143.91998 361.65650 13
e 96.29470 153.94018 12
e 139.61620 63.65703 4
e 211.10474 258.97990 6
e 181.54461 222.76712 4
e 198.95417 240.98595 8
e 255.85208 471.30656 9
e 246.54707 258.78188 5
e 103.63795 178.55626 4
e 231.98657 156.13761 5
e 266.73989 538.89226 7
e 132.95516 124.24631 6
e 236.39442 206.57230 8
e 308.36091 137.44253 7
e 262.33567 285.42484 15
e 264.46418 178.48734 7
e 272.63414 558.61431 10
e 214.11405 332.89687 13
e 355.56331 323.55741 6
e 302.49190 292.01285 7
e 272.05533 294.49469 9
e 498.12519 452.20431 5
e 211.87776 509.40320 7
e 286.78775 430.19727 11
e 336.49139 76.81183 9
e 157.37418 535.37967 12
e 277.74086 155.54987 7
e 258.46856 177.12004 10
e 155.84394 236.34987 7
e 309.03189 198.63215 11
e 281.41931 214.34761 12
e 178.79611 407.57918 13
e 213.19915 300.39491 9
e 389.04737 71.17921 16
e 212.23922 352.23146 6
e 105.38413 452.69740 9
e 142.16054 243.84997 11
e 94.40397 302.86014 17
e 251.07903 318.45624 9
e 239.30607 224.63323 6
e 303.00691 237.03388 11
e 158.14305 333.86210 6
e 251.85795 251.34492 8
e 211.66603 197.31888 9
e 121.45314 462.24965 10
e 255.77518 165.93879 5
e 193.13132 389.06400 8
e 322.31592 313.26865 10
e 277.81644 167.96575 12
e 173.47698 251.44179 13
e 182.79203 205.10210 14
e 227.80766 235.15303 10
e 120.42735 91.67646 11
e 228.43603 195.62894 5
e 71.79851 407.21729 15
e 227.87826 222.62840 9
e 99.92634 507.42783 10
e 246.88762 141.18819 15
e 191.76304 183.85223 7
e 479.18710 451.40277 9
e 142.90995 300.40138 13
e 375.30130 296.72882 8
e 265.79710 357.32932 9
e 172.92299 231.30632 4
e 193.89470 289.47079 11
e 137.30357 600.37730 7
e 163.50962 458.51045 7
e 310.53154 192.84012 14
e 238.84302 401.54547 8
e 160.52948 189.80436 8
e 228.68429 219.90288 4
e 203.91790 284.61231 12
e 232.19185 298.72687 8
e 249.43288 246.20716 9
e 106.17124 266.90710 10
e 246.60653 95.40751 6
e 274.14832 130.88387 11
e 89.50089 125.24445 9
e 273.54185 173.36681 10
e 208.91429 727.77587 6
e 312.56551 427.38728 6
e 291.60936 419.02702 9
e 204.16513 369.46738 10
e 126.69175 269.14676 13
e 215.78291 437.29863 11
e 242.17407 82.00756 5
e 64.07506 228.82869 8
e 330.35040 309.74114 11
e 284.38645 67.95303 8
e 171.31409 372.26541 11
e 288.88621 381.98992 7
e 215.96161 108.23880 10
e 41.39335 401.84473 10
e 271.60949 224.52294 11
e 97.42599 173.20441 10
e 217.63066 227.50358 5
e 227.43974 201.17646 8
e 207.67443 308.05841 7
e 191.32925 205.56079 11
e 398.24603 309.99722 10
e 71.13503 188.36110 9
e 282.68466 56.50015 11
e 118.55985 45.33987 13
e 198.49703 154.57217 6
e 268.11149 227.46272 3
e 190.32261 293.77119 7
e 378.21370 281.22101 15
e 375.79958 530.28630 8
e 206.01934 242.84682 10
e 251.40201 394.63331 9
e 84.00526 335.86400 12
e 191.43231 468.89972 11
e 127.17544 393.38167 8
e 113.55831 373.73463 6
e 209.48179 126.45896 15
e 163.85105 221.12766 10
e 214.48230 593.78942 7
e 57.66071 251.32309 6
e 131.03975 293.29160 9
e 281.62777 183.16928 8
e 230.92207 248.25225 9
e 413.66340 240.60672 6
e 244.75091 192.42534 12
e 276.74937 372.43778 8
e 228.50340 169.53791 8
e 144.08055 191.49578 12
e 271.90802 234.26808 7
e 238.59308 115.99020 4
e 242.80131 372.98822 10
e 299.77579 227.99781 9
e 144.88282 0.63299 10
e 242.11250 570.60712 9
e 168.81901 141.06120 9
e 146.74858 161.96065 7
e 116.68349 210.88554 9
e 319.45356 238.50613 10
e 271.80385 287.72603 9
e 93.79059 181.93287 10
e 198.74421 198.75535 10
e 354.45086 527.21770 8
e 243.84701 892.18961 10
e 448.61735 223.65391 7
e 143.75680 520.13737 9
e 132.23575 310.44364 8
e 63.39449 314.50431 7
e 263.82792 242.98445 11
e 161.92183 377.22562 14
e 240.12155 246.79903 5
e 179.06054 678.19101 6
e 138.28075 317.41164 13
e 217.76263 217.90683 11
e 111.20796 197.42690 6
e 270.13901 288.07936 6
e 384.74064 594.22749 7
e 213.37656 339.57076 7
e 183.58750 134.41278 8
e 240.87568 170.25864 8
e 259.29612 408.45950 6
e 103.37139 387.24350 10
e 352.74579 285.34093 6
e 182.49234 79.30654 13
e 285.80381 316.21452 11
e 169.73103 394.40445 11
e 258.68608 285.67004 12
e 133.56605 82.16941 9
e 191.29802 238.64588 8
e 174.82629 600.16558 7
e 459.64824 338.40125 13
e 31.70245 381.97894 13
e 256.01643 198.63473 4
e 140.48238 405.28525 12
e 311.44892 256.65743 10
e 172.04141 382.84725 8
e 129.37870 82.43150 15
e 250.63988 327.66027 4
e 55.88590 28.59430 11
e 163.55455 203.20866 6
e 161.81303 344.01432 10
e 106.75068 282.31163 13
e 366.69861 142.70741 5
e 288.83622 62.50125 11
e 327.47035 309.52765 16
e 357.60676 252.27672 8
e 59.06289 539.06983 5
e 265.54754 495.25892 11
e 382.67571 266.45251 9
e 234.53704 412.45943 8
e 414.31773 247.41945 8
e 150.47253 410.92977 9
e 270.96865 272.68058 6
e 136.95524 279.21088 10
e 233.37156 232.07446 14
e 109.51657 158.18981 4
e 317.32733 145.21555 10
e 308.04953 384.25381 7
e 160.41355 124.25547 10
e 6.60747 243.25496 15
e 329.70205 96.04711 9
e 415.73542 472.04876 13
e 262.38508 173.69991 6
e 140.39262 222.43862 5
e 224.56068 269.83158 8
e 302.88514 368.28985 11
e 200.26813 335.99348 10
e 211.55548 83.17258 8
e 274.84153 604.04860 5
e 186.08837 103.14981 6
e 207.67238 647.09432 5
e 313.39519 200.17304 12
e 70.58282 85.80494 13
e 153.15427 55.37274 4
e 114.61360 372.20297 10
e 311.26278 309.02672 11
e 195.32159 193.37688 13
e 213.33891 589.75736 7
e 209.51278 175.23719 10
e 305.99209 464.48366 8
e 275.90433 210.33180 10
e 323.54157 249.23175 6
e 184.25172 473.57452 7
e 204.78639 381.57395 9
e 374.19954 334.08352 11
e 179.17237 300.45995 11
e 109.58758 365.56733 11
e 238.17792 272.51221 17
e 248.02361 414.04875 9
e 180.73834 256.85575 6
e 153.21093 322.10967 8
e 192.03487 216.27564 7
e 258.56216 528.62789 11
e 190.43884 560.90360 5
e 259.13688 115.90470 9
e 223.16862 502.94929 11
e 244.42241 318.10946 9
e 268.49950 84.85210 11
e 99.08599 326.88084 5
e 245.78420 3.04681 13
e 108.96439 296.57316 7
e 30.90777 389.89908 9
e 326.52628 585.35261 7
e 219.19050 258.15433 9
e 376.76355 359.87585 7
e 283.27542 526.97511 9
e 256.28752 411.40977 8
e 281.45788 341.36660 14
e 247.43455 180.65094 12
e 175.75845 285.26212 14
e 178.53556 442.03873 6
e 317.17000 209.42797 11
e 151.35598 67.62620 12
e 22.25293 115.14558 10
e 263.39752 14.52138 8
e 164.53637 168.64992 11
e 222.49050 267.10915 14
e 56.11547 326.50359 10
e 188.72678 55.72496 16
e 235.96871 27.75329 13
e 175.66482 38.18461 12
e 218.16899 490.65428 4
e 137.86727 670.11322 7
e 259.26341 264.57054 7
e 256.76076 299.55463 7
e 231.90977 416.02009 12
e 281.27181 204.48569 14
e 310.16663 379.38685 9
e 238.90550 350.13391 6
e 234.53491 461.55922 5
e 280.79350 365.88276 9
e 172.69063 334.78572 5
e 155.77015 262.94315 7
e 210.75067 84.17451 9
e 164.18904 304.82285 8
e 217.43663 84.09430 5
e 217.99938 371.52660 8
e 210.41962 346.71879 11
e 159.51743 442.34361 6
e 292.31102 428.34029 4
e 307.47123 397.92302 12
e 245.97077 127.31630 7
e 206.65859 149.00731 10
e 47.77758 329.62706 10
e 216.96755 264.02879 11
e 226.64337 429.22159 19
e 151.32859 413.91006 8
e 321.06181 175.38934 5
e 331.02071 351.22602 10
e 96.61537 457.06280 9
e 169.34120 482.86320 13
e 360.96208 661.31574 8
e 119.62095 147.76677 9
e 300.48228 269.41078 13
e 197.46474 319.91397 5
e 240.59012 570.54946 8
e 203.24874 263.44880 11
e 131.30954 253.22779 8
e 76.41401 351.02262 8
e 146.07076 481.54078 11
e 324.25698 89.50904 11
e 260.45643 334.55273 9
e 308.94516 754.62146 11
e 215.76439 319.70113 7
e 209.68933 309.36465 9
e 276.79270 296.32993 11
e 275.66131 476.17125 6
e 283.35253 123.06476 11
e 298.14519 458.78446 9
e 65.59961 181.01244 8
e 158.65900 340.83134 9
e 149.95423 208.62565 10
e 270.76238 200.33617 7
e 204.08579 637.13911 8
e 220.47390 256.91907 9
e 235.22066 396.77696 9
e 131.88797 302.01994 8
e 263.01805 127.01293 7
e 140.97650 65.94534 11
e 98.90222 5.75305 9
e 256.49676 27.61677 8
e 238.08289 365.15046 6
e 104.26186 465.54392 9
e 215.60822 552.17244 9
e 250.78940 126.75612 4
e 181.74258 515.35237 10
e 271.07503 238.01907 11
e 383.28092 477.89464 11
e 144.55528 73.74464 6
e 148.57803 277.08811 11
e 201.01201 238.70959 7
e 263.46847 276.24187 8
e 129.52812 51.74847 7
e 257.75257 451.76402 8
e 188.93983 220.53285 4
e 313.43101 87.91974 9
e 198.93234 17.67800 7
e 251.91510 130.11050 6
e 186.46053 244.14036 15
e 230.26127 52.35124 10
e 251.48456 350.69099 10
e 279.17755 374.62515 7
e 154.87288 279.01510 8
e 201.33971 179.50669 8
e 186.16872 202.61989 8
e 189.40508 132.68297 12
e 191.41803 79.89617 14
e 182.27858 390.33896 7
e 130.18137 227.19979 9
e 187.43293 177.41987 11
e 197.66783 89.99586 7
e 186.79431 338.41195 8
e 405.35471 207.79034 11
e 212.53662 266.96292 11
e 192.21012 396.45203 7
e 222.51483 213.29111 11
e 278.35833 212.93391 9
e 311.02592 182.91742 8
e 403.99006 657.25212 4
e 115.40335 384.14741 8
e 278.96365 376.27716 7
e 258.38674 271.19394 12
e 289.19040 164.44675 8
e 154.63267 51.20688 8
e 157.46804 196.95876 10
e 98.57940 498.56638 13
e 352.37424 564.09997 10
e 238.90041 315.76873 11
e 258.49321 288.63238 12
e 337.07018 142.12331 8
e 252.82028 254.75691 7
e 182.79914 528.21044 8
e 111.27837 207.39553 5
e 137.22568 214.58917 13
e 124.83147 317.08995 7
e 242.99564 558.24263 10
e 84.53317 321.57787 12
e 257.74962 552.98466 8
e 126.38454 439.01548 8
e 262.32872 163.87241 5
e 201.85949 249.42251 11
e 189.88370 445.70559 7
e 66.16397 177.12938 11
e 378.75163 275.96074 10
e 132.68792 372.74869 9
e 288.47686 37.00823 10
e 308.41409 605.44055 9
e 163.11231 199.64227 8
e 43.04268 50.46426 10
e 274.84995 218.35091 8
e 379.67885 420.85657 5
e 101.80805 91.55508 8
e 169.39194 90.72755 10
e 175.61927 272.78471 6
e 220.62228 364.69077 15
e 77.02680 122.86936 7
e 210.36735 236.98314 11
e 273.26373 86.73071 7
e 189.58607 211.51809 10
e 180.78835 196.68871 10
e 264.33365 267.87484 9
e 235.39390 456.94618 5
e 200.48286 227.59610 5
e 226.98084 518.03366 9
e 80.71448 217.21920 7
e 152.91602 279.09875 8
e 190.77667 247.14500 11
e 256.56995 369.04992 12
e 243.73808 312.79544 9
e 380.70381 379.03830 9
e 254.07667 23.86971 10
e 242.69029 83.40492 12
e 151.45537 100.47449 6
e 40.14199 251.21540 13
e 284.51942 329.23792 14
e 120.95095 213.58829 5
e 235.14679 280.16095 5
e 203.11064 325.12534 8
e 225.76588 216.13033 14
e 384.19963 312.26283 14
e 161.29242 391.15289 7
e 74.06768 180.72842 12
e 242.03241 70.45048 10
e 202.41033 289.96414 6
e 279.38928 102.03267 8
e 153.10115 315.45168 6
e 278.44900 148.88036 6
e 161.22295 142.75746 11
e 128.98761 395.94063 7
e 243.83121 167.36588 9
e 358.98445 313.83037 6
e 106.23869 323.02357 11
e 231.02458 623.28928 13
e 268.91928 196.13455 8
e 194.80853 525.32384 11
e 216.11015 331.13156 15
e 242.11047 213.52088 10
e 364.88836 83.34033 13
e 31.44042 332.69509 13
e 316.87250 151.17873 11
e 324.44918 232.59965 6
e 183.17320 316.85730 5
e 123.36232 194.24180 12
e 243.20549 452.85755 4
e 241.09978 315.32506 9
e 191.02605 200.41002 4
e 211.38500 147.38793 10
e 236.73045 129.84580 9
e 167.58467 240.55309 8
e 166.79510 286.54098 5
e 275.21060 27.71987 13
e 84.25311 363.63527 7
e 156.31651 325.33661 9
e 297.97975 187.18134 9
e 176.84838 418.97284 11
e 147.00748 205.93283 6
e 178.98305 272.64950 9
e 181.40410 127.29385 13
e 306.14209 349.10719 8
e 495.72514 165.62576 8
e 184.33932 194.63167 15
e 220.21467 151.85118 4
e 255.47663 423.30310 9
e 130.99830 90.35513 11
e 359.39338 179.68833 10
e 68.87399 566.32873 5
e 179.74328 8.08665 12
e 169.08024 393.33397 9
e 222.41010 299.97579 8
e 291.87658 307.06419 12
e 144.31186 266.53177 6
e 193.60647 246.50588 11
e 211.34629 291.87908 7
e 320.58054 329.38280 12
e 186.54216 50.44701 2
e 172.37499 296.33489 9
e 162.93302 82.98672 6
e 58.58180 143.25512 11
e 244.35718 283.57636 5
e 167.30714 61.55607 14
e 114.33389 204.34338 6
e 431.27906 250.46853 3
e 185.12903 381.60436 8
e 342.98027 146.29437 12
e 39.07903 26.23756 8
e 294.18437 188.40886 10
e 175.46444 111.41895 11
e 212.76288 117.78492 8
e 196.90272 368.31313 9
e 104.21724 237.28208 7
e 301.17376 620.93476 12
e 363.61511 383.55240 10
e 232.88525 359.67815 9
e 308.98653 453.59282 9
e 232.33887 284.00210 13
e 185.69425 299.34077 13
e 105.45759 358.00262 9
e 377.23992 332.82457 8
e 257.39574 549.25048 11
e 337.79127 200.45742 5
e 251.95327 213.65553 10
e 194.57729 297.92633 8
e 256.11335 432.82504 9
e 172.62991 226.36673 6
e 387.35368 452.23448 10
e 337.77297 113.89786 10
e 208.78281 238.48010 5
e 171.76912 252.76904 13
e 170.44331 388.93708 7
e 163.40772 78.73251 8
e 251.54538 323.85073 9
e 61.59424 143.95779 13
e 152.25533 223.18037 7
e 211.45342 115.99898 9
e 71.50416 177.81716 13
e 39.49189 98.77100 10
e 45.57034 351.52928 8
e 106.00322 518.47701 9
e 221.66945 479.22651 12
e 142.19334 392.52710 8
e 245.31442 165.54590 9
e 339.19336 507.58498 14
e 326.35251 428.66206 9
e 133.59444 303.03045 14
e 217.95191 331.51448 15
e 305.95127 592.80975 7
e 188.31712 255.10039 7
e 243.53339 219.19073 9
e 279.41791 253.03994 10
e 186.03722 587.50339 10
e 236.28267 398.15210 7
e 242.12599 241.86805 12
e 320.33426 343.48806 15
e 139.91812 548.52685 7
e 233.43200 271.00854 15
e 247.93595 222.09744 7
e 212.76717 170.46021 12
e 274.29857 256.03316 3
e 193.13455 81.92291 7
e 191.32851 205.95009 7
e 215.97599 326.67913 10
e 233.83993 415.29340 9
e 223.37062 486.30495 10
e 175.46493 44.36570 7
e 237.01898 185.14099 9
e 228.43947 319.96783 9
e 260.70168 168.60418 9
e 296.58365 310.46338 12
e 115.61953 529.39214 9
e 163.15773 292.42991 10
e 88.20118 285.81886 14
e 319.36481 311.92368 9
e 127.39271 95.50602 15
e 278.51893 352.89439 8
e 201.90204 332.96020 13
e 397.07916 332.32778 5
e 355.93858 175.37841 4
e 114.03345 488.00462 4
e 292.58359 276.99850 6
e 129.31107 156.50270 12
e 344.03009 286.66674 11
e 219.93781 325.19623 9
e 183.61123 304.86172 11
e 211.08805 365.20372 16
e 105.62309 411.57978 7
e 216.03990 259.25609 14
e 158.31493 242.41807 8
e 153.34978 373.79382 5
e 108.47563 247.50332 15
e 76.90908 147.15614 7
e 283.36660 104.34234 6
e 316.03274 275.52129 8
e 164.78413 429.71131 5
e 234.43654 62.58452 10
e 381.66476 109.45540 7
e 294.88047 590.24809 6
e 217.04222 172.34413 6
e 135.44239 503.89247 9
e 185.93534 191.08104 16
e 192.57143 193.16432 11
e 135.78721 194.77071 11
e 85.48016 239.75126 7
e 90.77905 402.36143 8
e 27.41792 303.73341 8
e 136.06269 344.50650 12
e 54.62629 333.02826 10
e 193.47748 8.12730 7
e 232.52674 217.35009 11
e 167.47433 285.37616 5
e 270.69977 294.75262 7
e 243.19254 603.46846 8
e 207.14123 186.34236 8
e 223.99136 405.51437 7
e 97.14060 380.10512 6
e 307.35044 362.51806 8
e 99.59026 274.72642 11
e 73.83978 45.82549 8
e 173.72171 368.06257 10
e 174.30079 167.72482 11
e 290.38574 183.08750 12
e 162.45549 58.61437 7
e 281.29313 421.83632 11
e 307.18375 279.82488 9
e 324.48193 126.18670 7
e 165.71384 134.87083 6
e 143.91037 209.90359 10
e 136.52254 289.61627 13
e 296.29601 255.74935 12
e 151.23050 51.59554 7
e 310.57683 220.74212 8
e 254.45371 48.93543 10
e 266.31050 467.43428 12
e 195.95742 99.07191 6
e 222.01656 258.52369 4
e 361.87364 410.30474 9
e 235.74399 239.19309 14
e 186.19488 429.56572 15
e 258.97871 366.54384 9
e 198.28553 231.71635 8
e 324.46559 504.39715 8
e 269.39722 123.60052 8
e 65.31910 153.92821 8
e 171.84584 287.18257 11
e 186.45464 308.73856 9
e 447.61041 225.69802 10
e 294.53896 142.62098 7
e 95.57509 357.42309 8
e 343.42053 330.24494 9
e 222.63813 238.01174 5
e 135.81605 411.75943 8
e 244.56334 369.49578 7
e 351.32877 366.22073 9
e 250.68446 50.18237 7
e 312.10250 383.89079 15
e 215.67627 278.75825 8
e 182.15459 312.87939 5
e 232.23852 397.10587 9
e 213.48023 335.95990 10
e 173.30187 312.73554 4
e 318.73221 401.02752 10
e 207.30828 301.63652 11
e 122.03118 410.84766 6
e 119.54018 74.52005 10
e 61.25648 384.42709 9
e 244.32471 336.83739 9
e 288.97910 395.51873 7
e 267.27271 84.22462 10
e 114.36060 56.72125 10
e 233.12145 241.15903 18
e 226.38560 341.86497 7
e 147.73144 328.56460 7
e 33.58903 230.33788 6
e 281.89399 247.27290 12
e 285.69976 462.86151 9
e 157.74121 50.91778 10
e 300.67147 91.53616 6
e 237.36955 146.51643 8
e 184.43092 296.03424 6
e 340.83079 436.45315 6
e 118.94545 416.24680 9
e 154.62887 479.73857 11
e 141.67227 456.89644 15
e 230.95090 597.88981 10
e 340.41054 375.95187 6
e 239.60472 222.42511 12
e 367.86188 27.40233 9
e 236.41698 25.63346 12
e 181.29923 228.70419 7
e 233.32422 70.88685 4
e 270.14247 236.11806 10
e 109.21615 262.59247 5
e 320.97367 172.00814 10
e 193.63228 203.31543 7
e 202.79657 325.55175 11
e 167.86997 595.82121 12
e 244.63435 430.10241 6
e 222.00044 556.72321 7
e 125.50582 305.54805 14
e 105.33838 558.86455 10
e 230.20024 293.97312 5
e 88.82605 692.42593 5
e 207.55274 155.32381 6
e 255.49170 499.91517 18
e 99.77689 79.81699 11
e 145.12176 383.55811 13
e 96.32735 21.95994 8
e 97.33900 254.78428 11
e 226.74182 453.95458 10
e 288.90180 469.67969 3
e 133.57479 397.93427 9
e 205.57188 491.00067 8
e 216.49871 346.44915 10
e 197.78039 218.63259 5
e 214.25197 157.05466 9
e 169.85802 200.77571 9
e 266.68494 106.63930 9
e 122.53943 508.85604 18
e 221.90774 301.56989 10
e 120.38545 103.13622 6
e 281.34546 41.02851 10
e 228.22269 445.64883 9
e 107.77729 422.11648 14
e 145.37377 349.53846 8
e 187.90897 306.46668 5
e 256.32458 117.55257 4
e 199.04824 273.14097 7
e 77.94506 183.23606 11
e 246.79919 286.74702 7
e 118.82915 185.81860 9
e 145.69313 235.13108 15
e 276.55856 206.75707 9
e 175.91674 408.80362 9
e 442.51496 219.68011 11
e 265.97040 434.21075 11
e 156.62949 287.14320 8
e 146.97276 462.95174 9
e 206.11935 399.15030 13
e 133.51558 222.49064 8
e 228.15754 398.31829 11
e 89.26159 557.33093 9
e 227.04956 179.78066 9
e 379.50665 336.93666 9
e 145.36144 331.61205 8
e 69.87122 192.13503 13
e 260.73646 384.82768 11
e 205.45773 266.44536 4
e 332.10462 244.48888 7
e 102.11503 436.37611 7
e 173.97074 106.55121 10
e 220.45705 248.92497 9
e 291.48063 94.40077 8
e 147.93769 347.19941 4
e 385.48547 467.68942 7
e 69.02734 188.90449 11
e 200.99524 394.85939 7
e 211.01525 376.39388 8
e 198.14868 133.51077 13
e 382.21495 138.29899 12
e 322.72255 268.69169 10
e 306.76477 391.95177 8
e 144.33870 96.77724 6
e 187.64109 54.76180 13
e 376.37862 354.87428 4
e 206.73150 297.74398 15
e 175.34207 214.66310 10
e 243.06860 348.51167 8
e 230.51320 380.78946 14
e 240.42530 196.48923 15
e 340.10894 27.33918 9
e 356.96346 350.74738 8
e 218.70242 324.79236 6
e 391.91916 208.27182 7
e 314.59664 303.34492 10
e 267.27676 310.10115 8
e 132.25426 618.85949 9
e 280.81714 147.79070 10
e 143.13179 466.32415 9
e 261.08521 389.85046 9
e 208.31961 347.53332 9
e 270.46567 163.72487 10
e 133.64018 157.90549 9
e 139.09479 482.43985 4
e 222.28726 53.44645 11
e 432.66860 166.28999 9
e 170.13494 282.41914 9
e 296.25200 326.78868 13
e 229.65687 72.34758 9
e 252.84042 238.94247 9
e 223.15190 614.52751 7
e 66.51268 58.80927 4
e 224.65492 113.09752 10
e 139.62882 215.57435 11
e 92.37977 335.77784 14
e 400.31907 499.45563 15
e 170.50713 305.64041 11
e 151.29293 544.43124 10
e 355.98039 286.69837 9
e 222.08939 337.69694 11
e 183.70858 417.96417 7
e 323.91313 294.74360 11
e 280.65031 92.16020 6
e 169.53076 389.13071 10
e 202.81237 299.40525 9
e 158.93650 496.32297 14
e 369.23443 362.57986 9
e 185.90428 384.85884 11
e 261.19299 97.95737 7
e 184.83738 408.57996 7
e 228.68602 190.10014 5
e 288.51855 143.11928 8
e 428.21915 403.49273 5
e 199.25476 322.75531 7
e 354.47799 171.01549 6
e 128.37533 362.76174 7
e 375.83924 102.47189 8
e 297.04380 423.32428 10
e 265.83780 66.79887 16
e 19.71990 348.60700 12
e 355.49443 352.80399 7
e 226.84525 344.69777 13
e 296.26522 422.29621 7
e 333.48239 425.69585 14
e 176.29719 158.63916 7
e 268.45272 94.59875 9
e 176.83522 382.73389 10
e 207.57529 116.63943 7
e 166.08128 189.92158 5
e 262.92814 161.78599 11
e 204.74104 197.21962 10
e 241.38646 97.58263 6
e 226.70936 242.44902 5
e 117.20969 60.89508 4
e 274.76878 635.94522 15
e 226.41452 420.97254 6
e 340.61631 297.89275 7
e 244.10069 182.28720 9
e 63.94503 213.49087 14
e 300.85510 187.05943 7
e 199.53029 339.56483 13
e 160.21897 360.71956 5
e 201.75187 326.36745 9
e 354.48322 186.27313 6
e 323.53184 419.22667 13
e 310.86174 318.86673 8
e 310.15288 39.28378 11
e 264.09075 332.42875 8
e 107.06554 366.74766 13
e 230.44099 399.73421 7
e 89.93091 356.81112 11
e 245.90679 60.57045 7
e 347.03427 211.58933 6
e 335.31521 298.81809 5
e 166.25508 138.91801 15
e 131.59651 596.45826 4
e 337.36904 283.73193 3
e 304.22610 231.88132 9
e 249.70984 295.22808 6
e 184.75765 301.25459 10
e 119.56679 191.75951 12
e 230.66740 389.89956 8
e 178.74506 498.81029 10
e 39.74486 149.60130 8
e 188.96642 695.50095 14
e 139.97402 79.90920 14
e 139.60401 341.05022 15
e 270.41623 63.09254 12
e 225.33583 10.60641 16
e 226.65808 280.66411 7
e 97.89539 339.99739 9
e 273.46733 280.72403 9
e 187.48439 365.12817 6
e 262.91041 333.56480 7
e 310.17105 402.07518 10
e 299.78499 358.18564 8
e 297.40081 367.07633 7
e 230.54635 172.33598 10
e 253.63140 261.03150 14
e 164.29240 424.24271 6
e 207.55653 95.21578 11
e 99.31353 509.52530 10
e 123.29655 99.50045 9
e 126.55039 393.86597 5
e 134.67011 102.09879 12
e 194.78713 497.70658 8
e 244.45182 189.83368 8
e 269.78134 104.86025 8
e 329.55555 87.63091 11
e 212.49010 288.48719 11
e 143.25350 418.00430 12
e 327.37143 117.94619 8
e 243.84506 510.91520 8
e 295.53255 228.48637 12
e 231.60525 275.44858 11
e 204.52599 186.68936 11
e 262.31150 360.44726 7
e 373.66093 231.66632 8
e 53.72009 217.23968 5
e 290.19911 153.65050 16
e 255.88232 130.27719 7
e 195.43820 185.13033 12
e 284.39357 587.11106 8
e 283.79965 301.08733 9
e 142.90776 182.51784 8
e 269.10568 8.95743 7
e 276.82955 308.41441 11
e 261.19149 232.86502 5
e 242.60048 316.20900 8
e 243.19044 547.75602 8
e 317.74674 81.83384 9
e 216.84567 251.06660 10
e 455.31295 466.87463 10
e 244.26737 275.34078 10
e 126.56998 404.47862 9
e 223.34103 122.99703 4
e 303.10252 460.68268 11
e 59.41496 142.63537 6
e 157.21861 287.84842 10
e 214.82439 84.42013 6
e 475.38686 227.87278 14
e 109.42154 401.95496 4
e 257.47844 372.44356 7
e 88.42173 252.64289 10
e 241.21277 222.53647 10
e 245.38371 248.12759 10
e 191.68109 349.74891 7
e 258.14764 279.90283 8
e 158.00857 462.31912 9
e 178.23530 211.50196 4
e 358.82027 578.13629 9
e 164.27000 253.63446 5
e 188.94469 322.84365 8
e 343.95103 266.61581 12
e 210.37072 311.85701 13
e 62.17167 113.83067 8
e 252.08326 381.97920 7
e 169.22636 251.07644 14
e 339.73171 297.24167 5
e 138.30671 256.40189 5
e 299.00451 317.40861 9
e 301.08131 516.04569 7
e 208.52172 339.51400 16
e 218.99818 278.97138 6
e 314.81280 129.13789 11
e 88.43105 213.65455 13
e 296.95883 389.29745 11
e 179.58714 338.17693 10
e 161.59318 29.88479 8
e 273.38986 296.61681 7
e 129.94366 297.81329 15
e 300.73974 417.01823 8
e 235.43977 189.43505 6
e 222.99842 182.86559 7
e 172.31904 296.87571 17
e 141.73440 188.03615 12
e 201.40563 226.35113 10
e 127.38087 460.79297 4
e 109.83814 127.44822 12
e 142.85310 229.67288 7
e 231.50773 214.88764 6
e 93.06016 602.31973 7
e 157.20183 113.31460 14
e 66.80059 340.79163 4
e 345.77785 549.11436 8
e 176.14777 267.73176 14
e 233.15954 651.36048 9
e 359.60285 315.35699 6
e 156.15243 213.59886 10
e 118.68342 112.60965 14
e 161.40577 394.54492 12
e 119.88432 12.41895 12
e 336.98579 157.81592 9
e 274.01828 303.53609 9
e 304.86536 354.36153 6
e 235.99713 222.98986 6
e 19.59755 310.97158 13
e 243.77149 339.13725 8
e 419.00711 68.88261 9
e 308.04619 252.41763 8
e 193.42911 577.88567 10
e 102.71772 31.58813 9
e 182.95941 529.28354 11
e 126.08263 226.64678 10
e 303.60719 463.56706 13
e 177.76097 547.45973 5
e 308.53074 400.97658 9
e 268.71184 360.49764 7
e 282.25095 374.34570 8
e 254.32831 485.20422 7
e 207.96095 255.77029 13
e 343.81799 330.73986 12
e 228.75195 246.11129 5
e 290.40754 158.15645 10
e 129.32639 380.56375 16
e 260.66169 141.39855 8
e 260.38381 18.18325 10
e 287.57846 157.18491 9
e 280.49395 186.64207 12
e 185.83256 197.94591 10
e 296.36985 131.58852 12
e 175.67399 88.12073 9
e 297.32261 156.38092 11
e 300.52150 313.53443 11
e 254.12873 182.28705 10
e 239.50520 612.36351 10
e 389.45241 319.04805 10
e 306.71090 260.64355 10
e 266.08250 270.64961 10
e 373.89705 291.95556 21
e 161.14864 148.86170 8
e 304.17160 97.19709 12
e 183.44974 318.41239 9
e 237.09312 118.96260 7
e 261.80440 95.38627 8
e 314.05671 407.69223 11
e 207.05457 606.80718 9
e 225.94857 247.68438 14
e 181.55473 448.89563 9
e 194.81276 151.20244 9
e 312.59700 218.32470 9
e 274.40802 314.23279 8
e 195.88917 176.06647 14
e 106.65104 385.82048 5
e 190.12561 17.15426 5
e 318.01088 5.67324 8
e 272.82617 493.56685 10
e 248.00104 271.50866 12
e 219.06066 169.26213 13
e 281.65288 235.66761 7
e 31.03470 385.56548 9
e 506.31463 304.42059 9
e 220.45556 225.50389 8
e 232.48583 273.42043 6
e 197.27743 157.43545 9
e 17.74645 239.38904 12
e 192.13414 577.15551 9
e 227.96555 179.02794 5
e 118.31562 535.96190 9
e 212.16046 84.77709 4
e 127.50571 409.16675 4
e 307.53199 35.96159 8
e 338.05570 394.40199 8
e 227.09177 196.54060 9
e 179.24555 441.37013 9
e 194.42184 180.30785 8
e 203.35960 171.78348 7
e 253.31612 432.31030 9
e 71.31983 65.56767 6
e 143.49650 49.05883 11
e 235.29639 299.12027 5
e 324.18989 391.39248 9
e 319.45934 185.52780 7
e 195.21378 114.43028 7
e 204.73746 137.49959 10
e 87.74692 167.33036 15
e 167.20286 162.74387 11
e 378.81657 323.58507 8
e 204.21020 445.80970 19
e 178.29307 318.75456 11
e 357.70324 36.94879 7
e 199.04633 528.07612 15
e 61.12818 422.00647 9
e 212.01609 287.43278 9
e 251.29341 426.15492 6
e 215.19317 195.41313 13
e 177.86734 385.23197 13
e 229.31571 297.96098 10
e 203.26249 552.93235 9
e 316.96870 187.64058 7
e 154.38293 232.63349 9
e 351.63130 306.71586 9
e 252.35565 30.17973 10
e 167.64074 64.56068 12
e 366.82975 231.73491 8
e 61.56245 325.37902 5
e 42.48178 114.20382 13
e 159.06453 507.41786 15
e 366.69316 230.39942 11
e 224.27701 253.15434 10
e 184.00215 315.34204 6
e 163.91563 187.39678 10
e 280.48094 594.50932 5
e 141.10554 117.32395 9
e 340.50006 339.95877 13
e 278.62238 380.92768 12
e 213.18876 433.65272 5
e 107.35681 221.23068 10
e 211.79341 175.91084 8
e 281.28067 197.13355 10
e 198.86229 371.90300 10
e 150.25022 338.11823 10
e 172.95176 184.56238 7
e 140.57870 363.99121 6
e 222.50318 261.25337 13
e 140.52336 63.46765 5
e 150.51008 337.58934 7
e 5.87831 377.59654 15
e 269.59417 105.71594 6
e 269.86854 307.08003 3
e 177.20666 216.57012 16
e 198.02817 74.05215 6
e 96.76872 536.08304 8
e 336.27267 356.84721 13
e 349.78602 165.85629 12
e 198.18997 647.70929 15
e 294.25600 254.42273 6
e 144.26965 371.65937 11
e 235.80464 94.38788 8
e 194.26584 583.16989 8
e 85.10259 250.84872 14
e 166.94567 290.63533 11
e 214.10591 323.90656 10
e 98.88127 420.34739 10
e 244.42141 202.79001 9
e 202.13270 114.23784 8
e 375.71319 534.71015 15
e 196.98969 207.53095 7
e 338.41027 470.63757 10
e 202.16972 264.34937 9
e 204.00312 423.32227 9
e 251.66399 583.04483 7
e 99.99575 183.04828 13
e 257.82243 162.23463 7
e 212.80656 239.57149 9
e 87.77703 338.41872 10
e 419.66699 385.82151 9
e 373.06083 113.72850 11
e 203.87246 308.25996 14
e 178.83926 107.55641 12
e 343.40094 166.75442 13
e 72.10405 633.75498 6
e 329.63377 84.25675 8
e 110.92950 151.17727 15
e 328.15335 84.43122 10
e 348.78142 336.52141 12
e 472.70899 304.80362 10
e 284.52840 310.10171 10
e 291.83410 219.18124 7
e 324.13931 373.60699 9
e 214.09431 251.95773 8
e 253.06990 44.44484 12
e 369.20568 259.41089 13
e 113.98376 95.58609 6
e 201.57527 406.94606 11
e 207.84090 25.45548 8
e 154.40405 509.78548 7
e 287.93381 249.40369 10
e 182.94234 218.89076 9
e 197.13493 457.13190 13
e 149.81366 322.18905 4
e 73.65210 132.50450 8
e 13.39722 367.29092 9
e 98.99299 177.16124 12
e 218.72013 509.84938 13
e 231.04201 66.78700 11
e 151.95211 138.23750 12
e 153.00157 837.38764 12
e 201.35805 193.01306 10
e 95.34054 379.76128 16
e 350.84077 168.08479 9
e 209.70030 258.28351 10
e 253.92783 226.43785 10
e 268.63296 396.05354 9
e 193.71195 12.76969 10
e 152.32876 114.76111 10
e 241.13610 259.57729 8
e 346.88314 455.61650 8
e 163.44076 516.37301 7
e 278.47168 434.00686 8
e 202.39464 164.45979 10
e 84.54664 13.23282 6
e 311.77992 436.92705 6
e 127.27580 455.36041 19
e 60.96905 33.13766 11
e 249.49374 160.20273 8
e 236.17930 533.86452 6
e 293.07256 266.18768 13
e 145.62160 231.22053 6
e 109.22314 498.03785 11
e 354.42042 218.50457 8
e 286.60796 252.18118 7
e 326.84958 182.05224 12
e 385.97519 284.35655 10
e 234.81117 518.02381 6
e 322.39264 347.67146 18
e 154.50546 78.10413 7
e 179.67743 265.37887 9
e 124.27561 665.18578 8
e 288.23336 375.63325 9
e 105.87110 338.66982 10
e 168.19884 298.26611 7
e 247.44716 125.90524 12
e 235.85326 62.01446 9
e 190.67981 154.15893 7
e 99.34350 27.30797 8
e 241.45256 184.51115 11
e 352.84325 504.00317 9
e 128.80280 237.08154 9
e 161.62266 240.31029 14
e 189.21028 298.83235 6
e 528.14867 302.92988 9
e 267.13900 46.67816 7
e 199.03539 189.22104 8
e 209.13868 432.17154 7
e 202.32157 321.81286 11
e 61.93767 303.93558 12
e 151.10940 168.86644 8
e 251.33685 205.19919 12
e 70.64359 173.49734 6
e 168.79907 536.45237 8
e 398.14991 476.76960 12
e 274.75210 484.31235 15
e 190.81202 112.84975 10
e 214.60719 452.12908 13
e 316.04279 195.34489 8
e 316.44440 534.60291 6
e 28.29382 77.73213 5
e 341.80440 419.79116 8
e 298.52410 233.72244 11
e 182.02599 78.55328 8
e 183.32752 513.53620 3
e 301.18576 238.51919 10
e 108.45914 210.85333 5
e 87.58861 581.12896 19
e 194.51931 278.85417 12
e 241.28516 184.61793 7
e 315.74973 491.73642 5
e 297.26512 83.54228 8
e 196.43387 387.27867 6
e 219.60813 152.55010 7
e 124.46920 83.08273 10
e 339.10619 718.01487 7
e 358.55449 344.55072 6
e 79.52477 390.46498 6
e 161.71029 527.29628 12
e 379.71446 359.86624 10
e 245.23863 256.18808 5
e 413.45920 471.08181 10
e 234.60239 228.47265 9
e 162.49946 160.88960 14
e 386.25362 123.11015 11
e 181.10237 436.88419 9
e 171.03867 216.39152 7
e 118.63485 370.39113 11
e 239.79990 117.91244 8
e 215.19483 192.10316 10
e 224.11830 636.44021 6
e 440.56167 210.73661 12
e 152.49823 357.50641 4
e 207.59280 324.40808 12
e 200.32477 202.29261 7
e 146.93898 9.98892 7
e 231.07409 590.90005 8
e 266.91748 364.08093 15
e 184.43848 166.30244 4
e 109.27409 559.35007 15
e 164.02434 124.63523 12
e 315.55936 495.11638 12
e 216.29473 124.60889 10
e 91.47547 276.25825 8
e 196.86812 330.46878 10
e 236.77537 144.17178 10
e 385.58762 573.68587 11
e 176.01743 444.51162 9
e 217.21781 244.25597 14
e 279.63144 267.26222 7
e 143.21155 389.52749 9
e 240.61279 187.18259 5
e 131.01449 253.23704 8
e 206.73373 442.87641 13
e 161.38842 538.21069 3
e 329.76490 90.88999 9
e 197.69597 136.62583 8
e 346.62414 399.23455 7
e 331.39262 245.63461 7
e 367.81276 82.95978 8
e 347.01563 261.01833 14
e 11.48600 221.02526 7
e 54.19859 28.07335 11
e 201.20554 606.12432 8
e 353.14940 441.76406 17
e 117.35650 313.66040 9
e 182.16227 133.61224 8
e 393.60366 237.63262 11
e 272.31556 347.62118 11
e 276.61525 91.71602 10
e 259.27310 169.88251 7
e 127.70814 294.56286 16
e 241.91416 255.60427 9
e 245.11015 161.54021 7
e 174.47488 257.18413 7
e 195.89206 243.13941 8
e 326.40883 181.14284 15
e 136.33100 97.90092 9
e 273.83139 412.33163 9
e 350.15612 168.21689 4
e 246.91659 292.04701 16
e 260.75938 190.29966 5
e 262.18571 271.01384 12
e 179.30327 419.64802 9
e 281.31630 458.75142 6
e 131.89203 183.54767 12
e 264.55076 168.08268 6
e 227.83682 218.90023 5
e 287.23861 375.10090 11
e 7.73522 102.67782 7
e 313.29399 58.34760 6
e 257.24561 210.55017 6
e 285.75290 319.18886 4
e 212.95507 286.52447 11
e 151.53345 172.28773 7
e 242.80890 637.79505 10
e 247.67528 166.20383 11
e 172.23338 181.34953 8
e 308.68649 524.69560 7
e 310.51827 441.25280 6
e 303.97802 283.32630 8
e 342.31396 618.16607 10
e 207.69817 751.93380 8
e 242.06249 317.12956 9
e 221.76438 583.83335 10
e 288.94111 517.25734 9
e 201.02489 458.41127 16
e 168.91007 784.43305 7
e 361.99913 567.09606 10
e 244.09192 459.12486 9
e 314.83828 509.04787 10
e 357.70179 381.30023 6
e 463.90078 319.41171 13
e 335.10817 230.62764 6
e 371.63020 752.80667 5
e 190.19462 751.78807 7
e 417.22383 657.69165 8
e 151.11008 671.39632 17
e 304.26299 819.77649 7
e 389.31596 612.14200 12
e 352.74505 536.04656 8
e 393.40179 528.77831 15
e 332.05701 492.39308 5
e 372.96124 479.30737 12
e 128.03600 361.72481 11
e 334.60771 311.05510 9
e 251.00851 610.76556 9
e 436.95065 384.34416 9
e 248.17840 504.85179 8
e 249.35387 597.04511 9
e 441.72153 620.18565 9
e 423.70160 644.60160 10
e 393.41163 427.03379 6
e 247.01725 330.68819 11
e 320.82842 612.07454 6
e 363.95922 374.05821 11
e 161.03204 653.27566 5
e 303.02992 637.31813 17
e 276.58470 572.42667 15
e 288.93157 485.61309 9
e 236.79432 635.11674 6
e 385.69885 642.70923 8
e 209.75701 578.90120 9
e 215.98550 686.49793 20
e 321.18706 194.31062 13
e 114.58721 403.26938 13
e 141.84599 561.74639 9
e 130.52775 616.33147 6
e 499.45819 568.57238 8
e 407.91897 475.15464 10
e 325.73616 654.65443 13
e 306.29625 403.84151 10
e 184.26286 256.79234 4
e 303.44079 687.34019 6
e 226.38164 561.21706 9
e 202.22216 604.23893 7
e 312.67028 284.21475 5
e 232.44619 263.45070 9
e 442.87840 328.63497 12
e 136.26319 739.11801 10
e 361.01600 500.54485 8
e 277.21972 728.28544 8
e 199.24032 418.97026 9
e 365.38050 555.83563 5
e 264.42193 319.14049 6
e 414.09975 172.03743 9
e 373.24504 612.45722 19
e 312.06123 726.94476 8
e 268.77572 632.16598 12
e 192.23747 533.78759 11
e 297.12019 456.36005 2
e 428.03342 649.15542 14
e 239.39146 520.69278 5
e 219.98543 484.02739 8
e 374.84496 447.74192 6
e 184.89597 513.32313 8
e 264.63074 434.58765 7
e 255.85075 731.66850 14
e 395.40519 546.37941 11
e 294.21631 607.68630 7
e 241.79454 562.82447 8
e 114.60981 507.13937 10
e 298.07583 401.73749 6
e 311.86972 588.44775 11
e 184.36808 419.67478 16
e 202.23084 454.21728 7
e 266.08984 290.88307 6
e 223.96111 621.79969 8
e 410.56695 849.59251 15
e 354.66785 523.32453 5
e 153.59584 378.54411 13
e 141.11043 622.63264 12
e 299.87429 631.88123 12
e 304.19049 187.48185 6
e 289.37051 730.68014 9
e 461.94264 413.78206 13
e 283.24339 626.16704 17
e 321.31859 873.66324 13
e 98.62774 172.94204 8
e 156.56573 836.03074 10
e 313.14004 383.44566 6
e 311.04424 423.28444 5
e 446.67484 763.06098 5
e 346.71791 738.49506 8
e 273.66311 490.50402 6
e 331.15569 213.61425 8
e 231.02576 636.23690 12
e 267.75474 459.84954 15
e 374.08710 651.03636 11
e 232.11710 648.89488 6
e 377.72826 509.60469 9
e 62.35287 446.13264 10
e 245.61249 663.72194 9
e 164.44910 516.48931 9
e 296.56684 224.73232 3
e 259.57993 736.08030 9
e 421.21142 354.73237 11
e 375.48320 705.98122 9
e 87.73547 478.67106 5
e 193.71429 631.09589 11
e 106.35981 419.74031 8
e 484.62372 450.54869 12
e 203.36657 667.67674 7
e 296.38004 496.56840 10
e 313.79419 354.78453 9
e 270.89591 210.16251 5
e 320.15655 513.67211 10
e 300.39421 578.08348 10
e 274.04673 628.78954 10
e 175.20381 482.39290 8
e 175.46294 705.99462 7
e 228.08356 739.27342 16
e 307.99991 411.61154 11
e 221.46691 371.12831 10
e 216.93948 556.28009 15
e 325.77196 560.87988 6
e 247.70423 713.41376 7
e 388.06783 684.36729 7
e 255.97576 695.59120 6
e 344.30443 792.17945 10
e 248.06247 739.64740 6
e 281.84200 325.10650 5
e 331.70602 723.64791 11
e 185.42194 502.14087 9
e 371.78453 568.65522 11
e 164.71725 646.83892 8
e 225.31753 740.46178 12
e 379.40368 357.32618 5
e 305.59279 481.48618 8
e 237.10548 656.01541 8
e 261.80845 358.00464 12
e 416.65194 413.36544 11
e 126.12206 505.15245 12
e 332.98375 562.42665 10
e 266.74554 115.90170 13
e 296.38010 654.27739 6
e 334.57128 798.84218 5
e 451.46442 707.06598 7
e 385.80947 613.61079 11
e 282.64887 526.75527 13
e 189.58452 649.12757 11
e 298.86612 568.63514 12
e 152.02193 403.07480 9
e 392.99971 668.61988 8
e 279.95140 754.09134 5
e 188.44986 726.31950 7
e 163.57288 768.08437 5
e 106.83697 813.91698 9
e 323.37532 498.81684 11
e 241.67343 602.08154 7
e 268.41575 648.16699 9
e 328.09666 408.90951 4
e 373.49550 730.94182 9
e 442.74802 587.27226 7
e 339.06801 396.13938 9
e 231.07011 487.31891 14
e 203.01921 687.21758 5
e 451.12010 303.93142 4
e 331.34014 532.72995 10
e 425.35434 547.16975 6
e 360.39291 544.01160 7
e 216.76063 246.29188 11
e 292.38839 201.00349 11
e 294.24714 456.89038 4
e 423.77945 611.22796 6
e 381.29247 642.42693 12
e 408.67049 641.62547 8
e 299.05020 569.36471 9
e 307.82682 378.52586 13
e 200.37048 779.18833 6
e 324.30867 390.71139 20
e 271.11218 682.42066 10
e 303.35143 806.74095 7
e 289.46078 801.10920 6
e 321.79982 633.19423 11
e 367.60805 731.06925 8
e 184.70453 587.62857 18
e 224.48141 558.14925 7
e 233.58508 423.15930 8
e 358.79362 617.70433 8
e 388.41266 622.23621 9
e 414.53208 484.18174 11
e 182.12495 270.72132 8
e 315.36915 713.76662 9
e 461.96540 606.32398 6
e 182.93588 465.34223 14
e 381.29850 516.30138 9
e 275.71557 282.65184 9
e 276.90959 485.30552 4
e 236.27663 268.47317 10
e 400.91318 286.11256 5
e 286.97898 692.70422 9
e 370.21214 549.35315 11
e 383.70565 589.98117 8
e 391.50604 547.99698 9
e 254.63152 271.05762 8
e 280.95579 283.80708 18
e 282.68783 361.15985 13
e 293.14253 554.64404 7
e 265.56899 174.32724 6
e 202.47149 338.45990 6
e 359.71783 798.62389 10
e 226.16163 651.39778 8
e 253.02620 469.63271 5
e 249.80764 483.42976 15
e 388.41396 563.75689 4
e 197.46821 605.98913 7
e 361.87897 379.69439 6
e 114.03877 765.53535 10
e 348.52078 577.29012 12
e 282.68948 672.75445 8
e 248.55104 782.05916 14
e 217.03463 871.56820 13
e 256.90314 513.46758 10
e 196.00121 599.20781 7
e 364.04791 579.43319 8
e 220.20431 369.72310 13
e 280.88411 442.81483 12
e 251.83348 754.61993 11
e 263.45307 677.41953 16
e 148.53703 700.87063 10
e 221.69120 574.74081 9
e 298.98844 676.16112 4
e 245.56671 861.90941 9
e 340.40408 508.59814 7
e 344.11001 916.48313 8
e 282.22488 428.21529 7
e 319.73618 631.47637 15
e 305.57966 337.91461 11
e 454.35969 276.60120 8
e 271.34460 697.27084 10
e 501.06576 547.82438 7
e 324.11943 709.16373 6
e 327.75225 456.86667 10
e 310.85216 548.89921 7
e 323.96294 895.88547 7
e 321.49933 530.86152 11
e 438.51598 513.40532 13
e 277.85987 587.72064 5
e 318.83688 739.37411 10
e 249.81100 592.20080 5
e 350.36192 679.39388 10
e 190.18449 533.69517 15
e 231.52906 489.76138 10
e 262.97897 436.95761 10
e 288.20039 656.05731 3
e 308.22824 400.81305 8
e 321.17808 551.34383 17
e 318.70909 218.53539 8
e 266.29787 472.02941 8
e 441.54684 380.28133 7
e 216.47826 555.98374 6
e 231.25972 459.02958 5
e 317.36966 470.93773 8
e 312.72249 765.52307 8
e 223.42930 504.86988 4
e 407.15110 498.69372 12
e 288.46312 675.17294 11
e 480.78835 595.92791 6
e 348.07552 266.54827 16
e 469.33357 545.20972 7
e 219.09297 423.16487 5
e 497.92676 503.56614 21
e 350.42398 445.62186 8
e 307.14510 558.95276 11
e 188.81185 499.92226 12
e 410.26954 352.84110 7
e 408.76066 630.68175 12
e 178.24456 543.52721 8
e 217.94942 857.98128 7
e 231.31513 725.55579 4
e 234.41263 373.34009 8
e 251.04134 248.28571 6
e 231.46617 488.59365 8
e 397.09033 927.45596 11
e 325.20813 454.05937 8
e 299.37816 601.46746 9
e 222.69120 528.00335 6
e 232.71927 656.30278 10
e 377.57445 426.91081 7
e 216.37554 523.94828 7
e 217.99987 522.36330 9
e 203.70331 517.48556 10
e 196.43759 915.37670 7
e 313.39864 589.19920 9
e 276.22165 651.70656 7
e 217.69627 237.14236 13
e 238.66419 457.22002 4
e 268.65877 477.91024 9
e 274.40444 486.25495 14
e 270.71816 449.85020 15
e 367.74076 435.20733 9
e 352.41280 707.09920 10
e 126.82046 453.55070 8
e 186.00179 612.68161 6
e 173.92128 405.32638 8
e 242.19398 413.93700 8
e 179.84407 532.39571 8
e 359.51579 622.76026 9
e 240.59158 596.28951 11
e 193.56122 711.66104 7
e 293.13762 852.23631 9
e 250.22893 647.35788 5
e 326.01741 670.90114 19
e 240.22892 793.98549 10
e 213.40453 635.42073 8
e 363.91927 686.27883 7
e 303.22604 362.02293 14
e 305.48674 734.70686 5
e 342.31901 503.15469 8
e 282.65399 559.99664 7
e 186.28042 552.52032 4
e 88.19389 662.02799 10
e 254.26248 466.30394 8
e 233.81207 665.40325 8
e 248.13831 501.17598 7
e 389.93779 670.68506 12
e 400.83063 746.19200 13
e 216.65122 568.99984 14
e 179.57723 659.34201 13
e 314.05178 450.62878 10
e 376.63387 692.26344 10
e 279.00916 320.33367 8
e 224.64730 270.75717 7
e 293.70876 502.54766 10
e 302.45665 576.71221 7
e 197.71956 708.05239 12
e 465.24596 655.50024 6
e 272.87152 514.46145 15
e 140.95933 603.64256 12
e 308.50814 617.90943 11
e 305.83792 547.22849 15
e 330.88896 556.29046 7
e 326.83849 565.50991 7
e 407.34368 420.74440 19
e 253.13821 437.28130 7
e 382.25165 412.73222 11
e 229.82825 710.78058 9
e 342.48090 752.31700 11
e 151.62093 484.46717 12
e 216.95936 536.17039 4
e 249.84959 332.67143 11
e 216.73303 664.65977 8
e 419.00948 503.27534 9
e 367.85679 631.30299 7
e 222.18462 423.61333 10
e 256.61927 687.77610 8
e 254.81959 392.61485 9
e 407.37587 713.17176 8
e 83.91041 690.88752 7
e 267.98736 533.34047 13
e 221.99107 361.57841 4
e 300.92991 415.73614 6
e 234.64391 560.60018 11
e 332.72141 262.02765 10
e 314.07881 776.51287 8
e 280.22285 612.21707 8
e 298.76846 273.83592 5
e 145.60181 316.02303 8
e 339.49958 634.82770 7
e 321.46160 373.28758 8
e 243.84562 395.49253 7
e 357.86006 524.50991 14
e 207.05518 536.39846 14
e 207.61921 516.34663 14
e 329.86179 683.51223 6
e 396.28366 551.02668 11
e 100.64927 580.78838 10
e 241.14843 450.26160 8
e 374.42926 242.91918 8
e 316.32009 627.29440 8
e 419.21147 422.37127 15
e 200.28727 572.07994 12
e 449.16326 616.62033 9
e 226.59604 267.42623 12
e 220.69587 458.63046 7
e 412.39318 668.03351 13
e 178.63724 277.45398 13
e 317.20585 522.36766 9
e 270.29816 968.75182 6
e 456.99701 996.97075 6
e 382.75773 943.21013 7
e 494.59219 853.36796 7
e 294.22296 965.17105 14
e 381.80484 969.30979 7
e 460.65285 859.28999 10
e 422.16741 822.02734 13
e 377.45434 1043.30284 10
e 431.35623 1023.32146 9
e 180.22557 717.77830 9
e 544.10999 780.93655 7
e 558.02692 899.25477 11
e 329.81098 822.64219 9
e 427.93994 911.50439 6
e 433.62414 746.96720 19
e 323.86696 873.67890 15
e 531.75910 1062.00260 13
e 207.17879 996.65296 10
e 532.89236 715.68333 8
e 318.32740 810.96192 5
e 338.93617 1008.40403 20
e 323.76245 820.34227 6
e 295.51673 974.66417 10
e 273.35606 863.98175 11
e 357.92721 945.17670 9
e 419.31584 990.37943 10
e 396.99650 1017.27122 8
e 386.93354 1060.67203 8
e 456.94518 1031.63831 15
e 410.18803 942.20681 9
e 372.76790 950.91121 11
e 556.87006 877.37969 4
e 451.88619 1007.55148 6
e 418.42616 913.47820 9
e 365.29983 820.88873 11
e 391.29082 924.53752 11
e 293.83492 486.92764 10
e 260.11346 963.51827 13
e 244.34676 1037.18138 9
e 441.33501 805.92731 8
e 404.19884 812.89407 10
e 361.95477 922.08493 9
e 147.59519 1061.84243 11
e 426.60632 888.01248 8
e 329.70212 1065.24166 12
e 399.34609 874.83374 4
e 461.65316 1040.62197 10
e 257.73680 948.40470 8
e 417.98179 795.96689 12
e 303.02099 857.72074 9
e 390.92874 971.28128 8
e 397.88615 883.13149 6
e 460.92938 879.03552 13
e 509.77930 686.70071 7
e 368.90287 830.81842 7
e 403.99770 966.69956 14
e 374.83289 767.03991 11
e 428.27624 826.01695 13
e 251.70344 733.09878 5
e 370.57892 1058.27793 5
e 536.54830 786.29193 7
e 263.81432 682.46056 10
e 487.12534 1008.98575 13
e 408.10415 1052.11394 4
e 355.77775 947.58760 6
e 414.33738 863.29539 14
e 401.59679 790.58661 14
e 390.74212 1026.25340 8
e 414.14778 1028.64168 8
e 413.99970 907.83646 20
e 360.44361 950.63481 13
e 348.59432 944.73403 8
e 387.78652 846.50157 11
e 396.75525 827.80515 8
e 443.98213 777.48185 14
e 510.20943 942.10743 7
e 524.58188 921.62522 9
e 262.95642 1033.35589 7
e 382.31051 943.06363 9
e 204.69877 1078.95222 10
e 411.44624 946.71693 5
e 448.71622 1040.43750 11
e 522.75008 800.13733 7
e 327.80158 993.60285 10
e 398.35670 1065.12163 8
e 442.69331 1033.27457 9
e 541.38963 995.50478 7
e 265.42868 988.43207 5
e 397.99406 985.37545 13
e 242.93233 945.98739 11
e 336.89312 1019.96399 10
e 293.31231 946.62875 15
e 357.10484 941.65902 13
e 448.74847 961.68753 9
e 440.93224 1011.16270 6
e 243.33368 1022.03236 6
e 462.53857 1017.77591 9
e 350.88887 725.87261 10
e 312.10217 784.75347 15
e 483.46262 735.34032 5
e 313.37435 863.91436 12
e 283.32936 1012.71159 5
e 501.33973 634.53457 6
e 238.09124 849.32373 5
e 598.25379 961.71799 12
e 366.64173 900.91201 10
e 329.94673 950.98515 6
e 630.48005 857.46864 15
e 433.78163 681.20229 13
e 430.59667 561.50577 9
e 399.55659 927.52411 7
e 385.79998 943.45763 8
e 519.61112 1003.05784 10
e 520.14289 937.86167 7
e 311.50036 739.48971 13
e 227.36169 744.81529 7
e 306.34355 866.56741 7
e 372.73320 810.27912 8
e 348.67593 962.60024 13
e 385.18695 891.56937 8
e 390.50611 1024.85778 6
e 355.14904 1039.21376 5
e 516.25619 951.76247 11
e 455.18545 896.21436 13
e 437.30152 823.05235 7
e 414.65680 1038.22285 9
e 431.05597 663.19464 8
e 581.33204 793.42435 12
e 368.21423 690.48602 5
e 263.52772 1012.74010 13
e 452.15760 895.80935 5
e 382.94904 1045.91301 17
e 377.23320 866.32946 5
e 310.67682 809.39679 8
e 425.25420 979.99138 12
e 327.32991 902.69537 6
e 483.54950 730.50871 6
e 428.31716 761.26361 10
e 397.60877 931.42460 10
e 429.72985 870.23821 10
e 270.23746 963.09809 11
e 234.73035 975.33793 8
e 371.39295 920.71320 6
e 454.22992 903.74798 16
e 250.52353 718.30868 6
e 462.24618 915.88260 11
e 468.49748 943.54723 9
e 318.36918 852.46067 8
e 326.00201 864.70950 8
e 218.81479 878.04873 9
e 350.79547 807.37730 7
e 526.45817 855.70754 7
e 404.06812 966.22690 9
e 435.72186 954.66765 10
e 292.39662 1004.88844 9
e 273.05132 1014.29520 4
e 42.53748 1035.83290 13
e 496.23827 987.97671 6
e 287.31404 929.38720 7
e 251.96354 905.66497 4
e 450.41817 866.71439 9
e 263.92274 906.09349 4
e 330.81337 748.26568 10
e 321.81807 958.52456 10
e 534.22593 849.69189 5
e 491.11297 918.39364 8
e 428.27607 1019.94149 12
e 464.21308 663.03042 8
e 357.03861 1046.78740 8
e 411.11794 766.91015 11
e 370.31024 774.78379 15
e 418.81577 911.11904 7
e 199.40692 703.27771 6
e 503.59680 863.12931 11
e 273.38753 743.96837 13
e 441.61797 933.15688 8
e 388.12566 769.18262 9
e 467.52968 930.36400 8
e 423.89456 1060.77496 7
e 413.13399 953.12972 9
e 396.10217 893.97926 12
e 332.04120 412.62958 12
e 402.79612 789.79689 7
e 253.06889 626.38886 15
e 402.63564 796.62857 13
e 381.67363 527.64823 11
e 362.81457 964.20586 10
e 482.41554 628.72364 8
e 416.72462 1069.86177 6
e 508.97745 887.27781 11
e 478.21622 632.31206 8
e 477.17948 847.96480 17
e 484.60272 906.93251 9
e 407.62383 798.44829 7
e 434.09555 936.63671 8
e 321.66127 935.81145 12
e 397.61814 864.02531 8
e 469.57838 1055.73292 6
e 365.36513 931.62134 5
