c ./output/rectangle/gaussian/gaussian-rectangle-5-1000
p rectangle 1000 720.00000 1080.00000
e 181.20511 207.53452 14
e 358.15279 126.80247 10
e 418.16091 239.90483 10
e 306.23451 110.86995 12
e 408.75323 172.07097 11
e 638.30091 178.27075 9
e 434.82293 103.88716 8
e 458.16315 122.67014 3
e 317.41512 125.63757 9
e 228.20041 386.95827 7
e 331.59684 165.90001 14
e 395.93602 87.24906 9
e 247.83489 28.46499 7
e 174.56708 241.71790 7
e 432.06843 228.55410 10
e 205.59806 306.20440 7
e 309.43432 8.99601 11
e 318.33125 243.97399 6
e 382.47740 5.98455 8
e 392.77068 366.73726 7
e 329.37620 29.32034 10
e 246.43444 227.49378 11
e 448.41504 294.11609 8
e 191.86712 123.99253 7
e 326.66051 138.30895 8
e 420.69420 127.60066 8
e 323.51263 78.97093 7
e 454.20600 249.09555 5
e 316.52546 178.40526 6
e 325.84913 0.13845 14
e 63.55601 113.37735 9
e 385.87904 19.55981 8
e 234.61714 197.90864 10
e 259.45466 61.47669 13
e 341.58853 164.66721 8
e 323.93987 256.87939 5
e 227.00734 126.41900 6
e 364.81649 111.41923 7
e 442.20975 126.12834 8
e 150.51462 115.15162 11
e 468.93047 154.60707 9
e 394.27479 187.10879 9
e 342.06761 73.23577 11
e 338.53367 179.72413 10
e 303.90709 327.00879 13
e 346.80344 18.94015 16
e 269.93625 241.23640 11
e 234.14152 169.96707 9
e 341.30270 10.16229 9
e 327.96013 165.41796 9
e 265.14231 140.86873 16
e 335.17378 0.86099 5
e 114.56384 83.36598 8
e 281.88533 20.60694 12
e 432.47326 164.12165 6
e 146.60126 404.38756 5
e 306.72139 145.71856 10
e 329.38737 126.23221 10
e 331.85179 134.28016 15
e 432.74097 271.53146 8
e 329.41758 241.97064 8
e 316.22417 262.50902 9
e 419.83366 75.37873 5
e 331.51151 352.77361 13
e 406.92516 123.50055 6
e 203.22583 4.67559 8
e 353.57826 235.95050 8
e 151.88759 385.91050 10
e 298.99873 73.65353 13
e 365.18825 98.80236 11
e 314.06153 106.17330 12
e 434.83255 135.18406 10
e 226.81142 237.28970 7
e 180.72932 211.94074 12
e 306.01063 202.01409 5
e 417.82281 211.54897 6
e 463.50131 148.90769 9
e 339.91007 166.42120 5
e 365.22823 45.76481 8
e 409.63573 120.27123 8
e 209.42285 233.12226 11
e 242.17371 155.96203 8
e 437.79957 61.28305 7
e 219.04465 119.81254 9
e 326.12085 61.12240 12
e 178.99006 142.62582 7
e 382.27519 92.98336 12
e 262.92557 54.70820 11
e 233.68746 119.69180 10
e 447.75707 80.26851 11
e 434.16436 238.60528 15
e 359.41510 124.55642 4
e 213.46504 185.33567 9
e 355.57960 275.23705 13
e 306.26870 134.81289 10
e 290.69966 25.64052 14
e 421.53690 51.92495 8
e 312.06024 46.41895 13
e 394.38702 175.45110 9
e 256.69035 120.51117 9
e 256.49560 176.98428 12
e 347.23521 254.70424 5
e 410.39414 13.74197 9
e 311.90125 183.89310 11
e 380.33866 111.81243 5
e 297.65805 31.35778 4
e 244.71269 216.31428 8
e 359.62839 118.04790 4
e 359.60474 117.17553 11
e 223.89706 159.74261 8
e 331.13920 6.70185 11
e 336.66443 191.93673 8
e 237.29410 225.11252 13
e 334.46031 155.25009 7
e 481.19612 114.38212 12
e 233.29125 304.50148 12
e 408.07248 109.44574 10
e 182.37957 100.17508 7
e 504.38339 9.68129 15
e 359.21001 69.39380 11
e 383.65929 126.83207 7
e 328.25167 174.35886 12
e 196.67070 106.54524 8
e 358.55824 205.94766 12
e 404.67579 154.21467 9
e 417.10747 38.02974 8
e 174.74134 219.07943 12
e 167.42414 108.70054 8
e 305.24236 94.88569 10
e 412.23138 17.57517 7
e 333.63463 204.17686 17
e 453.23313 4.41490 11
e 373.81535 171.03099 10
e 352.67268 76.79341 11
e 371.17863 247.29440 8
e 260.97177 119.23178 8
e 381.30996 14.65340 12
e 233.18750 103.61348 13
e 217.94400 52.88419 6
e 278.68543 318.40200 10
e 182.07260 230.30534 9
e 295.47159 190.12083 10
e 490.77888 279.29128 11
e 350.15578 374.12344 5
e 387.14351 118.89845 9
e 536.74965 122.04513 13
e 223.09455 120.62085 10
e 429.16262 55.32902 8
e 215.85151 18.18883 6
e 216.82808 162.62882 14
e 352.97280 57.45140 10
e 503.53096 220.61504 11
e 175.67141 19.06240 5
e 152.48131 73.24949 9
e 473.74196 97.12680 8
e 289.92362 125.43020 8
e 468.21331 154.56808 5
e 201.45880 113.13823 12
e 394.34538 221.89907 8
e 375.38196 358.85685 5
e 329.70956 167.19794 11
e 269.61299 63.59720 13
e 497.02293 32.68882 11
e 342.55407 54.05164 10
e 239.39206 195.26373 20
e 290.32689 60.15568 9
e 466.60559 65.96861 10
e 421.07125 78.90058 15
e 453.62266 353.04194 9
e 286.74849 186.30175 7
e 283.84498 224.69707 9
e 116.62365 208.36908 11
e 257.10212 380.51558 12
e 273.32315 119.36802 9
e 182.89940 132.45007 6
e 345.99632 194.54376 8
e 382.85022 261.65732 9
e 193.98568 39.96888 5
e 353.73977 53.14185 10
e 316.17883 73.94162 7
e 451.72158 92.34234 5
e 346.24304 178.97339 6
e 347.42067 283.48025 7
e 426.73260 44.88799 12
e 464.23949 93.39095 7
e 365.87803 77.24167 13
e 393.19847 65.27621 11
e 244.35470 93.93292 9
e 336.35402 62.02089 8
e 314.51908 14.88973 9
e 298.45625 180.57683 12
e 209.87820 189.27060 10
e 230.44200 120.81634 8
e 302.31668 364.53855 13
e 242.27912 47.29388 9
e 267.62345 25.91409 4
e 330.20882 125.57079 3
e 241.33957 69.71569 13
e 367.74972 138.47477 15
e 273.69391 254.75519 9
e 456.05974 63.45813 3
e 350.85380 211.90383 10
e 157.37710 71.76934 8
e 308.03853 112.52346 9
e 296.20736 333.20367 13
e 426.62012 100.48692 8
e 404.71369 261.81617 12
e 394.37012 44.76439 9
e 281.16813 87.34792 9
e 325.28807 332.67395 10
e 572.33672 118.91792 13
e 409.10788 189.19733 8
e 254.84895 185.68629 7
e 368.08909 0.85739 7
e 199.09597 397.06600 8
e 345.27525 55.82232 4
e 576.32065 97.85189 10
e 401.50800 161.93132 8
e 384.25280 151.12499 8
e 326.07816 314.38517 8
e 350.99529 168.51266 8
e 364.42735 173.25919 7
e 329.73068 31.26432 14
e 313.59392 81.54214 10
e 343.42664 55.11590 17
e 363.45724 121.82279 8
e 404.14478 344.10641 5
e 217.68209 387.33888 8
e 368.51891 122.43631 10
e 240.48773 71.38339 9
e 313.03325 136.98838 8
e 296.72674 194.55290 9
e 363.67419 248.64844 9
e 393.80139 30.42562 11
e 215.64581 72.34393 13
e 361.41642 44.84723 19
e 131.86122 57.74807 14
e 429.65910 9.95249 8
e 434.23617 115.83654 12
e 331.44265 216.57140 21
e 349.70061 46.79761 8
e 274.44519 93.21982 11
e 391.23517 4.19517 10
e 230.22091 127.09756 13
e 248.96008 319.34839 10
e 365.14524 201.43927 7
e 302.62035 139.94386 7
e 316.48162 115.23939 9
e 396.48243 36.87798 14
e 122.56473 285.96626 10
e 424.70591 297.54193 10
e 362.69861 130.78516 9
e 341.75757 99.87801 9
e 427.75183 85.40070 12
e 228.06454 25.37408 8
e 311.90923 220.60697 17
e 443.08065 137.58279 12
e 282.95750 124.01709 7
e 372.27436 218.23192 6
e 248.55682 17.38722 9
e 369.70198 37.19040 14
e 137.98835 60.86181 10
e 332.69140 71.20291 11
e 205.81453 0.71890 10
e 409.89039 152.61174 7
e 400.81664 203.99012 8
e 195.50249 68.02190 6
e 291.72871 37.04555 7
e 290.15119 4.32733 12
e 276.74009 168.77503 14
e 352.00298 225.61963 9
e 425.60131 64.08886 10
e 211.58461 67.86243 10
e 438.76829 172.72115 9
e 146.49868 31.90417 11
e 335.32709 92.09202 16
e 406.00388 59.64753 11
e 352.07319 75.51165 11
e 329.75908 319.91482 7
e 332.69683 161.42440 14
e 327.80999 87.49385 10
e 323.00691 148.90836 16
e 399.29548 159.02637 5
e 360.30002 76.47041 6
e 206.79251 183.88117 9
e 367.47823 346.80216 6
e 298.85394 221.74160 15
e 400.87839 281.12458 10
e 326.41744 11.81950 6
e 292.05676 108.14396 8
e 385.57461 55.49216 8
e 418.86109 432.85264 7
e 426.98804 363.04314 13
e 397.45792 217.78224 9
e 380.93535 9.20206 9
e 354.84793 90.19639 8
e 403.56658 103.73732 7
e 258.59710 108.51551 11
e 346.66906 121.73814 9
e 357.77680 94.54152 13
e 470.70017 153.18530 8
e 422.24201 103.92589 10
e 417.64567 6.21746 7
e 84.45962 62.58702 9
e 252.28924 175.52275 7
e 285.84063 255.69035 8
e 343.16651 84.59538 7
e 240.28189 139.57934 13
e 330.96617 74.15579 13
e 377.59775 40.69528 18
e 407.39269 77.16177 13
e 285.38248 107.67553 4
e 213.26902 317.13589 6
e 435.28436 180.67660 12
e 452.71905 255.83379 5
e 357.50104 271.81586 8
e 378.98753 367.20884 6
e 318.19381 14.75048 9
e 342.05319 48.38547 6
e 329.89178 202.98212 8
e 242.94302 226.49210 5
e 266.13165 278.94317 9
e 389.91483 44.40132 7
e 378.73098 300.41097 7
e 216.83085 52.68883 11
e 307.20791 142.61494 14
e 579.46022 182.29445 5
e 328.58900 53.01263 10
e 441.85182 63.73981 15
e 243.50553 64.48380 10
e 483.77157 97.84110 11
e 224.41778 41.61914 12
e 422.06242 227.34271 7
e 342.56748 123.64189 6
e 452.09454 82.36790 14
e 197.56455 45.65580 7
e 328.02501 183.08178 18
e 285.97635 160.50654 8
e 293.09064 93.79117 9
e 362.45442 116.51692 6
e 389.05196 85.29802 7
e 342.91718 256.70049 7
e 419.84310 40.81639 18
e 435.26610 143.70980 8
e 455.95713 47.74613 6
e 332.76775 259.85925 12
e 419.72391 45.56498 9
e 186.30331 237.07309 4
e 403.81219 186.42469 7
e 339.82200 59.65275 9
e 162.59497 92.72734 8
e 256.93356 234.30382 13
e 314.50028 107.35292 6
e 247.57306 148.28572 12
e 407.08682 26.12006 5
e 334.10313 21.59471 11
e 307.48633 58.12901 10
e 272.70882 64.23405 13
e 454.46740 146.92832 8
e 393.16347 41.61282 10
e 309.55047 61.86053 11
e 313.01034 126.38271 9
e 359.34459 177.58167 17
e 258.99174 48.98489 4
e 554.71397 54.17224 10
e 152.58595 287.17783 6
e 374.25868 92.16482 9
e 352.12372 49.95949 9
e 405.70242 193.07782 8
e 310.16857 107.71389 10
e 183.78011 60.83395 10
e 440.89945 48.34668 8
e 358.55476 58.57572 6
e 335.34495 31.78781 5
e 385.75002 210.48937 6
e 315.89743 248.19168 8
e 334.49570 46.67205 12
e 323.08519 125.63886 10
e 193.92599 349.74326 8
e 224.70290 145.35527 11
e 364.16736 44.59572 16
e 501.90125 70.93581 8
e 400.54004 32.03950 7
e 304.45602 35.73140 5
e 176.21927 296.33594 9
e 382.83435 108.92403 6
e 418.04842 44.66038 6
e 469.18653 380.39984 6
e 439.62462 47.99405 15
e 201.37693 153.07630 14
e 266.74706 71.71697 12
e 381.04793 250.38156 6
e 250.95269 22.88783 7
e 345.81920 33.04294 12
e 209.68160 152.63944 13
e 331.60829 49.88652 6
e 336.26716 13.36568 13
e 437.05733 197.41037 9
e 376.46100 58.22327 6
e 368.02766 134.25742 6
e 266.94281 17.51272 11
e 288.64737 276.59189 12
e 434.69943 190.10027 6
e 292.03545 16.70674 6
e 328.90885 95.78074 15
e 380.18466 352.59873 9
e 320.50296 130.45089 11
e 471.84646 306.35464 9
e 508.60897 26.25728 12
e 211.66479 42.16078 5
e 436.80197 139.46846 10
e 332.30449 12.73377 8
e 224.31873 60.99508 9
e 378.27926 283.16828 7
e 417.28367 308.60657 7
e 219.98420 128.57509 7
e 341.43608 160.16865 9
e 344.44478 88.54498 8
e 303.03293 371.23556 16
e 326.08306 89.06972 10
e 164.17830 262.19525 8
e 281.37308 251.36509 12
e 315.61878 86.76017 9
e 447.93142 84.13470 11
e 260.20438 71.24040 8
e 461.46713 127.63525 9
e 451.06850 117.17389 8
e 337.51829 126.13605 8
e 345.81606 272.65356 5
e 447.78551 126.29820 8
e 183.70065 17.25432 12
e 296.60358 203.83563 9
e 269.22605 161.01403 8
e 502.92229 295.48366 6
e 333.31901 177.64864 9
e 226.59717 272.01391 6
e 459.84161 245.52590 11
e 276.67535 96.12797 9
e 370.33678 51.38809 10
e 289.61342 16.76845 10
e 212.64877 204.51507 8
e 370.77427 237.39187 10
e 458.43174 82.19263 7
e 225.32403 5.64918 11
e 426.97129 66.36903 9
e 316.83893 179.53737 8
e 331.77382 348.31299 11
e 199.87673 85.52735 5
e 413.48508 212.59368 8
e 308.35679 30.98150 10
e 338.90655 21.50336 10
e 306.15053 125.67411 12
e 345.77665 303.98087 10
e 490.59459 12.70448 8
e 450.39091 340.49114 12
e 256.48039 116.19887 5
e 357.32751 22.73692 10
e 281.12633 178.18097 7
e 196.17702 108.44623 5
e 152.29049 168.42090 7
e 327.91720 133.19289 4
e 269.55575 191.30977 13
e 327.54975 174.33413 10
e 355.49459 213.65687 10
e 384.17560 363.17958 9
e 218.75766 10.48969 6
e 506.90948 101.28001 10
e 318.44121 72.85928 5
e 455.61975 369.14296 6
e 370.12909 176.75318 11
e 391.12520 203.43509 5
e 327.12644 106.97182 4
e 411.28032 91.49548 5
e 196.68904 198.81721 5
e 336.20167 32.14951 6
e 471.93654 169.87856 7
e 377.99534 17.49548 9
e 373.53634 341.75645 13
e 455.53839 128.59923 8
e 504.42286 160.74791 14
e 184.44393 87.83238 17
e 421.36508 37.48598 13
e 248.78566 166.82468 9
e 383.18413 30.72625 8
e 268.62299 224.78989 9
e 446.12080 186.83902 7
e 203.04484 167.24093 12
e 271.19900 169.22189 9
e 188.00132 85.46121 11
e 302.75664 112.59314 11
e 397.01766 166.99486 4
e 392.83071 160.74375 12
e 307.10004 181.23585 13
e 348.31982 156.24070 14
e 333.56068 106.51482 10
e 274.77007 85.35567 9
e 271.07380 103.55997 5
e 409.82189 41.66419 11
e 180.24628 192.69815 7
e 468.50093 148.78218 11
e 318.75937 103.27389 11
e 231.18803 273.41125 9
e 339.13712 28.90114 16
e 448.78447 335.88832 5
e 350.38479 109.08514 5
e 407.55884 3.25796 9
e 551.98187 66.41979 9
e 327.12261 379.90939 11
e 229.44160 107.34671 7
e 334.78504 75.93927 11
e 284.24014 125.81775 7
e 486.49822 104.68156 12
e 305.52910 162.25243 10
e 272.64028 179.63300 7
e 295.33745 194.46862 13
e 370.72484 71.70199 8
e 432.11723 117.76118 9
e 291.36106 47.06955 4
e 454.08208 49.97726 10
e 351.40912 154.38163 11
e 173.97125 139.28395 10
e 278.84158 44.42393 7
e 289.15325 225.79597 11
e 522.27435 319.89644 11
e 254.74903 55.70560 7
e 292.56887 0.25603 9
e 439.19057 15.17843 13
e 250.94661 76.94357 11
e 379.09143 13.37065 9
e 294.55263 161.93563 7
e 379.63033 57.01328 6
e 383.63026 27.12049 10
e 158.10287 251.88808 6
e 362.74661 213.29769 10
e 271.69911 129.87800 10
e 564.89219 323.23131 10
e 254.32805 105.68280 11
e 272.49189 241.38103 4
e 404.76040 177.59823 11
e 419.78360 193.43470 7
e 385.20826 11.53227 8
e 241.87652 29.01022 8
e 348.36490 391.15225 7
e 255.16647 154.65202 9
e 359.21702 163.90425 12
e 539.31471 71.44119 9
e 369.69032 51.77441 14
e 613.57184 69.01831 8
e 151.37272 243.36951 5
e 387.73742 33.18793 10
e 321.99003 49.44022 10
e 203.72989 37.94394 11
e 354.78342 69.04897 7
e 394.11930 23.81878 7
e 439.61021 173.03934 7
e 421.82893 202.01733 12
e 230.26567 306.47293 12
e 383.37045 198.86854 14
e 269.32190 116.24290 11
e 426.94761 34.00789 9
e 387.76952 201.99986 12
e 198.76938 84.56960 9
e 380.78607 232.26287 11
e 142.65193 174.71120 11
e 266.80051 22.85533 10
e 343.64776 329.10225 6
e 469.94106 52.33289 9
e 301.34046 279.73925 8
e 331.48911 70.18597 9
e 288.72814 30.98552 9
e 342.59354 206.77372 9
e 415.65782 46.92521 11
e 316.30588 181.39041 9
e 140.72417 89.81502 10
e 363.18406 224.61629 8
e 237.66256 456.00907 11
e 308.93644 244.76233 11
e 218.01059 141.80987 6
e 464.23318 50.10340 11
e 401.48740 148.35522 18
e 279.29065 38.82863 10
e 367.65092 19.34057 17
e 366.36546 179.18831 6
e 362.96261 182.81474 9
e 231.79406 25.98033 10
e 299.74224 10.67644 7
e 380.40579 161.45834 6
e 340.34268 191.39691 8
e 397.46316 113.03755 10
e 390.30432 216.72849 11
e 462.57219 303.91584 16
e 205.30955 103.85479 5
e 336.35011 61.08355 11
e 222.12581 61.88968 16
e 310.24543 288.69247 7
e 252.41429 82.11483 13
e 327.54375 2.94686 12
e 348.23919 215.30356 11
e 500.11797 7.72896 8
e 320.15559 203.57573 11
e 531.68348 183.90497 11
e 467.28224 251.45076 13
e 383.28251 49.48973 13
e 352.60853 81.11228 9
e 346.47367 224.65496 11
e 352.60241 107.35904 12
e 320.77995 194.02568 5
e 370.23213 108.41030 7
e 347.68137 78.11807 7
e 458.99734 176.78563 11
e 252.14854 60.52633 8
e 322.22736 244.31360 6
e 472.88604 101.10464 11
e 315.89946 23.08887 12
e 340.36594 292.92946 13
e 385.94400 93.02758 8
e 305.61550 333.36596 12
e 292.63834 246.20258 9
e 357.90383 59.41743 8
e 279.47053 167.26267 7
e 519.08383 294.37040 11
e 333.94458 108.32168 6
e 213.43738 136.27593 9
e 424.66082 157.36388 8
e 300.95918 164.00211 5
e 345.67448 129.69732 7
e 135.49448 4.76689 9
e 231.66471 30.98836 11
e 416.76859 89.19996 8
e 338.09995 129.27042 12
e 158.57729 84.51692 8
e 215.50188 206.25975 5
e 387.47913 101.56868 11
e 325.68682 34.17419 16
e 192.27732 10.31418 6
e 411.11109 115.16470 12
e 196.23469 81.54412 6
e 231.66533 84.72404 16
e 276.58926 130.78467 7
e 203.08048 205.79274 10
e 230.91818 202.24505 8
e 367.93570 109.77886 11
e 300.40290 22.56038 14
e 268.05462 217.48028 8
e 457.22115 142.89903 2
e 343.97614 128.96587 7
e 288.94392 50.51146 9
e 202.50620 185.29810 21
e 371.56411 293.34466 9
e 207.94416 64.66435 8
e 277.25832 165.19176 20
e 255.19064 49.36520 8
e 279.83678 57.34758 7
e 147.89980 189.39513 10
e 275.28721 110.74174 11
e 104.86195 248.92913 5
e 142.69703 210.24230 7
e 262.97960 447.36991 11
e 190.44555 129.08411 11
e 512.15491 154.39117 10
e 401.50190 28.90692 10
e 355.21673 129.92802 11
e 505.92193 414.79804 7
e 528.23259 41.88293 8
e 267.16556 64.20336 8
e 452.05907 41.13592 6
e 243.06188 57.14922 13
e 441.94380 178.38362 12
e 325.24238 11.97202 7
e 303.56365 67.23769 7
e 510.90656 250.71102 7
e 309.24128 103.35404 6
e 412.94762 179.22833 5
e 269.29162 185.28054 12
e 424.60858 101.17728 10
e 335.71102 98.77230 8
e 358.64090 137.75357 12
e 265.73379 335.68548 10
e 281.10141 240.57368 5
e 141.12522 325.28181 12
e 420.86945 210.69184 8
e 317.41802 4.29962 10
e 256.67773 211.74596 8
e 455.74779 207.19671 11
e 386.70202 30.15140 10
e 475.26093 264.82088 11
e 401.96317 421.79869 4
e 242.98844 222.24211 6
e 387.45171 157.03052 10
e 173.87801 94.49166 6
e 365.47040 33.99636 8
e 386.15203 119.46335 12
e 467.87305 70.24390 8
e 271.80229 139.55830 11
e 198.17106 13.25590 10
e 274.52622 190.41264 11
e 123.21270 271.87909 8
e 395.82956 16.06048 8
e 319.08918 21.85523 10
e 259.00130 21.94110 8
e 330.22007 682.48836 11
e 308.17618 684.80983 11
e 296.61524 528.83027 12
e 298.68346 689.80132 12
e 409.56369 681.26779 9
e 355.58783 584.20498 10
e 238.27592 876.75525 7
e 404.83141 949.23301 9
e 442.47021 735.20954 8
e 377.09791 608.93369 14
e 230.75244 770.83720 5
e 301.97832 590.71077 7
e 290.31492 574.88613 12
e 192.81558 779.79102 8
e 418.87899 775.51468 17
e 543.14693 464.17756 11
e 259.67087 614.39042 10
e 444.04805 572.20146 6
e 492.54774 900.18991 7
e 420.93801 789.19251 12
e 215.15365 766.92475 11
e 381.73257 704.34588 5
e 137.20415 448.57296 11
e 391.46701 621.95723 5
e 426.35541 671.16979 9
e 363.11778 801.95844 7
e 453.24144 707.20061 7
e 198.56122 716.07848 9
e 343.18916 702.72844 9
e 332.45899 842.34683 9
e 272.98701 699.94748 9
e 473.51163 706.94078 6
e 367.59955 589.68047 8
e 372.92543 393.38242 9
e 499.15633 817.40034 8
e 394.37108 697.30336 6
e 326.33478 468.20461 8
e 427.09367 674.12717 9
e 376.29799 589.58502 8
e 301.16115 635.94857 10
e 299.79690 740.12060 8
e 440.52987 569.18369 12
e 559.67399 611.08340 8
e 331.16171 573.69876 15
e 311.39470 672.85187 6
e 254.76998 751.54654 9
e 189.40363 885.28057 9
e 292.32297 857.33462 6
e 461.25671 803.86169 9
e 276.64573 735.72556 9
e 209.91632 853.76188 13
e 217.20897 548.76208 12
e 483.54138 689.26312 8
e 274.00705 782.87155 10
e 276.55246 859.47733 6
e 215.16126 584.50588 5
e 345.43481 529.85048 9
e 283.54880 722.65702 8
e 210.54174 694.68556 10
e 347.80994 493.89416 15
e 207.05259 1002.52339 12
e 296.74041 462.92468 8
e 206.92622 772.06427 11
e 462.56382 646.00973 10
e 295.27516 803.53675 6
e 348.60003 759.01473 9
e 339.44118 589.18001 9
e 330.16284 651.02588 10
e 301.93692 664.14930 14
e 365.71150 220.23803 6
e 478.24676 367.58401 11
e 242.49043 940.41883 6
e 488.35813 660.89074 10
e 305.25682 826.98361 9
e 363.10171 1050.55164 15
e 347.63805 711.05418 9
e 443.53254 778.67057 10
e 85.96702 528.64510 7
e 449.11980 657.55779 10
e 304.34291 793.62983 8
e 273.63479 701.66783 7
e 404.76247 698.99451 12
e 317.90900 983.34422 4
e 216.98922 509.24227 11
e 349.53051 856.63435 8
e 302.92306 547.92161 11
e 300.21381 742.26400 7
e 386.42321 775.20689 6
e 429.23321 569.38639 6
e 355.38952 845.35011 7
e 308.91365 623.30501 5
e 288.09845 741.81259 10
e 455.10037 729.35476 14
e 310.31401 648.73876 10
e 374.00337 541.31255 7
e 385.28948 856.51447 7
e 308.99139 368.06738 13
e 376.07618 609.93444 10
e 407.63312 694.15402 8
e 401.28833 745.70523 17
e 213.15493 521.50535 8
e 428.28267 739.85391 9
e 367.56827 900.65294 9
e 272.53358 713.34087 10
e 329.89487 584.25047 8
e 273.75524 605.80695 7
e 296.13974 726.84938 10
e 432.77116 418.07356 11
e 309.67070 620.71819 10
e 366.53481 722.25832 5
e 323.49744 834.26767 13
e 528.44930 760.40258 10
e 201.13391 515.28080 10
e 302.14904 753.76401 7
e 456.24438 692.22100 7
e 326.00436 807.63613 8
e 240.79913 610.45328 14
e 408.27993 511.61235 11
e 352.56831 604.38649 7
e 302.99094 902.19722 6
e 271.59109 692.71367 17
e 119.47866 719.52837 12
e 408.60348 862.88219 7
e 429.42996 591.53515 8
e 292.97263 339.01147 11
e 295.65597 586.65802 5
e 275.23539 964.68610 5
e 285.39921 396.98693 9
e 537.96354 966.03066 10
e 403.64283 867.88976 7
e 221.38875 779.51456 12
e 368.85949 518.31060 7
e 392.60023 843.03524 7
e 311.40316 836.71060 7
e 438.57290 843.34915 7
e 313.87309 592.23100 8
e 236.08298 460.65924 11
e 504.35983 508.89393 11
e 307.66794 499.08923 10
e 307.19631 824.85428 9
e 99.44093 685.61354 10
e 364.50272 486.47191 9
e 414.26074 486.01167 11
e 414.71379 617.86578 11
e 413.75328 969.08765 10
e 364.49920 912.55895 19
e 390.56682 860.25271 10
e 326.60018 576.95582 5
e 411.11053 696.98879 13
e 373.23241 714.62835 5
e 308.53023 761.27528 9
e 461.47232 640.83053 8
e 383.23482 879.51117 7
e 234.26851 481.59690 17
e 340.57954 839.17954 4
e 448.98623 644.02722 11
e 335.69701 644.67139 5
e 307.45052 377.63745 8
e 435.57231 714.13474 15
e 281.70596 664.05836 8
e 373.88019 539.10116 7
e 447.80674 820.57744 7
e 331.03580 919.74762 8
e 388.52987 450.79018 6
e 144.36576 473.93647 8
e 379.29928 677.14098 6
e 282.27020 555.46242 10
e 361.00852 881.01533 7
e 289.92030 712.73170 7
e 323.56156 675.66459 15
e 324.33888 678.56555 10
e 391.39449 555.23593 8
e 47.56066 669.59893 12
e 498.47041 804.73146 9
e 359.24864 948.93780 9
e 313.67799 772.25173 15
e 281.60447 841.26434 12
e 268.28976 884.72603 9
e 345.22832 687.89004 7
e 272.25151 955.23241 5
e 409.66205 768.04846 6
e 298.46113 642.42992 14
e 395.14798 592.93692 9
e 390.87146 467.79712 7
e 354.81160 543.92034 5
e 278.06449 816.90860 10
e 277.94521 722.40752 12
e 320.49659 367.28221 7
e 234.54116 715.99220 7
e 357.28678 767.10846 9
e 296.97980 815.16571 8
e 491.02159 795.74664 13
e 494.52475 896.17976 8
e 332.26618 576.38671 7
e 375.95513 645.40109 8
e 202.63455 635.22060 8
e 353.33325 528.75164 7
e 299.40387 487.56709 9
e 389.62163 660.16156 7
e 332.59448 671.71001 8
e 679.72797 114.14376 14
e 616.18807 131.68262 9
e 552.12348 286.02340 10
e 551.69157 53.97843 9
e 668.20181 23.00461 10
e 652.18102 18.80245 9
e 714.62573 57.49861 11
e 677.29979 63.38887 8
e 602.65143 115.10538 5
e 655.85651 136.70615 13
e 687.51134 178.29742 9
e 706.14317 221.57123 9
e 695.33389 22.57732 7
e 596.90423 186.33669 11
e 625.44848 284.08299 9
e 706.61248 176.65811 11
e 696.36015 41.95943 6
e 639.29058 65.46656 8
e 496.12689 31.90500 12
e 634.59323 186.89048 7
e 700.30174 123.58417 8
e 669.78379 282.41627 7
e 637.67759 91.51904 10
e 661.23030 159.54646 11
e 609.29069 392.66950 8
e 614.55270 226.50560 5
e 675.53908 85.19980 7
e 715.24020 50.20654 13
e 694.80824 23.33357 6
e 708.35461 456.00505 9
e 659.02237 281.84050 10
e 654.59192 300.68421 7
e 697.58999 74.12862 16
e 550.11220 155.85416 12
e 719.55825 145.19197 5
e 546.39403 191.28555 7
e 511.35897 174.80073 14
e 646.92239 280.77948 9
e 715.11147 192.82025 9
e 594.51466 131.02106 10
e 683.06363 279.98413 11
e 663.61086 348.19114 7
e 587.70663 139.52212 4
e 635.95563 0.48018 10
e 653.42907 240.12280 8
e 645.62354 89.55971 9
e 687.11129 40.61751 8
e 690.82116 222.52176 14
e 671.73640 10.96877 8
e 695.44060 121.61153 5
e 670.68325 264.37507 10
e 694.06157 243.30323 8
e 675.59717 38.93372 6
e 717.01536 192.70906 8
e 620.18965 0.56895 14
e 698.18186 307.17408 5
e 668.50195 379.92970 8
e 691.70152 271.95507 10
e 546.71816 376.40184 8
e 687.42724 120.61975 12
e 684.50781 201.58180 10
e 613.39007 43.71284 7
e 599.49541 131.53515 14
e 630.60242 141.02575 10
e 600.94727 374.49381 9
e 674.70685 49.49174 16
e 628.64931 312.93193 14
e 711.68768 58.14402 6
e 700.97688 157.32340 7
e 683.26396 55.60312 14
e 670.98726 13.01490 8
e 479.61268 198.93711 11
e 672.55443 200.71474 9
e 685.34585 223.38538 11
e 546.14865 140.92134 6
e 680.69198 85.92152 5
e 645.30128 364.26727 7
e 639.83973 186.45242 11
e 628.27354 312.00135 11
e 712.76379 95.67257 5
e 651.77589 41.28326 10
e 704.38050 373.09542 7
e 555.78565 221.26374 11
e 458.38323 38.42330 9
e 621.26779 181.73747 7
e 610.68762 23.62027 8
e 716.87460 22.34056 7
e 593.25987 111.14528 11
e 691.80781 310.76096 6
e 586.95807 186.47021 8
e 651.58137 229.60349 10
e 578.92635 138.34948 8
e 644.00294 4.01681 10
e 642.20393 565.24029 12
e 478.04931 313.12165 9
e 568.15048 295.95849 2
e 624.28988 265.13810 8
e 715.51947 37.22670 12
e 588.82243 74.62545 13
e 701.23571 104.03596 5
