c ./output/rectangle/gaussian/gaussian-rectangle-3-1000
p rectangle 1000 720.00000 1080.00000
e 236.61306 315.52065 6
e 358.41058 280.32712 8
e 276.63661 317.47881 8
e 247.09261 219.55319 11
e 173.03977 489.80175 10
e 241.65555 231.47248 9
e 374.70100 431.29276 7
e 232.02262 398.60483 13
e 378.02856 255.75109 15
e 118.43431 707.15438 9
e 245.60949 308.70062 14
e 425.65233 228.61362 11
e 327.71742 357.43082 7
e 233.18387 331.96053 6
e 309.07301 269.75825 6
e 319.24076 563.18447 5
e 296.19925 222.37556 16
e 279.18648 364.65239 6
e 190.17752 491.21941 8
e 216.20718 272.92143 11
e 322.60414 334.52684 7
e 239.40403 508.90001 11
e 274.71219 373.05018 4
e 367.00885 141.80248 9
e 246.16659 860.96607 7
e 217.06710 381.44516 11
e 181.41139 331.81484 9
e 185.68446 722.54013 9
e 239.74288 80.55887 8
e 239.26204 491.51598 9
e 157.83967 479.93174 10
e 111.34124 408.65967 10
e 250.16637 484.55512 10
e 429.67439 415.65945 9
e 169.48165 483.10159 7
e 285.97267 188.32130 10
e 227.92340 599.46331 12
e 227.80014 397.78798 8
e 103.35371 606.24915 14
e 343.07876 477.85808 4
e 447.83417 349.22536 8
e 192.47255 345.77969 7
e 207.73397 546.45576 8
e 370.85661 190.29149 10
e 327.30113 318.39363 8
e 278.53807 363.72018 13
e 124.08525 412.72939 6
e 267.31933 406.18588 10
e 335.74565 490.67921 8
e 188.69043 156.36622 13
e 226.35460 514.37257 7
e 201.38880 220.73768 9
e 354.71562 321.48392 10
e 517.65327 306.85533 8
e 262.05914 244.33420 7
e 313.00422 478.48951 4
e 143.25793 348.55474 6
e 274.40016 461.71718 10
e 299.27205 462.02587 10
e 80.78809 331.02216 7
e 323.04754 303.08031 8
e 328.82946 7.36918 9
e 343.08092 697.88452 5
e 357.98714 212.13218 7
e 301.22595 472.73985 7
e 269.63820 484.05500 12
e 378.06787 427.43613 8
e 192.13059 197.84144 10
e 390.25989 340.39169 13
e 345.77424 424.70724 8
e 208.77868 257.04773 12
e 111.38042 465.18073 10
e 252.29894 331.94696 10
e 323.56854 573.13466 10
e 259.56088 184.78322 12
e 297.82079 409.53922 2
e 274.69655 575.99368 13
e 292.21497 403.58312 7
e 238.36994 160.48697 15
e 207.76962 570.23357 8
e 284.65274 417.46499 17
e 431.84016 304.21310 7
e 249.82796 527.72466 6
e 132.60602 121.39768 6
e 261.01573 568.39454 7
e 134.34478 210.38150 8
e 205.29506 508.55602 6
e 232.50533 65.33104 10
e 147.36362 285.43690 4
e 318.35253 439.02016 7
e 319.07595 245.67456 14
e 384.01494 397.74544 11
e 291.40045 93.62476 8
e 280.31524 266.27279 8
e 240.28686 505.79662 15
e 364.76929 441.29496 9
e 242.57355 634.38131 8
e 180.37991 312.88771 8
e 261.44749 580.68192 10
e 405.13671 539.22582 7
e 238.33171 504.14526 9
e 107.91137 553.43828 9
e 189.84992 418.43284 8
e 450.13299 516.02481 10
e 262.68322 472.98308 10
e 353.31362 331.83977 10
e 152.35975 603.90029 11
e 384.75477 384.32558 7
e 292.83996 484.63585 12
e 246.91868 691.69888 9
e 126.84557 380.43510 7
e 239.45983 512.36893 11
e 355.87525 133.10985 11
e 266.41982 298.15522 11
e 132.59259 411.08678 10
e 146.22594 589.09754 7
e 317.44793 541.16012 10
e 231.66989 312.20472 9
e 399.04760 535.89046 11
e 427.70458 356.39835 10
e 184.41753 562.10384 9
e 357.31917 320.79468 12
e 195.59108 222.54065 6
e 165.37378 350.41505 19
e 204.08870 226.63930 9
e 172.99461 521.05118 8
e 322.30429 182.06609 11
e 226.42907 466.98884 8
e 289.86766 460.40102 17
e 479.53019 324.84134 9
e 257.47614 471.83881 6
e 473.76902 231.94618 7
e 200.28020 364.30503 13
e 239.72464 419.44099 11
e 175.12062 404.71349 14
e 272.87398 91.67815 11
e 180.88087 293.05111 7
e 366.55933 295.54754 15
e 247.62862 432.55491 6
e 214.63931 612.57638 9
e 294.19194 398.02947 7
e 255.46268 232.13742 8
e 347.02869 451.13391 9
e 408.18471 278.24438 10
e 260.43583 599.90236 7
e 286.81836 367.32851 9
e 212.23166 66.73756 6
e 251.11368 615.29568 12
e 393.67978 227.12480 10
e 226.85241 345.17164 10
e 232.89642 249.80447 10
e 439.24020 362.38121 12
e 374.89812 376.39304 8
e 400.71310 489.32622 11
e 268.26913 373.80762 7
e 179.33545 260.12873 10
e 234.43248 510.47676 6
e 329.55245 324.15772 4
e 212.34234 240.45094 8
e 344.87828 450.86588 5
e 180.37017 644.88881 9
e 370.90961 472.15580 8
e 246.36496 494.89777 13
e 326.74516 341.30766 10
e 236.37013 399.08190 8
e 99.81861 511.11577 8
e 240.90083 564.85362 7
e 309.41083 739.03243 7
e 143.20651 187.82176 6
e 264.85259 229.79621 10
e 277.25651 251.20526 9
e 237.65245 134.49765 11
e 346.44134 352.30794 7
e 320.85834 297.22202 8
e 332.35864 517.91525 10
e 245.40318 483.80842 4
e 155.42907 272.54058 5
e 151.28200 423.25049 6
e 9.50902 116.28056 8
e 286.57598 517.48945 11
e 270.70036 203.13678 7
e 201.86358 466.50466 10
e 340.39450 485.63755 6
e 286.42591 570.74988 12
e 282.20321 655.97190 11
e 300.46213 363.60683 16
e 366.94397 460.26793 17
e 103.62644 334.85694 12
e 393.90128 753.14870 10
e 315.26185 752.83923 9
e 380.31606 52.53685 12
e 257.67879 198.89025 7
e 483.35770 543.78959 7
e 410.62987 321.07724 7
e 297.89906 536.33816 10
e 417.04146 411.20067 7
e 223.43522 248.64611 6
e 240.18816 417.72452 7
e 149.59861 582.74533 6
e 108.98556 171.28777 11
e 277.92340 706.55894 12
e 217.42921 213.96753 9
e 207.47588 459.61299 8
e 156.19317 394.85083 11
e 233.24599 185.38983 8
e 172.24059 601.56874 8
e 257.22688 248.26616 12
e 433.64655 387.83686 5
e 167.02663 628.11826 11
e 184.27767 470.88022 15
e 268.86075 374.76541 7
e 239.26535 286.71665 7
e 294.81830 304.35528 13
e 189.44314 502.76716 8
e 329.39138 179.79126 7
e 220.99587 255.95529 7
e 202.52941 395.96088 9
e 192.50268 555.11633 7
e 279.64450 203.04333 8
e 363.18373 265.14172 11
e 256.64811 391.31240 7
e 203.40110 673.34329 5
e 178.90766 180.96719 7
e 330.39073 322.69922 12
e 320.86558 525.62311 6
e 535.26804 542.47867 9
e 402.36821 535.99236 12
e 143.45248 593.28357 11
e 170.89864 537.42735 5
e 350.87767 268.55284 7
e 100.74181 628.26237 7
e 175.81975 458.14503 4
e 355.42337 429.65761 10
e 114.50187 573.26239 8
e 277.71185 437.79249 8
e 304.66627 702.55607 4
e 238.98079 607.25321 8
e 156.92674 160.52845 15
e 195.31818 594.27837 13
e 291.02897 467.19518 5
e 137.23270 414.70222 8
e 328.63788 649.38313 9
e 308.56140 645.22624 10
e 202.51486 209.83456 11
e 297.78920 519.73443 8
e 128.07147 782.18819 12
e 363.97079 325.59924 7
e 297.39474 402.24731 10
e 262.16756 188.76231 9
e 237.23249 516.53172 10
e 270.53794 257.67438 8
e 272.56186 657.32774 11
e 271.99475 465.76024 6
e 292.48035 473.93873 10
e 237.25250 254.84562 9
e 250.90351 344.82848 11
e 239.71404 328.65035 10
e 200.30771 414.72504 12
e 52.78645 530.32655 10
e 192.83782 321.57836 6
e 358.96470 598.57137 9
e 126.45916 603.04619 10
e 157.52694 423.08101 5
e 281.55930 235.43320 10
e 356.46468 696.95040 7
e 153.46697 380.68890 12
e 196.98903 379.42292 11
e 240.84422 241.03670 8
e 477.18022 237.35796 9
e 225.29636 549.98245 8
e 311.76037 426.89066 11
e 261.68946 780.43226 7
e 321.77100 679.57754 7
e 164.56545 452.91586 10
e 331.61516 527.07179 13
e 316.84340 207.07359 8
e 348.42528 478.76168 6
e 291.22069 305.32374 10
e 327.74346 66.51253 8
e 237.43979 356.35196 8
e 327.49333 308.10129 7
e 121.07049 460.31149 15
e 204.61733 474.77608 11
e 377.65598 537.12466 8
e 178.52416 367.26407 7
e 257.90403 463.85068 12
e 178.80044 685.38246 9
e 309.76674 382.26388 11
e 155.41154 94.71688 6
e 347.93888 376.77400 14
e 264.88549 162.11420 8
e 331.57722 320.56025 11
e 218.66557 324.24396 8
e 191.28421 557.80661 15
e 164.04170 359.58571 11
e 329.76676 547.33622 10
e 160.11334 324.02192 8
e 185.36248 519.34063 8
e 250.54469 227.79427 7
e 303.36943 332.11657 13
e 231.10485 223.88885 11
e 265.29168 525.58399 12
e 236.34324 451.19668 6
e 396.22017 469.11106 6
e 253.51450 260.65194 9
e 371.21791 262.79702 6
e 238.82411 299.84550 10
e 159.33266 343.72564 16
e 246.21871 543.55731 11
e 260.32987 403.23536 7
e 459.21102 388.60735 11
e 249.04616 367.71336 7
e 235.41560 194.83960 8
e 368.76566 240.53796 8
e 389.26461 606.47288 6
e 147.15361 247.07326 8
e 269.86433 289.24254 10
e 300.64258 342.18352 13
e 186.28424 97.10258 11
e 211.54442 561.87242 8
e 241.26990 231.09275 9
e 164.84823 438.95332 13
e 266.90553 496.60867 9
e 103.97959 361.00339 9
e 334.82036 7.29063 4
e 324.24698 647.31636 12
e 341.01834 249.54240 8
e 302.19236 366.84342 11
e 225.99884 244.16476 8
e 361.99957 205.44548 7
e 257.22130 516.33769 12
e 215.91835 416.64888 8
e 347.54077 436.00681 7
e 345.65431 385.41782 11
e 209.36859 414.14868 13
e 186.67624 298.53547 5
e 399.64329 430.70826 14
e 177.41957 150.76767 5
e 341.45356 329.48584 6
e 387.88279 610.79545 11
e 429.39862 638.52506 7
e 142.06211 556.64076 9
e 263.38256 619.07838 10
e 419.49626 593.71432 9
e 177.37888 390.72537 7
e 217.91535 129.20181 12
e 381.28205 147.64582 10
e 263.25922 310.62398 10
e 426.05541 206.67421 11
e 230.84070 200.94226 10
e 229.44096 340.79161 9
e 346.14374 378.58655 7
e 388.81015 401.95059 7
e 66.91596 631.23724 7
e 233.61222 452.59265 9
e 360.92921 185.58837 16
e 197.15469 273.20008 6
e 326.27078 148.70391 9
e 198.84568 505.71727 7
e 260.90538 802.93488 10
e 302.12005 391.94910 10
e 164.83623 256.69868 5
e 189.96016 266.57385 7
e 228.66750 482.64661 10
e 140.37337 515.94083 10
e 269.24243 454.22726 8
e 316.33434 387.16481 11
e 297.31619 613.24053 7
e 65.94681 353.02212 8
e 296.26049 499.42938 9
e 327.29606 558.08058 9
e 145.18881 257.05605 9
e 327.07857 495.21937 10
e 322.09788 285.36660 10
e 314.38836 658.64042 13
e 309.58092 448.01705 8
e 303.49850 595.57037 9
e 248.29506 422.03650 14
e 148.60190 461.13118 9
e 334.53468 625.85881 7
e 362.08656 276.63948 16
e 256.99457 417.17282 7
e 187.94222 243.72584 9
e 294.63066 672.72508 12
e 236.33303 567.43011 9
e 155.70794 486.38290 9
e 275.51522 442.36878 7
e 268.32014 492.45881 10
e 184.51943 416.91007 10
e 213.24754 383.26533 6
e 282.82492 449.15022 9
e 271.92135 528.78838 10
e 244.85675 294.17506 13
e 340.79028 413.11374 10
e 245.41259 370.74457 4
e 207.35017 728.21852 11
e 492.77582 627.72364 5
e 351.50348 314.13055 9
e 108.68162 294.89580 10
e 264.31861 506.21705 12
e 105.62732 386.20341 12
e 155.63849 384.24042 10
e 366.89349 360.93362 6
e 278.00774 443.86617 8
e 416.19194 457.71023 5
e 250.94314 331.62588 6
e 132.47467 108.68795 8
e 328.18156 123.03925 7
e 219.21925 349.02811 14
e 167.71242 216.70249 11
e 115.61284 171.15970 14
e 173.48900 126.39507 10
e 280.35233 457.96990 12
e 399.14518 103.20418 9
e 277.22603 496.52066 13
e 294.10973 423.59832 9
e 353.94601 733.12459 13
e 267.46098 462.01898 10
e 106.53673 349.98250 10
e 127.91935 112.57728 18
e 441.43557 182.41142 7
e 234.33939 488.67613 10
e 75.39336 235.96401 10
e 210.11898 551.96594 7
e 47.28009 283.95208 9
e 396.92789 280.40479 8
e 204.49730 366.87082 5
e 305.33459 55.81474 8
e 200.94525 457.19446 8
e 249.64006 640.28938 10
e 270.69957 281.13894 5
e 461.84991 182.03930 7
e 225.42797 390.90458 7
e 361.48414 530.56627 9
e 292.27293 230.35972 9
e 163.59396 513.69624 8
e 198.24399 553.56345 10
e 380.19586 411.66603 8
e 372.93065 602.12614 9
e 373.95068 445.60893 3
e 241.47814 604.17672 15
e 385.67606 222.05377 13
e 350.85916 405.64525 9
e 206.07098 398.95642 9
e 266.02642 536.68752 9
e 282.71355 645.53127 14
e 470.67028 423.15255 6
e 284.35958 586.30696 12
e 336.51688 586.23220 8
e 255.86561 389.80580 9
e 255.31222 531.91112 3
e 363.46739 603.03235 6
e 317.30525 503.36281 6
e 224.73797 396.14498 7
e 407.88963 282.50294 13
e 217.06280 439.71188 6
e 287.05062 493.98010 7
e 261.26391 552.30430 11
e 114.07943 260.58266 12
e 186.07740 492.47984 10
e 296.15997 647.75352 10
e 336.44718 95.14375 7
e 183.24928 453.26276 8
e 200.26682 586.92865 4
e 64.83471 366.82970 9
e 258.95047 201.98774 9
e 244.14578 572.01045 15
e 308.09427 284.55460 9
e 117.07367 232.75417 7
e 196.26875 438.10024 8
e 251.76097 133.35614 10
e 171.17439 611.88366 9
e 274.78816 245.96254 9
e 177.77853 587.29993 12
e 370.14800 420.64272 4
e 231.67959 341.28481 6
e 231.48450 374.81561 12
e 136.80963 260.14006 6
e 259.55717 475.22903 6
e 55.47012 691.02789 9
e 272.16766 353.51230 15
e 354.17870 499.85723 11
e 303.58417 309.16364 9
e 275.93219 578.15010 9
e 242.34637 428.80293 4
e 117.03138 528.27908 6
e 153.33661 397.65941 12
e 7.19560 242.52627 7
e 394.80244 495.41670 6
e 429.22339 304.27212 7
e 322.91517 404.56227 8
e 290.82248 320.90571 9
e 360.59574 231.60588 7
e 345.86008 450.19526 17
e 281.80656 419.45038 6
e 174.44945 461.05218 6
e 200.43893 340.18070 9
e 229.78905 494.18849 7
e 367.69507 559.24413 9
e 244.22736 608.51228 9
e 195.33314 438.18254 11
e 58.61938 373.79389 6
e 255.61281 360.10500 7
e 256.00413 189.05459 13
e 300.55058 608.77074 11
e 358.62772 196.91205 6
e 314.18250 166.42040 10
e 131.11622 596.87604 11
e 372.44697 328.50446 7
e 279.36777 693.33962 5
e 266.23297 459.90823 5
e 280.87391 582.60676 7
e 201.76191 348.92930 9
e 194.51141 535.24899 10
e 321.38438 291.72208 11
e 139.20464 312.14762 7
e 332.76971 592.22659 9
e 239.08512 266.10477 7
e 334.53405 233.10385 6
e 178.61937 763.91278 11
e 339.88891 332.61698 9
e 208.72979 230.93201 9
e 184.81055 433.71949 9
e 326.62528 150.15773 10
e 344.76521 397.00181 6
e 156.98122 440.28077 12
e 267.56243 393.30016 9
e 208.45305 638.54759 9
e 281.53200 593.63964 11
e 151.73701 237.91984 12
e 233.55737 195.10429 13
e 345.69365 537.52312 7
e 449.46073 433.55106 10
e 389.50911 578.07188 9
e 343.48201 409.20770 18
e 286.01983 553.03928 12
e 301.36326 516.18428 8
e 262.06738 555.70253 9
e 69.41000 509.12962 12
e 150.41714 369.07786 5
e 418.54256 343.87350 16
e 182.66286 166.20207 7
e 448.29437 624.48299 7
e 241.54958 59.86100 8
e 196.75576 304.34356 9
e 316.53470 566.27691 12
e 191.77421 199.91887 5
e 111.43949 172.34757 6
e 185.55359 146.73141 11
e 229.41019 495.71402 9
e 231.64134 433.36760 6
e 220.48827 113.00323 9
e 218.15515 185.89825 11
e 404.10919 92.10178 10
e 326.14119 285.34144 12
e 209.93084 170.51526 9
e 317.16059 454.30939 8
e 159.00671 136.74308 6
e 222.94390 406.64364 8
e 236.77537 262.86052 7
e 213.97027 391.90793 12
e 229.06524 191.07775 9
e 243.46807 439.34958 6
e 280.73389 248.73413 11
e 227.75106 592.59748 5
e 196.25945 348.54596 6
e 261.78196 643.94411 9
e 332.13254 554.78991 14
e 269.90058 513.62632 9
e 226.43705 519.81728 12
e 319.06681 486.51461 15
e 82.34503 293.79606 19
e 289.73173 456.13670 9
e 241.88030 576.75426 6
e 168.52643 133.11766 12
e 315.38766 458.95858 14
e 224.31009 333.58408 7
e 233.44002 412.32261 3
e 356.60807 345.38725 6
e 232.90781 56.58314 13
e 388.02307 690.42531 8
e 408.37581 621.62756 11
e 346.46566 450.69572 6
e 310.18240 185.81548 6
e 260.91456 503.17308 13
e 308.20738 427.24377 13
e 224.11449 415.57630 12
e 219.54044 138.67431 7
e 48.04047 642.73615 10
e 346.39316 471.97850 7
e 161.91560 244.36324 13
e 159.41311 336.77572 6
e 268.53026 328.95681 14
e 424.25647 191.17623 17
e 222.26846 462.57723 13
e 329.47416 509.54164 6
e 339.76893 470.44994 5
e 374.84107 269.07651 7
e 271.96873 336.26747 10
e 277.12498 530.32870 9
e 221.60582 549.69462 6
e 245.72118 357.48124 9
e 221.80631 311.72743 8
e 282.13089 558.80364 6
e 222.06701 343.94853 19
e 113.60514 384.51287 6
e 410.66237 407.28551 7
e 349.19878 246.04465 10
e 383.26384 215.68967 7
e 333.93630 457.79805 9
e 143.27343 222.96957 7
e 217.97952 322.25414 7
e 309.56041 247.81472 6
e 443.39107 358.79383 13
e 231.09319 533.58007 10
e 157.27492 531.95152 10
e 334.40497 464.04952 12
e 288.27773 204.47953 7
e 327.68211 549.86691 9
e 202.84149 378.77622 5
e 179.87887 455.72169 10
e 198.41792 550.84896 7
e 121.83642 336.46325 8
e 193.93396 403.03500 7
e 473.37113 362.37922 11
e 344.33002 341.93670 8
e 195.79872 678.04913 11
e 370.34364 647.21909 6
e 22.97677 228.38458 8
e 206.57265 291.72148 6
e 378.31979 149.15715 14
e 313.64893 308.26855 8
e 71.93135 372.39266 8
e 100.21733 386.47927 8
e 306.43238 139.31300 9
e 252.18739 495.69659 7
e 270.49747 35.55470 6
e 283.21770 315.59343 14
e 259.92137 474.48102 10
e 340.95749 431.22803 8
e 279.54407 243.76379 9
e 238.36100 317.51734 7
e 176.13133 646.26601 6
e 140.36751 199.21572 11
e 173.50906 509.91570 9
e 284.22600 267.10620 5
e 366.29736 166.74717 8
e 285.99331 434.44112 9
e 343.21245 325.44355 7
e 317.67971 228.85584 8
e 230.84461 443.82574 10
e 111.09702 366.14068 13
e 222.33847 437.34609 8
e 319.79528 302.49129 7
e 242.29330 553.97817 13
e 307.14628 392.94740 7
e 203.72279 384.69154 10
e 434.13405 214.73684 8
e 228.25359 545.66459 9
e 313.61629 627.73586 7
e 336.64131 489.74352 9
e 163.82961 356.39617 6
e 413.05890 427.72856 10
e 300.51031 302.96573 7
e 120.19391 234.79461 12
e 122.29605 267.74855 10
e 114.12032 180.75599 9
e 307.08903 450.66571 9
e 294.48533 613.57972 10
e 328.74188 513.40984 9
e 279.43603 187.58889 11
e 151.82024 402.35562 9
e 308.47154 391.67412 11
e 243.67563 417.99298 9
e 221.02169 160.41625 7
e 249.30155 386.73297 9
e 353.64031 389.94466 5
e 355.67017 402.70108 13
e 405.70294 510.43572 5
e 404.43580 470.61668 7
e 273.98711 33.45771 6
e 367.35485 383.33073 4
e 330.83319 487.42346 9
e 333.91448 616.40350 9
e 213.59216 301.30011 9
e 383.30963 426.61444 10
e 158.70705 237.66941 14
e 54.62593 636.22576 13
e 200.50434 480.95067 9
e 350.42062 455.39274 9
e 337.51782 583.36181 11
e 200.35207 460.30872 9
e 226.74437 127.47348 9
e 211.88808 263.33261 13
e 309.01895 319.78639 9
e 208.00631 345.14483 9
e 297.84416 424.23602 8
e 317.97361 649.10708 8
e 187.99202 403.40152 7
e 288.98581 445.26858 15
e 412.83598 389.82805 14
e 616.10163 482.50127 13
e 456.35706 455.73387 7
e 664.79107 332.83317 12
e 564.49561 126.02755 6
e 331.62956 71.35943 9
e 504.02573 246.20562 20
e 302.05647 551.73732 10
e 496.92690 399.84009 5
e 584.41038 418.60915 7
e 409.91970 559.33542 9
e 467.86758 180.34001 8
e 442.63971 346.30838 14
e 509.44323 314.40553 10
e 509.75786 587.99534 7
e 548.63856 196.28040 7
e 646.54398 262.35021 12
e 439.22443 337.01932 9
e 689.61772 365.56078 8
e 462.82408 498.29140 5
e 547.30264 308.92110 15
e 647.92778 356.14546 10
e 498.14467 230.30800 7
e 547.77628 485.28493 9
e 542.82930 84.45887 12
e 472.43215 234.87301 11
e 439.40411 270.83802 12
e 677.21284 275.39509 10
e 508.17331 217.11842 8
e 544.88169 81.95429 14
e 540.93366 395.69622 6
e 403.18895 347.26387 10
e 431.50472 252.21025 11
e 669.49222 220.19733 8
e 509.40354 629.49394 12
e 551.29911 452.73398 12
e 558.97464 540.99318 11
e 477.26224 456.74291 12
e 467.70804 380.64251 9
e 536.19991 488.93123 9
e 500.66196 556.95056 12
e 554.23947 634.57247 9
e 512.02090 277.27535 10
e 635.26508 188.94390 7
e 486.64993 360.38230 7
e 453.74661 387.95632 13
e 604.64509 167.57623 19
e 417.19525 504.08627 12
e 535.22484 433.94966 6
e 330.15290 280.65404 8
e 518.74151 442.11024 8
e 607.10053 87.33716 9
e 463.96551 593.56081 10
e 486.50588 504.83763 8
e 432.30874 582.32546 6
e 568.75548 368.65683 12
e 631.53880 446.12293 6
e 665.67161 234.10898 14
e 502.41491 365.84631 8
e 364.15176 499.45383 7
e 533.52021 276.42337 9
e 405.65555 351.20251 8
e 628.64281 164.63697 10
e 389.03871 82.38512 7
e 591.17181 495.46275 4
e 446.09784 356.64496 12
e 470.92483 383.85053 8
e 685.40682 219.59571 5
e 430.50804 147.29952 6
e 626.93073 343.10235 3
e 489.21649 212.65477 6
e 426.24505 320.71619 4
e 580.27902 191.78053 9
e 491.09175 516.61027 6
e 541.42584 41.77680 14
e 551.78355 297.49811 13
e 494.46512 309.00553 10
e 403.21999 347.77721 10
e 547.03133 337.87897 12
e 600.59825 40.35024 17
e 397.09073 369.41736 8
e 705.95249 276.06503 12
e 575.60587 446.93824 9
e 501.13085 349.44489 7
e 541.74719 529.12810 11
e 678.26949 538.96835 8
e 432.94181 219.19089 5
e 425.61305 359.06819 11
e 581.82640 421.88924 11
e 521.52232 324.82002 9
e 567.47342 573.03746 10
e 418.03689 130.45365 4
e 552.76255 443.11460 7
e 507.40855 261.02022 13
e 458.39469 284.16463 9
e 660.25350 398.93418 10
e 589.28933 171.37506 8
e 508.35530 268.93899 8
e 518.70824 198.95796 2
e 613.82603 217.22824 10
e 476.68500 282.57699 7
e 688.84979 589.50327 8
e 500.57647 505.93232 11
e 673.07436 278.95300 10
e 445.44775 287.30580 12
e 578.87284 311.68540 11
e 667.69277 555.12781 7
e 528.91805 354.12762 7
e 522.83379 337.49095 4
e 442.06069 343.48038 9
e 534.18503 235.79655 8
e 696.71613 123.57126 6
e 691.30544 739.82178 12
e 598.39064 175.80405 9
e 533.57874 236.54639 9
e 500.20826 254.27190 8
e 528.16104 437.06071 9
e 478.88086 361.90865 8
e 361.50576 531.44619 10
e 407.14138 252.76329 8
e 553.85033 471.12615 5
e 481.88700 328.04866 9
e 544.64766 303.41855 11
e 497.74846 77.79614 14
e 430.56222 611.37036 11
e 485.12152 409.69253 10
e 479.44272 317.41913 6
e 521.63601 308.56891 13
e 428.35477 282.71088 6
e 532.42405 318.00634 9
e 571.44318 104.64214 14
e 477.17111 101.90503 12
e 518.61767 542.72407 10
e 538.66387 297.50820 13
e 512.30520 368.92054 12
e 554.15948 40.77528 10
e 577.74586 126.00400 7
e 354.43035 210.45092 11
e 551.88589 329.79395 9
e 473.35417 122.04488 11
e 523.04882 408.16629 7
e 497.74489 106.09026 6
e 395.92919 312.18693 2
e 538.57756 423.45581 10
e 562.74136 533.36928 6
e 570.58466 325.79468 13
e 603.41077 346.43111 9
e 536.84995 203.06341 13
e 609.61489 223.46117 6
e 556.70748 501.41399 10
e 537.59349 438.61006 15
e 467.63590 215.25785 11
e 450.27277 352.51944 7
e 589.97637 360.43161 15
e 543.24859 458.20053 7
e 606.58804 298.89936 6
e 467.62718 358.33306 9
e 508.54235 125.82712 6
e 541.90469 414.44554 7
e 498.18450 489.92794 8
e 499.32172 634.63970 10
e 503.11364 281.12355 11
e 640.29554 489.87557 5
e 531.16211 170.73066 9
e 508.89500 681.28747 10
e 467.59136 468.72507 6
e 475.18444 624.42471 12
e 492.15346 311.17906 12
e 589.12640 375.12546 5
e 610.54953 496.59373 8
e 520.25780 387.03695 12
e 557.11826 333.51845 13
e 364.57659 392.55426 8
e 635.82481 210.68038 8
e 385.32041 531.17447 7
e 554.44461 247.06748 6
e 331.60749 51.14166 8
e 510.14807 34.54745 6
e 402.87644 176.08355 13
e 572.25171 236.87371 14
e 521.99718 246.35217 8
e 558.79307 318.24090 7
e 562.94609 438.39521 7
e 398.62169 600.13017 12
e 437.17385 218.74707 13
e 648.69480 155.96277 10
e 464.86649 458.49452 13
e 584.39655 244.71467 8
e 595.26834 288.27737 6
e 562.08479 189.50166 6
e 636.76253 43.13630 11
e 565.34743 177.13558 4
e 485.66056 564.57453 10
e 537.80212 396.79384 12
e 516.30105 161.43698 12
e 447.03726 299.29812 12
e 418.49214 248.94068 11
e 473.82134 263.26341 7
e 514.73179 335.10967 7
e 383.65960 238.63507 5
e 419.31592 698.54770 10
e 491.61366 478.58877 9
e 608.56470 728.82710 11
e 404.32585 206.99464 14
e 665.16276 834.68386 13
e 404.03581 598.54177 15
e 527.92629 388.45972 5
e 460.76154 452.84811 7
e 503.91815 649.75437 9
e 660.74338 477.88569 16
e 474.66997 483.17573 8
e 553.61604 531.81770 9
e 414.06700 589.54544 12
e 394.73790 315.63660 9
e 579.39716 505.90379 6
e 526.82308 657.93287 6
e 510.78810 450.74158 9
e 429.13922 797.97540 10
e 640.51796 486.18975 7
e 555.88818 230.33538 6
e 538.56987 533.82962 7
e 672.27458 528.51306 10
e 614.06477 524.07205 10
e 643.86021 499.54316 19
e 483.79746 331.48598 9
e 623.48445 377.32150 11
e 542.41339 507.79102 5
e 540.15972 405.93037 11
e 425.87427 469.33015 11
e 636.76284 315.94485 11
e 306.08137 327.11971 10
e 469.15429 403.02115 7
e 464.40052 511.61191 8
e 442.87906 400.39980 6
e 471.95942 284.16378 7
e 604.17961 303.52456 8
e 327.79539 514.46350 5
e 662.12224 195.63850 12
e 390.93359 569.19816 7
e 626.53596 484.68348 8
e 378.35740 800.51466 11
e 484.72666 234.06301 11
e 571.39615 396.40275 7
e 521.53528 678.14969 11
e 437.72994 404.38149 10
e 475.72103 537.09901 10
e 502.63458 690.14339 11
e 517.38976 643.20943 7
e 443.92100 422.30551 11
e 630.72870 353.37798 8
e 502.70288 568.74089 10
e 541.44115 499.60504 10
e 653.28007 544.74114 5
e 497.75132 699.68310 7
e 570.60397 354.07113 6
e 538.47957 594.78891 7
e 544.12356 476.60836 7
e 551.39340 530.33712 8
e 519.43625 540.69044 13
e 559.18102 326.13902 4
e 366.06275 528.16391 8
e 541.46616 510.26167 12
e 560.23060 559.13321 11
e 650.63217 385.36920 5
e 637.75000 512.15618 10
e 380.84201 614.59733 10
e 702.52816 332.85757 15
e 574.61217 651.56205 13
e 441.02816 361.17791 7
e 494.66490 430.73700 12
e 700.77331 786.71485 8
e 517.24757 384.29150 6
e 456.55743 183.48223 10
e 592.51755 631.71202 8
e 462.87945 459.83776 12
e 422.90216 280.39951 8
e 486.91296 180.65904 9
e 687.19420 511.82579 5
e 680.13846 469.03324 12
e 480.53313 311.90272 8
e 712.99384 344.19524 7
e 575.44951 455.21220 8
e 427.42944 566.06754 13
e 547.71132 509.00598 10
e 559.11930 158.44105 10
e 467.83989 518.46673 5
e 446.85571 748.47301 8
e 486.30685 290.22940 7
e 490.52693 458.63988 11
e 674.50810 341.19112 14
e 521.14040 584.66513 11
e 303.84926 216.82562 10
e 554.88072 272.79707 5
e 580.15969 419.92476 4
e 391.15588 664.24721 10
e 634.47221 598.91070 6
e 472.83877 237.78068 12
e 499.08742 483.86942 8
e 374.89818 465.93340 14
e 634.65334 671.49701 11
