c ./output/rectangle/gaussian/gaussian-rectangle-4-1000
p rectangle 1000 720.00000 1080.00000
e 43.85140 639.11207 8
e 154.01806 949.11427 11
e 169.60256 839.82470 10
e 146.55315 480.61842 12
e 77.91475 828.40632 7
e 10.43550 737.19778 9
e 99.89987 753.60637 8
e 64.65699 667.21425 8
e 215.29874 886.71024 8
e 9.32326 659.26174 8
e 14.68830 982.41362 7
e 43.10780 729.89550 12
e 94.70461 736.75536 7
e 119.77472 582.84079 13
e 150.73175 670.75207 9
e 119.16362 678.28088 6
e 6.56681 558.36562 12
e 180.11677 722.16228 16
e 240.23480 936.85123 6
e 106.74270 752.20635 7
e 73.80569 727.57173 11
e 31.30230 612.22387 11
e 245.38657 597.99381 7
e 100.98496 909.37876 10
e 22.95045 638.69851 11
e 34.57712 636.23827 10
e 45.41905 767.02820 8
e 86.62361 903.08643 10
e 147.72876 684.51218 21
e 117.77924 345.35224 11
e 59.57822 683.28615 12
e 132.20104 748.19479 11
e 40.98800 672.08386 10
e 155.12724 721.69270 11
e 252.36870 900.82619 10
e 57.24509 554.40900 5
e 37.12521 871.96299 7
e 86.06225 410.46660 11
e 88.27961 773.13027 7
e 59.13163 609.14312 11
e 61.84600 775.20447 12
e 67.66941 494.71011 5
e 143.52489 756.01540 10
e 31.10480 609.76181 6
e 23.00019 869.82035 8
e 82.20793 781.24992 14
e 187.36004 777.44791 8
e 73.50161 677.44124 7
e 48.40520 375.68651 9
e 8.66737 440.74735 9
e 26.86077 566.08533 9
e 45.26511 444.73297 15
e 83.87258 774.79679 12
e 99.80436 1031.84577 10
e 173.37694 807.29001 6
e 58.65763 786.18818 12
e 186.89924 861.01606 12
e 64.63782 743.76105 11
e 42.45919 850.59590 9
e 42.32836 763.10135 4
e 83.03274 938.23385 9
e 16.77513 837.26583 12
e 66.22067 437.65258 13
e 37.57061 546.54323 15
e 72.43954 821.34806 8
e 21.03759 679.71436 9
e 34.52480 614.41797 7
e 62.74757 847.88932 10
e 85.59739 941.08526 10
e 9.68792 715.27728 11
e 177.10549 458.90735 9
e 147.71021 649.88380 12
e 180.15677 701.46860 9
e 61.17219 590.80505 8
e 220.50195 956.72416 6
e 134.70154 705.23096 6
e 51.30637 820.44172 7
e 13.92228 440.42462 12
e 43.47888 489.73681 5
e 80.88083 909.16182 6
e 108.38326 736.38414 7
e 181.43114 384.83996 10
e 86.09062 682.42150 8
e 206.08394 818.91897 9
e 160.46121 457.24165 11
e 5.66577 541.40203 6
e 148.38036 652.88017 8
e 145.60767 807.59219 14
e 57.95090 778.43077 13
e 8.98941 930.10470 8
e 249.96928 428.45098 8
e 69.30376 573.59951 10
e 83.54488 770.12335 12
e 269.73809 622.67532 8
e 222.15015 779.53887 8
e 166.24722 751.40559 7
e 72.40287 1012.97970 6
e 131.40383 856.56777 11
e 69.06458 418.10960 9
e 119.43513 739.78834 14
e 7.90288 774.85010 9
e 133.25701 753.36849 7
e 221.68667 595.10280 12
e 96.50509 804.42136 9
e 48.31185 949.33013 8
e 25.21336 821.47873 6
e 67.50876 549.43443 12
e 21.54727 683.37604 6
e 114.78666 826.15008 4
e 52.31365 980.61318 11
e 91.22226 452.29868 13
e 159.85702 798.74499 9
e 126.03705 537.59437 4
e 69.88687 517.21120 14
e 63.39655 737.10382 8
e 172.65951 645.53888 7
e 46.49270 521.42720 10
e 204.52105 790.55959 7
e 228.89206 856.20393 7
e 64.06770 595.77417 7
e 43.62147 495.73319 14
e 197.98797 720.88247 10
e 198.99616 826.53506 8
e 87.74596 917.78656 8
e 124.55719 843.76612 7
e 118.75591 638.50150 13
e 22.01479 633.80687 10
e 140.99852 586.05416 8
e 130.70390 728.06761 6
e 90.70122 813.47825 13
e 70.59150 533.03412 8
e 222.43915 532.97777 15
e 174.20161 711.38669 7
e 187.82009 809.88470 8
e 109.85945 610.33128 9
e 16.51017 853.11405 6
e 29.59238 512.13407 10
e 221.15349 516.04584 9
e 103.63037 696.67282 9
e 15.75483 884.41701 8
e 79.35443 667.29950 11
e 33.36720 819.98603 8
e 181.10574 766.83887 6
e 140.39754 794.22203 9
e 49.67000 831.34531 7
e 4.50498 596.00074 15
e 57.82552 416.93549 10
e 142.00403 714.81310 7
e 55.10696 733.01034 7
e 198.94122 761.54094 14
e 184.04308 579.32840 8
e 76.98488 873.91185 10
e 3.57034 705.29498 13
e 60.98460 609.05898 10
e 112.18780 673.11717 5
e 173.76333 637.51599 9
e 39.45200 688.37897 4
e 41.54870 645.11679 11
e 128.85402 632.29116 10
e 52.14025 817.95220 4
e 145.23766 899.72095 12
e 198.66227 844.78158 7
e 69.90373 711.83269 12
e 108.21029 779.02050 8
e 35.57078 793.99215 5
e 2.22904 707.16130 9
e 46.26148 763.18139 8
e 1.50286 1061.15036 12
e 60.75770 414.25286 5
e 56.50492 513.66677 7
e 59.15392 876.69133 7
e 113.34749 604.40411 8
e 59.92580 890.40103 11
e 206.59494 909.25248 11
e 106.55667 607.25611 8
e 101.24299 703.92681 7
e 97.24559 593.28657 10
e 108.33234 606.17290 9
e 55.29687 591.68424 13
e 233.37251 662.58769 6
e 27.58077 640.23085 4
e 84.55926 701.66346 12
e 84.51569 741.28245 13
e 107.92384 957.97515 11
e 118.22868 766.89898 11
e 169.80662 654.66627 12
e 20.56127 713.12547 4
e 132.26212 755.13169 8
e 70.80967 735.16052 7
e 81.13428 902.35826 5
e 16.71760 717.01051 10
e 154.44494 855.11745 8
e 179.00988 1018.65914 16
e 28.12241 854.19502 5
e 124.64705 703.62510 10
e 107.01044 837.77407 10
e 53.40901 607.65015 7
e 102.63433 767.99783 10
e 107.57991 941.14596 10
e 37.21567 796.34180 10
e 42.14738 871.44764 9
e 107.70405 865.14854 10
e 117.47033 701.89352 13
e 137.55510 561.49164 11
e 13.02891 508.85958 5
e 56.88609 451.10079 10
e 111.86661 932.20317 9
e 3.41791 1012.75804 8
e 38.82880 838.61663 8
e 112.49127 864.30496 10
e 167.79399 953.94296 18
e 38.03947 460.39042 8
e 133.58705 762.67686 8
e 132.73663 658.70004 13
e 1.25519 722.26901 6
e 177.16077 634.86346 11
e 101.27124 695.42172 11
e 113.35647 494.52722 12
e 100.12065 818.89885 6
e 58.61192 824.24870 4
e 67.26320 695.80841 8
e 202.23004 663.68825 12
e 81.89584 620.12096 7
e 189.73300 711.16362 12
e 39.89725 691.83206 16
e 99.73809 835.66562 8
e 90.67350 726.36403 7
e 60.32275 761.26885 8
e 175.77402 756.44300 8
e 118.07335 736.88474 11
e 80.61271 631.79939 11
e 50.85852 859.86087 20
e 27.09769 958.82700 5
e 17.56601 738.27108 4
e 124.33801 784.60840 5
e 68.48251 571.20255 8
e 244.52436 744.09271 10
e 183.72284 647.94196 10
e 187.05844 868.38773 15
e 28.73769 644.82905 7
e 13.67275 823.92959 9
e 209.47312 665.23649 15
e 108.25156 758.78477 11
e 143.42028 621.15838 6
e 181.09788 774.51793 8
e 18.83062 572.21522 6
e 107.29310 711.84419 10
e 64.50145 930.27501 7
e 11.68200 887.94120 9
e 20.26223 600.88575 9
e 168.36150 687.48052 13
e 29.07080 764.69073 9
e 15.50416 887.14591 6
e 122.97890 841.51358 13
e 81.97706 587.80035 13
e 73.13960 576.14381 4
e 51.01077 808.90366 6
e 67.91798 545.58529 15
e 87.27208 741.44315 14
e 194.28149 518.04901 8
e 186.49186 981.77166 11
e 168.43835 844.00976 10
e 104.80200 629.80624 11
e 137.59181 590.50151 10
e 172.52109 778.10883 10
e 7.66772 608.55463 8
e 241.01310 849.91006 6
e 48.48234 663.95580 4
e 98.83342 1007.26209 8
e 104.80216 857.63139 8
e 120.52467 777.53230 5
e 202.38282 700.55253 8
e 44.02493 773.48605 7
e 125.31234 827.46704 3
e 37.77522 738.83877 5
e 25.32897 823.17179 9
e 172.42435 607.01841 11
e 86.08616 574.52447 12
e 54.10698 190.26596 6
e 18.80294 864.83092 7
e 18.52887 588.98457 6
e 183.70161 920.81865 12
e 113.68909 805.96481 7
e 199.79726 863.49064 10
e 81.72737 690.77173 9
e 84.74857 663.72630 5
e 90.21396 564.48187 17
e 94.58599 836.39613 10
e 268.36867 743.40097 11
e 228.15373 592.35789 9
e 11.09625 803.99092 8
e 103.82587 771.59746 15
e 65.87649 488.40908 9
e 14.14190 962.58526 19
e 59.56881 832.96485 9
e 152.16997 862.37335 7
e 97.98628 594.18304 11
e 63.48462 1004.69437 10
e 143.33665 762.02545 7
e 30.60205 497.86403 13
e 118.49943 629.08097 12
e 277.96618 838.47700 16
e 2.61205 952.03252 8
e 30.21056 777.58415 9
e 90.94598 613.22623 7
e 130.99493 496.49749 13
e 80.63542 751.79028 5
e 72.00163 547.28625 8
e 34.62602 469.29617 7
e 80.89395 719.77063 10
e 192.91821 634.56254 7
e 96.90337 796.63769 11
e 26.27341 745.50270 9
e 10.43784 1028.15819 9
e 112.13935 834.23452 7
e 51.46888 611.01107 9
e 53.74255 875.62227 13
e 271.56068 805.94637 7
e 45.46072 853.33082 9
e 112.08469 1016.95920 13
e 148.26217 839.71185 10
e 167.35049 557.52748 11
e 234.71789 888.29922 10
e 111.66021 495.29084 10
e 200.36914 826.20024 7
e 142.27396 572.55569 6
e 55.70002 775.81864 11
e 227.43777 721.64492 8
e 96.20654 1006.83571 14
e 84.62485 631.30407 6
e 144.89476 1041.08726 9
e 30.92801 446.90920 5
e 81.99801 716.03065 6
e 96.60059 773.69617 12
e 7.85237 782.81637 6
e 82.24724 942.84283 12
e 31.69839 834.75170 7
e 31.55597 470.84901 6
e 11.49856 497.36813 11
e 51.06418 470.47621 11
e 109.95420 845.14189 10
e 217.29010 839.32513 4
e 68.36624 650.70319 8
e 97.62077 998.58706 6
e 3.38569 675.87458 7
e 198.39343 742.49102 11
e 130.47372 770.98230 9
e 34.23072 767.12865 5
e 29.56674 686.36441 9
e 58.92664 894.78988 8
e 225.94909 723.92532 8
e 115.51668 661.87020 7
e 44.47301 1006.90082 13
e 125.16789 798.23536 13
e 32.42291 465.95634 6
e 23.11073 657.78664 13
e 215.41559 759.36175 11
e 18.71334 702.75568 10
e 38.24673 785.66965 4
e 96.80482 601.60800 8
e 100.90905 917.12008 7
e 23.70436 572.17647 14
e 130.69363 593.07185 11
e 119.40935 586.55318 5
e 6.13377 504.58709 8
e 109.05837 811.68360 9
e 72.98518 686.06018 6
e 227.99735 783.72270 9
e 317.79196 540.64848 6
e 21.37183 789.96204 9
e 225.25362 621.26190 9
e 137.57979 603.14295 9
e 22.78295 847.35333 12
e 112.09056 799.03401 9
e 11.52987 754.56800 7
e 105.54081 703.79192 10
e 84.69575 783.11156 12
e 29.21566 841.66418 6
e 100.42303 661.89213 8
e 145.32623 635.91210 11
e 36.71645 602.49092 7
e 54.58689 776.27085 10
e 122.85824 817.24095 6
e 113.86498 766.69651 10
e 49.71529 808.42885 8
e 67.85177 1060.54692 7
e 87.10222 941.61015 14
e 20.42875 757.84310 10
e 30.75398 714.11111 9
e 110.83633 636.15301 9
e 204.49969 812.71595 8
e 11.67811 666.21739 11
e 92.04320 737.61591 11
e 194.48186 898.53230 11
e 105.66477 412.60566 12
e 32.70232 811.90614 6
e 154.27502 602.82153 2
e 27.83904 661.35521 3
e 100.75753 406.84670 13
e 101.98041 801.52358 7
e 169.38935 506.97840 12
e 117.74498 617.88004 6
e 181.36234 466.66400 10
e 55.24906 634.71793 9
e 113.65679 807.09067 9
e 149.79129 782.21152 11
e 40.74084 561.15654 11
e 30.36361 637.06230 10
e 99.17215 716.48954 7
e 188.32318 684.09629 12
e 120.35059 1027.71765 14
e 94.12611 738.53342 9
e 137.06395 825.86211 8
e 4.36341 609.88350 5
e 156.54173 774.45209 14
e 95.10114 804.26183 8
e 168.71143 936.47421 8
e 19.16709 906.11023 7
e 95.19349 502.23864 12
e 22.03618 737.25322 7
e 169.52768 646.17697 4
e 11.72029 659.66488 8
e 130.92388 567.50137 14
e 77.56927 714.07277 16
e 8.82554 648.39720 9
e 174.56686 626.43682 6
e 81.88529 775.55886 9
e 204.85955 867.59967 6
e 86.02511 678.74334 13
e 162.60273 616.61763 5
e 35.44589 525.45699 10
e 76.18640 753.24329 17
e 10.83227 776.03954 16
e 208.28265 898.27805 17
e 54.52282 617.27396 5
e 30.68596 555.25636 7
e 100.97084 830.85828 9
e 14.68227 634.32386 11
e 196.36236 428.09642 15
e 21.52783 835.30930 8
e 106.53674 630.39685 5
e 233.04726 699.89910 10
e 37.82787 701.72656 7
e 195.17131 449.85613 7
e 28.65679 996.31183 14
e 187.50585 705.84582 12
e 98.26907 663.74615 10
e 88.26915 721.16188 9
e 10.30085 700.11131 13
e 96.24079 664.25808 6
e 50.25477 887.20697 10
e 48.83241 797.29939 4
e 137.64717 905.94720 9
e 182.26702 610.65662 6
e 48.77534 859.73438 12
e 111.59788 1052.07352 7
e 102.06638 888.94492 4
e 36.37087 934.74395 8
e 55.69061 638.87616 10
e 170.94402 641.60236 12
e 75.38955 943.40853 10
e 34.22786 680.30336 11
e 26.19809 669.41799 13
e 20.15946 351.00766 10
e 133.65696 962.56218 16
e 47.57244 777.65679 4
e 82.60438 706.39436 17
e 140.34480 573.93291 9
e 224.08932 734.38930 8
e 98.89663 769.51146 9
e 98.99048 827.07751 11
e 32.22186 970.22229 12
e 164.14859 768.46774 11
e 60.20877 661.43143 9
e 76.23463 700.86336 5
e 47.54542 1064.10281 15
e 4.84942 833.90193 11
e 153.97587 820.76579 12
e 228.79034 818.63123 6
e 256.00273 726.04930 11
e 165.54410 762.84378 8
e 92.18235 923.72348 6
e 47.40603 851.89896 13
e 100.95890 626.11748 5
e 135.36313 872.68755 10
e 117.39059 840.29679 6
e 73.21984 951.46551 5
e 223.33476 729.51131 9
e 84.38746 761.09716 6
e 105.45167 1056.94327 11
e 8.04214 842.43066 11
e 29.85993 842.80651 14
e 212.63181 572.57472 7
e 41.15671 775.41800 11
e 27.51530 607.41396 7
e 162.51276 926.26663 14
e 35.22511 962.27638 9
e 125.23154 641.92651 15
e 66.20694 983.47356 6
e 6.72036 824.37830 13
e 96.89422 936.08002 15
e 93.00010 526.26927 7
e 25.14564 488.17094 9
e 69.90593 839.42681 9
e 14.43202 791.34225 8
e 15.74861 939.45673 10
e 69.85787 793.05878 7
e 62.78056 548.25355 13
e 115.26921 774.83230 9
e 11.17653 518.50281 13
e 68.62017 695.85218 5
e 0.47372 765.81901 4
e 0.38313 745.90261 5
e 165.44794 994.02696 6
e 96.39834 660.20520 10
e 69.61853 855.97786 7
e 57.74743 994.13758 13
e 142.61359 546.65182 5
e 111.04623 808.49346 3
e 10.27772 995.95694 10
e 239.33891 666.43228 11
e 78.78300 795.39337 13
e 35.60190 571.89135 8
e 208.42003 585.35007 13
e 88.18099 558.74953 11
e 32.56311 786.62887 12
e 110.34576 931.57196 10
e 2.20061 772.77102 10
e 39.62398 709.25125 13
e 207.95971 970.89852 8
e 40.28779 496.85491 11
e 118.66447 645.12530 10
e 185.32769 951.31084 10
e 80.87029 862.10081 7
e 199.26394 637.55237 18
e 134.68769 567.01693 7
e 74.08600 788.86938 7
e 5.64424 1031.74104 9
e 39.21047 756.92220 7
e 164.18343 814.42379 11
e 105.17922 624.83841 7
e 123.88277 829.54409 8
e 96.28615 780.93719 12
e 26.44227 705.18104 8
e 32.60439 809.79513 10
e 104.84252 953.08405 11
e 94.41814 616.92147 8
e 213.66193 631.80948 6
e 70.96091 728.14828 6
e 225.35592 635.84697 6
e 155.29710 1030.85248 8
e 156.38519 452.72290 11
e 146.82607 497.63502 6
e 231.79859 479.69494 11
e 78.30852 767.39320 8
e 120.84136 785.11498 9
e 46.20601 768.68812 11
e 67.52863 739.37394 13
e 107.93889 541.05518 9
e 158.49412 762.23531 8
e 131.82140 593.29233 6
e 49.68385 760.95442 8
e 120.84879 709.30348 6
e 101.13922 801.84359 9
e 197.08926 740.74574 7
e 41.40673 594.04427 7
e 23.14874 555.86643 9
e 317.77522 807.91098 12
e 298.64533 1002.92307 12
e 146.66479 663.74167 7
e 19.26157 963.02808 7
e 7.35434 810.49459 16
e 100.77290 835.93653 11
e 94.44499 389.78652 9
e 3.38826 982.66335 6
e 83.76541 949.75267 6
e 96.66702 700.22913 14
e 180.93105 840.74295 21
e 50.46147 816.81161 10
e 30.92795 695.26966 11
e 125.59228 908.22136 8
e 148.05233 983.89934 15
e 76.96634 586.39723 15
e 64.36766 942.30944 10
e 2.29831 814.26950 9
e 66.61375 462.24869 8
e 187.93399 620.96370 7
e 64.15607 737.47256 6
e 245.61905 844.84280 8
e 211.09252 964.52806 8
e 150.44392 901.57563 10
e 11.51720 756.59887 19
e 96.46907 742.68621 12
e 20.32952 784.61350 11
e 71.07637 794.07117 12
e 53.70997 892.46727 14
e 65.63592 948.51458 9
e 119.75591 765.77592 15
e 122.97476 626.42590 10
e 61.01803 595.33604 10
e 44.88156 642.76401 8
e 113.00487 650.52554 11
e 31.60012 996.33332 12
e 31.39073 835.85445 7
e 35.82300 523.72573 10
e 12.43731 905.94772 5
e 15.16739 519.18242 7
e 111.04656 684.86562 7
e 26.18068 892.70603 7
e 50.47061 857.10594 8
e 53.69746 931.54324 9
e 72.65867 711.48601 17
e 120.51111 687.21944 5
e 25.99225 799.85752 7
e 172.70173 486.95750 7
e 107.54828 875.46737 8
e 185.85527 598.19659 7
e 138.70562 1073.93772 6
e 76.39084 836.77148 7
e 10.57499 986.84843 13
e 133.11876 698.84292 10
e 162.21934 764.50304 9
e 214.29419 717.65727 7
e 128.82228 503.56749 7
e 193.46477 644.70909 6
e 98.13576 606.09205 11
e 156.48811 475.71680 7
e 58.28840 790.24544 7
e 102.33095 912.78468 7
e 27.44303 554.30917 9
e 78.29721 845.67223 14
e 20.30842 493.24808 10
e 92.00363 736.84069 13
e 92.95797 418.66138 6
e 83.22152 729.13123 8
e 72.46049 741.24057 5
e 40.48608 698.96484 11
e 68.86023 895.42906 4
e 10.75125 823.16322 13
e 63.85336 691.47933 10
e 102.46513 612.10684 9
e 159.53104 1040.56743 10
e 72.43128 462.20741 13
e 322.02381 727.92786 6
e 63.81994 916.29259 13
e 14.67911 410.49545 5
e 41.88275 868.59546 9
e 33.86827 457.84604 6
e 194.34308 846.61929 4
e 92.97427 495.56487 8
e 255.88789 531.30459 10
e 49.56606 699.00571 6
e 158.13626 785.86232 6
e 140.91652 522.58389 5
e 215.35952 687.45389 7
e 73.25507 526.52451 10
e 22.17975 637.31994 11
e 175.19955 549.44216 9
e 59.86110 541.89888 11
e 57.31150 959.43400 21
e 82.94336 739.44811 7
e 77.20439 413.58620 5
e 28.26949 769.12901 9
e 1.36557 881.16798 10
e 41.47435 756.89369 13
e 64.45890 1029.98978 9
e 110.41094 680.21970 8
e 113.63079 652.92771 6
e 51.79571 675.82351 7
e 162.63496 672.13804 9
e 162.42292 742.77985 7
e 167.07577 720.15466 7
e 71.71648 500.65971 10
e 72.70190 757.03346 14
e 116.38603 1049.17327 13
e 54.64933 607.55104 7
e 14.12826 847.75553 6
e 37.31003 570.27196 8
e 101.65795 687.43502 8
e 88.02984 798.06283 7
e 197.52739 900.99349 7
e 152.79243 835.66355 4
e 180.67054 622.37683 7
e 22.99811 872.77545 11
e 50.69452 788.52662 13
e 61.21404 854.45240 14
e 161.93936 461.58454 9
e 122.99456 820.73772 8
e 74.05143 444.76832 8
e 58.35154 884.48806 10
e 95.62227 701.40284 4
e 205.17164 899.12497 8
e 207.78973 872.89957 6
e 108.50256 708.32583 12
e 5.68829 703.43488 4
e 108.96177 518.27727 9
e 28.93069 777.30731 8
e 96.15034 757.25821 8
e 81.72922 438.59706 6
e 250.30415 846.70951 7
e 485.33188 705.18892 8
e 321.11169 665.39579 7
e 351.28588 1078.37410 8
e 438.31816 992.10076 10
e 382.19551 741.36215 11
e 606.64145 834.02214 8
e 398.91249 850.26776 13
e 404.50167 851.91135 8
e 412.46096 1036.55274 8
e 320.18081 833.66968 9
e 403.02233 1072.50080 14
e 441.04149 809.94469 8
e 277.53893 819.51753 7
e 480.60765 913.04396 12
e 493.92954 818.57213 11
e 462.67572 684.71009 5
e 471.17235 837.31604 11
e 470.72112 973.62513 11
e 436.30484 844.33368 12
e 421.02174 745.45606 8
e 422.56119 968.16951 5
e 389.98631 951.91064 12
e 525.32314 913.96724 14
e 370.45988 747.78411 15
e 459.10141 1023.95334 7
e 512.20879 975.95859 7
e 408.69199 1004.14095 10
e 431.50170 1063.49166 8
e 482.01390 908.51387 8
e 507.72509 749.16889 11
e 582.85649 793.47624 8
e 262.99487 618.81263 13
e 525.11064 652.92468 5
e 477.48031 1068.10294 12
e 449.20142 640.18354 7
e 492.15573 953.06162 8
e 442.01996 861.53973 10
e 396.28287 712.21149 14
e 382.08087 725.20630 9
e 374.66512 1029.46144 12
e 457.47257 892.30653 5
e 518.59997 1073.97237 11
e 572.83198 1075.50595 8
e 523.60225 859.54683 11
e 538.76400 969.28514 10
e 389.28509 795.97642 7
e 430.12642 954.21638 4
e 446.13633 779.41614 11
e 515.88297 657.28495 3
e 428.55804 897.88375 11
e 369.51446 947.22940 8
e 544.45881 1007.15019 5
e 520.16517 754.02350 13
e 325.63134 942.51638 9
e 395.47499 524.53116 8
e 511.47991 962.63050 4
e 355.44812 840.26287 7
e 515.46847 897.55602 8
e 371.52544 783.86194 12
e 443.44849 1063.31359 9
e 509.48658 928.50732 10
e 460.60908 951.64522 10
e 631.92811 807.76598 10
e 556.23006 881.77152 10
e 468.25140 935.85669 8
e 513.75670 1022.10388 8
e 499.27601 938.87553 6
e 384.68946 1059.38415 9
e 529.25064 942.17341 8
e 488.51871 851.12342 10
e 357.64294 710.45018 12
e 442.13050 996.50973 13
e 538.28282 966.55992 9
e 298.85662 935.44908 9
e 482.16731 1015.36752 11
e 310.80712 719.80357 13
e 456.24393 723.04378 8
e 506.89380 829.26740 4
e 586.60769 1012.53664 8
e 459.80211 846.56640 12
e 519.01192 769.22125 8
e 361.61509 1004.60351 13
e 411.96013 865.33282 8
e 412.16031 801.29278 4
e 455.81755 1043.21955 7
e 488.48864 700.55554 6
e 321.42302 999.13202 7
e 406.91388 1061.28578 9
e 295.82021 927.72577 9
e 556.71174 892.11889 9
e 464.38114 826.51538 8
e 497.60287 875.76132 10
e 605.11077 885.87808 9
e 466.05186 1019.93304 5
e 571.28615 1016.04545 5
e 597.66259 931.26912 8
e 339.30582 921.21562 8
e 330.57272 805.14450 14
e 415.97793 826.87550 8
e 417.86878 816.93683 7
e 271.34655 1026.02852 12
e 488.89157 1018.69236 9
e 479.46630 956.91462 12
e 519.30174 943.38724 11
e 398.95641 846.11472 11
e 604.54287 1030.72227 13
e 664.58720 883.08672 10
e 502.00884 918.31095 8
e 575.60301 970.44715 9
e 501.26851 990.20578 5
e 487.11591 827.64970 12
e 428.20330 605.50064 9
e 461.65927 729.22476 10
e 402.21947 865.62921 6
e 541.55153 789.21699 11
e 510.50022 1063.00449 8
e 541.55708 795.97733 6
e 517.90032 976.49255 9
e 326.14131 1016.86397 4
e 509.88293 634.28821 9
e 534.64201 632.18704 5
e 493.86058 888.40478 7
e 369.00019 979.24792 3
e 710.80147 942.65161 7
e 366.06405 591.22253 12
e 438.22142 690.39333 13
e 437.99544 877.14526 8
e 497.91445 990.85787 8
e 446.10581 900.27812 9
e 389.44550 806.30486 11
e 442.67644 944.12991 8
e 439.54591 971.38399 7
e 549.40762 978.16443 4
e 506.78940 796.80661 7
e 396.21146 760.22714 9
e 498.52322 732.29366 5
e 414.89867 1073.94056 6
e 317.23471 913.34347 10
e 534.85982 989.90964 11
e 389.38220 792.53893 5
e 313.09351 719.88841 6
e 640.64672 918.03207 9
e 545.95250 936.00745 5
e 418.91200 815.34278 5
e 555.94567 879.98940 12
e 373.24861 994.63620 10
e 225.30100 1044.20396 9
e 568.24419 871.83766 9
e 438.99037 1031.08860 12
e 592.30149 933.11339 9
e 574.22341 1068.02912 8
e 406.05097 900.44251 7
e 494.89111 997.99564 11
e 417.97124 916.67219 15
e 349.49048 1052.03647 8
e 639.90102 707.22945 7
e 355.99845 719.07130 10
e 360.73587 961.03427 12
e 481.73727 795.53219 10
e 624.07996 755.54511 14
e 486.30051 783.92682 9
e 283.21152 1000.95765 9
e 463.92419 823.78174 8
e 474.35498 916.21136 9
e 467.42031 918.19071 4
e 403.42174 928.96802 10
e 448.67352 722.62600 7
e 265.55085 996.66412 8
e 490.30241 1048.55662 11
e 465.11019 1016.87526 7
e 503.13837 869.28570 10
e 542.12830 1078.49154 13
e 407.15936 1031.84522 7
e 443.73273 991.95938 7
e 493.07715 799.55762 10
e 480.65255 817.38309 12
e 356.12905 888.74554 13
e 427.87898 653.31506 13
e 353.54119 552.67323 16
e 452.78155 1002.94680 8
e 495.94389 891.25290 8
e 511.69737 805.23690 11
e 430.12268 983.72405 7
e 588.81718 839.44564 12
e 550.75798 765.47493 10
e 455.91253 1017.37735 13
e 412.06655 743.60718 7
e 379.73401 887.36551 7
e 559.07744 899.88397 13
e 409.93151 866.78023 9
e 506.12104 938.22871 10
e 433.23892 956.38644 13
e 509.43898 985.14229 11
e 424.34908 1066.63081 9
e 507.20434 671.72110 12
e 275.81606 1015.62127 6
e 498.17774 927.73124 8
e 492.16040 766.22698 7
e 435.76667 975.50310 6
e 585.20514 767.79452 9
e 405.42716 258.64365 12
e 684.44979 324.49831 11
e 683.13335 264.14080 5
e 447.60446 434.15177 11
e 415.32568 173.15166 5
e 406.50566 36.85360 7
e 333.54706 357.02721 12
e 366.55207 247.23069 12
e 592.10958 519.41832 12
e 552.72803 370.28627 5
e 497.78453 111.79022 14
e 496.18638 137.03678 9
e 497.68402 178.60474 12
e 664.66891 223.36373 3
e 401.50065 164.44096 10
e 419.23612 443.74791 14
e 516.53402 313.93937 5
e 426.41053 21.93345 4
e 523.76830 374.26271 5
e 226.05523 359.94984 12
e 596.53106 498.41910 9
e 517.44051 250.75227 14
e 446.29197 270.78070 10
e 402.16152 278.23660 13
e 451.96762 34.76613 11
e 311.61533 230.13308 8
e 559.29819 553.08612 10
e 499.05053 384.85125 10
e 450.29588 239.84896 10
e 521.62260 250.37672 8
e 601.97377 252.10950 10
e 405.18444 27.51454 9
e 414.16168 296.09500 9
e 403.68540 151.71221 15
e 536.03787 347.24467 8
e 584.44425 200.87850 8
e 654.49842 179.26997 8
e 275.13708 64.29216 9
e 459.78003 52.75249 9
e 500.92544 325.22063 5
e 528.41406 232.52822 13
e 529.64966 504.68081 9
e 413.58342 127.01283 11
e 439.29676 304.53412 9
e 460.85248 162.08536 13
e 494.58318 211.15718 6
e 642.81018 99.45377 6
e 503.56330 153.25330 7
e 538.12538 257.06468 8
e 362.22407 167.06975 9
e 517.65159 160.64862 9
e 593.61963 388.26516 6
e 459.35970 139.71025 14
e 495.16645 258.23204 7
e 596.47117 269.00122 5
e 467.75569 146.72476 9
e 424.09436 292.56251 16
e 532.51363 116.65021 5
e 554.12789 164.41663 6
e 613.35403 199.47802 13
e 543.33736 254.16344 17
e 482.33889 80.87667 7
e 482.03366 126.43897 9
e 563.46034 131.94652 8
e 550.94396 364.72250 11
e 485.72529 198.78424 8
e 390.94018 32.72976 14
e 447.48769 206.24692 20
e 551.05253 278.67586 11
e 440.65018 221.66307 10
e 555.89084 336.31906 15
e 604.74869 222.69416 7
e 566.90498 486.00006 10
e 535.62620 164.15473 8
e 651.20399 188.95178 4
e 399.42621 356.15111 6
e 391.39008 223.79794 13
e 604.67185 549.95336 8
e 556.79262 388.32376 9
e 640.50368 243.84337 11
e 573.39308 279.76716 8
e 433.54781 429.92708 5
e 541.62735 214.40230 10
e 557.50694 394.34984 7
e 601.14866 12.33313 4
e 433.37622 309.83164 7
e 524.70915 108.74907 8
e 667.38946 299.28771 4
e 490.10516 378.36573 11
e 380.71825 169.88915 8
e 425.84136 96.95999 5
e 590.61112 83.83423 13
e 526.23211 252.13191 9
e 594.20026 318.69448 6
e 356.53642 257.70546 15
e 387.32213 128.46861 9
e 297.40567 3.70573 10
e 517.99286 239.18339 9
e 361.71938 60.40051 6
e 625.40509 41.32802 9
