c ./output/rectangle/gaussian/gaussian-rectangle-2-4000
p rectangle 4000 720.00000 1080.00000
e 293.70990 749.50070 8
e 296.53073 684.13389 8
e 306.36006 285.23479 11
e 233.51088 826.84112 12
e 419.47390 433.78773 6
e 367.93446 400.94570 8
e 217.56795 548.07982 4
e 240.39296 845.67133 9
e 166.87161 755.25136 5
e 205.46639 747.32807 8
e 163.61292 817.61862 8
e 261.85742 672.05524 9
e 26.38858 909.21399 14
e 127.95989 663.35773 10
e 251.62299 444.73805 8
e 201.50030 511.76654 9
e 429.54949 876.41915 7
e 285.42221 660.95458 6
e 216.97519 776.01343 5
e 149.69441 600.47113 10
e 246.84240 663.24101 10
e 349.09721 805.93193 13
e 362.72908 753.65420 9
e 398.22017 915.68923 7
e 238.04932 886.41345 9
e 154.14592 828.92940 12
e 279.02520 672.62032 11
e 245.10375 292.79797 9
e 284.03353 749.60388 9
e 295.56144 532.24244 9
e 426.28709 476.35571 10
e 128.72494 809.43223 4
e 300.10181 786.27392 7
e 243.62643 361.93292 14
e 228.78556 660.40252 11
e 348.17343 774.03557 11
e 121.28669 687.31847 6
e 239.19931 812.23099 4
e 329.59278 817.56561 7
e 227.60174 612.78745 14
e 350.90895 694.43739 9
e 432.98055 473.19304 7
e 142.65687 669.33804 9
e 229.03816 539.21445 7
e 316.15362 596.22104 9
e 153.34002 732.31360 7
e 276.70403 674.73252 8
e 305.30443 823.46061 14
e 259.25829 539.20685 6
e 369.93461 773.98951 13
e 217.70820 666.90979 14
e 345.99263 786.64595 8
e 374.10882 668.05519 10
e 245.95599 748.26894 10
e 280.64131 745.94397 8
e 237.92666 655.13543 7
e 448.78113 559.78809 11
e 231.20719 652.22907 9
e 288.83146 555.46787 9
e 156.42196 603.49519 8
e 343.69597 496.48217 6
e 238.60963 636.50617 9
e 170.67264 428.83076 8
e 325.86319 376.56698 8
e 212.28043 322.19822 9
e 284.70250 332.70991 11
e 191.59431 668.07580 8
e 146.56749 665.97995 9
e 332.65239 691.45535 10
e 376.20305 740.40060 5
e 84.73536 670.33172 7
e 265.53636 289.89606 6
e 351.14871 850.29076 8
e 417.84182 644.48031 9
e 328.20982 563.95913 8
e 324.00740 647.46532 13
e 342.50834 576.01834 13
e 366.15566 746.41691 15
e 89.58065 641.33998 9
e 247.28738 733.00426 8
e 222.00945 586.81534 10
e 389.86804 489.18443 8
e 212.48487 521.44387 8
e 191.36479 791.25324 8
e 336.88970 543.43442 11
e 379.03394 848.68775 14
e 229.84458 874.47635 8
e 490.30802 776.79618 10
e 220.35311 540.52399 10
e 331.96379 675.74610 8
e 429.74576 857.29953 13
e 318.71415 626.50044 13
e 379.89203 718.60885 13
e 217.03704 510.24249 5
e 283.81270 605.11662 7
e 126.82022 673.12815 13
e 96.42388 549.15450 6
e 319.78911 729.55810 9
e 237.21035 721.75146 11
e 331.01406 818.10549 14
e 130.86475 780.39734 5
e 366.36578 964.64461 17
e 93.41804 866.09082 11
e 275.56341 721.71092 8
e 252.88223 695.62036 8
e 48.47857 701.77981 15
e 247.06646 923.43162 11
e 239.33324 786.49841 6
e 225.50471 791.57049 10
e 258.81707 598.51496 10
e 196.79973 621.06455 7
e 295.19760 992.84034 16
e 289.01087 857.04545 8
e 315.31514 767.01592 8
e 233.57891 876.43409 7
e 153.11061 840.94507 11
e 158.05947 352.25075 10
e 330.33258 775.55232 12
e 241.48398 620.97718 4
e 170.34950 603.35695 8
e 181.80189 718.76372 15
e 295.87852 850.98699 9
e 207.09690 721.36832 11
e 221.13222 562.43001 10
e 338.46980 580.82404 16
e 322.99364 758.60306 10
e 210.46763 865.83160 7
e 224.20696 820.96276 15
e 125.64514 661.93325 9
e 228.22852 863.23139 14
e 388.45271 656.46757 6
e 298.96042 930.24580 12
e 172.92761 387.29722 6
e 288.65283 561.70515 14
e 234.36460 693.32003 8
e 283.99964 379.50918 18
e 244.22911 503.13619 8
e 371.74876 583.50499 7
e 273.93681 810.84251 10
e 383.68164 720.73867 10
e 270.83954 811.39716 10
e 308.96666 693.58579 9
e 353.58050 550.92802 8
e 357.77887 422.43800 7
e 284.45024 475.47591 9
e 275.86390 371.24126 15
e 127.52221 595.48695 15
e 242.78184 706.98026 12
e 172.79909 568.31354 7
e 501.98573 487.25557 16
e 233.92629 849.19041 12
e 318.61749 666.24771 12
e 179.68372 811.74617 8
e 360.67964 675.39739 11
e 201.25724 727.29972 6
e 308.68173 315.21150 9
e 340.64701 655.22219 18
e 346.08288 801.24071 11
e 202.34407 964.61808 13
e 347.46246 693.61484 10
e 307.78782 611.29269 8
e 402.13817 557.86653 9
e 173.24618 541.73997 9
e 168.11612 812.71674 13
e 87.46008 907.64093 9
e 377.28465 681.21472 10
e 89.11573 569.58429 11
e 193.15695 803.69040 9
e 218.92311 628.57595 12
e 51.48870 776.73106 9
e 272.92014 649.94928 13
e 258.14529 522.00641 6
e 226.91174 578.06131 11
e 154.21262 486.35443 10
e 248.36435 730.18681 9
e 377.60026 473.08864 15
e 267.88754 473.12427 5
e 375.25529 715.65587 9
e 58.05071 890.28692 12
e 344.45234 608.11192 7
e 192.13861 437.89335 7
e 289.95285 552.16625 10
e 116.09757 962.01282 13
e 299.98910 754.02449 10
e 334.40564 651.06383 12
e 210.82524 570.48078 11
e 405.12107 679.35783 16
e 246.82986 726.07293 12
e 301.37841 518.95822 4
e 464.74263 534.36510 7
e 298.96102 839.72888 13
e 350.29936 560.72567 14
e 178.19868 684.28080 4
e 370.67712 651.93160 13
e 475.97445 618.21036 8
e 382.64766 217.25340 9
e 362.75902 963.21020 10
e 190.81527 790.48217 8
e 221.75691 775.90209 16
e 184.69249 814.18460 13
e 327.36463 794.18182 8
e 559.11946 686.71643 8
e 395.75088 607.98968 12
e 320.54532 681.26406 12
e 243.74166 676.24213 9
e 259.28043 681.61122 10
e 219.45789 738.11800 12
e 230.87730 700.13973 6
e 139.41777 650.76753 6
e 378.16909 566.39805 9
e 367.42082 783.43391 13
e 196.02992 1061.63220 11
e 169.24801 707.46936 6
e 359.45985 667.78463 11
e 320.67971 721.04910 7
e 260.30215 796.46849 5
e 331.23900 1014.16478 8
e 285.43344 446.54038 7
e 402.79459 612.22808 10
e 316.97036 619.16247 4
e 231.83817 422.34162 11
e 225.72285 621.82768 12
e 330.19519 615.43304 8
e 234.25800 804.87526 7
e 318.60015 349.91983 13
e 219.44916 568.93618 7
e 162.51093 785.35436 9
e 357.30197 706.23630 7
e 293.00719 628.64312 6
e 213.00501 791.61268 5
e 286.02125 507.60397 11
e 404.55803 426.84279 12
e 271.89022 735.43108 10
e 102.76233 961.24810 12
e 299.37360 955.47812 5
e 444.47274 686.65201 8
e 398.57188 471.56170 12
e 284.86567 665.85591 10
e 243.36261 825.29387 8
e 275.66784 437.02159 18
e 307.85345 592.90129 8
e 340.94138 1034.35095 6
e 195.18570 603.27829 9
e 317.95007 431.39194 10
e 290.82883 503.44897 12
e 223.31412 698.75202 6
e 168.69137 973.77794 10
e 368.07917 662.65715 11
e 180.27145 825.22378 11
e 206.95144 700.52732 5
e 250.98004 487.86110 10
e 379.92283 792.64047 9
e 270.86077 672.20639 8
e 63.97139 804.14108 13
e 203.79884 877.10659 10
e 258.86365 513.66533 11
e 356.02505 841.49485 4
e 180.67605 844.47514 12
e 285.79843 724.03437 7
e 249.50315 571.00003 8
e 113.97399 687.52010 4
e 153.04897 457.83860 10
e 298.33513 760.35597 15
e 273.64260 749.08575 10
e 382.97525 771.22032 5
e 181.04651 528.59857 7
e 93.22093 491.10444 9
e 279.36210 507.72410 9
e 263.71641 874.18499 4
e 276.03354 536.27208 7
e 363.44892 803.74700 10
e 252.96673 757.32838 11
e 166.90564 858.98769 12
e 291.26820 641.67140 11
e 393.40301 850.11055 8
e 170.49500 706.96688 11
e 266.76441 652.66374 7
e 316.30570 502.38172 10
e 368.81681 553.62885 12
e 377.77359 548.14590 6
e 167.55498 586.95358 21
e 87.85684 791.01781 10
e 175.35826 524.74091 8
e 211.59135 743.18659 9
e 126.87138 898.95772 5
e 212.65854 660.99512 12
e 279.02434 692.14782 10
e 336.50108 606.80951 8
e 216.22581 840.41264 8
e 186.60337 686.27242 4
e 271.00618 511.10665 8
e 307.71208 669.95897 17
e 261.93144 580.28474 5
e 299.46826 905.69843 5
e 445.71127 663.29573 12
e 432.65134 835.72753 13
e 323.24913 624.26550 8
e 354.42338 651.52363 5
e 283.54859 483.44753 8
e 237.66054 961.92578 12
e 361.33756 614.23526 8
e 423.28466 459.53751 6
e 235.16671 768.31170 6
e 284.18259 763.64207 6
e 184.77874 845.33162 9
e 86.99038 487.81800 10
e 231.32022 920.99657 9
e 407.37341 836.24380 9
e 191.35709 649.37861 8
e 102.53585 510.99000 12
e 303.69311 696.58160 5
e 259.18803 617.49980 14
e 273.75441 788.19537 13
e 264.66039 528.02728 10
e 271.44349 852.27212 8
e 360.47143 895.87461 8
e 265.68107 780.42116 6
e 313.60020 868.05645 12
e 197.31653 589.55620 8
e 214.40506 917.26560 6
e 221.35131 773.08424 10
e 225.19105 796.50636 4
e 380.66541 810.17253 12
e 154.86486 701.55983 10
e 319.98847 757.00301 18
e 253.69643 491.32538 10
e 342.66622 752.64277 11
e 173.61976 606.20839 8
e 423.34894 634.81030 9
e 250.64762 722.63769 6
e 228.42748 732.83773 8
e 126.66585 668.06262 9
e 293.54754 871.44671 7
e 271.97102 461.28762 9
e 227.72900 677.99638 10
e 256.23710 684.50190 5
e 299.90053 704.10783 7
e 275.38469 818.56996 10
e 280.26334 740.59960 7
e 304.72489 349.95020 8
e 284.08417 357.45344 9
e 223.21310 730.82840 15
e 387.71617 741.68411 8
e 254.11761 764.63237 6
e 239.28211 582.78165 15
e 294.40908 590.51843 10
e 310.12840 857.95125 5
e 216.61557 483.32951 9
e 391.34198 674.86025 10
e 348.81768 891.38498 13
e 210.73928 641.58142 13
e 296.04997 937.83535 7
e 261.95572 1019.43097 10
e 342.97356 828.48839 9
e 228.34813 959.69560 11
e 160.26072 680.13342 11
e 212.86128 816.75934 6
e 366.02946 679.31290 11
e 261.18377 713.02411 10
e 194.67297 339.92630 6
e 174.58427 435.13751 7
e 161.48582 714.12892 15
e 462.35774 832.64230 9
e 214.02557 865.21230 8
e 317.09964 797.47252 10
e 273.73718 923.48304 5
e 220.51124 697.27314 10
e 250.98441 680.34611 12
e 248.12325 630.85988 7
e 113.23903 607.84368 9
e 230.11698 968.46087 12
e 203.30394 365.86418 13
e 409.52097 491.27014 10
e 255.59252 711.73786 11
e 308.46020 376.36977 9
e 270.32631 879.48334 8
e 355.21884 432.37611 8
e 238.17101 727.84727 14
e 311.81791 857.09558 10
e 171.25739 574.15727 6
e 156.18082 775.99537 5
e 326.12229 687.16459 17
e 368.48075 625.38305 11
e 189.50094 640.86373 6
e 212.14001 802.59834 9
e 313.80335 821.69294 15
e 239.21369 556.34196 15
e 258.79754 332.10921 9
e 218.08103 753.06020 5
e 312.16835 846.66369 9
e 289.25602 573.20801 12
e 424.16429 625.38378 11
e 56.99297 861.83688 10
e 188.69834 783.11036 4
e 265.10407 890.41915 7
e 246.39432 901.81902 7
e 319.13488 464.37043 13
e 259.15746 758.38282 10
e 243.07995 712.90947 7
e 403.09075 910.77553 9
e 199.95447 718.12745 8
e 339.44655 626.21337 12
e 263.88191 600.64668 8
e 313.38007 955.26857 13
e 277.02361 638.82247 9
e 404.51132 304.20031 3
e 368.12625 1056.98317 7
e 270.33901 887.71276 5
e 376.30320 568.57666 8
e 378.80587 545.12645 12
e 226.77215 751.51075 4
e 249.70210 597.57549 9
e 353.04107 619.51678 13
e 244.39626 662.18617 8
e 405.69107 829.33039 11
e 309.27805 815.98721 8
e 114.86900 747.08370 8
e 375.68249 696.27984 13
e 278.13168 730.98509 10
e 183.78244 721.65150 8
e 170.52879 547.22481 9
e 129.05027 346.31419 13
e 236.17056 424.85276 10
e 230.65740 804.34275 9
e 481.47818 640.18602 14
e 310.64551 676.19316 5
e 243.96767 753.14314 6
e 124.59256 777.94612 8
e 163.66094 789.10148 9
e 337.70642 544.70124 7
e 183.02252 742.79024 9
e 218.26525 723.02324 7
e 192.80469 433.16398 6
e 287.68430 722.45055 9
e 176.58845 624.40700 9
e 182.19172 815.39954 6
e 206.10857 508.61308 7
e 112.31809 835.21499 16
e 267.03402 736.84024 12
e 173.62168 833.72470 11
e 343.47647 906.32039 9
e 257.64531 500.82439 9
e 335.72754 575.53334 10
e 428.39814 692.18516 7
e 261.10443 902.89902 4
e 368.10529 495.88567 9
e 174.72167 571.64657 6
e 361.15598 925.49280 7
e 287.56403 578.37404 12
e 283.71273 711.79062 15
e 302.65151 792.10254 13
e 235.32522 660.17321 9
e 139.31046 588.39217 11
e 301.39414 651.29297 10
e 247.10893 682.57678 10
e 390.57189 617.16584 8
e 270.98726 717.82066 8
e 147.69635 709.86541 8
e 234.72287 502.65023 5
e 342.75694 617.53969 16
e 240.33912 741.21424 6
e 236.07224 348.17375 12
e 216.73655 780.20724 13
e 342.70112 666.48366 7
e 230.92851 716.53154 4
e 328.71793 924.05275 11
e 300.89417 867.33432 12
e 105.83845 597.18363 8
e 280.13247 819.16415 6
e 331.68214 666.34455 11
e 286.14870 923.31670 6
e 264.44858 366.16577 9
e 216.47381 838.65313 10
e 366.86562 577.71973 8
e 89.49652 689.61848 8
e 212.03695 865.73072 17
e 133.75240 827.54221 7
e 311.27071 987.87337 11
e 296.28503 692.74518 7
e 122.57987 577.29470 6
e 203.88693 986.76171 12
e 286.32251 927.07874 12
e 354.22409 487.65166 7
e 439.42514 651.84790 9
e 236.80655 841.86158 12
e 226.55135 742.84298 10
e 133.03863 668.53090 8
e 261.56440 658.68104 7
e 246.42083 859.27358 6
e 257.54869 871.59140 9
e 318.34530 582.82484 7
e 181.21151 493.65771 11
e 268.18152 482.53663 13
e 156.08953 843.26005 10
e 261.53193 401.38919 6
e 203.86157 661.57663 13
e 290.48481 347.38632 14
e 297.96965 706.36756 10
e 393.32072 851.65062 7
e 401.07190 628.80192 9
e 302.23690 817.81428 7
e 216.07885 826.92502 10
e 346.79666 556.55254 7
e 137.19670 717.35858 9
e 320.71658 963.26376 12
e 266.08796 675.64202 6
e 325.69595 682.83426 8
e 230.18621 753.06769 5
e 277.70434 1001.45395 9
e 437.91343 893.08912 10
e 364.03899 764.61787 6
e 349.36514 285.24241 8
e 328.44800 752.56929 10
e 238.34645 539.64644 7
e 424.42839 819.51566 6
e 190.94241 753.15522 9
e 330.32530 486.37413 8
e 283.56311 741.35057 12
e 385.16605 647.68657 8
e 325.27726 582.54598 11
e 338.46213 331.88159 11
e 412.56689 445.24664 13
e 308.45489 717.80371 3
e 233.93374 799.51328 6
e 340.71376 539.13355 9
e 187.78726 767.93781 7
e 183.12160 438.95503 7
e 254.03153 363.60399 6
e 340.71867 965.98087 10
e 274.33693 691.33068 10
e 250.23996 692.96788 10
e 234.38929 563.45314 13
e 256.84957 922.89641 6
e 308.23625 810.84942 4
e 349.86978 736.94708 14
e 241.89311 924.75559 9
e 341.09872 734.61140 9
e 185.18559 672.21600 6
e 235.89784 532.44647 9
e 422.51818 619.33864 8
e 245.40899 438.96556 15
e 278.63530 618.96598 7
e 223.24919 798.33614 18
e 222.00053 639.57761 13
e 280.95347 691.03502 12
e 210.19091 765.21738 10
e 132.83706 625.53175 16
e 215.86395 408.72347 11
e 236.56130 621.78247 7
e 390.63032 722.14286 15
e 227.42628 444.37658 11
e 271.15908 620.66903 8
e 271.66904 761.46885 9
e 223.26844 833.80351 12
e 339.87361 720.91943 10
e 183.41913 358.37148 10
e 263.31610 562.92650 8
e 242.75533 597.46850 9
e 222.16527 969.95655 13
e 311.20589 591.61392 6
e 319.54282 686.65452 13
e 310.44874 686.65612 8
e 302.25316 629.72074 11
e 265.25562 533.88930 12
e 212.79368 826.52759 16
e 346.27388 719.01569 8
e 341.63450 504.30031 7
e 352.76785 627.43414 9
e 228.88304 743.45901 10
e 197.51107 819.16197 12
e 408.36044 653.86685 8
e 241.74792 619.65215 7
e 132.43975 866.25391 13
e 256.56455 723.56272 9
e 409.33982 717.66801 15
e 313.93601 506.42694 12
e 229.10346 587.15609 8
e 228.39047 554.72385 9
e 93.24201 718.28383 12
e 220.10958 840.34364 6
e 267.79676 534.77254 11
e 247.43661 729.43449 8
e 258.07854 762.21183 4
e 248.52350 452.16379 11
e 259.67950 908.63496 7
e 339.83945 848.94101 13
e 457.93463 837.69141 13
e 267.29814 709.99284 16
e 320.20440 981.08566 5
e 188.09720 459.58091 9
e 350.86912 546.98941 11
e 395.55836 901.44691 11
e 300.35093 529.15353 7
e 309.01921 802.22799 10
e 291.06923 690.12697 9
e 255.40854 689.15122 14
e 225.15528 848.72458 7
e 133.46083 754.51080 10
e 335.71887 627.57911 7
e 139.25249 779.94479 8
e 252.73500 747.10433 4
e 156.49061 391.84956 11
e 253.16207 748.86113 6
e 393.18919 869.52713 13
e 376.48263 626.99150 9
e 124.39307 718.08180 9
e 262.46906 645.21906 7
e 422.03217 639.88790 9
e 392.55741 871.34899 11
e 379.51992 739.17869 7
e 230.26987 324.06315 7
e 241.96394 906.20985 7
e 219.40137 490.54438 4
e 460.41992 382.98631 7
e 280.37126 519.03794 12
e 229.65684 550.63787 11
e 342.46893 589.02455 6
e 175.46512 660.51379 14
e 208.66955 645.14902 9
e 231.22984 543.67836 14
e 201.33098 395.43135 7
e 367.51840 912.19532 12
e 86.86803 453.08062 9
e 291.67273 634.13956 9
e 202.56684 710.21111 5
e 506.44698 646.24315 11
e 213.84798 537.73493 6
e 222.84872 579.71037 6
e 272.10660 942.11511 8
e 264.40839 754.32909 9
e 321.04695 703.27883 8
e 313.40593 832.83798 9
e 297.53202 610.49337 10
e 253.39618 594.21864 9
e 192.82772 635.59889 4
e 234.62832 862.68843 4
e 33.61975 723.51312 9
e 230.98615 872.55730 5
e 255.59968 617.56598 6
e 199.24802 734.18480 8
e 240.31824 884.25096 11
e 264.72357 386.54396 9
e 312.78161 673.06719 5
e 340.57111 677.67767 8
e 290.21928 455.27834 11
e 221.02645 928.78160 7
e 174.03856 729.47685 9
e 49.42340 848.90430 14
e 208.14552 631.85826 15
e 328.10658 504.00876 9
e 184.53958 579.58438 11
e 129.06494 773.63915 9
e 63.88462 906.06174 8
e 288.82736 754.33908 15
e 267.38642 582.18824 9
e 291.23459 774.00208 10
e 240.30673 844.57049 10
e 162.89700 719.28210 4
e 366.41511 505.79016 6
e 396.70613 657.23721 10
e 101.62084 723.84021 10
e 251.28229 655.84580 7
e 230.81421 647.35364 8
e 205.45351 284.25547 9
e 291.80574 728.65743 12
e 311.53040 986.69804 12
e 407.85513 652.56925 11
e 26.64525 711.88133 9
e 365.42478 862.97894 9
e 179.84291 552.62231 5
e 299.42864 896.40722 10
e 229.90835 754.08517 8
e 258.19618 677.96084 13
e 241.48567 945.40833 12
e 122.93071 717.41991 7
e 181.08824 949.64036 9
e 308.56054 377.53807 10
e 283.87893 522.93409 10
e 381.35953 665.29254 4
e 202.27563 647.91223 7
e 291.44144 701.91023 12
e 148.66619 541.16390 7
e 121.56746 661.21720 7
e 239.76350 459.45589 7
e 136.02487 793.62409 13
e 261.27619 336.13164 10
e 430.49380 624.02135 2
e 227.68389 978.90127 9
e 270.78758 461.46729 13
e 260.78723 567.03567 7
e 144.00579 554.72260 8
e 276.17475 689.46461 8
e 328.28192 828.08212 6
e 293.33152 884.60542 8
e 188.42944 558.90081 5
e 312.45873 798.49774 4
e 165.90307 414.73734 5
e 221.12652 854.83971 8
e 140.54267 503.55218 7
e 336.29630 1023.49098 5
e 279.28138 639.17107 9
e 245.13116 543.26397 8
e 178.11236 632.67809 7
e 167.66286 476.73042 8
e 297.91899 387.68877 11
e 249.85276 498.92866 10
e 127.39673 576.39795 8
e 297.98092 704.86951 10
e 282.89650 818.51083 5
e 212.84501 321.64827 6
e 237.28248 776.44252 9
e 224.54747 450.54055 7
e 246.71055 705.73473 9
e 371.76372 658.02511 5
e 262.26770 597.94721 10
e 126.43552 607.42070 9
e 264.84461 245.74816 12
e 300.12153 739.25402 7
e 172.13611 592.12647 8
e 437.49199 1036.99069 11
e 241.98047 911.48416 8
e 321.72162 790.29799 6
e 265.40230 799.97961 6
e 200.16334 808.65076 11
e 347.95738 436.17892 16
e 362.77737 823.96989 12
e 343.14015 579.34617 10
e 186.58233 758.39988 5
e 418.63201 794.04117 14
e 317.71456 729.32703 7
e 221.82008 789.41727 11
e 212.54720 849.28004 4
e 243.71717 753.98757 7
e 338.37614 671.43358 8
e 140.96782 382.22483 10
e 298.16103 569.34632 9
e 448.34540 642.48791 8
e 303.23287 598.60007 9
e 386.59271 490.74846 9
e 149.39850 750.89353 12
e 290.76547 943.69875 7
e 284.49080 445.56670 8
e 139.20705 657.61289 8
e 394.08274 833.45365 7
e 232.59196 727.44647 3
e 201.24464 649.60110 12
e 162.03727 323.01841 7
e 211.56161 587.87674 11
e 277.56874 759.67282 9
e 250.64074 484.57958 5
e 161.91807 803.53965 11
e 220.46171 586.93257 5
e 221.29355 750.97562 7
e 330.65617 1030.58263 10
e 396.10995 719.70014 5
e 194.37672 721.82037 14
e 166.58861 565.46362 7
e 159.07477 702.84038 9
e 254.45121 542.77444 11
e 373.11989 738.22352 6
e 259.91099 844.40572 11
e 123.25195 637.94559 8
e 329.71474 741.76684 8
e 70.17346 658.64015 4
e 347.81483 517.46152 5
e 197.80932 752.16034 12
e 246.61274 474.79618 8
e 163.38622 643.15060 9
e 287.82441 940.85860 5
e 291.12679 484.34618 8
e 320.82813 710.14431 11
e 293.61068 642.97755 11
e 135.93003 623.83803 7
e 319.60708 991.05976 4
e 354.20654 720.74616 6
e 278.68937 781.30203 11
e 182.07018 518.86164 5
e 222.86301 891.38401 9
e 211.64999 933.26688 8
e 353.99221 674.64104 13
e 247.19157 763.54427 11
e 319.08710 643.94435 8
e 225.11723 410.43459 6
e 234.83254 761.43021 11
e 282.07598 885.18735 5
e 243.25840 603.74093 10
e 224.48937 566.89566 10
e 237.53837 708.07045 13
e 341.97465 622.41265 8
e 339.84174 930.30613 7
e 217.04814 779.23033 10
e 312.61816 537.21075 4
e 349.68466 755.67229 11
e 218.53025 826.07161 7
e 312.89166 859.04690 12
e 138.84551 635.74262 10
e 317.16826 873.87705 5
e 324.36191 330.26030 11
e 381.85111 737.74285 15
e 251.01450 538.82315 10
e 340.80382 871.21670 11
e 309.50633 411.51782 7
e 296.23540 643.02707 5
e 275.95722 558.56443 12
e 247.61220 881.07600 15
e 186.59670 765.77031 9
e 206.98310 582.80612 10
e 218.58986 439.32594 11
e 354.39250 773.32952 9
e 147.63127 706.45916 7
e 376.22848 698.74771 12
e 222.77733 838.99888 9
e 301.84760 575.69409 5
e 240.38143 662.26202 5
e 248.05944 727.68827 11
e 232.13185 811.46270 6
e 428.29366 436.81681 13
e 291.90908 724.41758 9
e 327.34561 522.38161 5
e 255.98012 523.71531 7
e 301.67482 505.82923 7
e 345.15913 540.39642 13
e 188.23691 857.19862 6
e 233.03585 654.39393 7
e 243.74003 741.46086 10
e 373.20103 793.15113 12
e 442.88451 395.55456 8
e 130.64969 644.30731 6
e 324.70193 671.03708 10
e 428.83598 631.17145 16
e 246.28058 669.64319 9
e 285.76800 684.05386 12
e 255.84289 681.43694 7
e 258.03162 829.96141 11
e 391.09128 519.49005 15
e 281.08614 744.74968 10
e 197.61312 667.39738 15
e 217.81760 633.56332 12
e 331.72553 856.56024 15
e 227.67715 712.97728 18
e 202.06140 636.30269 8
e 384.59572 616.86860 5
e 404.51125 715.64968 12
e 231.10789 888.59152 16
e 223.36196 680.85241 9
e 314.11303 217.37531 12
e 73.91344 956.69807 8
e 213.19144 665.33236 8
e 395.51963 801.73822 14
e 405.25708 735.39660 12
e 187.84277 409.62750 12
e 275.19197 519.08049 12
e 350.25201 659.59648 9
e 280.83685 862.96824 11
e 242.23553 748.08981 9
e 350.40844 674.66874 7
e 189.28997 1005.68589 14
e 195.27979 804.11445 11
e 347.73997 547.88548 7
e 351.10073 658.15266 8
e 277.80184 617.09220 4
e 136.43437 270.40189 8
e 99.68565 682.37697 6
e 232.18920 903.63935 10
e 457.22514 838.36219 7
e 130.94965 410.98476 8
e 253.33604 608.68630 7
e 336.87323 527.27221 8
e 178.10426 785.82709 8
e 222.16032 715.43598 7
e 177.80843 777.71034 8
e 300.94974 765.86578 8
e 332.45527 552.86227 12
e 177.20793 703.27321 12
e 315.33217 619.33943 9
e 363.52087 712.97061 15
e 264.77431 641.74161 8
e 237.55024 284.09667 6
e 370.86611 775.82331 10
e 475.55858 625.33094 11
e 422.43030 801.36036 5
e 222.60265 674.40926 14
e 189.00282 666.89430 9
e 219.74945 507.51670 10
e 290.84074 465.15942 8
e 301.46142 660.18898 6
e 364.04746 628.14238 6
e 236.34898 668.68648 4
e 76.93828 679.26539 7
e 66.29097 742.91225 13
e 364.78030 743.92375 12
e 130.53990 572.67034 9
e 382.09017 752.20035 12
e 259.48918 819.42380 10
e 200.12762 875.11747 10
e 422.91005 560.95355 7
e 372.45353 580.87306 8
e 253.03632 615.81939 7
e 289.19836 797.39123 10
e 413.74571 694.40497 14
e 312.08371 697.03359 5
e 292.22694 700.12298 11
e 158.49947 518.55399 8
e 300.64853 836.23738 6
e 267.96075 623.97255 6
e 248.51022 387.51029 10
e 457.76244 791.62556 9
e 198.01609 866.18207 5
e 246.24759 288.01125 4
e 174.81479 797.09559 13
e 430.91110 510.44194 6
e 323.77736 598.86329 13
e 185.13608 758.06374 9
e 262.64775 710.96884 6
e 186.92106 651.98827 9
e 243.21349 337.79143 11
e 310.65972 985.12528 13
e 232.82418 907.22783 7
e 493.92475 521.23743 12
e 406.94333 189.56806 10
e 240.76960 835.96003 11
e 259.48743 451.87329 15
e 194.20498 830.69414 15
e 251.61387 629.29011 6
e 285.98371 714.53950 11
e 324.81784 836.08677 12
e 138.15294 850.51832 6
e 229.58159 790.74542 8
e 210.16382 557.20329 3
e 415.72009 561.49316 6
e 284.02664 588.69789 8
e 278.90026 568.73238 11
e 280.63537 669.54293 11
e 207.47708 417.42675 11
e 284.84469 470.31154 6
e 452.80413 688.07867 11
e 193.29372 533.41611 8
e 349.16023 705.94066 11
e 318.71184 393.88218 7
e 130.13653 570.81954 4
e 277.61092 530.78960 7
e 241.08915 763.45892 13
e 246.60646 640.96373 7
e 484.77981 522.20386 10
e 200.11969 681.58334 10
e 200.47253 628.32074 10
e 289.22047 550.55369 14
e 341.76074 568.92544 11
e 120.71108 583.91154 8
e 261.28609 652.48550 11
e 381.35740 1018.05554 4
e 100.16903 827.08405 13
e 179.46473 397.16581 11
e 209.05514 883.17517 7
e 217.04482 626.69944 13
e 344.32877 545.27830 7
e 513.39439 649.37502 13
e 170.82988 365.64288 7
e 245.25240 698.24174 10
e 250.17201 735.38190 11
e 380.41361 553.99131 12
e 272.29022 800.91826 8
e 208.26331 666.06072 5
e 266.86311 412.67163 9
e 292.04335 667.60175 9
e 335.72890 529.09915 6
e 228.28028 666.71782 9
e 123.27314 916.14976 7
e 307.90029 585.56219 5
e 339.29659 618.03449 9
e 235.59586 634.51782 11
e 373.93159 775.13514 8
e 287.40097 968.00033 9
e 320.46553 667.99217 10
e 263.30873 439.18749 4
e 288.51553 637.27871 7
e 436.56556 440.12006 9
e 249.97927 691.69960 13
e 291.02534 248.23646 9
e 253.77910 783.09637 4
e 276.56155 544.36665 13
e 356.02705 576.62492 6
e 165.39442 676.67182 12
e 240.28698 870.84623 9
e 313.50548 665.41502 10
e 255.44254 659.73266 13
e 79.08454 654.84098 10
e 327.59355 530.65510 12
e 288.26678 587.23481 10
e 324.39105 964.79440 7
e 165.12320 846.39837 6
e 254.34772 551.22268 12
e 405.10792 665.45005 8
e 359.91491 685.49160 10
e 289.46936 743.01995 10
e 266.21733 592.03759 7
e 221.68027 819.95756 7
e 288.46955 524.68824 5
e 361.60049 724.46432 12
e 344.31954 674.34305 10
e 192.72887 471.52974 11
e 319.91989 592.05633 5
e 330.45896 617.43538 10
e 243.06647 892.97118 11
e 283.41884 492.55598 10
e 226.62504 701.82213 12
e 37.33648 911.81122 10
e 184.67381 501.94613 11
e 270.20609 903.49170 10
e 228.10927 597.29076 10
e 409.38138 397.40793 9
e 339.12731 668.96217 8
e 263.64901 460.51490 8
e 213.64677 491.54246 9
e 255.81646 543.66504 18
e 219.90518 727.01839 9
e 360.54236 697.59090 9
e 383.20465 629.27093 13
e 458.51932 577.69867 12
e 364.57182 402.13246 8
e 233.69144 524.54040 6
e 297.78744 693.85969 5
e 205.90089 694.82833 7
e 406.22096 763.57892 7
e 299.87995 810.61381 6
e 203.42629 920.43689 11
e 357.82421 753.20186 7
e 236.52666 848.46641 10
e 286.60774 425.32261 11
e 126.49913 597.12601 8
e 279.86087 696.16852 12
e 300.84071 481.12910 11
e 338.73552 714.66784 20
e 145.25097 902.92993 9
e 230.37420 654.33707 9
e 334.83867 732.86512 11
e 221.83460 565.40064 7
e 163.04348 618.46821 4
e 231.66953 695.94317 8
e 398.89998 360.70198 8
e 291.21006 561.46115 4
e 247.61112 926.65912 15
e 418.86139 281.65266 5
e 369.82657 1002.67184 9
e 146.05053 699.16174 19
e 347.08069 852.34982 14
e 331.18364 594.31780 4
e 206.76083 729.51739 7
e 313.12532 540.37771 7
e 340.12479 687.09707 4
e 256.14480 784.06377 7
e 164.86116 553.38451 15
e 290.15661 599.63634 7
e 266.40780 966.24271 9
e 365.91833 909.47106 7
e 380.21882 759.73067 10
e 348.00333 558.80842 15
e 383.77901 481.66845 11
e 273.43850 829.51187 9
e 185.31410 686.64176 11
e 368.46666 718.89207 10
e 230.88324 653.85947 18
e 336.35267 706.24274 10
e 208.83828 693.42665 9
e 221.38217 794.58547 4
e 309.14347 510.71565 9
e 159.43244 776.68691 9
e 322.40533 447.79031 5
e 168.55531 593.80060 4
e 247.24699 839.27732 11
e 293.58978 599.55990 9
e 398.04331 282.42876 11
e 293.41546 779.68897 13
e 365.68032 918.82504 7
e 234.71179 461.23489 3
e 301.03150 838.27882 9
e 352.31557 382.36291 7
e 308.85505 489.62005 5
e 187.40352 593.76034 9
e 242.20033 764.70778 8
e 459.81379 650.25148 5
e 258.33352 943.60757 11
e 173.85285 634.67686 11
e 376.52567 766.39645 15
e 295.63785 431.98735 8
e 333.15087 742.98331 11
e 261.13819 500.40482 9
e 241.16292 636.05781 6
e 317.13768 847.48192 8
e 334.71219 619.20622 14
e 397.74197 456.72154 8
e 340.98072 535.24313 5
e 138.88414 538.59689 6
e 337.05131 643.79323 14
e 260.56327 796.63660 15
e 551.14724 635.37802 8
e 276.88043 579.56727 5
e 518.33311 692.53464 11
e 205.29192 694.55354 9
e 299.17086 713.20369 6
e 359.69957 436.96125 8
e 383.14824 922.52499 7
e 336.59774 632.63727 10
e 172.41909 509.49995 9
e 275.65537 830.44934 11
e 125.37568 783.28357 10
e 247.28329 642.38684 10
e 160.55209 771.03285 9
e 371.55717 483.41437 7
e 253.43504 758.81885 8
e 268.25433 783.26128 9
e 153.52355 775.97645 8
e 301.93366 543.95826 7
e 387.80709 367.44002 13
e 356.11058 603.30473 8
e 267.17256 672.30260 10
e 237.18791 428.04481 8
e 173.09071 653.77249 7
e 347.82553 745.51075 9
e 278.39586 623.18539 6
e 272.29524 758.13043 12
e 162.64622 746.64190 7
e 201.19485 843.84145 4
e 391.62852 946.50809 7
e 240.90290 569.11827 5
e 187.34507 677.43895 8
e 172.78574 689.01447 6
e 262.20733 627.74627 5
e 386.65837 614.37592 5
e 346.31591 471.42662 3
e 322.87749 646.92268 11
e 345.24284 716.41139 8
e 179.98248 709.82104 16
e 442.92916 718.40484 12
e 276.09866 666.52146 11
e 382.51916 656.49889 9
e 298.99678 709.63487 11
e 358.64959 722.57637 11
e 183.02019 639.24173 7
e 355.82596 758.53935 13
e 258.87127 782.34831 7
e 316.47605 782.30283 11
e 186.58242 960.97927 12
e 271.49128 748.01287 8
e 138.03165 526.24164 8
e 298.74225 852.32481 9
e 120.51702 671.00015 9
e 224.25279 709.42764 13
e 260.82332 851.48767 14
e 272.36006 861.38186 6
e 252.59959 512.44109 12
e 363.19920 777.32629 8
e 362.29734 876.01270 8
e 202.96363 541.52708 7
e 245.91168 823.77371 9
e 196.73731 733.14938 7
e 237.85055 561.33340 8
e 339.84715 634.61138 6
e 289.21543 819.46426 10
e 167.22358 986.86836 5
e 355.47631 747.38059 6
e 216.08689 916.16496 5
e 212.00501 853.95490 6
e 341.81699 562.10858 8
e 179.79488 543.53689 7
e 205.47719 679.41253 12
e 299.94805 649.67536 7
e 237.68352 617.59979 5
e 446.59661 489.64795 7
e 349.15419 773.74951 10
e 297.33076 909.26002 9
e 66.23472 585.40728 9
e 233.10842 472.13953 6
e 200.25636 533.53228 7
e 226.36185 593.43478 10
e 206.17113 596.54021 9
e 462.65333 488.55822 10
e 277.02851 593.45981 13
e 323.35958 523.86182 11
e 347.83939 579.04803 9
e 148.99988 486.80225 9
e 387.95647 690.73252 7
e 229.66114 535.97805 9
e 291.72903 441.77298 8
e 259.64741 535.28251 12
e 317.72386 616.04861 8
e 213.47473 655.97965 10
e 347.90157 520.44816 20
e 337.99685 578.63648 13
e 114.16237 772.97793 7
e 121.73375 684.05861 10
e 167.35551 879.14469 11
e 339.90537 699.61526 10
e 320.35912 612.02806 9
e 272.91765 518.67152 7
e 104.01924 723.99484 8
e 365.75903 615.88985 11
e 356.47272 903.51527 12
e 446.73142 817.88106 7
e 343.93596 783.91031 12
e 348.71327 548.35178 9
e 365.80070 746.11012 8
e 359.34992 704.34269 10
e 463.63143 859.32571 13
e 454.72586 672.37140 4
e 254.10849 646.66679 10
e 315.89611 703.82451 13
e 344.82786 775.32820 11
e 170.89819 671.32893 10
e 340.52082 702.64382 12
e 409.72932 654.82654 5
e 176.80321 570.62686 6
e 319.07286 568.61110 9
e 224.81333 636.10105 13
e 256.69077 136.97373 5
e 193.50803 547.09039 9
e 267.97463 554.63798 5
e 232.52279 546.80557 9
e 259.50401 451.09388 10
e 279.31472 664.26451 14
e 300.84418 823.46129 12
e 121.49177 770.29760 8
e 277.22208 906.67983 13
e 321.83233 602.31435 10
e 399.21721 538.51194 9
e 397.53934 725.45933 13
e 137.21822 661.04930 7
e 294.83974 757.99923 9
e 266.41979 1073.44122 11
e 253.52112 603.81189 9
e 296.42738 518.12406 17
e 150.34507 703.87818 12
e 254.71371 720.27136 7
e 299.73454 949.11297 11
e 427.95332 529.07571 12
e 176.26867 513.95278 4
e 270.70196 949.57943 12
e 151.33547 834.16448 10
e 305.28813 718.93596 9
e 90.66662 904.21835 9
e 221.14872 803.81441 14
e 286.79459 866.24230 8
e 94.66827 625.55806 9
e 331.26120 693.09686 9
e 413.53150 743.24643 13
e 167.30512 596.33997 6
e 246.14556 574.70829 9
e 321.43225 890.98972 5
e 277.06175 511.47896 6
e 252.45700 564.23598 7
e 267.52850 363.43563 6
e 139.54730 672.52909 6
e 226.07566 640.25528 10
e 267.26678 729.52911 5
e 179.12663 713.69758 4
e 343.18865 774.73217 12
e 359.66817 767.95820 12
e 246.65873 841.75603 15
e 203.17738 824.87364 13
e 192.72111 703.83321 11
e 103.51397 768.90768 9
e 312.32799 800.83251 7
e 263.25093 705.88492 10
e 190.18502 696.38847 9
e 298.70537 362.39299 9
e 337.44359 688.07879 10
e 533.94645 482.47656 10
e 187.17667 469.44653 10
e 185.34109 671.07895 9
e 254.73578 453.02772 7
e 355.80424 843.60733 8
e 159.61634 520.80694 5
e 322.35585 765.98352 8
e 244.52203 573.76849 12
e 202.72312 817.56735 10
e 345.69630 532.57395 11
e 238.21509 903.07149 6
e 384.69297 608.60022 6
e 392.70223 590.97178 6
e 248.25318 529.38095 5
e 350.39912 789.10698 6
e 333.67443 679.78638 12
e 297.96100 518.59734 9
e 289.50000 675.22305 12
e 238.71013 828.97287 13
e 188.07944 391.82011 10
e 345.47586 794.59763 9
e 291.76367 574.27747 8
e 196.04161 537.74018 7
e 321.84269 774.03058 11
e 272.02445 734.83834 5
e 178.42603 812.35350 8
e 144.67873 521.99916 9
e 339.26054 1056.46056 13
e 184.04254 672.86317 6
e 270.30870 704.76049 11
e 81.77581 576.63404 8
e 311.08909 703.67686 11
e 435.97096 595.34015 11
e 353.21021 228.59117 12
e 309.79873 665.25130 9
e 181.75781 737.51730 6
e 67.43023 710.56252 6
e 260.83275 774.52425 10
e 223.23482 607.71990 9
e 206.52113 720.90064 8
e 279.29117 865.51021 4
e 447.74307 702.09378 5
e 291.29138 915.13660 9
e 191.07267 594.05197 7
e 132.14517 630.37969 12
e 109.50768 413.41154 9
e 303.97382 763.31645 5
e 194.86286 860.20752 12
e 230.59606 645.75731 8
e 93.01767 814.72235 4
e 265.25855 565.48103 8
e 322.81438 565.93491 10
e 299.01210 729.70675 8
e 266.62642 857.10678 8
e 364.35745 847.14846 7
e 284.00912 669.88902 10
e 215.25898 624.30671 10
e 185.51267 760.61600 4
e 370.72791 728.84059 9
e 78.11070 610.14947 5
e 430.19060 803.72836 13
e 342.19085 657.77249 10
e 278.98136 913.99625 11
e 334.86308 595.66144 14
e 157.85160 420.20437 9
e 247.62951 708.20838 13
e 159.83818 922.72147 9
e 437.14234 462.33027 11
e 395.68213 630.25496 6
e 343.88726 783.71150 9
e 290.17879 777.78339 10
e 200.48690 563.22423 4
e 203.04541 569.86711 15
e 405.71439 762.10239 14
e 262.06846 710.82241 12
e 246.94686 739.99111 10
e 360.91433 536.31768 13
e 314.66685 706.90184 13
e 373.81639 735.47049 5
e 458.31648 396.93937 7
e 177.10401 555.43678 8
e 236.38029 1005.69754 6
e 381.53413 492.43145 7
e 202.84388 785.90735 13
e 300.61837 530.53821 8
e 254.88312 514.48037 7
e 229.31310 639.48663 10
e 184.04228 222.36705 13
e 270.41032 599.90655 12
e 165.18150 704.89642 13
e 396.63691 402.12749 5
e 386.95072 396.84339 8
e 306.53983 673.74398 9
e 230.89285 731.97191 6
e 178.05837 622.07783 10
e 337.10888 560.42571 7
e 300.85990 601.84127 9
e 191.85337 477.39062 9
e 184.83469 761.50584 9
e 318.61843 647.49504 10
e 161.80867 627.83754 10
e 364.69116 468.08902 12
e 199.44522 705.81907 13
e 276.02079 584.26501 6
e 324.10982 891.12438 9
e 245.81104 613.13658 11
e 227.52021 603.32865 4
e 420.94421 908.22170 8
e 306.26922 660.52578 8
e 217.45143 678.10482 11
e 251.78447 1052.96695 6
e 343.52402 554.74574 10
e 342.31743 726.40435 8
e 170.26219 644.09204 7
e 125.84240 891.33880 10
e 219.57216 734.10904 5
e 212.75400 909.54818 5
e 312.79459 792.18173 12
e 152.79601 907.77347 12
e 226.61905 878.74838 9
e 481.77829 915.23526 5
e 158.40323 751.08775 10
e 345.58054 816.03116 10
e 367.28508 568.92925 6
e 168.50290 749.31518 11
e 258.79580 504.65455 7
e 322.01761 582.60176 6
e 133.48031 504.02495 8
e 214.08547 716.10374 9
e 161.40419 448.75379 10
e 338.89550 654.76979 11
e 393.04149 557.55126 4
e 308.94847 928.15137 13
e 389.13653 577.71937 10
e 299.74327 736.69729 9
e 129.34788 566.33799 10
e 274.71981 878.59020 16
e 154.65227 602.45952 8
e 342.50912 498.80322 7
e 319.17776 931.01702 10
e 213.44792 713.25179 9
e 262.90759 508.88750 6
e 421.38642 727.51897 6
e 304.40401 642.79660 5
e 273.17239 836.06502 7
e 150.60807 643.78323 8
e 149.54515 498.45689 9
e 419.07447 887.05869 13
e 317.61770 726.89335 9
e 309.92064 817.93291 12
e 254.15496 1041.80562 13
e 194.36914 722.90791 11
e 334.76241 689.12829 7
e 374.67707 751.91479 6
e 250.97340 906.41873 13
e 356.59063 702.09267 9
e 181.05233 800.79866 12
e 286.54118 763.67072 13
e 411.41646 744.32327 13
e 289.63693 633.23705 9
e 254.38415 711.00022 8
e 217.79767 281.15397 17
e 259.61351 911.35487 8
e 268.04790 664.23076 10
e 303.55890 719.21303 11
e 312.05104 658.62501 15
e 235.24236 788.48389 8
e 295.73355 191.98158 8
e 196.50301 641.57690 11
e 250.65908 703.14276 14
e 124.88392 746.84320 9
e 261.57641 629.54107 7
e 380.33376 556.76111 8
e 406.66986 536.78541 9
e 203.60974 756.06067 13
e 236.54982 940.57674 16
e 327.55098 500.75752 13
e 272.14781 439.10842 7
e 197.38863 753.14331 4
e 316.17669 727.69076 8
e 400.22095 574.54702 11
e 129.75024 562.45427 9
e 238.97234 686.85697 5
e 339.23946 769.23640 6
e 316.16811 892.81464 8
e 187.32140 354.60867 8
e 295.72471 854.56157 13
e 231.24152 604.07101 5
e 284.62425 837.95532 10
e 85.36547 631.02486 9
e 350.62582 550.34947 9
e 220.95977 697.30151 9
e 262.13715 531.42305 12
e 263.19110 647.90278 8
e 317.90810 820.49198 5
e 279.06662 762.87831 8
e 240.27892 475.14371 9
e 336.23067 853.36230 12
e 392.41587 719.53869 7
e 264.17101 512.79043 8
e 457.41466 444.86797 7
e 231.46719 306.51758 9
e 193.51286 705.50799 8
e 371.69859 524.89525 9
e 229.19085 372.93025 9
e 356.59892 830.21478 6
e 399.21791 687.30657 6
e 391.94034 573.62053 6
e 333.96048 804.18593 10
e 419.52676 738.68776 11
e 319.09826 630.51640 16
e 74.44879 919.04874 5
e 205.62829 793.15458 10
e 370.78797 603.14396 5
e 409.86648 642.18801 4
e 383.24679 719.36431 15
e 383.33676 820.31744 9
e 291.91048 700.69259 8
e 281.80524 757.37833 10
e 363.86557 584.29471 9
e 377.64921 781.30135 8
e 387.65653 514.87965 9
e 279.18671 490.65103 7
e 159.43404 795.53433 8
e 177.65802 924.37574 8
e 349.65698 645.14733 9
e 329.02682 434.32582 6
e 316.84732 774.33001 7
e 361.46128 869.59152 11
e 166.62295 921.20987 7
e 337.97278 614.72426 8
e 402.12227 786.19669 9
e 267.02225 513.98888 13
e 270.54981 412.51738 7
e 221.80678 628.77693 19
e 259.44635 611.62404 9
e 309.95318 807.59117 9
e 258.87716 640.28201 11
e 349.51501 734.54025 14
e 266.20395 715.42400 12
e 238.41474 781.56194 9
e 414.68906 698.72354 9
e 186.29303 522.90593 4
e 250.70349 678.80544 9
e 313.50543 691.65973 10
e 267.50681 593.71083 15
e 226.90316 831.62548 9
e 289.74608 626.33857 6
e 166.63789 509.73609 12
e 193.97561 525.90721 7
e 203.14704 688.43264 11
e 236.69702 653.02968 11
e 245.50702 906.00940 9
e 168.03169 300.62246 8
e 351.27824 795.89063 8
e 320.21224 490.96516 9
e 310.87557 320.92757 6
e 210.27508 725.61730 6
e 319.65657 799.86284 11
e 120.13024 752.00765 10
e 235.39900 723.43660 12
e 293.90584 950.89635 9
e 305.91615 756.01175 10
e 225.97989 711.63954 5
e 343.13290 552.47292 4
e 181.88038 459.42528 9
e 309.92362 517.54786 9
e 222.75491 563.48245 9
e 203.32386 859.88306 9
e 189.38369 748.49454 8
e 371.45734 629.59016 7
e 219.66652 1006.49016 4
e 333.19503 812.42122 7
e 258.95640 510.87168 12
e 148.67772 827.28504 6
e 317.37145 780.72520 13
e 376.98802 617.46566 10
e 392.45364 563.91911 6
e 242.30004 707.35703 10
e 251.83623 555.61465 9
e 255.84213 648.39044 4
e 136.56103 1043.40844 3
e 277.21014 788.34448 4
e 473.31235 633.03653 8
e 129.62187 717.05238 10
e 372.31943 775.37788 5
e 226.22737 623.59995 9
e 338.92218 716.46209 14
e 306.31974 909.32409 11
e 400.84735 831.50759 11
e 175.49740 784.57741 6
e 339.65843 699.10613 5
e 314.27657 911.15489 8
e 438.50425 688.21911 10
e 339.25406 1000.38952 11
e 253.32831 829.81346 7
e 51.58589 856.06928 7
e 260.17476 480.83235 12
e 394.87730 433.27857 12
e 299.26368 851.13646 15
e 341.07584 762.46535 9
e 289.42749 490.17276 8
e 457.92991 640.19705 8
e 188.68343 790.36557 8
e 320.84804 544.29865 13
e 95.38822 561.10014 6
e 307.38247 679.67183 7
e 312.17832 637.26454 8
e 152.06297 891.91714 10
e 387.54697 443.40449 13
e 226.12548 591.58399 15
e 281.78846 604.32959 9
e 285.46442 561.08513 7
e 263.48864 555.23149 13
e 227.68582 833.59688 13
e 248.31371 1003.78230 9
e 307.32204 786.06844 7
e 263.90926 874.67856 8
e 356.20138 608.06121 11
e 313.45026 668.02199 9
e 306.90727 484.08253 11
e 155.34234 806.18835 6
e 294.86603 854.33239 7
e 218.06944 862.18549 6
e 173.08391 980.27119 16
e 143.37240 733.84862 9
e 198.43775 628.91776 5
e 276.53231 683.68523 12
e 267.39921 398.15053 7
e 241.15318 659.98639 6
e 46.38691 868.96015 10
e 361.49654 631.56137 8
e 267.07471 744.67254 12
e 341.13813 385.44839 6
e 208.66011 774.46273 14
e 345.69887 398.44305 7
e 252.91133 590.63339 5
e 279.36551 676.22017 13
e 494.14745 801.65499 5
e 240.31351 462.36401 12
e 207.16246 849.45183 7
e 178.65274 742.88401 8
e 266.42062 841.75095 15
e 249.50675 731.53522 11
e 210.73995 891.44214 5
e 248.00460 715.17919 8
e 172.33172 791.37051 6
e 606.73411 682.96672 8
e 155.84900 1018.03656 13
e 426.65205 469.95816 9
e 266.86184 674.84810 5
e 170.69804 802.35816 8
e 193.30590 707.34212 8
e 242.70519 258.17626 10
e 226.01716 840.55712 6
e 241.35636 457.52519 8
e 168.05270 880.67787 10
e 369.71249 711.52612 5
e 170.77064 548.36571 8
e 219.32435 702.04752 5
e 346.58022 671.76320 13
e 310.25421 629.45159 5
e 138.99483 543.46843 12
e 377.70054 909.05733 10
e 203.51522 358.27723 13
e 272.76495 903.13940 12
e 289.20501 594.55555 8
e 353.62626 747.09281 8
e 302.47981 720.73898 15
e 192.01560 710.42948 13
e 428.20652 613.74136 16
e 378.73590 638.66963 9
e 378.08145 695.20581 4
e 383.37115 516.45735 8
e 8.91578 872.50013 7
e 328.41795 674.00260 9
e 381.52872 692.78987 6
e 276.78952 856.47819 9
e 413.37059 520.37568 7
e 324.80566 582.74196 7
e 431.78467 423.37804 10
e 253.69707 588.18739 9
e 195.45557 657.82826 9
e 428.76232 921.42358 9
e 202.06987 572.87811 9
e 301.47390 863.03422 8
e 309.00964 764.00695 11
e 237.05688 522.44233 7
e 289.99096 593.27464 14
e 170.24387 857.52916 7
e 300.75532 573.48819 10
e 251.76900 765.79318 13
e 224.38175 534.15860 7
e 239.99969 466.93071 4
e 366.20398 804.56742 11
e 348.80198 858.80382 6
e 176.17102 745.90221 9
e 210.64147 620.31870 9
e 201.08305 648.77613 11
e 130.82687 857.73508 17
e 239.12493 829.70343 10
e 261.34554 788.10605 8
e 328.78111 596.05334 12
e 312.28412 638.40269 8
e 350.52745 504.59929 5
e 154.49628 495.30250 7
e 156.58913 698.03203 9
e 48.16178 1004.28492 7
e 218.05790 703.55773 12
e 304.20951 907.79048 14
e 312.39952 859.73316 8
e 136.70401 330.69095 11
e 279.92801 599.21355 16
e 198.09330 938.90721 7
e 223.92982 715.57313 8
e 288.41132 691.85022 9
e 216.97896 653.90539 13
e 116.12009 685.49005 11
e 288.47069 769.62230 7
e 293.86126 412.15732 3
e 358.67850 848.62624 9
e 208.76955 957.22240 9
e 235.76892 699.19384 11
e 447.02337 902.56220 7
e 139.99254 836.99567 6
e 367.53521 669.66805 6
e 281.64657 725.34285 10
e 275.60026 574.84451 14
e 250.41271 566.86142 9
e 227.12191 574.64150 8
e 339.52503 740.34782 4
e 305.79273 894.42241 5
e 312.99325 874.02431 9
e 235.30474 450.41075 9
e 295.73772 468.97505 7
e 277.81413 812.55970 6
e 413.11475 573.33439 12
e 228.19175 604.24442 11
e 340.77502 630.82690 10
e 298.73511 637.63787 11
e 78.52228 651.43233 4
e 165.45373 753.86368 5
e 438.37560 774.67151 8
e 366.68775 775.39718 9
e 324.52617 622.18268 7
e 318.69976 1004.52244 12
e 297.24193 879.89495 9
e 306.56903 605.80515 9
e 160.53846 611.70840 9
e 214.89002 824.58450 6
e 315.36604 717.18204 6
e 271.43717 709.04002 9
e 347.13225 472.92608 13
e 216.86455 587.61412 10
e 174.87205 466.59119 6
e 365.30686 487.41680 7
e 275.56433 917.17155 10
e 214.60022 849.29178 10
e 114.75825 526.02347 8
e 200.93555 731.20759 8
e 371.76182 629.15947 10
e 321.08587 309.70693 8
e 375.39680 733.87194 11
e 303.92516 843.38653 11
e 132.01152 913.48588 12
e 322.46016 591.79833 8
e 321.65412 523.12331 7
e 298.97932 581.29381 7
e 200.20551 744.00094 11
e 256.31201 587.19034 9
e 331.82878 910.25915 12
e 48.94633 423.53751 12
e 385.72991 1009.70731 13
e 235.68680 329.78760 6
e 412.41501 728.89077 12
e 397.00788 631.57260 4
e 216.27438 329.78865 9
e 318.83218 421.67026 13
e 366.67707 421.92591 7
e 266.32106 760.47971 8
e 457.97893 770.38435 18
e 205.20839 725.22029 5
e 179.15154 554.59989 14
e 273.17232 632.87673 20
e 209.68137 625.63337 11
e 463.08899 626.09310 10
e 239.02813 735.42350 4
e 313.66040 800.40897 10
e 249.43913 786.84652 16
e 355.60140 525.77466 9
e 335.23559 551.89393 4
e 323.94943 525.95326 8
e 304.65390 566.12137 8
e 147.97021 662.25972 9
e 105.91798 465.96627 8
e 294.44460 746.82134 8
e 291.74051 706.34262 13
e 399.30169 943.96157 11
e 500.19793 662.41793 17
e 329.62874 551.15032 7
e 189.50427 520.92734 6
e 321.81943 786.23166 7
e 386.16290 658.32555 9
e 202.24650 607.13595 6
e 369.52166 380.85181 10
e 282.55881 651.46795 12
e 410.68231 531.56694 15
e 450.16137 834.05771 13
e 493.06226 729.09370 7
e 190.19215 608.42650 11
e 223.52047 846.94103 10
e 95.88403 811.82892 6
e 327.26755 606.18281 11
e 183.11109 817.77579 8
e 308.56363 1006.09674 10
e 366.98237 939.88275 10
e 217.29637 812.69848 11
e 184.80910 840.73130 19
e 246.74414 742.25018 5
e 308.06540 725.27937 10
e 295.48105 1033.81560 6
e 285.67538 515.52582 11
e 397.34284 615.30144 9
e 358.21358 675.54119 12
e 398.94947 787.77921 10
e 363.74948 870.97411 9
e 276.88764 648.08940 7
e 222.11194 858.97962 9
e 146.88689 512.41125 11
e 277.66463 778.35161 14
e 293.07546 536.51662 13
e 293.78655 743.31140 5
e 159.26384 920.41234 8
e 101.84065 820.79982 10
e 213.71515 702.41141 11
e 191.77409 730.40537 14
e 341.40252 790.88436 10
e 340.51081 543.58119 8
e 327.10034 597.22594 14
e 224.53099 942.25740 10
e 332.73984 471.46330 8
e 237.94403 751.06903 10
e 351.17874 782.06287 11
e 306.29193 892.26070 9
e 296.94345 862.59103 13
e 353.59792 807.54229 11
e 74.01714 551.45679 9
e 228.15615 638.62187 10
e 243.86254 714.44348 6
e 294.56936 733.06192 13
e 277.39819 447.17751 10
e 226.03130 650.16105 7
e 228.70566 444.07156 9
e 306.27863 652.72489 8
e 268.74270 483.70770 3
e 201.25166 1065.14175 12
e 319.66822 631.13625 13
e 308.85362 498.83734 9
e 203.13748 692.97473 7
e 340.28904 860.90484 8
e 136.17805 653.82117 8
e 365.79767 914.68027 9
e 360.72556 807.49942 7
e 331.76391 649.52230 11
e 293.07972 732.65448 6
e 124.63247 669.14238 8
e 280.16766 803.28680 8
e 294.81437 895.92584 6
e 232.12148 334.55954 11
e 183.58869 653.95570 14
e 298.15739 795.15511 4
e 300.25759 718.33267 5
e 216.68055 576.59075 9
e 195.73722 826.17889 13
e 269.41834 461.28982 11
e 322.41707 595.63825 12
e 366.60044 665.99276 5
e 336.88581 677.40786 9
e 215.86347 857.26207 8
e 357.04692 649.95106 7
e 173.61384 848.80238 8
e 217.81683 622.45529 8
e 269.87623 864.01540 9
e 202.33262 714.42291 6
e 271.55583 811.60080 9
e 340.18056 533.40806 9
e 350.67880 664.34665 12
e 252.35146 542.13178 5
e 241.65997 630.90864 7
e 157.32681 329.53258 8
e 215.57365 414.57018 4
e 256.33544 671.91813 8
e 116.03936 822.71160 7
e 229.40045 557.55564 8
e 126.86810 448.08361 10
e 469.12760 906.31907 13
e 387.63219 534.74428 6
e 246.02246 879.14870 13
e 170.21053 753.89982 7
e 226.15361 921.38533 4
e 334.56726 810.82270 5
e 251.35395 911.69521 10
e 290.31172 692.97774 12
e 232.37820 770.46934 8
e 257.26147 735.25265 14
e 331.16194 814.14774 4
e 219.97043 776.22468 8
e 306.25360 686.82260 9
e 467.60577 602.79041 11
e 399.40368 702.28175 5
e 178.18339 723.27466 8
e 147.32379 463.40381 9
e 381.87579 236.71470 9
e 388.53896 596.45695 17
e 247.54301 652.61054 9
e 215.59237 689.18282 10
e 290.17477 824.36439 15
e 291.34396 616.31530 6
e 138.81528 529.07542 8
e 339.07767 619.94135 8
e 318.75454 520.16338 13
e 233.11323 478.96177 11
e 191.44071 648.46684 7
e 138.77065 578.09689 10
e 376.40408 838.13972 10
e 293.69791 566.80898 14
e 180.81157 484.83702 8
e 243.00825 997.61393 8
e 162.11647 607.64738 8
e 375.68580 662.80349 4
e 19.23537 707.52320 8
e 256.41721 773.38690 9
e 211.10704 681.40688 9
e 342.66594 458.67386 14
e 190.34624 785.22301 12
e 180.86689 561.44292 15
e 315.79336 745.25647 7
e 257.80562 849.19587 12
e 315.72134 681.23468 8
e 132.73701 623.29374 5
e 392.05506 760.48173 7
e 257.14646 779.29476 5
e 253.58717 815.44508 13
e 408.25889 555.95587 15
e 289.99864 692.30845 8
e 190.79914 685.81677 13
e 110.94444 990.88669 10
e 331.80731 954.22606 4
e 243.17946 740.80885 13
e 320.75484 842.97717 9
e 231.00674 951.41851 8
e 381.95291 882.52742 13
e 176.35410 556.72319 12
e 363.91261 429.96122 7
e 119.12753 960.16255 8
e 460.24375 658.26175 10
e 394.48655 929.32184 7
e 332.77551 682.07868 17
e 260.47687 743.65212 14
e 286.57817 1002.33481 10
e 254.62257 598.82131 9
e 352.35625 844.77847 6
e 242.22725 663.41708 7
e 283.01883 493.21312 8
e 216.55743 1057.98616 5
e 280.91285 771.52126 11
e 333.62458 815.94018 10
e 51.30073 714.19547 7
e 325.49716 644.59127 12
e 294.06955 508.76519 8
e 427.12354 778.65943 12
e 221.49422 808.04937 7
e 368.18449 866.91612 12
e 248.41278 707.14149 14
e 172.91218 421.00998 11
e 89.38418 632.17121 10
e 264.37143 566.66101 10
e 241.75445 815.99375 9
e 175.36316 894.51189 9
e 344.64523 613.17990 8
e 362.61311 629.20239 8
e 316.98047 801.61063 8
e 238.64655 932.03189 10
e 296.17219 653.56838 8
e 62.03717 821.30208 7
e 369.09888 869.36970 6
e 272.66485 561.29087 16
e 308.05372 729.09483 21
e 295.80040 517.97699 11
e 302.37673 1043.24936 15
e 331.48413 773.56736 8
e 217.53790 905.90064 8
e 364.87591 773.73468 14
e 238.66296 887.54303 12
e 264.74399 742.02486 13
e 375.34250 651.90080 7
e 387.30503 240.91149 11
e 317.36515 442.13482 10
e 279.68038 867.35396 12
e 133.00133 968.91653 3
e 226.35499 555.27716 9
e 234.81749 544.88717 15
e 408.83707 703.53294 16
e 408.20308 669.36518 11
e 206.37040 785.28360 13
e 136.84572 638.91285 10
e 329.04042 651.43348 8
e 273.68354 535.67204 10
e 306.48276 420.90881 7
e 343.61921 377.36651 4
e 220.84827 532.20965 15
e 431.67290 828.81307 8
e 296.22001 406.80558 5
e 289.81994 622.03054 4
e 366.09963 665.47858 11
e 316.34596 398.10260 12
e 291.75000 477.77808 13
e 264.56383 732.07676 7
e 188.52052 508.34401 7
e 355.14914 923.89772 10
e 178.86335 326.54746 11
e 167.94465 547.47219 12
e 273.22772 715.33149 11
e 261.86598 564.47587 10
e 304.28062 673.93288 15
e 207.19619 734.33968 12
e 489.23288 500.69877 4
e 299.13510 588.18378 10
e 201.21870 887.13398 7
e 258.93991 768.41615 6
e 307.37620 433.81058 9
e 98.92611 654.47720 8
e 371.00061 573.45110 5
e 198.18304 805.69556 8
e 234.00202 735.14224 8
e 353.03067 798.54168 13
e 321.77680 928.38441 9
e 278.54762 653.19472 7
e 114.60630 692.70879 8
e 138.80418 420.66764 11
e 345.38837 638.66533 7
e 222.17824 692.15873 11
e 258.93138 605.73635 9
e 202.37924 674.45441 9
e 277.79744 565.50088 9
e 252.14913 888.70798 12
e 154.28595 648.91397 5
e 374.81102 775.24110 12
e 195.24440 837.06808 10
e 244.38633 449.53064 14
e 131.14192 825.21866 12
e 200.23670 797.97903 9
e 424.21245 671.98727 7
e 287.46206 555.30658 9
e 299.72073 740.56156 8
e 316.15553 757.31771 7
e 293.95057 717.04669 11
e 139.71510 689.79473 7
e 335.20313 394.51490 9
e 258.21946 719.26997 9
e 220.84029 501.48236 5
e 283.99827 951.95239 8
e 223.45895 607.36794 9
e 460.28555 910.99680 6
e 248.96293 886.73122 17
e 302.48400 448.71843 4
e 219.03853 699.06334 6
e 208.53467 593.09752 12
e 144.65257 597.98727 4
e 245.33120 610.68505 7
e 296.52184 618.10157 5
e 395.53415 769.35254 10
e 248.98556 897.72332 12
e 254.09786 654.16829 8
e 307.65910 913.97769 8
e 467.67880 745.22748 7
e 347.17340 528.50256 8
e 143.05113 794.80298 5
e 178.59442 636.72140 11
e 368.73510 990.26779 6
e 313.59063 537.08362 12
e 195.28907 631.64581 13
e 389.20630 762.82624 8
e 237.66754 784.81920 12
e 225.43635 741.60152 6
e 228.37140 647.10832 9
e 187.41869 962.45722 9
e 86.44634 464.76446 6
e 229.83923 888.67499 3
e 413.66119 923.78346 13
e 321.13840 853.19635 4
e 132.49512 749.31035 4
e 345.70545 571.85094 6
e 153.40328 611.70629 14
e 143.11366 711.61097 6
e 340.49255 581.17559 8
e 338.07475 822.33920 6
e 348.37105 721.30378 15
e 369.10018 629.73125 9
e 371.16187 534.79875 12
e 209.23748 902.91588 10
e 466.02498 733.60220 8
e 153.98524 642.68468 10
e 188.92320 561.36926 6
e 271.39180 708.42390 12
e 401.53971 739.21002 7
e 310.30094 846.65773 13
e 300.75698 434.46772 12
e 34.83572 476.83494 10
e 382.85594 742.07049 14
e 179.44545 691.90662 4
e 316.57701 694.28615 10
e 218.09669 643.39773 7
e 314.15646 533.67702 11
e 196.79270 562.75171 12
e 85.40682 685.39562 10
e 349.20751 606.68356 4
e 281.28054 593.95534 9
e 230.51774 615.54673 10
e 347.53090 790.18973 8
e 188.16139 803.66550 6
e 313.99306 758.55313 11
e 316.37912 994.39690 11
e 292.66312 600.61557 13
e 340.92190 228.66837 6
e 376.11888 642.48679 11
e 169.92561 791.53052 5
e 359.10290 818.82984 14
e 419.88839 971.85788 9
e 158.44475 624.63340 6
e 248.41506 497.46294 14
e 272.91042 628.07069 7
e 437.31775 650.40772 7
e 267.99982 763.80659 7
e 222.32330 879.28386 10
e 256.86757 600.35979 10
e 360.81657 635.87195 8
e 265.34071 1002.61195 10
e 262.54439 890.68149 8
e 381.93714 578.20861 8
e 156.56703 368.19873 8
e 273.57239 843.68550 13
e 323.57782 727.79918 9
e 295.39282 681.67783 10
e 268.63272 959.74923 8
e 213.45635 473.15823 7
e 316.47615 303.83006 10
e 260.59539 407.29050 5
e 304.09677 261.41111 4
e 329.73688 761.86672 8
e 362.46109 597.46139 5
e 374.29828 483.39910 7
e 346.41235 667.55266 3
e 281.47021 1059.25889 6
e 263.40086 524.87913 8
e 282.93040 629.95930 15
e 236.82846 510.21246 13
e 261.27134 765.34948 9
e 215.58268 596.44193 6
e 339.51818 325.78732 8
e 218.59606 574.53201 7
e 199.68539 686.89896 11
e 374.24438 628.47352 6
e 110.12200 813.86739 13
e 325.76483 269.32979 9
e 250.31106 656.46967 14
e 284.49806 594.22054 6
e 347.50007 256.55300 8
e 240.66455 659.32297 10
e 160.52010 364.52796 11
e 219.48268 748.89635 7
e 307.20245 737.19025 10
e 233.14632 1047.90041 4
e 290.20537 751.66803 12
e 270.44660 615.29757 11
e 84.29245 746.05437 12
e 352.92469 622.34310 9
e 479.40465 844.27969 7
e 431.18895 632.09140 7
e 249.40392 533.29031 9
e 225.33816 821.78398 17
e 309.36090 654.07275 9
e 178.69242 801.96535 6
e 278.32533 614.52896 12
e 318.32204 636.90191 13
e 401.99754 642.01073 3
e 280.76599 700.40825 15
e 43.70329 634.07178 12
e 268.68501 690.26375 14
e 434.03194 693.14830 4
e 308.60581 578.82034 7
e 166.06465 618.19668 6
e 259.98953 638.96943 12
e 290.12445 793.39707 13
e 254.43333 828.42818 12
e 282.09296 785.78552 8
e 304.27646 906.42392 8
e 315.30651 638.14053 21
e 175.89706 506.00966 8
e 369.90573 848.31141 14
e 275.80717 854.80228 5
e 162.64197 521.91984 8
e 340.91320 757.94195 11
e 181.27579 489.40394 13
e 261.91346 614.84656 6
e 325.23474 966.52905 10
e 239.76087 800.65214 11
e 331.53459 642.99533 8
e 345.73210 320.37947 9
e 302.40748 670.26420 7
e 279.26884 802.39404 13
e 212.85958 542.14812 8
e 191.49516 365.73139 13
e 169.79291 962.39040 10
e 135.95166 898.36355 6
e 125.44242 359.45756 7
e 251.58439 727.81458 12
e 306.39761 785.35401 8
e 307.87721 819.91304 9
e 125.83828 610.75523 10
e 460.46720 954.01366 8
e 498.88858 481.24528 8
e 152.46531 763.12002 10
e 227.59852 389.41921 10
e 261.03810 652.93978 11
e 243.05155 492.05820 7
e 404.18961 624.58125 8
e 259.38953 927.28699 9
e 186.96023 623.78320 10
e 362.87082 808.97598 11
e 376.32019 745.28738 8
e 241.13469 673.39035 5
e 247.57641 637.70449 9
e 201.38357 542.72679 12
e 279.53405 874.04346 8
e 193.18406 513.19006 10
e 402.38911 907.81730 11
e 219.22224 678.96298 10
e 218.51684 664.78187 6
e 225.92006 586.99643 9
e 261.28558 613.59376 7
e 339.91326 634.64408 9
e 358.14984 709.33071 17
e 306.97713 886.24068 11
e 234.77444 819.89721 8
e 313.95033 797.60962 14
e 324.24240 567.94133 7
e 314.36109 904.31224 13
e 191.47097 694.49924 9
e 291.82060 704.04016 7
e 288.62207 731.85838 6
e 235.21431 486.50030 12
e 368.98685 534.83325 14
e 181.73667 831.46438 11
e 263.97293 667.62769 6
e 138.13153 762.27711 4
e 347.90902 379.82630 5
e 192.50738 765.61973 7
e 250.59239 772.77662 4
e 210.46383 544.17910 6
e 352.41309 589.76425 6
e 358.77670 539.51472 14
e 148.35872 713.54259 13
e 136.24661 997.12013 10
e 272.06007 708.13905 8
e 237.74307 411.36257 9
e 257.71631 811.92973 6
e 181.12966 887.12025 4
e 262.79197 556.71602 11
e 292.83799 710.88796 5
e 277.35532 442.11371 12
e 351.83455 749.09231 17
e 211.50142 794.36535 16
e 158.56832 312.78776 8
e 322.26083 878.33401 5
e 164.30464 565.74372 12
e 161.24273 487.18968 14
e 296.89092 611.72115 8
e 299.28233 572.94515 6
e 132.84767 447.31061 7
e 255.58591 519.91286 7
e 233.16747 1021.46503 11
e 186.95721 696.03948 13
e 145.79204 712.01051 7
e 284.45988 1038.46296 10
e 290.88297 540.13657 6
e 205.36052 627.42094 12
e 311.84542 435.11782 11
e 332.53320 588.41461 4
e 367.25792 596.98991 11
e 218.63232 505.78188 5
e 141.89622 670.95825 5
e 216.71224 663.98713 4
e 274.15612 350.77872 9
e 283.29971 914.18361 7
e 428.84265 587.12260 6
e 259.47889 246.64748 6
e 160.26748 846.12439 4
e 107.02801 707.76739 6
e 327.42232 698.82939 11
e 324.62748 435.41258 17
e 360.19533 841.56204 13
e 157.51657 647.91723 7
e 395.35729 737.98844 15
e 172.75285 880.43665 6
e 315.23288 569.41461 10
e 313.62460 676.29718 8
e 192.76788 507.45941 11
e 134.77686 902.27311 8
e 197.01689 888.22524 8
e 286.62700 764.64332 6
e 433.59398 673.45201 8
e 245.70093 698.61556 8
e 385.37943 508.53971 7
e 344.18524 790.25056 4
e 313.39111 635.17563 9
e 288.53006 607.19438 4
e 102.05277 799.32651 8
e 236.98675 721.22928 15
e 142.79892 702.41742 4
e 362.79452 586.90718 8
e 41.20912 308.22476 7
e 148.05859 875.69299 9
e 210.63667 711.08780 13
e 390.53903 741.77060 12
e 254.44373 407.54016 10
e 260.85766 920.29998 9
e 345.25037 635.27614 4
e 68.96827 711.81745 9
e 294.66526 609.75340 7
e 271.71542 1079.32252 12
e 473.55993 723.95966 11
e 239.54890 514.83712 9
e 331.04405 685.97344 11
e 275.58390 820.57134 9
e 186.98033 444.60847 6
e 378.30938 612.79986 11
e 310.50904 867.63120 7
e 346.93338 778.81748 6
e 370.99799 574.63866 6
e 346.14164 621.47607 4
e 317.35152 523.34212 7
e 343.71535 794.39951 7
e 286.63516 569.44035 16
e 266.53590 816.35273 7
e 296.98747 610.31933 10
e 101.60015 571.86621 8
e 308.23041 578.70337 7
e 262.20289 870.35718 8
e 288.37226 635.27688 8
e 232.77087 439.25350 11
e 258.27812 660.50312 15
e 330.29479 748.09483 12
e 349.37818 457.54592 9
e 146.13466 592.50471 7
e 101.38361 419.44981 6
e 223.21828 765.45014 8
e 171.01382 430.45795 8
e 240.41098 760.65966 11
e 164.87049 779.88566 5
e 167.52337 534.33540 4
e 224.64212 622.77264 8
e 259.82582 900.13280 8
e 198.84176 747.77095 9
e 365.98997 630.50892 13
e 269.88572 691.20464 7
e 294.01689 944.76573 6
e 266.89383 746.10801 6
e 357.05668 895.17715 9
e 249.02947 755.47638 7
e 314.40557 747.46741 9
e 263.88150 694.58558 8
e 347.16872 649.36172 7
e 220.19861 909.28912 12
e 92.48180 509.38013 10
e 141.45984 748.41633 7
e 252.48864 665.81861 10
e 312.31187 754.64315 7
e 306.49626 482.43384 7
e 348.46636 455.62142 12
e 249.45452 467.11128 10
e 192.91396 183.81969 8
e 354.64000 663.59908 10
e 440.98862 753.77946 8
e 210.41127 680.79250 9
e 243.43179 468.19436 9
e 209.35679 865.82528 8
e 358.95136 627.47102 14
e 334.60037 804.30370 16
e 251.44556 443.35366 8
e 277.22807 746.97669 8
e 179.44957 584.30572 10
e 274.12649 885.72892 7
e 364.68218 519.00606 10
e 245.74880 375.23557 13
e 94.37993 673.18999 11
e 169.64459 950.22475 9
e 229.54715 521.59944 14
e 382.87654 648.96421 7
e 302.09419 544.81953 7
e 318.67840 596.28188 9
e 225.29992 715.31033 10
e 211.51201 771.02746 14
e 285.27158 592.89899 9
e 308.95827 368.86178 7
e 313.62586 711.19305 15
e 308.25525 688.46033 9
e 308.48213 539.98422 12
e 233.99082 696.95307 6
e 206.45624 987.94281 6
e 276.62122 680.32689 12
e 342.31959 616.42760 17
e 286.89574 402.05624 8
e 305.61629 717.31481 10
e 260.14864 529.67807 5
e 280.20466 550.48498 8
e 151.18388 434.00356 8
e 202.09336 859.13611 11
e 393.33533 571.64919 11
e 231.99505 656.46008 11
e 285.63567 539.27158 11
e 180.63086 522.63109 10
e 278.00544 640.74614 7
e 246.87463 787.18503 11
e 177.33314 913.57806 13
e 220.23452 866.20800 9
e 311.75675 418.13244 8
e 311.70425 791.40096 5
e 82.44657 881.17769 7
e 204.46958 422.17162 10
e 393.56681 525.18496 9
e 341.06198 738.41728 14
e 201.74836 478.14349 13
e 357.89800 655.65104 8
e 327.44982 778.75979 7
e 108.29705 731.38121 6
e 384.60824 624.04644 11
e 328.82705 706.87322 12
e 148.15618 721.08477 10
e 174.41292 817.23314 6
e 349.10995 405.27083 12
e 356.71577 595.38895 8
e 192.47132 883.68848 5
e 399.56628 497.71684 7
e 343.28354 519.38698 8
e 176.51148 631.15755 8
e 377.16491 542.03812 13
e 326.16879 844.72996 9
e 241.01702 647.09723 5
e 230.71449 841.34070 12
e 204.40129 847.05804 5
e 373.71330 582.28378 10
e 341.56795 733.35602 11
e 326.79112 506.31394 7
e 194.08388 521.31756 10
e 216.30016 838.88239 10
e 220.87131 674.35195 10
e 132.92590 815.32279 8
e 305.11453 506.18600 7
e 223.47237 634.46660 9
e 201.54080 963.80578 10
e 323.71890 537.50496 10
e 159.18158 509.92338 11
e 249.88074 623.63158 10
e 179.29325 690.94228 13
e 293.50962 486.50427 11
e 351.97474 305.51085 8
e 257.34541 618.63089 7
e 3.52919 497.63227 12
e 311.36195 1017.49122 12
e 234.31885 839.94418 10
e 198.92477 876.93020 10
e 228.25926 544.72400 6
e 302.22911 561.76169 11
e 338.19436 766.45135 6
e 282.89773 692.03480 14
e 370.24640 820.52282 10
e 279.43456 906.46120 14
e 337.27431 593.98386 11
e 148.10644 856.32697 11
e 88.62885 512.81095 14
e 316.76285 713.93719 8
e 269.39903 678.38001 8
e 172.31432 635.48178 8
e 283.26954 663.01639 11
e 194.58792 857.64231 12
e 347.70888 761.71622 13
e 399.50861 613.77846 6
e 216.62449 555.84363 6
e 217.06431 674.13400 11
e 342.36699 853.23089 16
e 259.84330 532.88972 6
e 355.94895 769.45773 13
e 292.91997 684.45079 8
e 205.77258 673.49971 6
e 274.87894 615.18225 5
e 307.68386 953.20811 8
e 343.34047 660.15774 10
e 153.01573 575.21490 7
e 245.62211 794.66739 11
e 313.69008 990.74377 11
e 281.47604 614.52183 10
e 306.27653 685.61905 8
e 275.18492 426.93874 9
e 89.69476 668.68972 11
e 372.82412 791.82437 8
e 194.74590 714.34860 9
e 280.32373 805.59806 12
e 280.97493 642.59115 10
e 279.86056 595.92492 10
e 286.51169 741.45921 7
e 409.43286 822.76089 14
e 234.50162 438.67104 12
e 122.50944 502.21402 7
e 312.47372 415.53885 14
e 374.04463 644.29606 4
e 342.49751 293.89632 10
e 211.40647 1000.90004 6
e 236.20177 704.83930 7
e 316.70352 365.24094 9
e 371.64682 570.77145 10
e 226.73345 570.24804 10
e 325.13057 888.47862 12
e 300.70889 761.81865 10
e 220.25696 682.97556 14
e 260.54212 762.74301 17
e 301.69560 570.96468 14
e 445.81216 938.23819 6
e 282.53729 750.60105 17
e 362.19936 937.98026 8
e 301.44302 540.67030 8
e 177.31340 811.26834 7
e 157.22959 401.55693 8
e 161.35961 790.42309 11
e 275.74242 709.08704 10
e 243.52398 477.55764 14
e 482.33666 703.46382 8
e 218.50055 497.63141 7
e 120.35242 469.05219 13
e 329.40211 701.95470 7
e 322.48147 759.18282 8
e 252.25705 791.55734 5
e 236.58817 518.29296 6
e 334.00380 714.50103 12
e 254.18882 430.70403 10
e 196.30372 590.40635 8
e 189.51630 827.76658 13
e 240.27776 637.15693 10
e 309.00661 446.62043 6
e 223.82851 569.95044 6
e 407.30606 696.87784 9
e 336.08171 556.81824 10
e 55.47708 572.39330 7
e 273.93191 743.77089 10
e 326.32921 524.87919 9
e 369.76687 760.59334 8
e 207.89734 746.52274 11
e 259.68522 648.23564 4
e 285.74011 636.95777 10
e 203.96442 619.28358 10
e 189.65308 753.88241 9
e 252.04349 936.03911 9
e 359.23304 640.84467 5
e 281.89320 666.64676 9
e 291.57051 840.38111 14
e 399.62216 643.67792 4
e 372.32919 640.33330 8
e 251.14315 798.31268 12
e 314.15165 318.97322 6
e 269.72756 708.27832 6
e 327.40314 583.72521 12
e 199.24370 817.14560 10
e 465.71935 602.13091 11
e 294.73165 563.31880 10
e 140.46720 115.27561 8
e 149.04932 692.81912 8
e 296.06602 556.43187 13
e 387.15296 963.38689 11
e 328.89447 995.93632 10
e 259.64547 385.59901 8
e 390.97826 740.68907 10
e 314.63863 724.38658 7
e 193.46158 429.12334 8
e 258.97523 865.66577 13
e 173.26698 726.45176 14
e 380.74792 780.96321 13
e 427.66940 524.80536 14
e 227.48639 497.21419 7
e 335.34180 648.06707 9
e 255.78831 795.48390 7
e 127.65957 645.75991 10
e 159.47551 527.62777 12
e 263.05970 603.77093 4
e 415.18400 966.08064 9
e 167.76893 472.04204 11
e 426.21635 771.13398 7
e 337.02156 706.75358 10
e 321.22136 631.48472 10
e 262.32201 818.54326 13
e 100.89595 816.88498 14
e 368.21601 652.59943 7
e 321.57492 522.84075 8
e 55.35686 920.77350 10
e 235.47252 680.48156 14
e 222.32835 895.46954 7
e 200.52518 804.45511 13
e 341.30690 861.24550 12
e 326.70443 852.31474 6
e 101.63812 966.79843 12
e 313.01698 781.54520 10
e 232.39109 562.36866 9
e 333.71123 741.99005 14
e 236.24905 410.48967 7
e 139.74286 666.69026 7
e 311.93858 801.51372 12
e 340.71481 851.62987 8
e 13.43479 643.91107 13
e 79.28018 449.71321 13
e 584.17277 720.95380 9
e 187.21949 772.05468 14
e 265.54794 574.69854 6
e 273.34135 572.35270 12
e 236.63219 967.27948 5
e 318.11816 1024.75255 4
e 196.08176 443.15933 4
e 202.53176 797.09095 10
e 271.56420 676.08783 7
e 320.59062 582.55761 9
e 409.81815 844.16215 10
e 256.94041 783.73473 7
e 383.83524 453.96464 13
e 202.55205 689.04245 9
e 181.42031 689.17819 6
e 330.66663 297.93051 9
e 309.41326 725.20233 5
e 81.52576 613.40769 11
e 185.95375 591.57056 9
e 350.36529 784.17183 10
e 255.78949 1047.38573 12
e 298.01082 649.50056 5
e 183.73359 654.28208 7
e 254.31743 740.18984 7
e 177.25745 899.02243 8
e 363.63992 863.52236 10
e 207.60010 487.42712 11
e 99.94901 802.70619 7
e 314.89120 563.19817 9
e 168.31436 610.29019 11
e 172.67366 667.73168 9
e 192.28914 727.53409 11
e 188.78123 689.34957 9
e 275.24201 951.29582 8
e 229.13608 667.13306 10
e 240.68845 532.15928 8
e 336.58166 834.89002 10
e 295.60786 409.53464 6
e 250.44057 560.49424 10
e 150.89555 626.54651 7
e 266.70078 604.44641 9
e 357.38712 626.58532 8
e 263.40859 947.19378 10
e 341.10951 821.76701 9
e 208.70278 813.74825 9
e 337.15961 748.03464 10
e 307.94899 853.08300 11
e 168.79758 643.63596 6
e 436.22804 937.10615 9
e 258.34459 616.63165 8
e 294.75350 642.71949 6
e 416.15935 971.60669 8
e 254.52237 631.90423 11
e 159.74413 873.68830 7
e 160.11010 677.52188 8
e 148.80529 596.39506 7
e 129.40833 887.60631 8
e 309.19533 777.77495 11
e 283.82641 505.64431 7
e 191.35042 822.89138 9
e 314.79188 785.26775 11
e 232.98125 940.27118 13
e 310.78013 628.78610 11
e 411.68652 1006.39835 6
e 211.24602 625.72089 9
e 298.23299 621.59057 5
e 183.23871 764.75420 11
e 111.94274 615.94906 11
e 333.97954 452.43863 7
e 177.87929 542.80407 5
e 180.77299 642.66875 8
e 360.36920 849.94422 4
e 69.33707 722.59636 8
e 298.44579 656.77829 10
e 298.07454 532.22957 8
e 278.26794 516.40518 10
e 220.26734 928.40015 7
e 411.63399 857.65064 7
e 244.78786 697.56938 21
e 200.80121 866.48838 14
e 308.67800 628.27310 7
e 174.17628 718.65902 10
e 316.43069 619.43570 10
e 334.42105 788.25645 7
e 299.93450 788.11693 5
e 268.28002 580.61071 7
e 231.22529 649.90782 11
e 165.86568 572.67303 8
e 206.34369 526.70788 9
e 346.66026 802.68449 6
e 208.14671 663.64226 12
e 273.97616 902.30383 8
e 192.33549 361.63512 11
e 359.00957 596.40171 12
e 214.23574 805.44218 8
e 318.70580 737.55921 9
e 330.52389 663.07263 9
e 264.16612 955.26769 8
e 266.93825 1029.11139 6
e 251.11352 470.47102 14
e 207.14183 556.63542 4
e 49.69186 630.18556 9
e 444.86432 825.77498 10
e 296.19973 712.86683 6
e 228.76044 507.89619 7
e 282.87415 810.82301 7
e 441.60487 379.75960 8
e 210.94528 594.83383 6
e 284.60923 532.38912 9
e 260.26199 801.76147 10
e 271.36250 592.03107 11
e 361.74955 663.60481 9
e 256.62515 581.95044 7
e 248.18436 719.29818 10
e 292.21184 661.44391 11
e 329.56323 717.35109 11
e 205.11304 832.77174 8
e 291.98577 657.12471 4
e 181.45421 854.21649 14
e 213.68390 612.88897 7
e 272.52801 848.98822 10
e 205.28978 613.86165 7
e 290.13253 624.76854 13
e 68.90078 834.89644 8
e 205.72159 552.88989 9
e 362.85748 515.34899 9
e 250.57155 985.25650 11
e 329.69800 896.70096 5
e 359.95398 492.90037 7
e 349.82356 481.51582 6
e 227.91723 449.37320 11
e 198.88521 617.07147 7
e 315.25075 430.98482 12
e 354.31399 656.22497 20
e 369.25015 741.80407 6
e 230.79811 651.43163 9
e 195.62611 493.86138 9
e 477.61124 525.18345 4
e 137.64420 712.51418 8
e 359.97562 788.08855 6
e 341.24587 745.85777 7
e 285.50972 589.07823 10
e 341.29016 785.89407 9
e 380.67004 679.46824 10
e 285.19870 696.55305 13
e 401.77242 694.00706 6
e 195.31457 805.71009 6
e 215.82871 495.86299 9
e 137.45594 1046.34248 12
e 214.80158 825.45375 10
e 337.92457 668.91640 12
e 257.60314 860.96979 10
e 161.23343 828.45369 12
e 205.11438 843.29478 11
e 148.79626 391.05322 5
e 246.34612 485.27921 6
e 245.52734 703.81450 12
e 297.82295 577.63935 10
e 278.15353 488.98918 13
e 268.31598 1037.39098 11
e 183.68396 660.89811 10
e 226.57276 403.96561 7
e 322.46591 522.14427 4
e 358.68546 634.06108 13
e 313.21084 746.22541 8
e 126.67811 649.25373 8
e 350.35970 622.51510 7
e 232.84330 857.83502 5
e 366.83994 452.98302 10
e 317.43609 559.48296 10
e 229.43872 530.39305 10
e 251.40980 819.30047 10
e 318.28354 918.36686 7
e 325.25066 742.20077 9
e 308.49377 646.81567 12
e 348.15226 839.74206 9
e 90.64762 763.80647 16
e 290.46720 597.16889 13
e 217.89987 589.51097 4
e 290.45634 608.76723 11
e 352.70690 585.18259 13
e 335.94922 417.71333 12
e 359.36586 536.42535 7
e 297.82825 742.45366 14
e 297.72981 739.82902 7
e 284.56680 692.77747 9
e 326.16524 752.01435 4
e 212.18831 728.56721 10
e 265.65100 692.03962 9
e 357.18778 716.86425 8
e 325.54649 694.24408 11
e 200.93365 392.67464 6
e 230.10627 758.10278 14
e 292.94283 496.84994 12
e 276.56607 340.62284 4
e 205.19604 767.94012 10
e 383.97443 854.50955 9
e 343.62669 501.91852 8
e 268.21222 897.49155 8
e 321.04514 690.73097 14
e 252.28132 552.71254 5
e 172.43005 547.88439 12
e 137.61938 537.06009 10
e 162.80496 674.18576 13
e 271.06023 598.77509 12
e 193.31995 640.49841 8
e 341.35757 913.01541 8
e 204.83531 863.32331 15
e 188.41262 722.72430 7
e 293.36181 659.90344 7
e 281.72663 601.18665 12
e 133.87010 658.41418 11
e 215.42886 671.27046 8
e 374.87032 798.13504 9
e 315.43596 514.84224 9
e 307.06692 596.11832 11
e 549.82398 766.78516 9
e 470.70901 431.41230 9
e 527.72055 330.34630 9
e 460.47969 275.32811 7
e 436.14534 626.70205 7
e 369.25296 632.07178 5
e 544.42140 623.06092 8
e 354.28166 604.66602 10
e 509.84673 496.76604 6
e 443.28542 607.23905 12
e 396.67163 813.98805 9
e 496.21457 749.54365 13
e 386.56169 730.71241 8
e 565.13056 835.70872 11
e 489.98786 490.26075 8
e 486.07382 586.17030 9
e 420.88376 368.59760 7
e 597.10515 673.29271 7
e 386.97259 607.37360 4
e 402.36977 629.26308 10
e 388.12527 817.18115 6
e 472.61739 912.94656 7
e 410.83352 509.90747 12
e 423.31107 542.98318 10
e 391.19560 467.46859 15
e 541.15337 677.81513 4
e 498.59097 725.58889 14
e 439.10131 634.48828 8
e 424.27907 370.32923 7
e 577.09110 630.88423 11
e 481.20264 596.89953 9
e 454.29143 366.98510 10
e 315.72260 478.94005 8
e 377.46341 671.21317 8
e 433.09371 484.66509 7
e 454.62155 549.94527 9
e 349.88372 886.56195 12
e 470.31773 728.05211 9
e 427.60955 202.30913 8
e 303.37809 671.09394 15
e 355.22978 388.97475 5
e 444.56421 756.44199 12
e 566.60743 613.69671 7
e 436.09339 525.63362 10
e 448.48459 552.70356 9
e 399.98444 446.43967 10
e 473.06543 747.59803 6
e 526.35081 650.57478 9
e 549.62062 937.51070 11
e 336.27746 409.34609 9
e 373.64728 715.51017 8
e 506.66969 440.46336 9
e 392.13024 502.51144 10
e 395.35242 652.42701 6
e 430.32099 612.55265 8
e 454.11481 518.44548 6
e 458.19347 751.95095 16
e 556.77689 594.51077 6
e 540.26575 500.39052 9
e 622.76648 939.20154 11
e 648.02773 557.37504 13
e 387.09073 628.17912 7
e 445.25023 557.20726 6
e 340.38816 663.18986 8
e 429.44851 213.25788 16
e 475.10694 790.43436 9
e 490.85071 570.57905 7
e 408.11509 382.11777 8
e 360.86831 679.81721 13
e 399.99565 673.24900 9
e 204.34193 617.60444 7
e 467.24633 765.81852 13
e 357.36551 490.24588 4
e 428.94890 447.15620 12
e 352.14512 377.98575 10
e 230.43073 583.87295 12
e 630.35172 649.93904 9
e 458.54000 516.46413 7
e 365.22928 609.26791 5
e 413.96553 601.15759 10
e 346.86608 719.35338 7
e 414.57182 777.30372 8
e 282.66078 872.30992 8
e 475.71581 502.01919 8
e 482.88998 693.03535 14
e 404.72103 698.84275 11
e 302.11581 400.70300 12
e 367.07355 505.99439 8
e 555.93230 396.79796 9
e 332.66854 309.61154 5
e 448.70216 655.45630 10
e 316.83870 654.23936 6
e 446.79226 398.47249 12
e 536.08429 387.70601 8
e 483.12841 407.68381 4
e 346.92717 598.83888 7
e 503.73087 458.47355 8
e 323.42713 377.90603 5
e 620.86974 853.26878 8
e 346.91145 532.05883 6
e 232.64731 512.57789 9
e 444.85979 490.89098 7
e 298.66344 526.32479 6
e 389.45092 641.40494 8
e 511.10171 755.42810 12
e 408.90876 435.75796 10
e 317.90019 459.13973 11
e 595.50184 779.46452 8
e 392.65749 866.29098 13
e 354.27498 597.41810 15
e 416.28684 381.57407 7
e 360.15991 484.76249 6
e 396.59886 815.58973 11
e 288.53685 768.46012 10
e 395.78474 499.34946 14
e 454.62482 648.04998 11
e 332.65920 725.49222 11
e 445.55178 544.69393 10
e 392.08082 440.96579 10
e 318.31346 578.21582 9
e 470.58619 514.69441 12
e 362.45419 937.46380 9
e 467.44213 762.48841 13
e 500.63975 329.60496 10
e 396.47352 561.74882 6
e 500.59860 716.30700 13
e 399.33974 708.87424 11
e 512.70989 687.70705 8
e 426.19311 589.80751 12
e 325.85900 824.00048 8
e 592.49513 496.10752 9
e 458.38188 698.29376 12
e 388.19749 689.34635 4
e 357.89408 723.35923 5
e 542.43212 910.77521 10
e 414.84821 783.78363 12
e 563.66435 661.65950 4
e 473.76112 597.45079 12
e 384.84604 875.94004 7
e 373.42153 416.81074 10
e 479.44334 713.50536 6
e 417.36152 499.69548 9
e 265.94532 587.34035 10
e 385.33913 594.74317 13
e 222.61795 729.27350 10
e 377.54567 511.78458 6
e 397.26913 607.44031 8
e 410.13792 727.96501 11
e 501.14188 785.96408 8
e 366.38700 510.95499 7
e 471.12154 605.35781 6
e 472.35477 585.57970 11
e 380.65841 531.76344 11
e 409.86180 758.92689 4
e 452.15609 401.65931 7
e 404.50234 796.34141 6
e 549.20076 621.31868 8
e 363.05313 617.51158 8
e 478.29917 509.22922 7
e 363.86914 748.33805 14
e 429.31604 611.21349 7
e 499.40175 492.56670 7
e 363.90055 610.77291 8
e 616.55879 383.85165 14
e 514.81446 931.39295 11
e 501.13606 801.04739 8
e 334.17867 861.46023 8
e 518.45004 574.01300 11
e 549.61429 558.02818 10
e 533.26682 575.32180 10
e 455.98841 738.65102 9
e 415.10778 714.49639 6
e 393.81589 836.88767 10
e 524.67505 805.15318 7
e 319.68205 633.96072 11
e 410.91101 729.63751 10
e 484.07392 677.98669 7
e 383.97147 493.15323 7
e 492.51650 758.44327 10
e 238.35968 698.16441 11
e 581.98977 588.44949 8
e 484.17630 479.54895 6
e 423.95978 550.44492 11
e 518.19982 819.17293 5
e 447.59889 610.31686 12
e 565.18388 776.47495 12
e 247.10870 457.17783 6
e 402.69397 418.55493 6
e 475.64150 679.66551 12
e 303.02341 372.54372 13
e 424.13210 757.94532 7
e 450.22524 827.86270 12
e 443.04979 519.79767 9
e 300.88196 503.00144 10
e 348.39785 838.44409 2
e 360.20634 723.92604 14
e 396.30736 670.76775 6
e 426.60000 934.47104 8
e 415.35597 487.11564 8
e 608.36753 361.01083 7
e 493.58977 617.33525 9
e 394.64373 660.61041 11
e 418.79813 649.31620 7
e 319.04273 570.43069 13
e 426.10974 525.21383 9
e 381.24633 722.56282 7
e 351.18245 483.11440 19
e 481.93602 709.90098 9
e 366.61639 578.15849 9
e 228.55810 219.38072 8
e 293.18664 728.34955 10
e 549.20961 685.13946 8
e 626.91833 602.62537 8
e 309.89414 639.31331 6
e 425.57392 576.05738 8
e 451.80346 677.94113 9
e 369.43588 381.70255 5
e 501.02247 432.30520 7
e 479.56666 769.98622 6
e 351.19399 862.11821 9
e 398.62886 375.72288 11
e 258.02093 652.87912 10
e 340.15329 661.06522 6
e 543.73503 879.23961 7
e 449.34265 805.41762 9
e 572.79434 703.82297 11
e 468.13398 697.16207 8
e 291.72567 653.20692 7
e 348.56027 711.32204 10
e 422.68468 445.53266 9
e 491.95230 591.12673 6
e 485.82854 677.99750 10
e 476.47930 788.81459 12
e 465.93030 587.33509 9
e 418.94576 582.33402 14
e 560.19255 803.79202 8
e 452.34919 469.84503 11
e 551.83286 684.06003 12
e 303.52345 682.61888 6
e 441.18973 659.33459 11
e 269.68543 473.44980 8
e 436.79703 794.43736 15
e 253.56863 557.47952 6
e 526.35056 407.47978 6
e 468.42599 237.78683 11
e 509.55529 925.45646 9
e 315.16816 955.99977 10
e 346.33834 564.11588 8
e 416.15765 635.59148 11
e 406.88421 459.56649 7
e 383.81328 496.50274 11
e 595.69026 597.31422 8
e 320.48884 686.21076 10
e 536.79342 430.85778 14
e 580.53951 204.18432 7
e 537.87014 649.01923 11
e 391.33417 587.46452 7
e 509.60028 670.13630 18
e 446.32634 395.42989 6
e 477.27898 638.57525 13
e 501.63187 739.76916 7
e 553.36490 644.44624 9
e 422.49807 310.43442 12
e 412.98402 856.12859 6
e 469.84948 657.26052 10
e 427.52858 404.88881 11
e 342.93422 694.11110 8
e 574.37922 585.26490 10
e 314.80153 758.45999 11
e 310.72237 816.31339 6
e 402.34483 572.98355 12
e 440.72998 165.11715 8
e 267.35160 421.02522 8
e 366.07237 619.43698 10
e 527.45601 833.44141 14
e 364.03292 632.01932 14
e 391.31938 601.28213 10
e 465.25756 606.98444 9
e 382.33458 753.38178 7
e 338.20448 533.97307 12
e 486.39843 712.86250 8
e 344.27383 455.28159 10
e 486.12712 591.30339 6
e 575.73780 638.71113 10
e 558.01467 495.41650 10
e 429.79248 654.04347 9
e 447.05504 596.22719 6
e 522.41057 526.62225 6
e 519.72836 791.77278 7
e 349.92518 381.09474 5
e 471.96954 557.11086 7
e 382.18759 627.41462 13
e 409.90825 611.27319 9
e 442.71281 796.56654 10
e 393.94834 630.99578 13
e 526.81978 769.65098 7
e 426.80177 748.08625 16
e 443.32535 456.09836 10
e 372.03611 579.22078 7
e 526.67200 779.34441 9
e 529.35476 372.70917 21
e 368.63010 481.49119 10
e 350.15179 495.93128 14
e 329.53787 453.38204 7
e 375.89383 645.85771 8
e 398.55794 567.44042 8
e 444.38837 528.04295 8
e 359.79760 799.86379 10
e 435.95240 938.31129 9
e 371.26531 567.40981 13
e 512.11146 474.05832 9
e 545.33238 798.57258 9
e 453.15512 765.85914 9
e 432.01321 414.03738 10
e 472.75188 564.76919 12
e 374.14698 480.74401 4
e 476.80700 643.24098 13
e 288.89472 529.66744 9
e 311.90604 473.78765 7
e 447.76598 644.10941 6
e 447.51112 479.15110 6
e 342.90224 653.76615 9
e 480.39415 511.96408 10
e 265.72395 647.85595 15
e 237.45655 669.93180 9
e 429.25927 311.46723 9
e 311.81586 893.72825 5
e 238.81480 842.67585 6
e 327.00473 681.32283 10
e 532.47850 365.39353 7
e 313.43893 465.87309 6
e 559.05453 350.59075 14
e 429.84717 752.47492 9
e 464.56577 534.74702 8
e 351.62711 661.24744 9
e 521.09790 457.22370 13
e 257.21256 599.37835 9
e 456.53538 549.84290 12
e 337.29808 831.70280 7
e 264.33354 853.92460 11
e 459.15695 501.83494 8
e 348.30960 513.78575 14
e 436.23342 775.43070 14
e 384.70818 741.76885 12
e 428.54341 433.11919 8
e 532.27746 401.63660 13
e 363.54234 826.85929 8
e 291.20757 930.40177 10
e 368.73613 909.03781 9
e 341.04266 608.36237 7
e 455.65721 906.44293 7
e 357.63446 664.85551 10
e 429.14604 538.37795 6
e 413.34880 421.48224 3
e 426.15379 715.51717 16
e 542.07353 420.23758 9
e 364.81384 868.66659 8
e 429.21206 802.18512 6
e 288.25609 641.54577 11
e 687.33988 406.35986 6
e 479.26508 894.61196 9
e 424.76688 703.31401 10
e 429.46065 933.49082 9
e 450.30247 273.61561 7
e 523.50703 429.08874 5
e 566.35562 356.00819 8
e 334.14925 882.86215 8
e 455.88451 720.43481 7
e 467.74575 842.76614 7
e 367.26641 888.98938 8
e 359.30980 734.07781 12
e 432.70045 695.70371 11
e 293.66287 832.49293 7
e 532.76187 529.09559 11
e 336.72056 487.43957 7
e 439.94704 855.75839 10
e 423.88771 568.80191 10
e 430.60130 526.40050 6
e 411.30625 857.58700 6
e 500.70669 523.58380 8
e 420.75889 565.61684 6
e 502.40221 546.20020 17
e 374.55226 721.96915 8
e 470.20974 831.95407 10
e 566.37875 642.67990 8
e 351.03303 818.59817 9
e 312.34459 686.62443 10
e 502.22814 476.73594 10
e 331.85371 607.43578 8
e 449.50374 885.92290 11
e 421.90391 354.63242 8
e 468.66233 499.43912 11
e 455.60496 853.39921 6
e 343.38760 691.16811 9
e 474.24308 868.83730 8
e 472.03435 689.51156 10
e 467.37126 551.53718 11
e 519.80901 621.44360 7
e 403.43424 410.37033 8
e 333.00842 366.17706 9
e 410.89020 565.12198 11
e 458.57744 647.76035 8
e 511.48359 690.86602 9
e 395.35320 740.11265 6
e 638.13570 442.65515 5
e 496.69679 620.99705 7
e 526.64533 748.17244 10
e 449.10259 589.14663 8
e 478.32328 798.77252 18
e 322.99920 557.11640 14
e 648.93580 500.74246 10
e 512.50008 868.87381 10
e 261.91213 658.10456 13
e 495.47334 590.61848 10
e 438.34598 575.99492 9
e 487.73159 652.49806 14
e 372.78524 662.29107 9
e 311.87106 823.20948 9
e 549.92257 652.90560 11
e 425.26466 618.54677 10
e 627.56562 657.82913 7
e 369.83508 602.63608 5
e 546.84952 617.36635 12
e 353.67956 551.46246 9
e 314.30298 330.99021 7
e 306.51563 455.86319 6
e 557.30780 556.81864 9
e 597.15603 734.29217 11
e 383.53265 868.65430 8
e 527.10254 930.78490 11
e 479.93166 522.85215 16
e 527.48700 777.43866 16
e 345.35880 664.79113 11
e 307.64444 837.59192 9
e 673.10786 644.66978 6
e 473.06513 597.97917 15
e 376.27088 485.89332 11
e 602.33959 828.18193 9
e 483.18436 751.64003 9
e 466.40901 687.51111 11
e 429.51242 649.58071 12
e 473.53549 567.92238 7
e 582.63292 385.85546 10
e 441.20244 537.24410 6
e 509.04070 457.33752 9
e 451.13777 503.39052 11
e 463.52328 694.39032 6
e 428.01846 505.90584 4
e 399.69542 870.79280 9
e 249.33658 624.85826 6
e 427.60065 648.28417 11
e 530.29773 377.18684 6
e 476.91438 734.36483 14
e 353.41698 814.64850 7
e 392.48580 689.89415 8
e 569.67882 430.97598 6
e 545.87396 341.74485 9
e 314.63944 762.38648 9
e 429.31725 682.12274 8
e 386.21108 441.67401 10
e 425.71123 743.90864 8
e 437.14281 710.60986 6
e 536.75853 548.34448 4
e 419.91644 530.72828 7
e 432.02383 592.88180 13
e 318.23995 763.33968 16
e 385.10700 682.51407 5
e 490.49470 381.66121 6
e 582.75972 765.59902 8
e 334.75188 706.53318 11
e 503.20808 703.03603 8
e 478.70403 434.25642 7
e 364.34691 319.09535 13
e 487.45586 584.55969 14
e 426.89577 473.90654 6
e 349.40157 708.46006 14
e 280.91077 791.82285 5
e 353.01372 663.03286 7
e 507.85779 705.52241 13
e 486.11965 651.78507 10
e 473.91805 419.01912 9
e 569.67417 858.31671 9
e 514.33642 412.79545 9
e 505.57187 582.93236 10
e 417.61485 498.73925 10
e 377.99519 336.87251 7
e 529.28061 536.48554 7
e 408.54142 551.59094 12
e 496.68090 886.09760 11
e 515.15931 377.22247 13
e 457.68005 569.00389 9
e 423.29211 515.62637 6
e 448.96796 945.31535 10
e 436.28572 659.24363 7
e 463.54201 846.37127 10
e 459.85411 686.28723 9
e 250.46331 598.92114 8
e 349.29743 621.13680 9
e 530.22737 682.14373 2
e 498.85563 247.32348 17
e 454.19929 732.90674 11
e 442.08005 370.47922 7
e 587.44069 620.39391 8
e 594.15610 821.77180 11
e 654.04643 451.47980 7
e 576.04306 327.47188 9
e 617.40787 690.25758 12
e 231.21791 541.07679 10
e 487.92825 337.31039 11
e 409.70564 803.91426 10
e 508.45543 701.05201 10
e 546.53844 613.96048 4
e 381.66120 607.67609 9
e 483.44420 553.90327 5
e 404.43745 586.17558 9
e 380.82734 680.28561 7
e 306.33535 1045.20304 7
e 443.12977 484.52681 11
e 244.44357 490.50443 11
e 437.75153 697.01579 9
e 543.17769 816.34603 7
e 217.19872 626.64813 7
e 577.81677 348.85000 10
e 461.94600 529.87125 5
e 542.86828 402.09885 10
e 368.22677 585.21620 9
e 378.29176 595.98638 7
e 493.68286 619.34359 7
e 374.68404 830.84716 8
e 385.79273 643.64350 10
e 489.13522 447.36608 9
e 494.62197 595.78802 10
e 290.62460 933.43043 11
e 401.74571 814.28956 8
e 289.23528 660.10562 12
e 341.75245 742.71307 9
e 336.85086 564.81196 12
e 487.75131 363.34755 20
e 300.74083 798.79866 9
e 508.92141 565.38525 4
e 433.98360 700.36707 7
e 522.67142 545.22746 10
e 363.15883 711.51572 11
e 223.14795 649.72331 14
e 468.61447 381.33692 9
e 529.31514 679.10359 18
e 542.31290 912.80402 14
e 388.11512 626.40647 8
e 546.80860 478.55839 11
e 528.69616 572.18449 9
e 422.22833 604.27425 8
e 177.42792 757.49063 11
e 435.81368 772.83847 10
e 402.76001 530.97267 3
e 486.50917 423.32296 8
e 437.28750 495.66803 7
e 509.53241 475.59153 9
e 561.77148 675.32116 15
e 243.96066 769.22230 13
e 314.20428 736.68660 8
e 508.59528 494.18883 10
e 443.95645 1045.14734 6
e 360.52939 630.64868 5
e 369.19569 176.18334 10
e 345.21217 734.69503 5
e 354.34593 596.16555 8
e 508.43587 817.09948 15
e 403.84011 671.22280 8
e 489.55241 520.70088 10
e 244.71499 730.62780 8
e 500.47378 535.91730 12
e 342.03544 402.76095 5
e 483.48901 501.13644 8
e 418.91054 592.96015 7
e 315.78832 722.87118 10
e 473.75217 734.82812 11
e 602.29856 637.55965 9
e 445.47282 564.54337 5
e 306.82236 540.73532 14
e 478.36864 494.44466 6
e 427.42151 564.13705 10
e 594.13120 241.35153 13
e 438.39206 367.36939 10
e 542.57174 283.65302 10
e 472.83319 550.23942 12
e 345.93994 591.37860 9
e 319.48300 300.43688 11
e 538.59147 605.31616 11
e 388.42411 778.48388 5
e 400.56242 793.49737 10
e 429.60341 455.20246 6
e 298.82424 556.19665 8
e 420.94003 449.72600 14
e 415.61114 807.91073 7
e 348.31641 722.14246 11
e 329.66302 590.92100 10
e 545.17938 425.57046 8
e 559.99099 651.21902 15
e 453.36456 1045.44336 6
e 398.33109 664.68344 7
e 385.20979 707.27745 8
e 406.34474 141.35147 10
e 423.37580 595.53452 8
e 529.64891 189.16329 12
e 640.90734 578.30689 7
e 436.57239 575.29817 7
e 437.59180 575.72706 13
e 523.52637 641.54617 6
e 569.39477 713.50157 7
e 428.89071 724.61951 12
e 485.56335 256.42769 6
e 300.23563 556.32884 12
e 419.82567 510.34652 17
e 347.30064 580.54051 9
e 410.77876 730.49511 8
e 424.15209 716.41507 9
e 510.44791 808.72235 7
e 417.85484 456.82524 9
e 492.45925 642.19321 10
e 482.17743 575.81109 9
e 316.25862 662.75988 11
e 548.38628 542.64384 9
e 525.95112 832.31310 8
e 531.93532 500.21248 7
e 251.91755 459.17845 8
e 472.13954 707.89374 7
e 486.58966 536.24407 8
e 406.80326 703.59798 10
e 122.28373 417.75129 7
e 562.21940 262.78903 8
e 402.38186 257.50413 5
e 445.72250 546.35183 9
e 442.19842 597.64150 9
e 470.88442 702.45760 6
e 392.96376 583.10578 9
e 388.49338 601.91838 8
e 332.39089 657.12946 5
e 283.73594 549.14975 15
e 388.80817 657.01655 9
e 419.89498 512.87667 8
e 446.57498 521.31808 11
e 533.21235 459.85542 9
e 629.33522 456.05417 13
e 390.72361 429.20445 6
e 431.82023 686.37168 6
e 504.76946 586.03608 12
e 349.80442 697.10024 9
e 317.04363 1006.73843 6
e 406.83294 449.71535 8
e 440.50261 908.84035 8
e 436.15601 378.42191 10
e 505.45134 714.82394 9
e 396.71403 570.65779 7
e 549.21844 421.36725 5
e 489.44933 516.63802 11
e 443.32371 493.98866 9
e 494.69347 489.33358 6
e 326.16185 626.21101 13
e 394.62061 716.87391 15
e 328.10764 296.35940 10
e 272.84516 727.77016 7
e 540.74133 781.32933 8
e 421.56488 636.14586 11
e 560.17972 715.92152 10
e 449.92078 706.56100 9
e 573.07198 630.83687 7
e 480.32424 673.08561 11
e 300.62311 564.68780 9
e 371.86848 641.42283 12
e 441.59939 740.87568 5
e 314.11156 589.55693 9
e 448.89683 772.35509 5
e 415.35245 371.12752 10
e 541.39186 535.57687 13
e 472.56130 613.05293 4
e 502.58347 617.53658 8
e 352.88529 830.88376 11
e 391.02045 571.12737 9
e 427.79045 491.86721 12
e 451.54505 630.79369 10
e 436.55548 354.71261 15
e 349.00807 505.49954 10
e 218.04367 525.97681 6
e 398.15030 863.20199 6
e 472.72919 918.14640 12
e 515.53677 696.59383 12
e 513.51344 643.21100 9
e 313.10647 773.57311 11
e 218.11896 344.87521 13
e 530.85516 683.02475 7
e 443.54301 644.70404 13
e 427.21834 433.51310 10
e 363.12827 572.75576 8
e 388.00348 579.15449 7
e 441.30166 730.77594 8
e 421.25086 736.88984 7
e 488.33069 591.68893 5
e 413.75455 715.42956 7
e 296.15618 466.87594 6
e 519.39616 794.17747 2
e 516.87543 820.64322 9
e 554.39783 752.06339 7
e 550.56542 681.30787 4
e 426.64344 533.18217 7
e 395.30245 761.60444 11
e 425.77781 657.86462 13
e 383.50991 670.51781 12
e 463.37331 519.20982 6
e 364.89345 600.55556 9
e 439.02249 360.80381 5
e 463.04127 428.98822 9
e 370.89611 653.92131 7
e 371.79471 702.42844 10
e 382.01347 617.59241 13
e 468.06312 662.64281 14
e 520.25223 563.73654 11
e 391.13937 639.26678 13
e 388.01649 840.40656 5
e 375.22181 754.80196 13
e 515.55561 789.65507 9
e 536.31289 741.88032 11
e 325.70851 649.48859 7
e 458.21343 390.45903 9
e 508.20086 585.83395 10
e 524.03652 1006.98685 7
e 376.73707 645.73744 8
e 509.58111 607.42232 4
e 427.41904 457.74242 5
e 486.33270 517.52474 7
e 348.30740 471.06746 9
e 533.59934 658.67713 5
e 418.16080 564.04074 15
e 378.01915 656.13163 13
e 389.98413 600.98665 11
e 401.56932 609.32612 11
e 307.04202 549.19059 7
e 447.45075 643.52168 10
e 469.44502 616.09952 8
e 375.17405 521.61668 14
e 346.34424 798.68463 3
e 353.94735 600.11477 6
e 182.59246 559.27465 6
e 479.58677 536.31056 8
e 511.60712 416.55313 6
e 469.77675 404.56828 12
e 498.92091 73.56343 17
e 555.85853 498.60554 19
e 261.05056 1036.32544 4
e 442.00668 754.48746 8
e 444.67841 601.18499 9
e 357.27123 584.31616 11
e 665.28589 676.09908 10
e 484.04721 606.41205 12
e 281.47789 483.45875 15
e 430.60550 291.68283 7
e 412.79323 677.64543 8
e 317.79248 449.22210 6
e 522.82142 762.02682 10
e 475.42223 383.40234 6
e 439.51922 687.03755 6
e 442.96937 457.48172 8
e 452.29048 977.50465 9
e 322.21845 697.04546 10
e 494.57651 421.41588 5
e 488.07840 775.20343 8
e 426.83852 406.02234 7
e 427.09145 608.55479 7
e 241.90691 666.58322 11
e 519.12520 546.55628 14
e 471.39959 346.42201 9
e 396.40500 714.07422 11
e 549.13571 692.66061 9
e 286.97318 644.25184 8
e 355.39342 776.46740 15
e 408.24513 651.04250 9
e 366.06677 1067.67699 7
e 531.26855 727.04740 2
e 386.71710 418.72039 8
e 483.66610 418.79894 4
e 356.02433 690.25014 14
e 387.77215 854.86175 10
e 323.90553 586.97535 6
e 506.05469 537.77227 8
e 339.61745 373.92858 10
e 548.10438 526.32546 9
e 297.49064 692.18432 6
e 366.59585 675.53721 9
e 539.41178 434.06744 12
e 274.84253 598.81204 9
e 464.45599 530.79808 7
e 548.56823 462.49847 9
e 351.18672 492.87623 5
e 514.63995 699.13461 8
e 439.51876 520.13544 13
e 424.38772 608.31481 9
e 358.52444 509.85137 6
e 566.14286 483.42695 7
e 436.35303 696.83667 12
e 369.60839 781.87670 8
e 444.54922 526.24608 7
e 584.79572 455.67646 8
e 430.98456 728.35526 9
e 539.58495 313.80087 8
e 357.90860 616.92928 5
e 401.92701 463.30599 4
e 654.51797 451.14054 14
e 585.85115 549.17297 8
e 529.53408 525.14651 7
e 536.92203 639.33562 4
e 363.95182 348.38153 10
e 338.28561 447.78470 10
e 568.28416 742.54710 8
e 527.52364 507.43193 7
e 502.19603 840.22130 14
e 479.72264 433.18355 11
e 421.82127 398.68052 8
e 331.57265 516.13317 10
e 405.11970 596.02438 5
e 618.99288 872.70465 8
e 552.75048 840.10620 9
e 476.36723 658.62813 10
e 428.94944 359.32233 8
e 347.43451 388.91735 14
e 565.64877 503.80018 11
e 525.44013 655.13711 9
e 375.37719 474.13064 11
e 471.11229 713.15242 14
e 525.58330 551.17683 12
e 570.97865 517.75808 12
e 391.63078 467.28543 5
e 469.06609 315.42020 5
e 558.11557 257.82241 14
e 431.22935 665.28867 5
e 648.81042 411.92442 8
e 593.12807 427.26194 13
e 454.11941 421.48715 11
e 368.52043 533.25608 4
e 312.31977 315.97001 10
e 477.61725 510.79099 14
e 475.85103 290.74939 4
e 304.37996 482.90131 5
e 486.91546 184.79080 12
e 354.02470 516.24264 16
e 610.11466 538.53566 11
e 355.64218 629.68056 11
e 427.17319 452.65236 10
e 566.59250 858.72173 11
e 505.30241 814.01300 9
e 341.89149 660.63086 6
e 375.49226 828.29340 10
e 316.96005 622.17090 13
e 534.31635 713.31904 5
e 666.17254 716.46298 10
e 353.94021 762.95761 10
e 546.06989 579.69082 13
e 417.49774 199.24798 10
e 361.71317 226.84453 13
e 608.73452 559.95652 9
e 474.17654 583.16120 8
e 543.73053 476.17442 10
e 383.70831 464.21338 7
e 435.40771 667.53304 11
e 507.05792 697.42775 8
e 568.15234 668.82412 7
e 279.58428 622.49816 13
e 519.35676 627.69350 4
e 316.61431 535.80070 5
e 584.20052 724.05136 7
e 475.52819 597.93924 12
e 441.00600 301.07788 11
e 376.62038 545.64119 7
e 486.96216 612.12676 9
e 571.01762 654.15356 13
e 390.91998 723.97434 8
e 668.55206 483.74266 8
e 387.73825 667.39900 9
e 558.24493 452.22224 8
e 215.58682 571.74983 5
e 530.21800 735.71088 11
e 425.63578 547.04269 15
e 564.08223 399.39066 7
e 437.47577 349.00802 9
e 609.98814 691.35631 4
e 553.92869 487.32808 8
e 532.17058 263.30769 7
e 329.55594 449.15312 8
e 503.81608 671.87464 12
e 480.97917 582.96360 5
e 489.96807 338.09836 5
e 532.47243 825.28909 5
e 690.71676 359.73851 4
e 473.89581 329.99907 6
e 471.44251 590.47413 6
e 482.70859 591.73741 9
e 333.54115 821.30724 8
e 538.42927 266.90709 11
e 452.19637 776.67979 10
e 490.62944 726.72295 7
e 326.38899 313.67311 12
e 554.31170 653.56296 7
e 388.27225 504.00549 9
e 380.23196 649.45241 6
e 462.89340 615.29793 14
e 468.07953 345.44246 7
e 577.06536 704.40033 12
e 485.21218 529.35645 8
e 461.29951 653.61926 6
e 569.92257 576.98224 13
e 413.74778 600.31919 9
e 488.36373 450.43794 6
e 508.39781 772.30232 8
e 427.02246 517.45201 5
e 493.51024 244.63300 14
e 398.45853 557.48222 11
e 542.52118 661.64940 9
e 411.36853 608.26962 9
e 422.30955 534.04420 9
e 587.13459 635.73657 11
e 411.11918 738.36730 9
e 485.53483 309.40788 14
e 349.34064 665.71680 9
e 382.60817 764.32786 6
e 565.83266 506.27611 10
e 441.51602 619.32897 11
e 386.66386 937.30520 17
e 571.67207 668.53488 14
e 327.74758 594.16987 8
e 207.56917 619.62410 8
e 432.29778 322.86750 5
e 467.88404 768.85636 6
e 445.65705 406.12189 9
e 491.96123 674.35560 12
e 310.66590 636.07850 8
e 498.26340 701.48872 7
e 434.33247 668.18294 8
e 550.14226 702.15504 10
e 263.27215 582.31798 12
e 492.30363 972.64110 14
e 446.89466 304.77035 12
e 537.90213 914.15842 10
e 209.29603 509.05575 7
e 235.11136 577.75824 11
e 455.42158 582.97285 9
e 448.62884 829.42154 9
e 414.24816 451.80084 12
e 294.46605 527.17036 9
e 402.81884 922.23595 7
e 339.98628 437.42757 7
e 496.41403 548.07875 7
e 596.44238 609.74865 15
e 358.37465 476.14486 16
e 483.54376 632.14966 8
e 286.68350 627.06029 4
e 385.37540 693.74978 13
e 383.31447 823.73562 14
e 389.70825 465.98977 11
e 461.70668 620.56945 8
e 458.90008 357.76327 5
e 341.74028 498.82686 13
e 266.81626 708.25460 8
e 349.44473 587.33522 8
e 561.88319 613.47111 7
e 513.04874 538.97337 5
e 453.08070 362.37622 6
e 340.73420 389.95013 9
e 539.61416 574.76864 15
e 600.51907 607.46872 9
e 546.00534 247.21868 7
e 625.36928 701.05117 15
e 451.18818 553.12993 4
e 471.79156 637.62386 6
e 406.51827 598.50603 10
e 491.37111 380.64058 9
e 396.67339 722.43542 6
e 606.81633 872.95699 13
e 534.56754 503.29074 5
e 471.78642 482.52769 11
e 413.86386 869.63853 5
e 439.25311 681.54052 8
e 438.97530 426.90426 6
e 445.10470 569.75827 6
e 414.75593 555.22748 8
e 494.48657 809.43496 14
e 619.96863 255.75598 15
e 475.34324 412.39679 13
e 603.68654 525.97157 13
e 437.67361 369.23437 17
e 537.31886 475.68616 10
e 457.80943 408.35991 9
e 455.37622 684.72307 17
e 484.71059 692.24720 12
e 438.09568 632.50675 7
e 513.09949 588.02002 15
e 604.19480 424.64466 12
e 509.07582 566.75647 5
e 679.11928 672.79535 8
e 514.19354 643.87728 11
e 472.38932 331.64193 9
e 411.60077 777.73038 8
e 343.69288 627.75156 10
e 359.21420 1028.63382 14
e 451.45225 612.78985 7
e 463.34844 430.37486 10
e 393.29288 612.45516 9
e 488.12424 873.89645 5
e 529.43666 671.94498 8
e 641.78207 566.31023 3
e 612.25824 692.57949 12
e 513.57602 413.96494 10
e 468.96248 744.70644 9
e 501.81398 772.10400 6
e 484.44241 577.01555 5
e 413.87909 523.53581 7
e 385.78808 751.40935 11
e 428.67244 745.83877 9
e 249.48526 562.41358 8
e 503.87663 793.90514 8
e 460.28541 757.20938 13
e 630.17820 682.21540 10
e 283.06390 560.53621 9
e 339.96388 466.56572 10
e 410.82910 442.93916 9
e 574.22329 528.68626 7
e 426.69036 857.71469 10
e 420.29613 702.06489 12
e 598.46298 695.95984 7
e 585.22460 811.80959 9
e 500.97035 673.19141 7
e 366.31169 453.56334 12
e 469.19772 634.85327 12
e 331.18075 645.62795 8
e 574.71530 708.93047 6
e 309.13833 673.04296 9
e 662.13216 526.26130 15
e 364.15788 649.30881 10
e 505.32678 495.13451 14
e 571.78025 748.25839 10
e 418.84456 661.13912 4
e 508.80441 790.73092 10
e 366.43185 844.43672 12
e 486.92168 699.14322 9
e 494.73242 552.99384 6
e 427.03877 705.10243 10
e 531.34354 444.20580 10
e 657.32116 768.42664 6
e 684.32061 604.14007 6
e 428.88303 689.12411 12
e 527.91874 519.53328 13
e 431.07682 529.66620 9
e 432.58613 609.43186 12
e 422.03321 682.81549 9
e 430.41512 599.42435 8
e 382.78941 551.99745 9
e 378.66901 659.20187 5
e 493.40494 447.04186 14
e 594.76621 629.05455 9
e 556.13827 985.42103 7
e 411.16494 684.51885 11
e 666.28972 671.75914 9
e 372.49651 326.30702 4
e 479.78261 890.88038 6
e 393.49581 577.89755 9
e 495.17386 727.56103 6
e 538.57607 688.80979 7
e 464.66854 435.34573 7
e 412.33990 273.97049 10
e 630.26294 567.63857 19
e 507.31731 557.91967 8
e 426.67778 357.52507 12
e 294.77585 359.62814 4
e 466.68683 633.10152 4
e 513.97156 519.37289 15
e 549.39704 758.46337 4
e 573.31583 432.37774 10
e 413.14162 759.41006 9
e 487.60033 313.90511 3
e 335.85485 509.51069 9
e 434.10892 281.83485 8
e 409.64067 445.59390 8
e 496.80592 584.33046 14
e 591.93883 784.07606 10
e 469.52715 606.65664 9
e 448.01842 681.97685 10
e 477.00162 689.88679 10
e 492.49792 715.32216 10
e 439.76539 574.74517 11
e 459.96468 247.24609 9
e 518.37822 959.85138 8
e 526.77051 558.04752 13
e 491.94021 610.42275 7
e 501.63133 564.33093 16
e 440.59504 657.15109 8
e 389.38167 448.66231 6
e 537.13853 626.02337 10
e 397.91693 699.77200 10
e 434.40303 287.87407 11
e 386.04475 682.02395 10
e 272.38712 683.95065 7
e 495.46504 504.18481 6
e 465.12896 517.45255 12
e 551.36598 863.67278 6
e 501.14229 672.96481 9
e 432.12900 551.26374 14
e 424.26561 452.89819 14
e 626.28657 364.86469 8
e 382.08339 593.22659 10
e 472.35054 572.88152 8
e 563.09989 707.76806 9
e 497.23942 541.15739 8
e 524.45690 356.16296 11
e 400.39867 825.68796 8
e 513.60444 602.05422 10
e 547.47100 480.13182 9
e 358.89809 207.29789 9
e 457.09452 993.99041 6
e 411.23467 697.78369 6
e 422.30666 764.18787 12
e 481.62485 501.43681 7
e 607.56834 753.19858 10
e 453.54145 856.80184 7
e 350.36655 606.05949 8
e 547.52943 528.84050 6
e 353.90339 608.72060 7
e 379.65140 678.30479 9
e 444.33557 750.79832 10
e 491.26516 400.32439 4
e 492.88474 406.29923 6
e 296.19517 541.17941 12
e 499.29850 735.30297 9
e 394.22100 678.70540 8
e 500.73459 395.53988 10
e 452.93752 567.01497 6
e 429.84770 420.42010 7
e 421.32015 811.43060 16
e 524.73935 459.69016 9
e 403.79410 666.61621 11
e 482.31973 709.36393 8
e 455.67481 535.93902 7
e 450.64228 317.90699 13
e 598.01587 618.48088 8
e 561.88691 495.98728 11
e 598.16807 737.18402 9
e 609.46847 798.27288 11
e 466.58543 502.55165 6
e 440.85549 519.59870 10
e 461.08021 763.31275 11
e 498.43528 679.93685 11
e 573.62315 684.55568 8
e 379.00553 838.43634 12
e 253.54713 578.19341 9
e 344.19874 641.52333 8
e 298.80354 543.49826 15
e 252.85313 554.38179 7
e 444.87347 617.54048 10
e 440.15525 907.81780 8
e 573.46185 658.76045 9
e 552.00743 711.91367 14
e 374.37333 801.62818 13
e 511.41498 607.17999 11
e 441.50204 736.73567 11
e 407.07471 784.06323 10
e 558.44818 827.90999 4
e 379.87386 767.17911 9
e 503.67834 577.98647 14
e 445.79326 660.68130 7
e 530.86833 674.47192 10
e 548.09091 760.63551 9
e 510.35787 601.58402 9
e 469.93486 312.81778 16
e 505.18799 537.39123 8
e 713.53743 492.25060 3
e 599.51913 368.61406 10
e 494.64532 633.80155 16
e 521.02858 446.51879 13
e 545.35438 476.62315 7
e 605.67821 563.36579 7
e 497.09953 579.99358 5
e 362.91313 389.75756 8
e 383.00000 721.40198 15
e 456.56989 493.71353 8
e 550.69099 508.19984 10
e 636.09331 517.38173 4
e 447.12015 612.87459 9
e 467.16143 840.14885 14
e 547.46263 376.21389 10
e 607.47907 542.65237 6
e 537.71352 782.59810 7
e 448.47666 832.58521 5
e 432.18667 528.96047 13
e 394.69151 570.98923 8
e 372.78626 743.76352 9
e 413.86075 448.53889 13
e 559.46065 660.95037 13
e 433.20472 697.90713 11
e 381.41211 880.36208 6
e 403.09528 747.34958 11
e 604.44686 463.04195 8
e 455.14238 702.85269 13
e 433.47503 709.18404 8
e 661.46317 866.20174 8
