c ./output/rectangle/gaussian/gaussian-rectangle-1-1000
p rectangle 1000 720.00000 1080.00000
e 129.12322 457.53178 12
e 143.27977 328.76454 10
e 71.73611 827.54102 7
e 98.76990 499.97306 13
e 36.98863 631.20568 3
e 272.55430 510.30458 8
e 144.33486 479.68009 8
e 87.07328 403.04714 10
e 247.81436 764.78630 10
e 22.30702 539.13888 4
e 201.78231 541.34945 14
e 193.70862 567.88352 9
e 103.53240 594.55583 7
e 177.64364 553.00347 12
e 72.19735 459.04572 12
e 253.28644 636.30744 7
e 98.93039 401.78258 7
e 183.68030 628.27271 7
e 109.40117 433.18035 7
e 90.16423 640.30187 10
e 73.12191 312.43555 6
e 96.53136 490.98885 8
e 130.71521 232.22502 8
e 198.44737 843.64803 7
e 53.62502 514.13662 14
e 188.83433 575.60563 12
e 184.66973 586.70047 5
e 197.08363 440.97131 14
e 62.34507 341.36757 13
e 95.93216 378.70827 8
e 145.49180 605.91412 8
e 177.72323 446.19060 11
e 51.49567 289.09178 10
e 62.66704 532.11553 5
e 203.30859 1066.39582 7
e 139.92072 536.34072 6
e 172.52593 243.09579 14
e 90.27331 481.34946 10
e 140.88003 320.96147 8
e 73.42391 443.52283 9
e 189.42575 753.82362 12
e 61.11057 423.70637 6
e 77.45352 456.24079 11
e 142.74916 704.65825 10
e 27.04594 187.21576 7
e 221.46661 672.85145 14
e 179.09505 572.89055 6
e 175.41888 483.95161 8
e 121.84396 602.91015 9
e 231.62785 200.55409 6
e 196.40399 728.19798 5
e 175.51092 505.53745 3
e 79.37435 673.18184 14
e 67.52786 607.13946 11
e 143.60487 416.93045 3
e 172.82322 640.40683 6
e 57.20583 483.62549 11
e 155.61415 593.50898 13
e 201.78683 64.65899 6
e 95.44258 484.31310 9
e 3.83431 278.84174 7
e 154.88674 682.95370 5
e 88.44590 581.88502 10
e 36.72917 638.01742 13
e 150.43703 187.39227 13
e 148.48245 502.96683 10
e 48.00861 348.33486 9
e 244.13443 462.41864 9
e 196.80293 694.03335 14
e 122.60274 348.00062 8
e 134.04093 555.62612 9
e 22.44490 555.83341 12
e 133.43040 425.92434 6
e 108.32918 549.55431 9
e 114.52528 598.65376 8
e 209.17324 523.66462 7
e 86.98807 522.08535 7
e 100.48212 485.81586 11
e 44.23852 670.27329 8
e 31.55264 364.74387 8
e 152.25863 463.45809 7
e 107.90722 217.14427 13
e 79.57397 444.78218 7
e 233.73210 465.11093 11
e 59.40267 626.66604 9
e 167.00595 596.23486 8
e 64.51028 610.22712 4
e 184.41917 618.12291 17
e 129.63231 521.93918 4
e 166.41757 418.07551 6
e 112.44177 574.45292 7
e 32.00608 550.91648 11
e 221.62796 631.58189 8
e 153.12203 542.88529 8
e 158.12032 520.25237 17
e 112.84882 621.90632 5
e 154.37831 269.98710 7
e 187.88852 723.58343 14
e 266.37849 746.88486 8
e 115.68114 405.53999 5
e 14.34393 396.10918 7
e 301.88009 559.56098 8
e 112.15206 16.11511 7
e 73.28003 516.50285 10
e 137.39815 465.74931 4
e 177.55972 677.87097 9
e 164.33949 268.63580 7
e 181.42763 548.58935 6
e 188.37132 589.20627 7
e 80.43371 647.66818 14
e 84.19309 579.08289 10
e 149.81428 506.97082 9
e 101.61553 566.19915 12
e 26.33606 562.22012 6
e 94.49862 465.89657 11
e 52.27888 480.98887 12
e 209.92530 282.77333 8
e 130.46206 380.94010 7
e 17.88442 635.44817 8
e 244.02566 456.90963 12
e 132.83844 423.23283 6
e 111.01516 538.06596 11
e 277.84508 516.59251 10
e 63.45044 558.13364 9
e 143.56693 598.37165 10
e 28.48366 425.91746 8
e 165.60594 655.24470 8
e 148.08831 422.99095 8
e 34.84063 568.83724 6
e 12.96115 204.13870 8
e 139.29126 408.95906 11
e 61.11562 604.41540 12
e 97.01948 583.32844 6
e 21.04602 590.35882 5
e 22.83666 276.33885 11
e 96.97523 306.22944 14
e 190.98713 632.58415 7
e 42.48365 612.30791 15
e 77.90581 571.68817 9
e 107.38975 604.00833 9
e 188.41647 664.72253 7
e 127.74288 353.31882 12
e 42.88443 653.84883 7
e 131.09695 269.76333 9
e 147.75712 310.61570 6
e 364.49515 725.30778 8
e 152.55030 306.18083 5
e 195.64549 288.69518 12
e 43.17341 651.26187 16
e 49.11454 530.11735 7
e 237.34815 585.47659 7
e 70.28393 273.16530 6
e 42.59741 625.56129 9
e 234.38836 287.74126 9
e 90.82782 507.64207 9
e 172.54453 686.00642 13
e 123.87537 619.99340 7
e 73.19740 398.10346 12
e 83.66550 328.18018 8
e 167.44310 772.10103 6
e 192.69119 528.56441 6
e 154.04419 337.43380 11
e 85.44132 599.45442 9
e 246.90229 493.01987 8
e 182.71754 548.96002 11
e 44.67276 705.76080 11
e 105.20919 357.19771 17
e 391.71664 847.45423 10
e 235.12188 535.44389 11
e 218.80852 416.47603 8
e 120.39223 492.59735 5
e 135.58658 468.51069 7
e 200.29583 417.20479 2
e 33.81287 778.28663 12
e 196.45272 460.96608 9
e 14.06460 754.17969 6
e 178.84175 583.42492 7
e 94.89948 413.67882 10
e 144.24882 338.26781 10
e 84.44838 525.43504 12
e 151.91035 297.02209 9
e 133.43431 594.62347 10
e 99.49105 568.56211 9
e 132.65508 706.58545 8
e 138.06915 421.74595 11
e 176.94861 797.35599 8
e 9.34144 777.35540 13
e 33.02396 495.39040 8
e 88.10416 535.99821 9
e 93.14653 453.31937 8
e 218.60956 693.07332 8
e 76.87840 708.85419 10
e 107.42770 561.39373 12
e 81.70718 749.02914 9
e 110.35189 722.87596 5
e 32.95684 704.46020 9
e 205.87730 447.16466 12
e 192.05292 400.31653 10
e 52.53968 728.92313 6
e 238.22669 371.71619 9
e 137.62026 395.77975 6
e 228.02230 633.41534 10
e 52.83612 724.53807 10
e 230.65410 583.50750 7
e 150.16765 453.14329 13
e 158.03622 556.33670 7
e 133.58903 490.32902 13
e 150.39499 403.62171 10
e 107.59457 474.58623 10
e 236.20566 393.04700 7
e 71.25157 598.81802 6
e 101.47432 646.33257 12
e 120.77808 867.26612 7
e 104.61084 489.91178 7
e 236.00931 590.74779 5
e 120.93850 536.13152 9
e 125.34243 723.43525 13
e 173.53264 624.35379 7
e 235.77399 799.82104 13
e 199.51545 430.36999 12
e 135.96418 767.95481 6
e 81.56081 232.94733 11
e 214.72064 534.17699 8
e 214.32029 505.11725 10
e 57.52116 747.07406 5
e 255.21673 481.32527 13
e 80.10247 565.58734 5
e 27.53016 593.99845 10
e 59.62793 351.55527 6
e 71.61248 823.95972 11
e 166.30904 577.12909 8
e 138.98913 854.35518 5
e 114.82834 651.91708 12
e 146.12393 461.73533 15
e 309.25801 345.76196 13
e 75.27382 300.43729 8
e 175.19511 382.94729 9
e 265.68717 793.62381 5
e 151.35862 175.64901 7
e 135.15307 378.40761 10
e 168.22895 298.55061 7
e 151.60533 275.33064 9
e 87.23272 500.46288 6
e 60.69534 580.74004 9
e 162.14456 956.30907 14
e 126.10920 563.20571 16
e 106.95612 599.56476 8
e 253.60963 655.20095 8
e 102.24062 351.47942 20
e 213.69255 638.23539 15
e 105.35979 597.63433 5
e 136.22062 584.23048 5
e 259.31880 513.68534 7
e 120.28935 376.02659 14
e 127.67746 281.03673 6
e 15.66119 891.92797 12
e 64.68006 429.99607 8
e 69.25883 584.08373 10
e 6.53200 621.52475 11
e 230.19288 734.05306 11
e 98.26295 496.33966 10
e 156.72889 563.69782 8
e 182.57497 412.32146 11
e 38.21649 694.63006 11
e 97.51806 449.65633 9
e 30.79499 270.81713 9
e 125.90949 753.23489 11
e 105.52409 796.42804 12
e 203.96292 592.54195 10
e 37.39399 288.16287 17
e 232.44249 755.79577 8
e 280.84413 307.41687 7
e 98.12217 676.87976 10
e 70.97782 702.46786 7
e 192.84669 599.33872 10
e 113.14424 624.85143 10
e 181.32557 400.20409 10
e 88.28278 770.15822 8
e 46.22700 620.58206 8
e 160.28177 699.55125 15
e 72.99619 497.29441 4
e 155.17263 577.97411 5
e 164.76039 116.64362 9
e 191.81270 405.71178 12
e 185.40634 806.99975 11
e 43.30277 529.40663 11
e 201.38221 631.28869 5
e 36.31741 459.88871 9
e 143.54856 593.06103 11
e 221.69072 406.22947 15
e 208.53221 510.79188 8
e 155.56276 606.40414 6
e 163.45495 565.78070 11
e 94.31053 397.31113 6
e 223.14183 281.22781 10
e 164.41533 433.02766 7
e 136.61900 799.66413 4
e 147.52829 390.14761 16
e 127.20894 516.75426 9
e 7.30416 318.67527 10
e 153.91764 351.98099 11
e 178.44552 55.17487 8
e 105.30879 671.20220 7
e 263.55946 597.49650 7
e 72.87901 514.36943 9
e 113.96572 518.38498 10
e 162.02427 265.77342 7
e 56.53018 479.59730 5
e 134.62793 566.78038 9
e 113.70574 826.05974 5
e 240.71598 396.38760 8
e 71.27293 924.33657 9
e 111.43817 613.49904 12
e 210.18143 539.50194 8
e 110.35795 741.78335 11
e 117.27125 607.54315 8
e 152.89497 589.72205 13
e 133.63659 965.29670 9
e 127.26185 387.45170 4
e 84.28440 474.37593 9
e 13.08890 607.92426 6
e 42.28187 351.36863 6
e 105.79085 474.37158 9
e 37.52010 637.95313 11
e 100.67334 462.39297 9
e 208.10355 410.59206 11
e 132.39199 707.14187 12
e 56.05510 455.47856 10
e 198.16514 519.92585 11
e 147.78090 781.52178 8
e 23.65031 112.80604 9
e 68.52856 497.81106 7
e 49.67594 861.52657 15
e 165.91223 458.30938 11
e 18.46630 567.43190 14
e 50.16257 416.20884 10
e 137.65973 562.31948 8
e 86.09618 554.22219 7
e 217.79930 613.39642 11
e 165.81969 665.37964 6
e 75.19296 410.63068 10
e 158.09944 766.11486 12
e 197.75151 756.13861 10
e 82.67848 408.47867 10
e 6.93920 387.32916 6
e 12.69730 323.98587 9
e 82.33424 580.62223 6
e 150.90964 613.82182 10
e 78.36188 550.72722 4
e 155.39698 560.56035 12
e 90.24595 447.28871 4
e 76.20657 647.61636 6
e 35.88934 549.58239 14
e 266.30911 460.42332 9
e 164.87010 608.38067 5
e 109.88198 408.62399 10
e 88.09540 479.91306 11
e 191.01710 228.80190 11
e 33.41929 453.64913 6
e 155.89247 529.91677 8
e 127.08849 606.26156 12
e 81.22509 368.89445 13
e 122.56361 557.52973 9
e 157.05130 483.08453 11
e 29.40146 493.09636 13
e 137.08479 690.93779 7
e 190.74678 418.89376 7
e 55.22433 196.17082 8
e 86.45089 491.77360 8
e 43.17593 735.43055 13
e 89.53454 558.84277 11
e 105.88365 659.81787 9
e 13.77155 453.65972 13
e 35.82557 300.30525 15
e 40.42709 653.52785 9
e 122.00967 567.64815 7
e 33.84521 528.93668 10
e 181.26110 466.10894 11
e 39.72202 723.04813 6
e 139.06264 322.75159 9
e 127.37760 324.75862 19
e 148.60201 347.19084 11
e 191.36090 486.42257 15
e 9.05873 386.47663 11
e 20.61226 309.06885 10
e 184.20567 720.66159 10
e 46.76440 567.48673 11
e 167.68848 312.64143 16
e 204.11548 388.19971 13
e 71.70851 550.31817 4
e 108.41336 315.58478 6
e 247.43621 490.45649 14
e 127.49326 417.57598 11
e 8.16138 481.99085 15
e 253.00858 779.93855 6
e 208.27883 599.22935 8
e 123.16336 439.96800 7
e 333.33684 817.67419 9
e 102.21546 426.72172 10
e 147.63345 888.07016 12
e 136.95213 830.86198 12
e 166.46808 562.49025 9
e 191.20567 347.09695 8
e 197.66630 695.38187 12
e 146.53524 310.30648 9
e 31.91114 676.18636 7
e 78.02994 534.78464 4
e 202.51855 299.20764 7
e 61.18099 543.16885 6
e 67.67529 536.64341 11
e 23.19630 444.81013 12
e 135.99334 512.27689 5
e 188.06128 299.99655 10
e 90.76475 719.57861 7
e 50.90249 292.36403 13
e 112.61455 868.20122 14
e 281.67600 463.64219 8
e 197.58568 593.28764 12
e 128.34682 567.69464 11
e 33.18103 327.91096 15
e 133.39271 305.55498 8
e 66.90285 378.43984 8
e 144.54762 740.64968 9
e 123.56839 774.35383 5
e 213.88441 398.07355 11
e 198.44374 629.80073 4
e 17.73083 518.97828 12
e 178.92438 475.89460 8
e 10.21883 722.79787 9
e 136.07988 416.85351 18
e 140.32321 384.11983 7
e 134.59911 412.42275 11
e 72.98820 601.25500 10
e 217.06108 350.97616 12
e 298.12105 614.51455 11
e 16.66557 370.62536 9
e 71.67625 550.27826 9
e 222.70531 614.81880 8
e 75.10764 788.41493 10
e 143.51621 421.28885 10
e 141.86309 632.19617 11
e 283.33973 470.97396 7
e 290.78123 264.63846 11
e 36.75115 461.44136 7
e 64.14349 592.84348 7
e 171.51864 601.30401 7
e 149.78766 558.42663 10
e 155.30130 393.86854 6
e 217.72506 538.74328 6
e 38.99795 112.27685 9
e 89.21210 604.26060 11
e 203.56110 517.33691 12
e 90.28049 485.40112 5
e 133.82191 891.74975 6
e 118.01530 599.06076 10
e 62.29941 600.99918 12
e 192.04730 665.37900 8
e 46.33012 351.95789 9
e 103.19106 260.81138 11
e 111.42590 361.69486 12
e 42.07606 522.39051 9
e 93.25633 578.34251 9
e 155.92231 508.19504 9
e 72.50445 584.82383 7
e 129.44771 371.95423 9
e 80.26818 355.99611 16
e 15.29849 627.34187 11
e 116.59711 795.95557 7
e 14.79619 246.43557 10
e 42.95645 656.28695 10
e 339.50321 747.25396 5
e 41.70877 395.53379 10
e 149.85943 145.77136 11
e 195.82751 814.52638 11
e 149.25494 652.84037 10
e 97.16626 315.76304 9
e 169.83411 691.46484 9
e 68.24944 319.35192 7
e 36.22324 647.96793 13
e 119.94649 453.26627 9
e 167.15396 429.95095 15
e 43.42103 376.00975 11
e 10.35093 524.85698 5
e 220.23863 201.86664 8
e 178.99571 631.08861 7
e 259.46237 288.16829 6
e 150.79785 311.32987 14
e 132.32850 373.75889 4
e 96.54386 786.46574 10
e 121.48520 677.53131 5
e 45.97312 680.73875 10
e 228.38324 988.70991 9
e 120.91821 459.15421 5
e 108.70605 606.20819 11
e 89.42180 339.36552 7
e 204.05486 762.37360 6
e 127.12693 644.13802 4
e 177.74866 513.03084 6
e 209.45204 694.56839 8
e 347.74462 396.23800 14
e 32.80091 637.00204 8
e 174.44555 347.71111 10
e 88.79849 440.77100 4
e 14.55045 662.18766 13
e 163.95909 564.68107 9
e 124.01329 347.36671 17
e 62.52437 634.79539 7
e 178.21168 805.46943 8
e 152.93534 821.06182 8
e 30.57660 722.09313 7
e 44.16024 600.62048 4
e 174.59374 352.54286 8
e 252.59387 591.86810 11
e 59.01494 440.60706 7
e 135.29330 451.50127 6
e 82.53776 327.58296 11
e 28.10300 599.49125 2
e 90.10810 336.08384 9
e 265.42004 872.36796 11
e 117.75626 414.03308 11
e 132.72877 598.39686 10
e 159.86042 504.76886 9
e 286.51368 485.63139 7
e 46.62182 600.36237 8
e 178.41342 595.60895 12
e 87.48622 400.68639 7
e 242.78174 515.18783 5
e 101.67808 423.44230 14
e 75.89684 263.20172 13
e 31.34022 726.91494 5
e 92.10392 611.11559 14
e 39.13183 453.79158 15
e 174.89770 482.12935 7
e 33.43699 632.38667 6
e 123.15729 562.73608 12
e 120.67476 770.85215 8
e 110.85976 235.38829 7
e 184.01507 682.30600 10
e 123.88781 532.35374 12
e 54.57435 523.81859 10
e 51.93807 488.43810 10
e 106.14260 526.23825 16
e 2.35000 412.37067 7
e 89.38412 606.71055 5
e 250.11234 407.47371 5
e 117.04555 430.82047 12
e 2.33859 419.34138 8
e 81.84779 485.48606 15
e 91.38785 704.67627 5
e 31.18040 324.52378 4
e 171.14491 456.74346 9
e 156.55412 603.91141 7
e 110.57288 468.27888 12
e 30.32662 409.02237 10
e 229.87827 636.18717 5
e 22.01408 461.51068 10
e 161.80190 533.41004 14
e 72.89300 192.82944 4
e 33.66681 559.51235 10
e 54.69472 501.61644 10
e 152.33300 604.89340 7
e 206.12448 805.75611 4
e 148.27395 380.36763 7
e 153.53960 504.79567 12
e 275.48020 777.33539 10
e 262.21213 485.64834 7
e 9.08723 602.45461 11
e 137.44264 569.26594 15
e 283.28270 478.37160 10
e 222.25299 658.64246 9
e 302.95180 793.92732 11
e 248.89821 699.41839 6
e 300.84388 600.49321 8
e 154.26077 708.78818 7
e 109.75518 539.82763 17
e 126.98129 327.37816 7
e 62.59892 605.11275 12
e 195.74105 490.34443 11
e 152.64900 701.89835 10
e 184.66348 499.10639 18
e 48.76527 435.95718 9
e 194.65226 453.41723 14
e 149.26000 775.42738 6
e 102.44761 373.78828 12
e 84.59815 486.16338 9
e 89.38624 745.53424 8
e 28.17363 321.61775 16
e 66.85550 616.47596 8
e 26.34467 664.00408 12
e 174.81098 413.23767 10
e 232.28639 401.22388 12
e 150.66892 494.43965 5
e 68.13502 554.58696 14
e 60.61360 734.37760 9
e 195.46066 415.24668 14
e 41.44400 301.95927 8
e 65.17816 352.03449 8
e 119.07693 862.85084 12
e 146.31053 431.92558 9
e 71.79811 597.15623 5
e 148.64463 671.18576 6
e 107.02851 486.84416 9
e 100.90146 643.62959 15
e 219.56474 430.63102 7
e 178.73525 404.66733 7
e 182.57172 663.87776 8
e 166.51466 583.09246 9
e 63.61337 675.17589 15
e 123.25207 668.76706 10
e 40.77000 533.33283 10
e 237.56152 371.47486 10
e 85.59046 567.27882 15
e 77.29480 457.55944 9
e 178.69447 592.03169 6
e 99.34062 259.10405 11
e 141.59629 628.08354 7
e 169.04713 526.23230 7
e 76.27986 347.52859 10
e 29.81631 258.83869 10
e 20.60586 325.70145 7
e 90.10804 724.85820 6
e 158.72930 402.87560 13
e 115.51499 924.77388 10
e 133.41237 506.89660 6
e 158.19878 435.64527 7
e 293.25244 668.05982 13
e 163.80396 587.44887 9
e 69.14622 640.68288 6
e 167.64091 261.96359 9
e 131.63935 358.83438 10
e 52.53689 647.75024 16
e 43.37450 250.83600 8
e 150.26054 499.26725 12
e 142.74922 535.42581 13
e 119.72271 459.55060 9
e 125.69107 621.63271 7
e 139.23910 688.91964 13
e 167.66955 432.79435 8
e 42.48260 318.64583 6
e 126.66951 843.90472 14
e 172.60624 593.71944 6
e 15.14536 324.62613 10
e 149.04388 213.40268 5
e 156.23126 462.96157 7
e 21.78674 734.71227 7
e 75.28405 547.15661 15
e 86.62079 628.67327 12
e 55.47036 375.77517 11
e 9.92095 806.56916 6
e 53.02835 317.07372 10
e 71.06796 470.39913 9
e 253.69049 561.41418 10
e 30.56835 322.27065 12
e 122.16649 351.05347 10
e 246.82912 431.69642 12
e 275.56229 738.92214 9
e 37.91921 734.63198 9
e 144.26381 297.29976 6
e 102.24775 446.61994 5
e 208.91051 274.71887 13
e 278.48385 531.18145 15
e 170.66861 474.48577 7
e 132.88100 197.99164 8
e 171.78625 439.27361 11
e 39.86137 857.64999 10
e 123.92362 663.72534 7
e 34.63434 790.57997 13
e 188.93731 552.34174 10
e 83.97935 618.66356 6
e 170.67862 381.28771 8
e 196.66842 594.82286 8
e 126.95450 511.80141 9
e 162.55654 501.63527 9
e 156.98171 325.38364 7
e 50.51011 388.43699 5
e 106.68727 809.05038 10
e 170.17009 670.69323 7
e 82.78809 786.65027 11
e 129.55618 708.30453 11
e 133.07462 524.11401 10
e 90.23445 496.94154 12
e 109.23216 418.79861 4
e 94.54001 640.75805 13
e 142.27646 401.87493 10
e 46.22337 520.43931 12
e 262.56226 755.68694 11
e 282.17227 431.89654 5
e 31.93609 327.31859 20
e 159.75198 656.23672 12
e 49.02205 401.63347 9
e 18.37944 179.56919 12
e 171.56836 625.92686 6
e 311.70876 590.20989 15
e 144.54087 404.16410 6
e 301.16153 399.58231 8
e 294.51762 789.19836 5
e 66.93305 711.38342 12
e 8.78590 604.62612 9
e 263.14073 395.87093 7
e 98.63300 613.74783 11
e 453.28836 678.96694 5
e 309.19346 1048.12412 8
e 455.52537 731.53148 8
e 630.72571 979.83856 6
e 290.94692 756.90309 7
e 508.84341 740.67537 8
e 443.19736 914.89176 8
e 277.75067 1064.87915 8
e 348.78981 873.49015 11
e 385.20769 933.45823 12
e 405.23813 916.42197 11
e 448.73548 1053.06962 9
e 405.87625 892.90875 11
e 524.64594 817.28879 9
e 462.36646 803.05106 8
e 448.59321 982.37957 10
e 561.03372 851.95216 5
e 539.72897 989.44706 10
e 565.97157 1030.78266 11
e 314.56197 989.59390 11
e 404.35612 981.87489 9
e 686.73835 843.81913 8
e 483.25367 806.56884 8
e 563.77156 1047.15391 11
e 509.85118 970.63860 6
e 460.34394 899.33216 15
e 449.53909 1038.67079 8
e 406.96133 971.06093 8
e 427.07711 1076.02755 8
e 396.67476 909.12081 7
e 536.43737 794.78124 9
e 601.77776 1001.35856 12
e 422.24003 775.56986 8
e 339.48164 910.12235 12
e 387.04381 1003.89040 10
e 420.56087 805.49468 6
e 591.42369 930.34311 9
e 472.09125 799.29293 8
e 303.17566 1059.92558 3
e 503.34684 981.48889 10
e 363.99456 1066.10620 11
e 428.15944 865.12455 8
e 289.01781 798.45810 10
e 518.65393 836.61110 10
e 519.04848 1066.85058 9
e 512.17964 1047.79905 5
e 363.89254 1079.45855 15
e 321.83374 1021.71418 8
e 507.16292 952.95327 10
e 555.10591 852.44007 11
e 337.78525 1012.32299 5
e 456.34821 1064.53835 10
e 523.74152 1012.66418 7
e 476.46901 1077.57783 7
e 577.92290 810.22191 9
e 591.34189 1067.09487 6
e 364.26310 786.78211 14
e 537.80751 1037.71997 13
e 506.26898 851.98715 9
e 370.24017 920.52481 8
e 443.88964 791.14945 8
e 399.14765 934.54570 12
e 458.73962 986.85393 7
e 568.04973 928.90461 8
e 457.45577 854.69494 11
e 459.30807 870.83253 12
e 340.96253 599.99201 7
e 504.73695 626.87616 4
e 444.35591 1014.83862 9
e 321.78615 785.39537 8
e 356.81995 865.16568 7
e 585.27166 975.62692 12
e 497.08524 885.52221 13
e 465.62806 1058.62789 7
e 559.47127 1013.12595 8
e 466.01009 794.56244 5
e 382.50741 899.36288 14
e 522.84840 766.78285 9
e 439.89204 932.79544 6
e 499.93299 699.22191 9
e 552.90539 845.86913 13
e 325.30790 1009.86369 12
e 457.26690 936.97619 7
e 465.54945 1015.84715 5
e 437.65218 954.39867 8
e 477.60159 613.57708 7
e 306.48509 986.68969 7
e 696.01271 931.00249 7
e 449.08835 946.49830 10
e 459.36041 889.77071 5
e 441.02713 936.36673 8
e 412.95461 895.37774 10
e 444.18389 936.99297 10
e 480.29740 957.69201 10
e 430.22081 794.84523 9
e 519.99794 1041.88370 5
e 523.41466 951.31198 4
e 399.11416 988.79300 9
e 454.75092 778.78184 14
e 524.08809 924.19698 7
e 630.39217 816.64899 6
e 474.63904 876.05114 10
e 355.32207 918.39069 5
e 326.79883 1024.28943 10
e 559.27163 923.18326 7
e 374.83040 1025.93140 10
e 511.22843 996.98216 10
e 301.61721 1052.97790 9
e 507.63408 634.74789 6
e 488.40227 1007.14804 19
e 404.64173 997.07419 10
e 381.74393 850.35793 7
e 509.03206 934.46908 13
e 401.77296 988.54542 11
e 255.25884 962.42050 8
e 478.93108 986.38380 14
e 616.05031 943.17730 11
e 308.60234 720.22885 7
e 637.11224 1055.46163 13
e 514.41991 848.00929 10
e 418.98689 886.61813 10
e 649.80744 962.32194 11
e 433.08821 1057.44561 8
e 431.14446 640.52023 13
e 530.88602 682.10978 9
e 533.30035 783.53620 10
e 488.81291 888.95211 12
e 447.83266 1062.97032 5
e 512.99211 831.97957 14
e 460.90437 726.52337 8
e 279.18250 1011.96043 8
e 546.96996 940.96035 14
e 430.51335 1064.02307 9
e 467.92305 962.15091 12
e 434.41714 722.04474 7
e 397.81524 948.53360 5
e 531.69597 1046.31042 8
e 404.74091 858.41966 6
e 449.49756 983.23441 10
e 601.06120 861.09575 9
e 430.16492 1017.79211 12
e 519.90821 1073.87063 7
e 513.83262 851.51040 5
e 374.30694 776.49246 10
e 637.98996 1008.62459 9
e 499.19183 938.95577 8
e 437.75832 706.27750 12
e 378.50691 1032.82816 10
e 444.58265 795.57915 15
e 408.73207 947.83320 9
e 539.79177 753.73757 8
e 320.89813 1006.78875 10
e 414.43851 1016.05610 5
e 419.10914 1071.38889 5
e 451.09881 1022.90193 16
e 476.91284 1033.25809 9
e 343.45092 829.36024 8
e 527.69280 994.10206 15
e 522.69488 933.66811 7
e 416.78387 810.67704 9
e 409.08848 661.86118 16
e 511.61088 924.51388 7
e 504.39078 1074.08747 12
e 488.34869 1070.68001 7
e 367.04318 861.54498 12
e 426.59968 1069.08710 8
e 310.42241 842.39866 9
e 523.01356 927.53490 8
e 417.18085 543.81148 11
e 572.01125 983.89793 6
e 488.19121 843.58785 7
e 461.09530 931.03990 16
e 404.32112 948.38539 10
e 557.39512 927.83240 12
e 452.10470 916.66661 4
e 469.32661 1037.18712 9
e 462.34767 1047.75661 8
e 496.19548 1054.16360 11
e 526.49938 970.57378 4
e 522.78090 945.21210 12
e 410.28685 815.80207 13
e 327.42480 963.64460 6
e 527.07367 904.47955 6
e 453.48786 1035.48850 9
e 483.86653 945.34044 8
e 397.69020 860.35430 9
e 410.71221 1058.32459 9
e 536.46390 942.59837 10
e 460.77850 982.26056 8
e 407.35938 729.70662 9
e 545.24589 945.16919 5
e 417.07451 887.89639 9
e 487.92711 826.13904 8
e 562.84532 1043.35107 9
e 456.64813 740.79594 11
e 563.75322 812.46368 10
e 599.90255 958.61894 10
e 518.33343 927.03607 4
e 376.43670 884.00705 14
e 410.47815 688.08291 14
e 601.10803 800.44382 7
e 673.06748 660.13190 8
e 481.27750 595.15677 11
e 678.69676 553.60962 10
e 663.32110 764.47433 13
e 622.94682 607.37678 10
e 523.71772 736.40335 9
e 640.68536 541.77596 8
e 695.67459 1015.83718 10
e 617.24567 825.51352 8
e 609.34368 973.81028 12
e 577.29817 745.38298 4
e 639.04655 859.40537 6
e 681.09428 635.45024 5
e 718.04869 748.86336 5
e 556.16794 589.30277 6
e 617.15721 852.58764 8
e 636.03054 725.69184 13
e 613.06352 857.01568 9
e 648.23073 768.08679 8
e 691.26798 599.42911 12
e 627.87844 875.40064 14
e 506.12551 832.15678 21
e 602.23809 745.78857 8
e 638.36137 619.86834 8
e 642.90110 585.28901 10
e 628.57718 645.90251 5
e 511.94151 707.58017 11
e 386.16078 580.21913 6
e 692.28108 821.93925 13
e 701.44413 773.64745 6
e 705.66439 827.64827 7
e 675.72656 820.47881 7
e 625.81466 888.67822 9
e 607.64377 757.92390 9
e 710.43722 824.15416 12
e 536.26641 515.82779 11
e 503.45664 854.17667 6
e 620.77869 933.88778 4
e 560.50720 757.51211 9
e 538.99346 719.41871 15
e 687.94431 855.75847 14
e 618.82590 767.50202 8
e 629.33281 858.43990 8
e 667.29452 631.58745 7
e 655.84899 671.44830 13
e 665.63710 705.21771 9
e 623.56082 745.37581 10
e 693.61801 638.55811 13
e 614.06573 1022.84615 13
e 673.21622 554.85885 9
e 626.52709 929.03571 6
e 557.46302 826.87506 9
e 659.93150 813.66305 6
e 683.61155 784.69004 10
e 563.97701 794.75755 5
e 692.47649 808.42288 10
e 609.53924 675.45445 7
e 627.82120 505.62505 5
e 595.77104 900.61402 8
e 663.04397 713.81193 6
e 671.05131 808.75764 12
e 661.92857 589.42550 8
e 631.74813 890.40835 9
e 618.11985 597.48854 8
e 604.24135 490.45546 7
e 607.63610 647.27847 8
e 647.63014 634.37586 5
e 522.45823 717.76439 11
e 657.88076 654.49259 8
e 609.19437 1024.24379 11
e 648.91787 444.37674 9
e 552.83063 785.41133 10
e 681.76991 938.33017 13
e 613.43797 529.46861 8
e 638.88251 800.47511 11
e 521.62415 571.59071 9
e 668.10591 895.80145 5
e 563.94299 526.50282 8
e 589.43849 708.34638 6
e 553.28324 625.92077 11
e 629.85137 909.33405 11
e 528.41051 435.43115 8
e 691.46881 836.97795 5
e 654.04554 737.31166 8
e 683.14498 592.69116 6
e 712.57660 826.70236 7
e 569.82877 571.25960 10
e 611.09937 916.08140 4
e 513.06123 609.55384 6
e 685.97380 800.78344 14
e 642.67634 798.78919 13
e 536.85168 1063.96582 5
e 679.05912 938.87056 12
e 651.97177 986.89472 6
e 562.99902 952.66740 9
e 599.60735 812.02845 17
e 580.49707 607.95457 8
e 705.17731 550.90137 14
e 612.50445 756.58251 15
