c ./output/rectangle/gaussian/gaussian-rectangle-6-2000
p rectangle 2000 720.00000 1080.00000
e 354.18563 508.63912 8
e 199.90008 164.47816 9
e 372.41587 494.19985 9
e 397.93419 380.66309 7
e 285.54681 632.36042 4
e 401.38711 587.07184 8
e 282.70656 446.60010 11
e 463.42611 468.52388 9
e 343.04320 608.42171 14
e 324.03251 814.60323 8
e 479.51550 672.76304 9
e 289.43211 526.13088 8
e 293.94711 644.21953 13
e 516.34081 533.53654 14
e 356.18840 520.65903 7
e 376.45697 779.99501 14
e 388.18597 625.74006 9
e 398.39849 158.99057 8
e 327.54373 511.16239 9
e 345.26335 424.22172 11
e 398.34590 169.84136 10
e 426.89344 591.20000 10
e 326.79911 656.05114 12
e 329.75861 611.67355 10
e 448.78456 552.68547 7
e 439.14858 843.47333 21
e 435.17683 537.74060 9
e 389.49316 973.10106 11
e 348.54980 488.47790 9
e 320.22736 393.21811 8
e 448.86276 607.13852 11
e 340.50760 512.14125 9
e 364.59130 610.48209 10
e 403.47283 577.09034 9
e 428.42911 514.61888 8
e 386.35096 536.97498 11
e 324.59310 323.44613 14
e 390.45579 405.77669 13
e 270.93896 640.98958 8
e 447.95704 510.39063 8
e 413.09732 351.76626 14
e 341.33317 394.45161 7
e 461.76192 419.19017 7
e 394.55670 561.97490 10
e 369.34103 463.23362 12
e 442.29306 465.72771 6
e 417.30440 564.22585 10
e 318.87940 539.26027 8
e 233.02402 569.50014 11
e 348.52424 516.05073 9
e 308.70272 500.85791 5
e 379.73876 296.96168 16
e 395.46847 510.27783 8
e 569.69759 442.48406 7
e 334.65714 432.64007 8
e 355.63542 233.21988 8
e 263.93334 502.92050 8
e 321.29913 562.51681 14
e 288.69014 406.37066 10
e 380.25772 494.23998 9
e 390.79042 678.46620 7
e 492.74300 732.77625 13
e 415.96155 443.85012 19
e 268.26752 185.44138 13
e 482.39442 436.21200 9
e 389.42283 535.12179 10
e 365.56132 475.60738 9
e 382.75422 338.93472 10
e 587.97486 582.00374 6
e 354.27125 394.65311 7
e 368.74063 746.25234 11
e 438.26193 492.76234 8
e 478.27081 472.20472 8
e 232.52109 504.58638 10
e 294.32183 418.59755 8
e 507.20348 509.26214 12
e 362.49630 636.05880 11
e 347.08222 549.36659 14
e 356.14107 144.88063 15
e 395.41925 335.35540 7
e 420.26576 349.21071 8
e 307.65266 631.44874 10
e 219.17271 57.45305 6
e 343.49283 733.05244 8
e 213.73481 608.67754 6
e 450.43243 460.28644 18
e 479.79179 622.64766 9
e 314.39769 339.90714 11
e 446.98430 462.96383 11
e 307.76652 537.81714 4
e 312.47811 317.08353 11
e 404.48352 567.61925 14
e 688.06042 457.95735 5
e 367.59740 487.90724 10
e 533.88485 353.97729 4
e 267.15839 630.83124 5
e 337.44577 502.38470 7
e 535.87070 414.41377 13
e 316.13389 230.26507 9
e 413.77565 474.86438 8
e 362.61767 573.21073 6
e 501.59393 581.27081 18
e 571.52870 540.13410 6
e 678.12306 436.48434 13
e 347.46433 681.36847 12
e 357.15239 140.44299 8
e 417.27950 729.79101 10
e 374.39452 334.29996 14
e 299.48977 514.71315 9
e 382.19319 429.14521 10
e 283.97310 538.88427 10
e 331.74524 603.18768 13
e 230.93349 395.30477 12
e 333.29058 281.00503 7
e 538.41991 585.95857 7
e 412.79877 551.66193 7
e 427.97679 427.94422 3
e 428.90256 195.75922 9
e 305.98532 547.10043 7
e 210.98168 502.13491 10
e 359.62908 240.80429 8
e 327.19083 477.22836 10
e 335.31059 358.76034 8
e 320.58983 387.70985 6
e 497.26896 575.28842 8
e 380.79389 677.29278 8
e 385.45872 493.70293 8
e 279.36041 644.27508 10
e 335.70828 497.79868 15
e 466.82728 509.07859 6
e 384.58199 630.64030 7
e 366.65174 312.03412 15
e 354.15957 627.80237 8
e 479.78929 522.71633 7
e 244.05127 403.91633 5
e 390.25883 334.00023 12
e 432.43302 417.71401 9
e 374.48079 387.42337 6
e 347.23762 572.37410 14
e 330.70029 156.03006 12
e 520.52985 467.20348 5
e 443.90483 349.82901 5
e 309.90993 429.32430 5
e 365.51311 535.23889 5
e 352.87542 624.05350 10
e 348.65710 708.11535 12
e 345.30253 759.38922 13
e 438.48997 166.49186 14
e 454.21552 499.00061 6
e 339.03485 648.76242 6
e 504.16456 225.81672 7
e 462.03074 301.39622 9
e 241.01655 504.45288 10
e 391.90298 215.93079 10
e 292.47142 598.29046 10
e 297.96079 360.25428 7
e 298.54581 320.82260 6
e 390.75311 308.91950 10
e 338.91186 159.25643 5
e 137.65790 504.50654 12
e 412.80501 213.53847 8
e 414.59950 412.29859 8
e 286.37825 278.28404 6
e 457.91333 613.49971 10
e 395.54688 482.32039 7
e 340.62856 708.59445 9
e 447.22395 340.98709 10
e 329.48325 427.88611 15
e 240.11353 363.56504 4
e 242.26635 379.29365 13
e 401.47966 302.27416 14
e 309.68156 283.76875 13
e 326.10106 777.94240 6
e 401.41188 565.16147 12
e 136.89020 406.37973 13
e 343.95147 242.55540 9
e 222.56219 349.83743 11
e 519.00446 722.93436 10
e 447.11851 663.14423 11
e 410.28049 259.92683 12
e 317.89090 203.29922 8
e 301.88203 664.66468 9
e 319.58540 409.16659 11
e 267.19148 595.78966 4
e 300.89845 404.88990 12
e 258.30928 551.32137 9
e 553.56055 522.82291 7
e 468.09814 457.25934 12
e 345.83286 492.83461 10
e 265.12230 381.69109 11
e 502.64963 422.07568 11
e 555.61348 647.02682 7
e 381.10845 689.81262 4
e 399.16217 548.88458 7
e 451.71084 426.44709 8
e 384.12812 318.57091 6
e 494.55173 375.17897 6
e 343.76738 615.75180 6
e 535.94071 528.66156 8
e 339.27272 220.20471 11
e 397.84487 313.29707 9
e 461.78365 507.27135 9
e 256.17610 354.14487 7
e 377.38407 677.69804 10
e 428.10985 412.44189 11
e 281.98890 321.40143 5
e 199.41577 365.55460 7
e 540.51304 453.67230 8
e 483.87516 266.32109 9
e 328.04390 710.97636 10
e 311.83567 425.43537 9
e 420.16748 349.80000 6
e 441.48057 431.23106 9
e 470.64407 570.67827 9
e 437.31152 672.08424 14
e 423.32726 347.19734 6
e 247.59054 480.90545 11
e 152.78679 412.52697 5
e 196.31034 288.58215 13
e 218.49807 51.01488 9
e 131.98987 200.35277 12
e 380.37315 579.14219 12
e 157.54434 492.14296 8
e 357.72776 384.25755 6
e 387.11091 380.47600 10
e 344.60149 453.24216 15
e 429.25454 640.53570 9
e 305.55028 379.30437 5
e 265.65875 350.82847 4
e 439.34246 649.81897 11
e 452.69264 282.35509 7
e 393.90855 300.12415 6
e 417.00246 404.60660 7
e 316.63050 392.50508 10
e 393.99211 622.02227 13
e 339.74478 288.90818 7
e 350.89016 371.65673 11
e 202.97619 218.89870 6
e 398.03648 299.74047 7
e 293.34343 516.64147 10
e 402.58172 345.79150 8
e 357.00855 635.68387 6
e 413.91124 287.75358 13
e 290.44980 457.12564 12
e 407.11704 283.95935 11
e 265.82357 596.20370 12
e 271.31944 469.53360 10
e 145.69613 567.77998 9
e 262.23311 609.56194 11
e 419.02177 428.03840 9
e 437.47894 230.57884 9
e 301.51820 487.06400 8
e 391.59655 712.41473 7
e 393.25738 469.85692 9
e 487.00970 466.81774 12
e 449.22831 843.83391 6
e 441.35007 565.24216 6
e 460.10082 344.33864 8
e 252.51887 730.25577 9
e 456.72291 609.97099 8
e 461.08145 632.63880 5
e 397.05116 527.15318 9
e 236.12468 381.57092 7
e 497.25611 510.70728 12
e 367.87574 439.48128 13
e 305.24882 378.83485 8
e 395.25031 553.68735 10
e 331.29210 708.16044 13
e 417.00441 742.49056 13
e 469.31303 408.33989 8
e 246.63694 658.69664 7
e 487.75865 210.44838 9
e 390.17492 378.34681 7
e 311.03458 196.11997 13
e 436.92038 530.39690 7
e 332.55628 253.16800 9
e 374.62615 743.02233 10
e 320.80110 417.31645 10
e 406.46999 175.96404 5
e 345.71176 408.75176 10
e 357.76792 540.29301 9
e 327.92037 858.67874 7
e 265.68832 631.76704 7
e 505.51584 368.15831 5
e 332.33883 310.55200 11
e 105.54854 588.24039 5
e 472.81210 436.75862 8
e 367.08447 749.60325 11
e 548.96137 701.58366 15
e 342.96201 685.48350 15
e 344.62352 340.86323 11
e 360.73092 754.78625 9
e 394.50060 102.98874 7
e 410.11768 736.51188 10
e 325.92013 581.33726 7
e 344.07493 487.58916 15
e 236.24783 841.08320 6
e 387.78268 438.66948 13
e 331.07369 601.09178 7
e 265.37904 433.75800 9
e 261.81347 654.14938 9
e 317.44007 553.45643 8
e 461.52166 265.75013 13
e 306.52870 439.38446 12
e 146.72159 647.71630 12
e 298.93881 405.26142 7
e 343.17560 433.74669 4
e 292.86536 612.66620 12
e 379.65024 626.80085 12
e 419.76727 398.80007 5
e 382.27818 754.49271 9
e 474.58560 363.30873 9
e 423.61609 697.12723 9
e 266.37879 628.29276 11
e 499.01195 231.72164 9
e 411.39419 436.07410 8
e 410.49073 565.44878 7
e 277.36756 561.39764 7
e 254.16441 455.77560 6
e 381.81739 427.13669 10
e 278.61221 198.13533 8
e 346.26953 501.21990 13
e 431.20702 620.94691 11
e 356.85671 272.36617 7
e 332.34128 478.00046 6
e 357.54353 614.89123 9
e 520.51658 663.98757 12
e 405.39402 478.54949 9
e 292.89382 430.23483 11
e 503.57387 187.72744 14
e 278.14932 451.68098 9
e 423.03595 583.74768 13
e 495.24366 608.22431 12
e 320.36086 345.45480 9
e 438.86650 505.29862 8
e 322.53592 569.83741 7
e 385.59250 631.31693 4
e 455.10508 397.34820 13
e 332.28176 732.52615 9
e 403.00934 314.05421 9
e 428.43952 421.07306 11
e 376.22010 514.33693 11
e 459.10757 353.40516 7
e 369.72830 423.35365 8
e 194.12025 564.30813 9
e 438.19416 486.85885 7
e 298.57586 695.62172 8
e 490.81236 189.01724 7
e 393.96779 605.59613 12
e 218.09064 465.56031 11
e 526.73194 272.91709 10
e 245.90769 433.35493 8
e 288.09445 466.50550 9
e 140.28438 267.73071 14
e 541.52167 664.33763 12
e 403.69024 377.94469 7
e 444.04330 613.49088 13
e 385.83421 312.14586 9
e 302.63869 315.25905 9
e 377.32226 622.05627 4
e 426.64550 579.98358 4
e 481.97096 565.77623 6
e 269.30820 362.77388 11
e 400.37163 256.32163 10
e 347.76585 395.44729 11
e 398.62942 109.14425 4
e 387.00016 342.63315 9
e 379.01261 368.53992 10
e 502.13127 366.24248 4
e 436.13558 473.42925 12
e 398.39745 600.82165 12
e 372.52913 622.59780 9
e 307.78338 556.69625 11
e 187.04426 545.99082 9
e 238.07262 642.09715 12
e 443.22005 527.41590 7
e 269.72290 562.83783 9
e 421.85239 518.34577 10
e 263.26913 354.33847 10
e 476.10788 823.93454 4
e 346.88672 624.23391 8
e 526.13815 456.59229 5
e 413.33121 748.71910 10
e 408.96691 461.15792 12
e 327.43488 533.29557 9
e 445.65444 544.49412 6
e 292.55151 417.43366 15
e 338.81495 463.47732 6
e 179.83528 518.37578 8
e 383.51192 382.90844 3
e 369.39672 299.57217 5
e 157.03000 594.67649 5
e 348.80482 442.43827 12
e 432.12838 506.76844 6
e 514.01693 501.42303 7
e 473.52211 494.69466 7
e 350.70772 459.03374 8
e 323.16280 604.34637 13
e 446.63265 257.03212 12
e 281.88371 381.05546 9
e 206.81233 343.91299 10
e 511.85600 757.22266 8
e 223.71278 466.37390 2
e 441.27154 383.38055 11
e 267.09587 463.05428 11
e 370.87531 396.86821 11
e 269.16718 413.11007 8
e 334.31542 583.56847 7
e 320.67542 527.37416 6
e 506.18634 619.27293 7
e 491.00969 576.93500 8
e 263.66531 459.64966 8
e 406.65460 411.87461 8
e 420.91766 156.33520 10
e 266.72013 448.02913 9
e 232.89448 484.88448 12
e 320.46754 427.79362 9
e 271.32906 400.79089 8
e 364.26129 495.50657 11
e 501.44617 366.70203 11
e 487.99061 433.95633 11
e 389.54774 535.84875 16
e 347.57933 563.88908 9
e 424.42845 718.23139 7
e 306.97451 427.66880 7
e 374.38489 301.50495 7
e 489.77456 443.87611 8
e 355.92678 711.58107 10
e 314.32153 667.77404 8
e 324.82763 705.44488 8
e 343.31528 464.25193 8
e 373.76579 313.83448 9
e 455.86863 314.43914 5
e 428.95224 633.35024 4
e 423.93237 234.22721 12
e 328.68577 513.58087 8
e 542.04410 553.76530 10
e 494.08914 521.31135 9
e 441.18797 969.37676 13
e 224.82490 257.36095 8
e 407.43894 615.19649 7
e 223.61979 211.48503 11
e 389.09215 482.41486 12
e 365.37234 590.25104 10
e 404.71779 101.62982 9
e 262.91166 380.39490 8
e 444.52177 339.65387 19
e 325.23351 282.83661 9
e 382.60024 682.69581 13
e 343.59872 331.23314 8
e 313.15677 569.24257 10
e 483.90899 474.46219 9
e 271.97440 589.46127 6
e 390.17981 449.53091 7
e 488.19829 546.65906 11
e 273.25860 580.39942 9
e 389.34385 481.86049 13
e 444.05710 334.83792 9
e 359.55529 384.06848 11
e 346.11248 554.81012 9
e 372.43730 577.45877 11
e 321.60408 409.82037 13
e 401.93729 490.72300 15
e 502.69556 697.14781 10
e 356.22121 265.36473 9
e 292.32161 168.78315 10
e 319.78189 728.47079 13
e 295.57403 166.48434 8
e 419.14098 507.30349 15
e 358.27165 382.30642 9
e 439.46018 543.13190 6
e 268.38178 702.88102 9
e 360.98970 420.71748 11
e 284.36196 270.42462 9
e 445.24400 193.19086 12
e 418.76165 604.50690 8
e 253.62451 265.49285 8
e 364.79490 401.62967 13
e 359.11926 426.65412 11
e 354.32782 527.13959 12
e 331.09146 311.49306 8
e 173.17582 503.92916 6
e 391.40644 689.84160 7
e 330.63904 561.58138 6
e 374.57089 642.70250 16
e 370.80409 476.10499 9
e 415.34592 544.61361 14
e 444.02444 476.04971 9
e 439.84531 325.89988 11
e 325.82428 313.07422 12
e 444.51994 732.40946 9
e 503.29748 377.42654 10
e 396.60726 473.06683 12
e 380.47190 551.84967 11
e 380.59793 626.56698 7
e 343.34612 484.46617 8
e 385.54423 475.22612 17
e 495.22929 465.69989 5
e 519.92523 266.91608 7
e 410.88345 376.69149 10
e 371.91015 460.91829 12
e 419.60576 603.81548 7
e 246.51473 739.57820 15
e 552.55357 502.78409 13
e 297.88885 509.28448 8
e 362.75964 503.00664 5
e 271.84434 348.46690 7
e 396.63185 601.67117 12
e 370.88810 196.89332 9
e 296.28443 450.31246 9
e 563.46536 449.11086 13
e 564.33754 647.71437 8
e 350.63685 615.50746 9
e 489.63553 385.83964 6
e 284.18501 613.77394 11
e 452.28181 637.66493 8
e 353.47629 608.61811 14
e 462.50500 496.17072 8
e 309.38361 450.96394 8
e 277.43992 689.78701 10
e 339.78478 466.36695 14
e 266.12490 434.43662 10
e 448.44028 658.39185 7
e 393.62811 638.24387 17
e 154.22686 658.17514 5
e 457.28044 350.28555 14
e 304.43552 149.40362 12
e 455.68574 539.85654 12
e 403.90058 689.38318 10
e 232.35359 298.32039 7
e 566.05193 649.04773 7
e 326.20507 393.97514 9
e 361.02238 569.72790 9
e 385.23109 306.05325 10
e 306.51102 787.33049 6
e 434.22278 597.88817 14
e 243.17430 367.84995 13
e 289.92220 701.55326 6
e 277.39473 498.12966 11
e 361.45855 519.88436 10
e 344.32843 283.10251 12
e 328.60994 552.24833 9
e 399.81860 422.82273 10
e 321.18625 548.93523 12
e 491.77615 494.78906 7
e 374.03972 247.24846 8
e 349.64558 360.15491 11
e 383.21697 356.89014 13
e 291.47763 343.81134 6
e 254.37502 364.83689 8
e 281.02443 608.51726 6
e 444.69887 257.60633 7
e 333.76719 316.23829 12
e 382.35502 492.79138 10
e 255.55390 487.62931 8
e 321.94733 330.72928 9
e 302.32045 217.96487 10
e 331.12641 677.39026 5
e 335.33244 433.27796 9
e 389.07531 457.73561 13
e 523.77245 387.32986 9
e 351.76929 583.87667 4
e 401.39436 447.90150 7
e 399.80623 236.46215 6
e 315.22045 782.14199 11
e 481.30223 469.31848 10
e 256.11250 321.81069 10
e 395.58807 428.08600 6
e 492.45322 461.55329 8
e 268.57565 623.82812 8
e 318.50898 623.77633 10
e 311.80983 287.80073 6
e 195.43404 514.71704 7
e 403.41213 617.65148 10
e 369.26328 517.24863 9
e 323.78828 527.25434 9
e 290.19602 597.00443 11
e 351.15178 470.59223 10
e 318.35183 723.51903 6
e 290.55077 526.57647 12
e 333.15682 477.60258 16
e 451.14202 531.55950 9
e 373.23577 535.47826 8
e 384.72721 317.59871 9
e 169.75958 328.50245 8
e 398.39612 532.75312 10
e 356.62747 295.35374 7
e 342.14741 396.59705 7
e 437.68992 659.42958 10
e 268.01869 611.28354 10
e 307.02183 605.38582 5
e 342.51569 604.65302 11
e 392.22038 574.04958 11
e 173.36252 356.10157 9
e 301.88867 506.39099 9
e 262.55931 602.43178 9
e 152.29619 606.04718 15
e 357.74167 628.12936 14
e 183.47326 191.12376 10
e 247.79538 360.41659 10
e 353.14272 611.16747 12
e 301.63824 361.15665 9
e 506.37681 218.73549 9
e 328.92373 281.51303 7
e 426.18233 714.22476 11
e 592.66366 382.62625 11
e 431.01142 973.93202 11
e 304.14131 472.50763 13
e 301.23817 652.27120 15
e 356.81335 660.84624 7
e 454.19133 302.82236 5
e 343.32190 532.87389 6
e 439.05178 471.63104 8
e 434.85480 662.25203 8
e 306.14487 598.88075 10
e 376.54845 173.87304 14
e 499.64683 537.40514 11
e 347.91086 600.27054 6
e 353.92598 275.63182 16
e 305.19867 424.03351 8
e 373.82153 616.62801 12
e 438.48728 478.83986 6
e 294.48734 321.82758 10
e 604.62928 389.37717 11
e 492.59130 258.81453 11
e 344.89070 181.00299 3
e 450.49919 529.64761 13
e 410.90463 272.80682 10
e 331.93482 582.21068 6
e 396.05331 510.59959 6
e 486.42670 466.98088 8
e 256.67548 289.57063 11
e 382.01777 372.02305 10
e 504.71339 445.25354 12
e 515.90128 376.36381 6
e 461.28087 533.18657 5
e 493.91693 420.86684 10
e 491.56938 404.81299 9
e 403.53578 696.56119 8
e 224.49552 409.35129 4
e 402.62987 638.02737 11
e 251.11288 341.56103 11
e 270.60259 637.89568 8
e 499.60622 257.01715 11
e 366.31201 649.95793 11
e 184.87907 449.98921 11
e 556.04399 436.34993 13
e 383.14432 647.01448 7
e 391.06420 667.26552 9
e 275.39107 406.64468 11
e 294.09370 522.12596 8
e 409.71501 481.41229 14
e 384.76475 774.03366 9
e 388.86823 245.77869 10
e 448.98460 412.36901 11
e 392.05898 379.32278 11
e 459.33073 574.67748 6
e 206.02603 377.37907 3
e 458.77919 412.55105 13
e 284.74330 376.68874 9
e 388.58458 710.42042 4
e 360.89203 434.09983 8
e 369.76111 402.07735 10
e 257.98533 591.76810 9
e 312.10494 468.16191 10
e 422.53974 373.35775 9
e 349.13250 539.29713 7
e 470.33750 446.42376 12
e 268.37400 472.96360 7
e 317.93404 233.50162 6
e 204.50745 379.47115 13
e 402.15558 336.73311 9
e 477.17234 271.50175 9
e 281.93029 678.63667 10
e 269.49663 405.99297 7
e 388.22050 614.52883 9
e 324.36612 409.59333 7
e 410.20101 589.33618 8
e 321.61744 610.37102 6
e 248.89330 482.29859 10
e 513.62993 584.69826 11
e 356.90859 477.17440 8
e 289.74040 484.56396 7
e 355.38743 293.61396 11
e 341.39302 368.03913 9
e 363.74647 187.86389 11
e 372.66557 595.52519 7
e 327.33319 420.85474 11
e 583.06713 423.14529 6
e 379.24737 361.03561 13
e 315.87243 540.85626 12
e 356.06903 685.24354 11
e 377.11071 524.47595 7
e 208.04117 904.38620 10
e 417.42162 624.57367 7
e 409.66479 549.78077 8
e 340.14198 478.35343 13
e 492.16853 453.04213 8
e 391.47951 352.50845 12
e 457.02313 529.06656 7
e 489.27092 343.38619 9
e 239.95014 221.08778 11
e 365.95030 384.08546 8
e 377.26449 792.90398 8
e 403.19017 421.36538 8
e 543.97832 687.76596 5
e 235.87601 440.67153 6
e 390.58989 625.59588 10
e 356.45748 506.76296 13
e 471.62534 772.74304 8
e 386.97566 519.99694 8
e 281.81881 607.38982 8
e 263.59233 568.54288 11
e 449.40646 306.41557 11
e 331.78380 576.33084 9
e 448.65231 212.92335 13
e 169.47732 654.22567 9
e 278.19721 466.53540 13
e 397.33567 624.59506 10
e 286.22318 407.02897 3
e 235.71852 374.17459 14
e 212.72220 707.61907 8
e 548.27335 357.49760 13
e 321.00013 595.87443 13
e 395.48142 546.09349 15
e 434.79382 597.86410 13
e 244.86607 326.44866 7
e 200.34256 332.40979 10
e 418.62597 687.12332 9
e 263.23566 267.74740 6
e 318.91788 576.21441 19
e 167.62821 222.95723 11
e 357.49702 274.14979 9
e 319.25390 677.72234 8
e 282.77059 570.41094 13
e 270.29957 536.11696 10
e 362.36476 651.07314 18
e 135.80162 366.09551 3
e 486.73171 429.66475 13
e 120.75131 411.83080 8
e 352.78602 263.63978 8
e 458.04840 515.77495 8
e 288.18781 715.21297 7
e 408.06698 380.72577 6
e 418.25467 464.19061 8
e 331.07937 358.92431 9
e 178.05148 479.76436 7
e 367.64988 398.07321 15
e 415.74572 532.84398 16
e 371.93397 807.66983 11
e 394.81558 494.67262 10
e 324.26157 387.17174 8
e 412.70914 617.24995 5
e 457.38979 305.71566 16
e 416.58540 465.66544 7
e 279.93951 642.31693 11
e 374.24919 274.84221 11
e 445.64735 239.72431 11
e 623.45763 391.18655 8
e 365.33632 302.67909 6
e 349.62841 467.76579 9
e 454.86731 556.78237 9
e 377.65811 330.16086 9
e 222.08862 404.79766 6
e 351.74391 504.80194 11
e 234.25218 586.51498 11
e 268.33411 624.55257 9
e 339.66861 321.67511 8
e 305.79245 526.55757 8
e 306.55407 612.41033 8
e 481.06495 558.26844 8
e 353.51550 194.18152 12
e 493.03268 544.04454 11
e 279.01358 674.79536 10
e 315.21759 166.97260 8
e 338.79359 449.85601 7
e 431.29225 333.89929 13
e 445.64135 709.29106 10
e 478.66011 295.32174 8
e 303.71228 519.59751 7
e 383.07562 473.42235 8
e 364.04258 578.34069 8
e 508.96722 325.36236 16
e 398.35925 727.59454 12
e 213.84427 694.19238 10
e 439.10352 521.23139 7
e 547.73955 532.14632 5
e 246.92789 367.84469 8
e 286.08798 406.00268 12
e 212.32737 268.00661 15
e 358.94605 403.45940 8
e 237.80321 525.51345 14
e 359.27565 344.51105 14
e 407.10009 387.53755 4
e 368.10241 325.94857 9
e 343.26783 397.21378 12
e 135.32907 510.81239 4
e 287.65923 470.52020 15
e 230.84696 293.46156 7
e 475.87485 417.00887 7
e 359.82040 527.71266 12
e 233.94006 683.31818 7
e 582.88978 461.24825 10
e 357.54486 699.28105 9
e 416.72839 508.43158 11
e 363.91898 400.75418 11
e 229.05212 545.32741 7
e 383.35048 497.06298 11
e 437.91746 671.86761 11
e 307.03347 165.68555 11
e 460.98596 425.75488 7
e 463.56197 478.54396 15
e 332.98475 342.47387 11
e 302.91229 220.64966 7
e 375.10483 325.98705 8
e 313.58603 609.17637 10
e 283.81018 646.95251 12
e 326.62745 488.01497 13
e 457.46187 287.57524 5
e 328.33322 438.02962 11
e 354.07288 295.99203 5
e 215.24154 457.08447 8
e 362.43523 309.16310 9
e 447.90984 396.20997 10
e 378.13490 505.56268 7
e 494.38206 675.80057 9
e 416.84122 294.24232 8
e 479.27216 339.05792 11
e 432.83798 533.81116 10
e 399.76254 607.58453 9
e 433.95633 388.27013 12
e 521.21358 143.30631 13
e 292.33250 817.29844 8
e 480.18386 572.11461 10
e 320.48441 160.18402 4
e 375.16971 411.10553 5
e 493.02639 490.72281 5
e 509.19826 573.43342 11
e 313.31229 817.17548 7
e 464.68030 634.07048 9
e 297.32531 534.05729 7
e 474.79567 509.94084 9
e 493.43467 287.76118 11
e 314.03592 365.41728 8
e 402.42554 662.14582 13
e 317.88598 799.57286 6
e 348.83658 381.07798 9
e 471.78704 508.91072 10
e 343.57204 865.59379 7
e 298.11332 506.44976 9
e 246.69800 658.62810 6
e 381.35710 670.63575 10
e 382.17568 618.83806 8
e 392.93562 618.43687 8
e 342.89794 522.15140 10
e 319.69612 489.45387 10
e 465.24963 315.43870 10
e 240.22048 534.59161 9
e 322.64943 616.91273 13
e 318.47206 433.93733 11
e 293.62948 542.07158 7
e 368.95990 577.45791 11
e 208.48070 685.11567 9
e 451.21616 557.18996 8
e 387.46803 733.97017 9
e 274.58252 484.83177 7
e 456.14902 492.22369 5
e 327.89333 347.19198 9
e 356.27044 331.53634 11
e 245.74230 510.56052 12
e 399.03020 483.07386 10
e 275.18940 310.99779 11
e 324.15811 641.09129 8
e 373.99846 326.66549 7
e 386.85662 441.92747 10
e 202.85605 477.57170 8
e 371.17969 368.74444 5
e 402.18099 296.84946 10
e 261.11022 381.57709 9
e 321.11989 603.74775 12
e 290.93024 670.52949 13
e 374.11443 294.49133 16
e 366.69370 358.40837 8
e 205.12053 692.02869 7
e 265.20092 579.31814 5
e 447.48251 344.05485 9
e 440.65856 372.99398 7
e 300.84155 757.54002 11
e 325.65979 717.83251 14
e 462.98543 601.90842 7
e 331.13362 498.43386 10
e 421.59938 447.13414 10
e 418.02545 322.14076 7
e 367.49157 446.59708 10
e 253.76755 372.83455 13
e 340.55737 633.33662 10
e 392.82123 302.61623 17
e 547.15041 251.98559 8
e 481.71520 527.43337 7
e 361.50405 566.84913 12
e 567.85820 306.81734 8
e 282.99966 380.89043 12
e 507.45218 353.20916 11
e 196.55194 759.34445 12
e 371.30543 547.36398 6
e 392.09941 437.24614 12
e 404.34503 414.49723 5
e 319.45012 202.45578 10
e 383.53927 590.84729 13
e 387.98580 341.72483 9
e 235.22727 559.47276 6
e 302.57087 559.92726 6
e 302.76064 713.07564 7
e 334.60144 380.30273 11
e 69.02186 583.46763 8
e 272.92103 819.58728 10
e 445.93116 283.44310 7
e 366.42854 491.15274 8
e 385.67293 252.11532 8
e 233.51303 412.73173 15
e 342.26319 628.35215 11
e 323.19593 274.84925 6
e 430.32947 400.30302 7
e 424.30787 225.44819 12
e 318.70417 313.47254 9
e 281.81205 392.35948 9
e 468.82866 735.96762 8
e 422.21996 592.91153 12
e 499.29107 696.63523 8
e 321.30118 603.53924 10
e 330.21152 594.59451 8
e 415.56362 362.68672 4
e 333.05385 243.31759 12
e 319.05533 287.51568 15
e 473.10443 586.48469 6
e 549.66984 590.28246 5
e 427.17278 496.37653 11
e 337.08234 805.98762 8
e 339.97066 669.31206 7
e 366.89420 485.68477 9
e 336.12350 413.20826 10
e 407.54929 463.26087 9
e 363.69368 520.34331 5
e 443.62037 586.92860 8
e 455.68096 441.93208 5
e 424.89362 183.71049 7
e 364.85263 236.78588 5
e 434.15013 597.66553 11
e 446.61843 441.50763 10
e 499.25228 654.71125 9
e 608.56722 768.14964 8
e 316.24726 427.85587 8
e 492.45037 279.59524 7
e 392.95604 632.00974 11
e 190.49991 644.70373 5
e 287.56039 645.62665 11
e 441.10852 450.53589 13
e 219.19234 649.03013 12
e 420.82963 658.31952 6
e 439.49875 628.11999 6
e 389.20212 426.67687 10
e 313.14044 435.94933 10
e 493.95570 295.22448 7
e 346.87117 385.65850 9
e 578.49026 483.09116 9
e 271.22684 85.59520 11
e 458.29106 315.41162 6
e 468.55053 394.42732 7
e 311.14566 265.49673 14
e 510.38257 401.33387 12
e 447.22978 632.02499 7
e 288.71191 518.38806 7
e 369.85184 576.09668 10
e 392.00535 115.21372 8
e 357.15349 829.60783 7
e 434.43295 390.94392 10
e 273.39938 533.19078 15
e 311.30897 687.45399 12
e 381.76706 460.31428 11
e 407.13294 634.28114 8
e 401.85019 500.82267 11
e 276.73844 379.33194 7
e 278.73706 678.51354 9
e 420.31084 583.03252 8
e 404.45249 473.13188 9
e 479.79907 524.34066 7
e 599.53838 302.14525 12
e 316.22939 580.49059 4
e 473.54899 421.94151 7
e 365.60979 228.34603 10
e 398.44743 460.33161 6
e 464.77621 293.39788 10
e 508.26165 237.51284 8
e 334.18566 622.76542 10
e 478.20340 538.16600 10
e 445.79263 319.70710 7
e 398.82441 388.88755 9
e 373.60208 408.08556 11
e 481.25214 417.27905 8
e 373.07972 180.84245 9
e 240.92501 424.57989 11
e 371.19801 437.72183 4
e 466.10050 467.07442 7
e 300.20898 541.88646 12
e 419.28835 507.70741 9
e 464.16287 488.54047 8
e 184.74823 616.44298 11
e 381.25855 209.64576 12
e 415.81245 454.80903 12
e 223.37414 588.69611 9
e 480.31785 386.61640 5
e 445.93347 489.86566 8
e 407.40354 487.83696 10
e 479.59557 672.87271 10
e 433.24282 447.09688 5
e 347.90240 506.21837 10
e 449.51958 483.30559 7
e 288.46820 468.26068 13
e 474.56104 409.48083 6
e 365.41123 583.14493 6
e 537.91418 497.86890 11
e 359.79524 492.92186 5
e 392.02388 506.73840 13
e 296.25819 890.78471 14
e 285.21927 836.07149 16
e 275.53643 508.78429 7
e 101.41237 358.95919 8
e 526.47231 369.98393 13
e 325.42101 179.58509 14
e 423.83596 598.80326 9
e 312.59316 546.51105 5
e 384.70970 630.43891 8
e 317.20780 428.60821 6
e 462.68201 291.31576 5
e 441.65892 571.87056 11
e 482.62532 606.76447 13
e 294.33127 431.74848 13
e 312.22422 715.94766 10
e 368.96943 342.10191 8
e 316.33139 426.17424 6
e 246.16272 335.47029 13
e 311.29524 416.76857 12
e 417.43917 562.68709 11
e 406.40160 238.94243 9
e 454.66498 706.95554 8
e 345.83039 177.45737 8
e 392.36517 595.54439 10
e 294.04275 278.60192 12
e 459.03676 753.89965 5
e 429.73342 764.68269 10
e 427.49073 547.57383 8
e 311.23000 641.77492 9
e 462.08153 639.06939 11
e 221.00543 695.91409 8
e 364.28546 584.27376 6
e 225.10996 642.13623 7
e 577.93557 546.63723 9
e 192.43611 354.71047 10
e 370.95161 169.50245 9
e 250.55671 458.31965 10
e 356.84431 396.78056 8
e 440.17389 361.74262 6
e 472.78475 380.49950 10
e 289.81945 453.49211 6
e 475.82710 473.75537 7
e 325.57663 607.09101 9
e 411.97405 536.77837 5
e 342.22365 447.38777 7
e 495.93628 368.53979 12
e 619.46233 650.55313 9
e 418.39973 565.32981 10
e 248.22867 468.27108 4
e 269.96079 925.28282 13
e 438.16669 528.39586 9
e 381.71816 703.08959 14
e 228.22726 246.80283 5
e 335.27605 525.15712 13
e 370.97418 578.29025 9
e 294.41876 660.58031 4
e 416.10418 516.51821 14
e 522.19716 375.88038 6
e 341.84474 674.50436 9
e 496.52795 676.91319 8
e 384.51935 327.51665 10
e 241.26623 509.14188 16
e 259.29230 234.07858 10
e 466.25979 276.18105 11
e 291.91399 422.98866 7
e 311.25644 594.36870 9
e 325.44705 407.03460 13
e 334.30681 482.19511 4
e 361.79424 801.65848 10
e 468.67925 298.47237 12
e 521.92062 462.25365 16
e 479.84787 486.36280 11
e 352.46658 606.88471 10
e 426.27098 498.80688 11
e 329.94806 422.28464 6
e 243.06525 355.89655 10
e 357.42055 317.02559 10
e 350.61359 616.52156 9
e 479.51166 546.91710 11
e 404.88588 483.64482 11
e 330.62091 373.32936 4
e 323.79999 283.35580 13
e 339.90330 376.88440 8
e 378.89903 561.57025 11
e 253.95911 497.12594 11
e 451.38954 493.70789 8
e 412.98982 526.52312 15
e 279.18781 618.38167 8
e 424.37238 617.51165 6
e 420.92380 553.13797 9
e 362.94448 256.49745 11
e 313.41733 439.49260 7
e 337.34839 272.64954 12
e 427.70516 503.31502 10
e 432.88835 451.96904 5
e 364.55547 729.59512 8
e 230.36830 491.66056 6
e 352.65529 624.15270 9
e 246.33983 547.39027 7
e 382.96881 663.09125 8
e 376.05423 431.94682 5
e 439.10826 533.31230 7
e 438.57062 496.57721 5
e 413.92007 572.32522 9
e 509.62708 241.14138 9
e 460.53020 729.37150 10
e 365.26571 358.45683 7
e 329.11532 333.83172 6
e 232.75189 367.81419 13
e 429.16730 637.40918 8
e 335.51808 582.13510 10
e 409.50271 400.27200 8
e 444.66095 610.97447 9
e 409.38042 651.67660 6
e 337.20534 377.65985 10
e 331.93943 149.47554 8
e 417.95476 219.93875 11
e 343.53986 487.83864 7
e 271.73161 376.42019 12
e 378.97944 237.47752 13
e 426.55589 226.93708 9
e 399.96116 537.51368 11
e 376.90753 613.73033 15
e 346.53637 198.97560 6
e 202.99178 619.11893 9
e 285.75239 244.54164 11
e 408.63333 426.06112 8
e 303.53148 457.40028 5
e 607.39355 227.89951 6
e 518.47477 278.01153 10
e 391.78696 473.42995 7
e 499.85162 488.72171 15
e 290.12924 554.57442 9
e 373.34204 440.20621 8
e 280.57301 679.58744 7
e 380.67108 729.35649 9
e 339.91953 307.21871 9
e 511.43322 426.89064 8
e 482.11828 353.72446 9
e 399.16699 206.72015 7
e 423.94416 188.77622 9
e 474.45434 388.05901 8
e 194.26920 373.03006 7
e 348.30657 552.78632 12
e 289.83034 579.04695 6
e 392.90003 404.89973 6
e 365.58007 250.93670 11
e 197.14167 454.60150 8
e 358.89557 627.67303 11
e 397.49907 113.02267 6
e 474.46048 248.74421 6
e 547.02850 899.35422 8
e 346.19322 284.13049 10
e 358.72769 553.39670 10
e 318.32304 435.62912 11
e 366.13328 376.54216 12
e 497.15825 618.44526 3
e 308.99911 453.42038 10
e 388.18374 266.29028 12
e 261.26389 516.67300 8
e 460.72981 303.36640 10
e 270.96370 192.38680 11
e 263.03653 249.84482 10
e 376.22093 448.91820 14
e 319.01502 399.32368 8
e 274.85877 462.52075 13
e 270.48158 646.72334 8
e 427.93415 319.53958 5
e 171.23290 310.77406 8
e 359.28240 452.16158 3
e 319.70676 467.62240 10
e 298.44821 579.02952 7
e 447.77274 157.69514 5
e 576.81966 302.84058 15
e 452.92069 734.21301 10
e 272.68581 543.48280 11
e 318.09333 269.59270 8
e 286.87080 250.99923 10
e 448.48857 440.33356 9
e 494.36151 781.86236 5
e 376.96576 500.91475 13
e 518.60443 476.56205 7
e 210.13688 657.01724 9
e 371.45708 432.72115 12
e 311.55157 667.77774 11
e 451.96330 717.98950 7
e 373.49964 593.91660 5
e 383.86539 561.11713 19
e 397.34996 335.72615 14
e 288.98436 591.43484 14
e 343.39630 436.80104 10
e 366.52749 329.52875 9
e 408.87872 330.29752 10
e 290.97156 465.95102 10
e 321.35351 410.36069 11
e 330.42430 261.03862 13
e 292.89428 634.42892 7
e 360.16243 551.58572 7
e 338.54864 806.44419 7
e 240.44397 481.66690 6
e 329.40021 296.04493 4
e 339.58997 662.10636 12
e 331.42993 360.20797 8
e 428.94140 606.83442 9
e 386.80793 419.12923 7
e 190.40336 307.01355 10
e 457.75588 268.87223 4
e 354.48912 625.47315 8
e 193.28588 430.43225 7
e 377.23178 475.41597 7
e 364.06903 524.75790 5
e 253.36286 662.83796 12
e 430.17265 396.93676 12
e 378.08411 580.12721 8
e 415.97151 322.45441 13
e 286.77744 373.56837 7
e 435.69507 394.26080 7
e 186.73679 326.09815 12
e 483.03678 261.94154 8
e 371.78747 692.44234 9
e 307.66537 345.40077 10
e 370.27917 217.48806 18
e 399.09662 581.42708 9
e 311.65438 553.74173 8
e 382.17918 282.44973 9
e 261.33082 512.29444 11
e 343.59207 246.61629 12
e 437.85642 539.38447 8
e 298.89659 323.40821 7
e 319.91368 272.26330 8
e 402.00212 520.23818 9
e 353.27733 100.57359 12
e 514.58169 261.38383 8
e 380.97294 335.27842 7
e 473.50850 275.39729 8
e 178.61918 323.07558 10
e 329.61500 580.66261 10
e 364.08038 639.96052 7
e 352.97593 135.87696 9
e 292.04435 363.68055 8
e 398.50486 416.47998 9
e 280.66458 580.20655 6
e 420.86476 614.51735 10
e 312.71153 429.55386 13
e 453.00200 469.81766 9
e 511.47283 522.91333 7
e 445.84517 791.26869 11
e 301.33432 314.15550 15
e 401.86404 368.62438 16
e 363.95677 356.40098 18
e 219.27704 283.56496 5
e 407.60937 482.89244 12
e 299.22038 416.62433 9
e 425.73860 366.34836 11
e 363.69893 401.59901 11
e 517.06939 537.78645 14
e 363.46746 587.26989 8
e 418.59539 359.61172 8
e 426.16143 601.39706 5
e 481.71801 524.59645 9
e 120.63722 256.69420 9
e 389.46233 517.78718 13
e 324.24892 539.60320 11
e 339.77889 359.73155 11
e 356.19039 426.38738 5
e 504.47901 203.05163 7
e 490.80753 329.93660 10
e 331.61510 487.63213 7
e 463.09905 452.47968 15
e 223.47610 456.35094 7
e 301.35394 387.52703 9
e 478.63636 522.62003 10
e 468.53670 236.02905 9
e 221.08723 600.58571 7
e 375.29275 735.19881 8
e 454.05024 386.11233 7
e 455.61026 225.24181 6
e 436.71872 694.58161 4
e 315.27013 618.10473 8
e 319.60718 104.05256 8
e 528.65759 151.97920 11
e 271.19519 402.88742 7
e 384.60598 693.84886 12
e 336.74880 511.97640 8
e 312.44073 232.53499 14
e 490.44367 595.44964 10
e 167.96817 573.11568 7
e 341.04395 303.35652 10
e 331.85703 782.02639 8
e 398.80842 560.15846 8
e 365.72323 245.40353 8
e 286.00131 610.39523 14
e 422.80552 586.17396 11
e 587.20388 586.92738 4
e 314.28092 353.33037 8
e 456.03038 724.23806 12
e 483.50279 412.47149 9
e 327.59614 608.57904 5
e 448.00844 228.44722 9
e 358.49880 490.92164 10
e 464.13274 618.83411 7
e 246.60490 419.13883 7
e 420.12769 328.38214 11
e 359.95951 742.28959 10
e 460.76852 397.92468 13
e 347.48700 499.20292 11
e 198.12503 321.12855 3
e 346.02557 457.72949 12
e 465.79771 319.24671 15
e 290.45007 404.47169 9
e 502.13183 672.11284 11
e 276.74812 623.37339 8
e 362.79470 805.33842 9
e 405.78000 516.10136 8
e 299.85710 148.72689 11
e 361.25884 647.03314 10
e 414.53595 362.06191 10
e 186.29588 729.24419 6
e 286.05005 723.27799 10
e 303.23819 367.48991 9
e 366.00142 402.80456 4
e 406.46409 526.32248 18
e 476.43207 295.21012 12
e 323.72649 517.87517 9
e 352.46626 289.13561 14
e 276.96706 655.42488 14
e 426.92338 371.65900 10
e 501.31319 532.07073 5
e 465.84669 489.59802 5
e 402.74757 598.78674 8
e 408.48927 731.32124 6
e 359.51453 214.15397 6
e 245.19285 618.33158 8
e 390.99370 544.89208 12
e 390.88225 344.83788 7
e 358.24295 823.32934 11
e 466.06003 397.41045 7
e 156.38315 434.80126 11
e 364.29672 475.77893 10
e 253.42643 510.49993 15
e 478.66262 225.70764 8
e 364.24858 603.15267 4
e 159.82744 327.79381 6
e 597.96671 306.89839 6
e 533.65587 270.80265 6
e 469.99300 271.07343 5
e 575.46217 420.29243 6
e 431.66464 542.83114 8
e 519.26038 391.41606 8
e 410.60072 244.71211 11
e 501.95895 530.16816 5
e 270.35081 519.07668 9
e 289.24256 523.98196 10
e 404.15582 559.75494 8
e 441.94214 719.64505 8
e 324.58918 267.38174 15
e 409.52151 441.90163 9
e 330.55846 538.54381 9
e 352.67389 252.60579 12
e 341.14981 527.96851 5
e 287.31646 755.42681 9
e 409.81364 574.65255 12
e 265.86676 441.67525 10
e 321.84664 647.54495 11
e 217.17992 593.01138 13
e 268.45729 490.92377 12
e 232.87117 274.63388 10
e 145.25154 710.27477 8
e 217.40154 434.39369 10
e 551.71704 513.31867 6
e 411.65869 427.12245 10
e 356.77190 318.70886 10
e 391.89314 684.18700 8
e 327.41833 615.99601 10
e 362.08994 582.86974 6
e 424.01946 299.66775 10
e 385.35971 641.55559 14
e 700.57776 758.60478 10
e 617.82531 766.02881 11
e 664.46677 560.55873 9
e 694.56776 428.14020 5
e 594.26107 549.64600 8
e 454.29156 617.20947 6
e 712.38753 953.99839 5
e 710.54582 814.29771 9
e 615.81167 479.77089 9
e 680.53122 847.71417 6
e 551.53255 783.17225 7
e 638.67600 906.35836 12
e 614.59021 547.37361 8
e 534.19505 602.70888 5
e 596.82760 548.97126 6
e 559.18696 713.67636 7
e 553.99896 712.63403 6
e 653.41780 825.73090 12
e 595.51228 470.71625 15
e 640.44497 720.12689 14
e 649.03109 435.14753 4
e 561.10831 432.04569 5
e 685.32525 506.56487 10
e 640.32661 503.54642 6
e 682.46183 416.13368 14
e 718.19672 515.12904 10
e 560.93101 693.47211 9
e 541.57368 409.07495 11
e 563.34528 705.62645 6
e 550.23127 594.36794 6
e 670.50164 730.78131 14
e 447.86482 347.27407 11
e 557.17740 679.79911 13
e 547.78167 512.29226 8
e 504.59436 670.92492 7
e 528.40524 809.07048 9
e 557.82821 549.38047 10
e 618.66414 459.32160 9
e 590.91838 876.67813 9
e 467.84990 449.54659 7
e 631.42265 783.97732 9
e 520.94934 788.62739 16
e 671.89710 473.69306 11
e 661.52734 604.24584 10
e 625.36028 612.72850 10
e 539.92769 559.49132 8
e 639.58814 689.72026 14
e 716.47558 658.12422 11
e 681.13251 848.23498 12
e 527.81711 392.46697 11
e 652.15493 458.53732 9
e 616.60446 482.75197 10
e 664.49848 613.22358 14
e 711.87422 548.97219 5
e 576.90276 759.03384 11
e 631.76025 393.72798 7
e 505.94438 486.46902 7
e 526.31983 692.22931 7
e 662.39949 624.47618 7
e 465.94044 472.99224 5
e 522.04079 838.63898 8
e 600.11205 659.19581 8
e 669.87656 456.91420 9
e 465.48702 574.14439 14
e 592.53081 682.46261 12
e 561.63884 643.91757 11
e 498.20521 678.86234 10
e 587.29794 985.93146 5
e 622.17560 498.60891 8
e 694.84151 1008.42888 10
e 637.49289 620.47780 6
e 459.66282 711.78051 9
e 689.43285 608.28509 8
e 553.38599 599.57057 13
e 605.60723 811.91295 8
e 578.67783 666.47539 8
e 625.69960 460.72835 9
e 705.21689 800.41782 3
e 627.56415 479.82236 9
e 714.18143 497.28064 10
e 595.84416 444.11514 7
e 711.24816 666.99012 9
e 566.87247 868.46464 9
e 664.45105 728.90548 10
e 619.50540 638.28112 9
e 701.09111 451.11485 6
e 661.59843 627.94127 4
e 450.34058 430.58453 9
e 593.25140 788.13546 5
e 424.20306 283.20139 9
e 573.68786 483.99922 8
e 564.50744 717.53677 4
e 639.70223 351.21144 13
e 677.80971 461.02171 7
e 653.77728 765.51309 6
e 663.88006 482.88689 3
e 704.85915 664.43108 12
e 605.10836 531.40443 6
e 588.95856 625.21621 8
e 685.18374 229.57558 8
e 650.40408 505.79165 6
e 657.80040 716.17321 8
e 651.71132 499.59429 8
e 593.86797 555.75004 7
e 698.76439 691.20791 4
e 712.27538 797.88840 11
e 678.81861 719.49349 6
e 658.85811 619.34302 6
e 615.29615 801.80738 10
e 457.73479 382.26929 9
e 535.85685 974.73418 10
e 674.57126 565.27919 4
e 582.21465 758.78365 17
e 513.20478 400.17348 10
e 584.14500 609.84736 8
e 658.70967 695.15437 10
e 658.29724 612.35702 9
e 663.67678 657.45657 10
e 705.49165 536.17802 10
e 567.28396 330.69517 6
e 668.36611 302.65134 8
e 548.18562 796.17726 4
e 510.42429 731.26750 5
e 569.74128 508.13743 12
e 589.37231 880.82963 10
e 579.39933 534.19326 11
e 623.26858 539.25905 10
e 557.88391 409.24226 15
e 543.48291 669.65682 18
e 440.56355 746.28138 11
e 594.08458 458.71085 4
e 648.69711 748.57579 4
e 669.38561 235.83223 12
e 612.47889 643.18177 6
e 450.62837 411.65383 15
e 530.14285 456.43166 12
e 687.48780 663.29444 6
e 417.66342 560.60431 6
e 497.57942 542.56705 9
e 576.53483 765.96034 10
e 636.62291 759.36481 12
e 644.05311 701.36369 7
e 634.23407 639.45738 11
e 584.55936 363.69478 10
e 539.93128 307.26098 16
e 542.92196 622.31245 15
e 642.89521 512.06697 10
e 640.83743 513.65949 7
e 615.39133 456.74525 7
e 705.26564 762.12630 12
e 611.23976 835.67796 12
e 641.56437 551.08695 10
e 573.67908 437.11324 6
e 539.42534 713.64962 5
e 709.10341 424.53928 10
e 565.10224 244.33023 11
e 565.46063 496.83472 8
e 699.94639 810.16497 5
e 638.09178 562.73609 19
e 609.79337 609.02328 3
e 644.13302 490.69949 14
e 627.93811 456.83305 11
e 718.72364 780.36689 8
e 557.51390 421.14430 6
e 570.56453 759.13098 11
e 568.18217 620.79531 5
e 653.79618 407.26293 6
e 550.58761 276.47839 7
e 683.08452 675.84807 8
e 630.11542 810.57559 12
e 690.76424 673.25296 6
e 526.65179 630.30492 10
e 683.54581 666.61775 4
e 544.05108 639.47140 8
e 585.22086 691.01008 11
e 719.57609 536.05805 13
e 703.50024 388.00115 16
e 616.10619 656.53258 14
e 661.75167 796.76539 8
e 518.09963 477.98906 12
e 565.22418 493.81950 10
e 671.06131 691.48743 8
e 609.89474 813.56309 12
e 578.38271 417.45520 6
e 639.58393 468.91172 6
e 589.94759 444.03513 9
e 648.28731 768.45381 10
e 472.76784 531.76801 8
e 598.99185 384.27333 7
e 580.44530 576.78099 6
e 706.24811 472.69965 7
e 705.72877 622.70636 5
e 601.42503 699.30561 10
e 714.23182 728.99926 13
e 616.13314 217.48369 7
e 678.12821 593.69425 6
e 484.68631 726.58097 8
e 649.54025 530.37572 7
e 484.68466 563.36188 14
e 712.06603 909.17314 6
e 647.40187 447.15103 9
e 432.11500 574.73270 9
e 702.89460 874.27289 14
e 522.46228 503.30419 10
e 705.27110 530.53839 11
e 702.90629 471.64712 9
e 630.87225 849.39242 10
e 608.39379 606.99590 7
e 687.42639 650.91994 4
e 599.53712 600.91035 6
e 574.56208 929.60974 8
e 548.23829 553.12758 11
e 698.50950 615.82815 6
e 618.53476 583.17433 9
e 549.20485 693.10833 11
e 697.02532 516.83774 7
e 574.58610 733.02696 9
e 671.38278 766.11280 7
e 492.70673 683.22568 10
e 588.72548 546.42380 6
e 513.75907 719.87128 9
e 637.51353 659.47200 6
e 584.60922 884.77069 7
e 602.63706 803.28752 6
e 467.95984 714.72692 4
e 591.12495 1051.48866 7
e 643.53896 717.97003 9
e 611.74017 887.54078 10
e 667.41312 761.39702 9
e 668.89908 460.48130 8
e 472.26963 654.68170 9
e 662.99995 502.78669 3
e 695.87022 376.62688 12
e 704.67540 481.04405 9
e 714.87657 791.76367 13
e 567.53653 804.43251 12
e 604.60729 814.84439 10
e 673.98351 557.99070 10
e 543.58129 430.77333 12
e 640.63643 604.39714 12
e 649.18910 402.78988 7
e 675.77697 632.54691 9
e 659.42325 720.13180 11
e 642.76473 841.34177 14
e 700.80099 621.22571 8
e 611.67660 715.99742 7
e 620.70432 852.45242 7
e 547.64859 599.09719 5
e 587.85534 709.34455 10
e 578.29681 428.53849 11
e 665.42145 659.39004 10
e 577.14858 574.45676 6
e 567.66669 726.04721 7
e 659.52332 518.71297 8
e 661.58364 536.70383 4
e 694.27659 820.97874 8
e 645.36399 701.74229 9
e 706.10822 739.90367 5
e 599.89319 696.71915 7
e 583.98576 527.89794 6
e 616.12968 826.90900 11
e 618.05350 873.79307 9
e 603.53126 296.80266 12
e 679.17638 451.59445 11
e 648.46768 569.78464 5
e 627.50525 525.24432 9
e 648.06817 520.43686 13
e 666.83603 525.33052 4
e 671.24635 663.95510 10
e 626.50197 832.10813 8
e 518.12088 855.96910 7
e 525.98368 566.40537 11
e 545.72323 617.44357 12
e 603.18957 671.10954 13
e 668.72976 892.19549 13
e 627.55125 741.20207 7
e 553.00573 520.37360 11
e 719.43513 598.58950 7
e 571.06378 767.62590 9
e 623.01526 393.86695 7
e 578.42395 797.74504 13
e 591.64790 519.92713 14
e 583.25308 733.57140 7
e 536.60863 439.93402 9
e 514.02361 513.60511 13
e 510.92872 674.10306 6
e 654.77112 869.32197 21
e 708.00580 798.24341 9
e 622.98893 381.18791 8
e 587.93683 721.44694 11
e 564.08170 502.40777 10
e 601.61949 730.45350 6
e 501.91451 591.22993 13
e 707.04729 835.79226 5
e 507.15769 594.53175 12
e 602.47747 634.07188 12
e 469.57721 780.32782 13
e 648.20112 523.62962 8
e 567.29070 633.20516 12
e 592.26528 586.28922 9
e 507.48458 751.98500 8
e 671.78586 486.76116 8
e 659.63245 611.17238 9
e 564.77486 571.46954 15
e 673.90944 843.26895 12
e 682.00978 711.59243 9
e 577.65421 685.47273 9
e 560.48647 692.14725 11
e 529.21741 712.57683 13
e 700.45464 452.28322 12
e 605.38239 553.27883 5
e 596.88338 497.13655 8
e 613.74941 453.62092 10
e 577.13630 319.44130 7
e 571.23648 704.39268 13
e 629.21662 836.13994 10
e 570.58184 878.18838 8
e 617.27832 719.73692 14
e 712.37829 519.11528 12
e 639.37420 855.72679 8
e 684.79736 671.45195 4
e 627.94688 841.18520 9
e 543.33855 469.66604 5
e 651.73797 715.44704 10
e 684.08123 689.46271 9
e 669.81282 358.48148 8
e 690.29082 346.95094 11
e 661.42255 298.67322 7
e 659.89847 479.00117 11
e 565.81637 815.87183 8
e 542.10978 511.10375 10
e 676.99191 503.47040 8
e 701.37130 787.08001 12
e 632.86111 471.38933 10
e 514.89598 328.13629 8
e 698.31102 617.12773 18
e 385.69474 562.20383 8
e 662.43006 475.41948 10
e 661.71317 594.52427 9
e 585.92098 595.91297 8
e 719.42148 578.42032 13
e 582.03315 603.76842 7
e 698.15336 453.26859 8
e 538.22244 711.34565 3
e 647.27481 601.85281 13
e 538.31502 827.55437 14
e 613.71199 438.61541 10
e 572.83786 739.85025 9
e 627.17479 469.27453 10
e 698.22311 359.43590 11
e 655.93606 729.15047 4
e 527.06902 358.05223 7
e 570.82762 606.45734 5
e 687.29662 637.94074 8
e 681.62706 651.12237 6
e 586.49944 672.62052 10
e 539.76133 665.79361 21
e 718.22693 450.10591 7
e 678.36108 840.15008 12
e 702.11267 670.42277 16
e 559.76180 596.57213 10
e 410.42788 686.02586 15
e 633.38770 629.75308 11
e 560.28157 507.32577 7
e 651.68927 784.79624 8
e 484.79910 579.89150 7
e 633.29052 774.53077 7
e 518.72414 703.49455 13
e 626.38961 816.54433 13
e 644.56343 742.03236 13
e 638.07469 993.19409 11
e 574.87631 762.61448 7
e 576.73490 603.83485 20
e 597.32260 535.13698 4
e 651.24394 523.76351 8
e 625.19607 499.21963 9
e 620.22897 755.49915 11
e 636.80881 706.69209 11
e 601.91137 517.50788 9
e 635.80937 483.80934 9
e 601.10738 746.73622 12
e 676.90444 647.98132 10
e 517.13584 493.32884 13
e 695.12895 578.88700 7
e 473.53812 818.69717 13
e 627.11181 514.15633 7
e 582.97252 604.66535 9
e 663.31039 552.67133 10
e 691.40810 649.50504 11
e 644.62762 750.45015 13
e 620.28435 502.16585 8
e 629.28713 1027.27027 9
e 562.82513 457.29852 7
e 661.15331 748.74326 11
e 593.81577 685.40811 6
e 561.37536 443.77723 11
e 559.97652 654.15805 9
e 693.75399 555.18007 9
e 660.28497 827.96403 15
e 588.20204 756.03813 12
e 713.18306 685.77895 9
e 717.28991 601.43297 7
e 679.53952 880.63911 8
e 601.60049 1056.76035 10
e 585.32837 972.23719 10
e 662.14108 623.09610 6
e 509.70050 924.88794 7
e 690.87134 381.94857 9
e 670.15929 910.25979 9
e 627.52537 793.73282 13
e 645.53744 676.19265 9
e 606.58823 615.19917 8
e 671.16784 671.34026 3
e 600.51497 851.66688 9
e 656.38853 762.75351 10
e 634.51623 922.05932 9
e 647.79476 715.48072 9
e 684.52977 894.33104 10
e 616.16018 620.51598 5
e 651.86808 545.97424 9
e 624.27770 669.66041 6
e 629.99596 784.66874 10
e 631.56564 857.41393 5
e 574.18484 667.47378 7
e 653.72394 940.42691 8
e 632.18173 746.01968 7
e 554.55332 769.57750 9
e 632.64148 784.00085 13
e 575.66228 891.79089 9
e 675.83776 721.00186 5
e 646.64687 730.72789 12
e 716.74353 841.64039 10
e 640.60659 700.15357 15
e 685.55465 549.49163 16
e 665.96330 707.82311 5
e 527.21983 668.76120 13
e 682.06716 927.78931 9
e 653.51153 593.35253 5
e 709.04224 725.20188 8
e 616.64537 872.20418 11
e 622.23863 573.50714 6
e 719.26981 837.99081 8
e 626.19927 818.11181 8
e 653.54026 843.30324 8
e 620.47914 927.04514 12
e 642.36917 319.88641 5
e 681.39133 642.93287 9
e 685.40781 636.00819 8
e 695.58583 819.06452 12
e 677.10517 856.69786 8
e 694.60693 536.65074 5
e 719.00777 617.10036 12
e 688.91254 937.69137 4
e 708.63636 800.21312 10
e 646.29269 847.14969 8
e 694.76587 557.62913 8
e 719.53530 728.09864 5
e 692.26990 571.66974 8
e 590.86069 636.26972 15
e 602.73705 774.68883 10
e 659.39416 700.53035 11
e 641.63822 949.18253 15
e 609.38981 717.65098 9
e 655.15686 616.78572 10
e 633.91062 622.36838 8
e 622.64897 921.31454 6
e 636.96296 764.47318 9
e 647.13561 696.73641 9
e 592.19233 923.21644 7
e 642.72373 776.57256 5
e 677.19097 529.95675 9
e 657.69716 791.70184 8
e 681.62275 928.00711 9
e 638.74072 622.58794 12
e 676.49759 631.92791 12
e 669.08698 916.15501 6
e 583.38725 828.40921 9
e 534.16412 706.44656 7
e 646.30709 786.65525 14
e 676.41600 779.62694 10
e 673.05332 908.66335 10
e 717.82797 893.85635 8
e 697.99602 506.04257 10
e 656.94822 806.47897 5
e 700.84700 657.69417 7
e 714.71967 507.14639 7
e 666.04131 661.10949 5
e 671.86146 756.56949 11
e 714.33241 886.29648 7
e 652.74988 845.47711 10
e 691.52638 663.26920 10
e 479.42619 855.18801 9
e 702.77323 871.07393 8
e 611.37194 1038.64985 10
e 643.82669 719.04101 3
e 611.60342 661.14300 10
e 634.48679 997.17136 8
e 496.29473 787.52263 9
e 529.64661 916.93092 9
e 487.78835 639.82631 6
e 654.88819 892.25950 6
e 618.26019 612.32858 10
e 625.37583 683.60151 13
e 651.95503 1016.94490 8
e 551.10922 775.50170 5
e 689.36651 485.19466 6
e 718.91038 698.46340 13
e 665.83432 786.05909 14
e 618.86789 892.50054 10
e 583.46087 771.74927 16
e 558.62422 647.80037 6
e 718.95742 586.78812 8
e 657.46670 689.61442 8
e 675.62423 519.58918 4
e 686.10785 771.78664 13
e 709.50363 700.14051 7
e 618.28984 991.92426 10
e 679.71126 744.01192 14
e 623.49817 947.83615 14
e 709.43859 921.42090 5
e 696.35319 553.80892 9
e 672.37033 791.30317 8
e 689.83744 886.57530 8
e 701.28100 791.61541 12
e 647.96212 656.85929 6
e 694.82988 940.14921 13
e 636.16195 919.17339 8
e 709.63213 867.69481 10
e 602.50413 959.99538 9
e 688.98856 868.47330 12
e 597.07445 664.72329 6
e 688.33645 858.66677 11
e 676.99323 342.42065 10
e 632.72584 698.53874 10
e 632.62166 881.65478 9
e 670.49055 631.94969 8
e 661.32136 651.41704 8
e 602.09443 1021.37882 12
e 581.09553 996.31452 15
e 672.00963 805.35473 7
e 539.38313 851.18705 7
e 597.02204 731.90433 8
e 564.04416 573.48555 10
e 659.42781 1050.30809 12
e 630.54930 872.00636 8
e 569.07838 893.38810 7
e 686.11646 379.77059 14
e 704.34678 870.22237 8
e 628.11604 713.84832 13
e 705.70426 630.95066 14
e 603.28009 992.99335 4
e 712.13077 766.68982 10
e 694.75353 496.97779 8
e 658.30281 768.59120 12
e 711.98829 722.22502 8
e 603.91049 831.20489 9
e 638.22341 790.24686 14
e 650.40339 631.39717 10
e 626.33370 658.51886 9
e 673.94559 1012.96070 17
e 685.93469 675.96194 7
e 626.24252 602.74873 5
e 696.40520 818.78995 9
e 441.60896 737.50518 7
e 643.50172 1012.86241 15
e 693.26370 888.38000 13
e 672.23172 899.06725 8
e 422.76641 596.12983 6
e 550.76894 707.66122 5
e 706.50224 804.27555 9
e 680.84380 602.77399 12
e 607.89849 706.67268 14
e 569.01418 475.91520 7
e 703.31350 696.90412 6
e 593.73553 691.26394 10
e 682.23058 801.26359 9
e 699.78689 786.91365 9
e 622.41002 848.47529 11
e 664.86921 633.02298 16
e 673.87463 831.89564 10
e 543.20707 977.29593 11
e 644.56829 741.46497 15
e 523.29434 687.54794 12
e 576.66050 641.59408 11
e 657.07059 867.87115 14
e 542.81590 948.27423 14
e 606.23508 773.47997 10
e 644.11875 781.16582 6
e 711.15741 691.73021 9
e 525.81491 749.78234 8
e 648.18389 920.58003 11
e 665.34821 821.53429 8
e 669.43427 590.67259 7
e 660.98802 720.38100 12
e 694.60371 888.13789 14
e 619.13028 661.17057 8
e 631.55300 511.26693 11
e 630.52460 561.50060 13
e 719.02204 759.50012 7
e 588.01396 881.90817 7
