c ./output/rectangle/gaussian/gaussian-rectangle-6-1000
p rectangle 1000 720.00000 1080.00000
e 354.18563 508.63912 8
e 199.90008 164.47816 9
e 372.41587 494.19985 9
e 397.93419 380.66309 7
e 285.54681 632.36042 4
e 401.38711 587.07184 8
e 282.70656 446.60010 11
e 463.42611 468.52388 9
e 343.04320 608.42171 14
e 324.03251 814.60323 8
e 479.51550 672.76304 9
e 289.43211 526.13088 8
e 293.94711 644.21953 13
e 516.34081 533.53654 14
e 356.18840 520.65903 7
e 376.45697 779.99501 14
e 388.18597 625.74006 9
e 398.39849 158.99057 8
e 327.54373 511.16239 9
e 345.26335 424.22172 11
e 398.34590 169.84136 10
e 426.89344 591.20000 10
e 326.79911 656.05114 12
e 329.75861 611.67355 10
e 448.78456 552.68547 7
e 439.14858 843.47333 21
e 435.17683 537.74060 9
e 389.49316 973.10106 11
e 348.54980 488.47790 9
e 320.22736 393.21811 8
e 448.86276 607.13852 11
e 340.50760 512.14125 9
e 364.59130 610.48209 10
e 403.47283 577.09034 9
e 428.42911 514.61888 8
e 386.35096 536.97498 11
e 324.59310 323.44613 14
e 390.45579 405.77669 13
e 270.93896 640.98958 8
e 447.95704 510.39063 8
e 413.09732 351.76626 14
e 341.33317 394.45161 7
e 461.76192 419.19017 7
e 394.55670 561.97490 10
e 369.34103 463.23362 12
e 442.29306 465.72771 6
e 417.30440 564.22585 10
e 318.87940 539.26027 8
e 233.02402 569.50014 11
e 348.52424 516.05073 9
e 308.70272 500.85791 5
e 379.73876 296.96168 16
e 395.46847 510.27783 8
e 569.69759 442.48406 7
e 334.65714 432.64007 8
e 355.63542 233.21988 8
e 263.93334 502.92050 8
e 321.29913 562.51681 14
e 288.69014 406.37066 10
e 380.25772 494.23998 9
e 390.79042 678.46620 7
e 492.74300 732.77625 13
e 415.96155 443.85012 19
e 268.26752 185.44138 13
e 482.39442 436.21200 9
e 389.42283 535.12179 10
e 365.56132 475.60738 9
e 382.75422 338.93472 10
e 587.97486 582.00374 6
e 354.27125 394.65311 7
e 368.74063 746.25234 11
e 438.26193 492.76234 8
e 478.27081 472.20472 8
e 232.52109 504.58638 10
e 294.32183 418.59755 8
e 507.20348 509.26214 12
e 362.49630 636.05880 11
e 347.08222 549.36659 14
e 356.14107 144.88063 15
e 395.41925 335.35540 7
e 420.26576 349.21071 8
e 307.65266 631.44874 10
e 219.17271 57.45305 6
e 343.49283 733.05244 8
e 213.73481 608.67754 6
e 450.43243 460.28644 18
e 479.79179 622.64766 9
e 314.39769 339.90714 11
e 446.98430 462.96383 11
e 307.76652 537.81714 4
e 312.47811 317.08353 11
e 404.48352 567.61925 14
e 688.06042 457.95735 5
e 367.59740 487.90724 10
e 533.88485 353.97729 4
e 267.15839 630.83124 5
e 337.44577 502.38470 7
e 535.87070 414.41377 13
e 316.13389 230.26507 9
e 413.77565 474.86438 8
e 362.61767 573.21073 6
e 501.59393 581.27081 18
e 571.52870 540.13410 6
e 678.12306 436.48434 13
e 347.46433 681.36847 12
e 357.15239 140.44299 8
e 417.27950 729.79101 10
e 374.39452 334.29996 14
e 299.48977 514.71315 9
e 382.19319 429.14521 10
e 283.97310 538.88427 10
e 331.74524 603.18768 13
e 230.93349 395.30477 12
e 333.29058 281.00503 7
e 538.41991 585.95857 7
e 412.79877 551.66193 7
e 427.97679 427.94422 3
e 428.90256 195.75922 9
e 305.98532 547.10043 7
e 210.98168 502.13491 10
e 359.62908 240.80429 8
e 327.19083 477.22836 10
e 335.31059 358.76034 8
e 320.58983 387.70985 6
e 497.26896 575.28842 8
e 380.79389 677.29278 8
e 385.45872 493.70293 8
e 279.36041 644.27508 10
e 335.70828 497.79868 15
e 466.82728 509.07859 6
e 384.58199 630.64030 7
e 366.65174 312.03412 15
e 354.15957 627.80237 8
e 479.78929 522.71633 7
e 244.05127 403.91633 5
e 390.25883 334.00023 12
e 432.43302 417.71401 9
e 374.48079 387.42337 6
e 347.23762 572.37410 14
e 330.70029 156.03006 12
e 520.52985 467.20348 5
e 443.90483 349.82901 5
e 309.90993 429.32430 5
e 365.51311 535.23889 5
e 352.87542 624.05350 10
e 348.65710 708.11535 12
e 345.30253 759.38922 13
e 438.48997 166.49186 14
e 454.21552 499.00061 6
e 339.03485 648.76242 6
e 504.16456 225.81672 7
e 462.03074 301.39622 9
e 241.01655 504.45288 10
e 391.90298 215.93079 10
e 292.47142 598.29046 10
e 297.96079 360.25428 7
e 298.54581 320.82260 6
e 390.75311 308.91950 10
e 338.91186 159.25643 5
e 137.65790 504.50654 12
e 412.80501 213.53847 8
e 414.59950 412.29859 8
e 286.37825 278.28404 6
e 457.91333 613.49971 10
e 395.54688 482.32039 7
e 340.62856 708.59445 9
e 447.22395 340.98709 10
e 329.48325 427.88611 15
e 240.11353 363.56504 4
e 242.26635 379.29365 13
e 401.47966 302.27416 14
e 309.68156 283.76875 13
e 326.10106 777.94240 6
e 401.41188 565.16147 12
e 136.89020 406.37973 13
e 343.95147 242.55540 9
e 222.56219 349.83743 11
e 519.00446 722.93436 10
e 447.11851 663.14423 11
e 410.28049 259.92683 12
e 317.89090 203.29922 8
e 301.88203 664.66468 9
e 319.58540 409.16659 11
e 267.19148 595.78966 4
e 300.89845 404.88990 12
e 258.30928 551.32137 9
e 553.56055 522.82291 7
e 468.09814 457.25934 12
e 345.83286 492.83461 10
e 265.12230 381.69109 11
e 502.64963 422.07568 11
e 555.61348 647.02682 7
e 381.10845 689.81262 4
e 399.16217 548.88458 7
e 451.71084 426.44709 8
e 384.12812 318.57091 6
e 494.55173 375.17897 6
e 343.76738 615.75180 6
e 535.94071 528.66156 8
e 339.27272 220.20471 11
e 397.84487 313.29707 9
e 461.78365 507.27135 9
e 256.17610 354.14487 7
e 377.38407 677.69804 10
e 428.10985 412.44189 11
e 281.98890 321.40143 5
e 199.41577 365.55460 7
e 540.51304 453.67230 8
e 483.87516 266.32109 9
e 328.04390 710.97636 10
e 311.83567 425.43537 9
e 420.16748 349.80000 6
e 441.48057 431.23106 9
e 470.64407 570.67827 9
e 437.31152 672.08424 14
e 423.32726 347.19734 6
e 247.59054 480.90545 11
e 152.78679 412.52697 5
e 196.31034 288.58215 13
e 218.49807 51.01488 9
e 131.98987 200.35277 12
e 380.37315 579.14219 12
e 157.54434 492.14296 8
e 357.72776 384.25755 6
e 387.11091 380.47600 10
e 344.60149 453.24216 15
e 429.25454 640.53570 9
e 305.55028 379.30437 5
e 265.65875 350.82847 4
e 439.34246 649.81897 11
e 452.69264 282.35509 7
e 393.90855 300.12415 6
e 417.00246 404.60660 7
e 316.63050 392.50508 10
e 393.99211 622.02227 13
e 339.74478 288.90818 7
e 350.89016 371.65673 11
e 202.97619 218.89870 6
e 398.03648 299.74047 7
e 293.34343 516.64147 10
e 402.58172 345.79150 8
e 357.00855 635.68387 6
e 413.91124 287.75358 13
e 290.44980 457.12564 12
e 407.11704 283.95935 11
e 265.82357 596.20370 12
e 271.31944 469.53360 10
e 145.69613 567.77998 9
e 262.23311 609.56194 11
e 419.02177 428.03840 9
e 437.47894 230.57884 9
e 301.51820 487.06400 8
e 391.59655 712.41473 7
e 393.25738 469.85692 9
e 487.00970 466.81774 12
e 449.22831 843.83391 6
e 441.35007 565.24216 6
e 460.10082 344.33864 8
e 252.51887 730.25577 9
e 456.72291 609.97099 8
e 461.08145 632.63880 5
e 397.05116 527.15318 9
e 236.12468 381.57092 7
e 497.25611 510.70728 12
e 367.87574 439.48128 13
e 305.24882 378.83485 8
e 395.25031 553.68735 10
e 331.29210 708.16044 13
e 417.00441 742.49056 13
e 469.31303 408.33989 8
e 246.63694 658.69664 7
e 487.75865 210.44838 9
e 390.17492 378.34681 7
e 311.03458 196.11997 13
e 436.92038 530.39690 7
e 332.55628 253.16800 9
e 374.62615 743.02233 10
e 320.80110 417.31645 10
e 406.46999 175.96404 5
e 345.71176 408.75176 10
e 357.76792 540.29301 9
e 327.92037 858.67874 7
e 265.68832 631.76704 7
e 505.51584 368.15831 5
e 332.33883 310.55200 11
e 105.54854 588.24039 5
e 472.81210 436.75862 8
e 367.08447 749.60325 11
e 548.96137 701.58366 15
e 342.96201 685.48350 15
e 344.62352 340.86323 11
e 360.73092 754.78625 9
e 394.50060 102.98874 7
e 410.11768 736.51188 10
e 325.92013 581.33726 7
e 344.07493 487.58916 15
e 236.24783 841.08320 6
e 387.78268 438.66948 13
e 331.07369 601.09178 7
e 265.37904 433.75800 9
e 261.81347 654.14938 9
e 317.44007 553.45643 8
e 461.52166 265.75013 13
e 306.52870 439.38446 12
e 146.72159 647.71630 12
e 298.93881 405.26142 7
e 343.17560 433.74669 4
e 292.86536 612.66620 12
e 379.65024 626.80085 12
e 419.76727 398.80007 5
e 382.27818 754.49271 9
e 474.58560 363.30873 9
e 423.61609 697.12723 9
e 266.37879 628.29276 11
e 499.01195 231.72164 9
e 411.39419 436.07410 8
e 410.49073 565.44878 7
e 277.36756 561.39764 7
e 254.16441 455.77560 6
e 381.81739 427.13669 10
e 278.61221 198.13533 8
e 346.26953 501.21990 13
e 431.20702 620.94691 11
e 356.85671 272.36617 7
e 332.34128 478.00046 6
e 357.54353 614.89123 9
e 520.51658 663.98757 12
e 405.39402 478.54949 9
e 292.89382 430.23483 11
e 503.57387 187.72744 14
e 278.14932 451.68098 9
e 423.03595 583.74768 13
e 495.24366 608.22431 12
e 320.36086 345.45480 9
e 438.86650 505.29862 8
e 322.53592 569.83741 7
e 385.59250 631.31693 4
e 455.10508 397.34820 13
e 332.28176 732.52615 9
e 403.00934 314.05421 9
e 428.43952 421.07306 11
e 376.22010 514.33693 11
e 459.10757 353.40516 7
e 369.72830 423.35365 8
e 194.12025 564.30813 9
e 438.19416 486.85885 7
e 298.57586 695.62172 8
e 490.81236 189.01724 7
e 393.96779 605.59613 12
e 218.09064 465.56031 11
e 526.73194 272.91709 10
e 245.90769 433.35493 8
e 288.09445 466.50550 9
e 140.28438 267.73071 14
e 541.52167 664.33763 12
e 403.69024 377.94469 7
e 444.04330 613.49088 13
e 385.83421 312.14586 9
e 302.63869 315.25905 9
e 377.32226 622.05627 4
e 426.64550 579.98358 4
e 481.97096 565.77623 6
e 269.30820 362.77388 11
e 400.37163 256.32163 10
e 347.76585 395.44729 11
e 398.62942 109.14425 4
e 387.00016 342.63315 9
e 379.01261 368.53992 10
e 502.13127 366.24248 4
e 436.13558 473.42925 12
e 398.39745 600.82165 12
e 372.52913 622.59780 9
e 307.78338 556.69625 11
e 187.04426 545.99082 9
e 238.07262 642.09715 12
e 443.22005 527.41590 7
e 269.72290 562.83783 9
e 421.85239 518.34577 10
e 263.26913 354.33847 10
e 476.10788 823.93454 4
e 346.88672 624.23391 8
e 526.13815 456.59229 5
e 413.33121 748.71910 10
e 408.96691 461.15792 12
e 327.43488 533.29557 9
e 445.65444 544.49412 6
e 292.55151 417.43366 15
e 338.81495 463.47732 6
e 179.83528 518.37578 8
e 383.51192 382.90844 3
e 369.39672 299.57217 5
e 157.03000 594.67649 5
e 348.80482 442.43827 12
e 432.12838 506.76844 6
e 514.01693 501.42303 7
e 473.52211 494.69466 7
e 350.70772 459.03374 8
e 323.16280 604.34637 13
e 446.63265 257.03212 12
e 281.88371 381.05546 9
e 206.81233 343.91299 10
e 511.85600 757.22266 8
e 223.71278 466.37390 2
e 441.27154 383.38055 11
e 267.09587 463.05428 11
e 370.87531 396.86821 11
e 269.16718 413.11007 8
e 334.31542 583.56847 7
e 320.67542 527.37416 6
e 506.18634 619.27293 7
e 491.00969 576.93500 8
e 263.66531 459.64966 8
e 406.65460 411.87461 8
e 420.91766 156.33520 10
e 266.72013 448.02913 9
e 232.89448 484.88448 12
e 320.46754 427.79362 9
e 271.32906 400.79089 8
e 364.26129 495.50657 11
e 501.44617 366.70203 11
e 487.99061 433.95633 11
e 389.54774 535.84875 16
e 347.57933 563.88908 9
e 424.42845 718.23139 7
e 306.97451 427.66880 7
e 374.38489 301.50495 7
e 489.77456 443.87611 8
e 355.92678 711.58107 10
e 314.32153 667.77404 8
e 324.82763 705.44488 8
e 343.31528 464.25193 8
e 373.76579 313.83448 9
e 455.86863 314.43914 5
e 428.95224 633.35024 4
e 423.93237 234.22721 12
e 328.68577 513.58087 8
e 542.04410 553.76530 10
e 494.08914 521.31135 9
e 441.18797 969.37676 13
e 224.82490 257.36095 8
e 407.43894 615.19649 7
e 223.61979 211.48503 11
e 389.09215 482.41486 12
e 365.37234 590.25104 10
e 404.71779 101.62982 9
e 262.91166 380.39490 8
e 444.52177 339.65387 19
e 325.23351 282.83661 9
e 382.60024 682.69581 13
e 343.59872 331.23314 8
e 313.15677 569.24257 10
e 483.90899 474.46219 9
e 271.97440 589.46127 6
e 390.17981 449.53091 7
e 488.19829 546.65906 11
e 273.25860 580.39942 9
e 389.34385 481.86049 13
e 444.05710 334.83792 9
e 359.55529 384.06848 11
e 346.11248 554.81012 9
e 372.43730 577.45877 11
e 321.60408 409.82037 13
e 401.93729 490.72300 15
e 502.69556 697.14781 10
e 356.22121 265.36473 9
e 292.32161 168.78315 10
e 319.78189 728.47079 13
e 295.57403 166.48434 8
e 419.14098 507.30349 15
e 358.27165 382.30642 9
e 439.46018 543.13190 6
e 268.38178 702.88102 9
e 360.98970 420.71748 11
e 284.36196 270.42462 9
e 445.24400 193.19086 12
e 418.76165 604.50690 8
e 253.62451 265.49285 8
e 364.79490 401.62967 13
e 359.11926 426.65412 11
e 354.32782 527.13959 12
e 331.09146 311.49306 8
e 173.17582 503.92916 6
e 391.40644 689.84160 7
e 330.63904 561.58138 6
e 374.57089 642.70250 16
e 370.80409 476.10499 9
e 415.34592 544.61361 14
e 444.02444 476.04971 9
e 439.84531 325.89988 11
e 325.82428 313.07422 12
e 444.51994 732.40946 9
e 503.29748 377.42654 10
e 396.60726 473.06683 12
e 380.47190 551.84967 11
e 380.59793 626.56698 7
e 343.34612 484.46617 8
e 385.54423 475.22612 17
e 495.22929 465.69989 5
e 519.92523 266.91608 7
e 410.88345 376.69149 10
e 371.91015 460.91829 12
e 419.60576 603.81548 7
e 246.51473 739.57820 15
e 552.55357 502.78409 13
e 297.88885 509.28448 8
e 362.75964 503.00664 5
e 271.84434 348.46690 7
e 396.63185 601.67117 12
e 370.88810 196.89332 9
e 296.28443 450.31246 9
e 563.46536 449.11086 13
e 564.33754 647.71437 8
e 350.63685 615.50746 9
e 489.63553 385.83964 6
e 284.18501 613.77394 11
e 452.28181 637.66493 8
e 353.47629 608.61811 14
e 462.50500 496.17072 8
e 309.38361 450.96394 8
e 277.43992 689.78701 10
e 339.78478 466.36695 14
e 266.12490 434.43662 10
e 448.44028 658.39185 7
e 393.62811 638.24387 17
e 154.22686 658.17514 5
e 457.28044 350.28555 14
e 304.43552 149.40362 12
e 455.68574 539.85654 12
e 403.90058 689.38318 10
e 232.35359 298.32039 7
e 566.05193 649.04773 7
e 326.20507 393.97514 9
e 361.02238 569.72790 9
e 385.23109 306.05325 10
e 306.51102 787.33049 6
e 434.22278 597.88817 14
e 243.17430 367.84995 13
e 289.92220 701.55326 6
e 277.39473 498.12966 11
e 361.45855 519.88436 10
e 344.32843 283.10251 12
e 328.60994 552.24833 9
e 399.81860 422.82273 10
e 321.18625 548.93523 12
e 491.77615 494.78906 7
e 374.03972 247.24846 8
e 349.64558 360.15491 11
e 383.21697 356.89014 13
e 291.47763 343.81134 6
e 254.37502 364.83689 8
e 281.02443 608.51726 6
e 444.69887 257.60633 7
e 333.76719 316.23829 12
e 382.35502 492.79138 10
e 255.55390 487.62931 8
e 321.94733 330.72928 9
e 302.32045 217.96487 10
e 331.12641 677.39026 5
e 335.33244 433.27796 9
e 389.07531 457.73561 13
e 523.77245 387.32986 9
e 351.76929 583.87667 4
e 401.39436 447.90150 7
e 399.80623 236.46215 6
e 315.22045 782.14199 11
e 481.30223 469.31848 10
e 256.11250 321.81069 10
e 395.58807 428.08600 6
e 492.45322 461.55329 8
e 268.57565 623.82812 8
e 318.50898 623.77633 10
e 311.80983 287.80073 6
e 195.43404 514.71704 7
e 403.41213 617.65148 10
e 369.26328 517.24863 9
e 323.78828 527.25434 9
e 290.19602 597.00443 11
e 351.15178 470.59223 10
e 318.35183 723.51903 6
e 290.55077 526.57647 12
e 333.15682 477.60258 16
e 451.14202 531.55950 9
e 373.23577 535.47826 8
e 384.72721 317.59871 9
e 169.75958 328.50245 8
e 398.39612 532.75312 10
e 356.62747 295.35374 7
e 342.14741 396.59705 7
e 437.68992 659.42958 10
e 268.01869 611.28354 10
e 307.02183 605.38582 5
e 342.51569 604.65302 11
e 392.22038 574.04958 11
e 173.36252 356.10157 9
e 301.88867 506.39099 9
e 262.55931 602.43178 9
e 152.29619 606.04718 15
e 357.74167 628.12936 14
e 183.47326 191.12376 10
e 247.79538 360.41659 10
e 353.14272 611.16747 12
e 301.63824 361.15665 9
e 506.37681 218.73549 9
e 328.92373 281.51303 7
e 426.18233 714.22476 11
e 592.66366 382.62625 11
e 431.01142 973.93202 11
e 304.14131 472.50763 13
e 301.23817 652.27120 15
e 356.81335 660.84624 7
e 454.19133 302.82236 5
e 343.32190 532.87389 6
e 439.05178 471.63104 8
e 434.85480 662.25203 8
e 306.14487 598.88075 10
e 376.54845 173.87304 14
e 499.64683 537.40514 11
e 347.91086 600.27054 6
e 353.92598 275.63182 16
e 305.19867 424.03351 8
e 373.82153 616.62801 12
e 438.48728 478.83986 6
e 294.48734 321.82758 10
e 604.62928 389.37717 11
e 492.59130 258.81453 11
e 344.89070 181.00299 3
e 450.49919 529.64761 13
e 410.90463 272.80682 10
e 331.93482 582.21068 6
e 396.05331 510.59959 6
e 486.42670 466.98088 8
e 256.67548 289.57063 11
e 382.01777 372.02305 10
e 504.71339 445.25354 12
e 515.90128 376.36381 6
e 461.28087 533.18657 5
e 493.91693 420.86684 10
e 491.56938 404.81299 9
e 403.53578 696.56119 8
e 224.49552 409.35129 4
e 402.62987 638.02737 11
e 251.11288 341.56103 11
e 270.60259 637.89568 8
e 499.60622 257.01715 11
e 366.31201 649.95793 11
e 184.87907 449.98921 11
e 556.04399 436.34993 13
e 383.14432 647.01448 7
e 391.06420 667.26552 9
e 275.39107 406.64468 11
e 294.09370 522.12596 8
e 409.71501 481.41229 14
e 384.76475 774.03366 9
e 388.86823 245.77869 10
e 448.98460 412.36901 11
e 392.05898 379.32278 11
e 459.33073 574.67748 6
e 206.02603 377.37907 3
e 458.77919 412.55105 13
e 284.74330 376.68874 9
e 388.58458 710.42042 4
e 360.89203 434.09983 8
e 369.76111 402.07735 10
e 257.98533 591.76810 9
e 312.10494 468.16191 10
e 422.53974 373.35775 9
e 349.13250 539.29713 7
e 470.33750 446.42376 12
e 268.37400 472.96360 7
e 317.93404 233.50162 6
e 204.50745 379.47115 13
e 402.15558 336.73311 9
e 477.17234 271.50175 9
e 281.93029 678.63667 10
e 269.49663 405.99297 7
e 388.22050 614.52883 9
e 324.36612 409.59333 7
e 410.20101 589.33618 8
e 321.61744 610.37102 6
e 248.89330 482.29859 10
e 513.62993 584.69826 11
e 356.90859 477.17440 8
e 289.74040 484.56396 7
e 355.38743 293.61396 11
e 341.39302 368.03913 9
e 363.74647 187.86389 11
e 372.66557 595.52519 7
e 327.33319 420.85474 11
e 583.06713 423.14529 6
e 379.24737 361.03561 13
e 315.87243 540.85626 12
e 356.06903 685.24354 11
e 377.11071 524.47595 7
e 208.04117 904.38620 10
e 417.42162 624.57367 7
e 409.66479 549.78077 8
e 340.14198 478.35343 13
e 492.16853 453.04213 8
e 391.47951 352.50845 12
e 457.02313 529.06656 7
e 700.57776 758.60478 9
e 617.82531 766.02881 11
e 664.46677 560.55873 8
e 694.56776 428.14020 8
e 594.26107 549.64600 8
e 454.29156 617.20947 5
e 712.38753 953.99839 6
e 710.54582 814.29771 10
e 615.81167 479.77089 13
e 680.53122 847.71417 8
e 551.53255 783.17225 8
e 638.67600 906.35836 8
e 614.59021 547.37361 11
e 534.19505 602.70888 11
e 596.82760 548.97126 9
e 559.18696 713.67636 13
e 553.99896 712.63403 9
e 653.41780 825.73090 13
e 595.51228 470.71625 10
e 640.44497 720.12689 3
e 649.03109 435.14753 14
e 561.10831 432.04569 8
e 685.32525 506.56487 13
e 640.32661 503.54642 13
e 682.46183 416.13368 15
e 718.19672 515.12904 13
e 560.93101 693.47211 7
e 541.57368 409.07495 10
e 563.34528 705.62645 9
e 550.23127 594.36794 6
e 670.50164 730.78131 19
e 447.86482 347.27407 11
e 557.17740 679.79911 9
e 547.78167 512.29226 8
e 504.59436 670.92492 13
e 528.40524 809.07048 10
e 557.82821 549.38047 18
e 618.66414 459.32160 3
e 590.91838 876.67813 13
e 467.84990 449.54659 8
e 631.42265 783.97732 8
e 520.94934 788.62739 8
e 671.89710 473.69306 7
e 661.52734 604.24584 6
e 625.36028 612.72850 8
e 539.92769 559.49132 9
e 639.58814 689.72026 7
e 716.47558 658.12422 15
e 681.13251 848.23498 16
e 527.81711 392.46697 11
e 652.15493 458.53732 10
e 616.60446 482.75197 8
e 664.49848 613.22358 5
e 711.87422 548.97219 16
e 576.90276 759.03384 7
e 631.76025 393.72798 11
e 505.94438 486.46902 11
e 526.31983 692.22931 11
e 662.39949 624.47618 8
e 465.94044 472.99224 6
e 522.04079 838.63898 9
e 600.11205 659.19581 9
e 669.87656 456.91420 9
e 465.48702 574.14439 6
e 592.53081 682.46261 11
e 561.63884 643.91757 11
e 498.20521 678.86234 9
e 587.29794 985.93146 8
e 622.17560 498.60891 8
e 694.84151 1008.42888 8
e 637.49289 620.47780 8
e 459.66282 711.78051 12
e 689.43285 608.28509 11
e 553.38599 599.57057 10
e 605.60723 811.91295 8
e 578.67783 666.47539 7
e 625.69960 460.72835 13
e 705.21689 800.41782 10
e 627.56415 479.82236 8
e 714.18143 497.28064 7
e 595.84416 444.11514 8
e 711.24816 666.99012 8
e 566.87247 868.46464 16
e 664.45105 728.90548 12
e 619.50540 638.28112 10
e 701.09111 451.11485 7
e 661.59843 627.94127 5
e 450.34058 430.58453 8
e 593.25140 788.13546 12
e 424.20306 283.20139 15
e 573.68786 483.99922 8
e 564.50744 717.53677 14
e 639.70223 351.21144 14
e 677.80971 461.02171 4
e 653.77728 765.51309 9
e 663.88006 482.88689 12
e 704.85915 664.43108 4
e 605.10836 531.40443 15
e 588.95856 625.21621 7
e 685.18374 229.57558 7
e 650.40408 505.79165 12
e 657.80040 716.17321 7
e 651.71132 499.59429 10
e 593.86797 555.75004 9
e 698.76439 691.20791 11
e 712.27538 797.88840 11
e 678.81861 719.49349 7
e 658.85811 619.34302 11
e 615.29615 801.80738 11
e 457.73479 382.26929 11
e 535.85685 974.73418 7
e 674.57126 565.27919 15
e 582.21465 758.78365 11
e 513.20478 400.17348 7
e 584.14500 609.84736 8
e 658.70967 695.15437 10
e 658.29724 612.35702 12
e 663.67678 657.45657 13
e 705.49165 536.17802 5
e 567.28396 330.69517 11
e 668.36611 302.65134 5
e 548.18562 796.17726 8
e 510.42429 731.26750 9
e 569.74128 508.13743 10
e 589.37231 880.82963 7
e 579.39933 534.19326 9
e 623.26858 539.25905 8
e 557.88391 409.24226 11
e 543.48291 669.65682 10
e 440.56355 746.28138 9
e 594.08458 458.71085 12
e 648.69711 748.57579 13
e 669.38561 235.83223 8
e 612.47889 643.18177 10
e 450.62837 411.65383 4
e 530.14285 456.43166 5
e 687.48780 663.29444 5
e 417.66342 560.60431 11
e 497.57942 542.56705 7
e 576.53483 765.96034 9
e 636.62291 759.36481 7
e 644.05311 701.36369 9
e 634.23407 639.45738 11
e 584.55936 363.69478 8
e 539.93128 307.26098 13
e 542.92196 622.31245 6
e 642.89521 512.06697 9
e 640.83743 513.65949 10
e 615.39133 456.74525 7
e 705.26564 762.12630 9
e 611.23976 835.67796 6
e 641.56437 551.08695 10
e 573.67908 437.11324 8
e 539.42534 713.64962 8
e 709.10341 424.53928 10
e 565.10224 244.33023 10
e 565.46063 496.83472 10
e 699.94639 810.16497 9
e 638.09178 562.73609 13
e 609.79337 609.02328 11
e 644.13302 490.69949 7
e 627.93811 456.83305 11
e 718.72364 780.36689 9
e 557.51390 421.14430 8
e 570.56453 759.13098 9
e 568.18217 620.79531 7
e 653.79618 407.26293 5
e 550.58761 276.47839 9
e 683.08452 675.84807 11
e 630.11542 810.57559 12
e 690.76424 673.25296 10
e 526.65179 630.30492 11
e 683.54581 666.61775 8
e 544.05108 639.47140 7
e 585.22086 691.01008 10
e 719.57609 536.05805 8
e 703.50024 388.00115 5
e 616.10619 656.53258 10
e 661.75167 796.76539 9
e 518.09963 477.98906 12
e 565.22418 493.81950 13
e 671.06131 691.48743 16
e 609.89474 813.56309 8
e 578.38271 417.45520 7
e 639.58393 468.91172 5
e 589.94759 444.03513 9
e 648.28731 768.45381 7
e 472.76784 531.76801 11
e 598.99185 384.27333 14
e 580.44530 576.78099 7
e 706.24811 472.69965 10
e 705.72877 622.70636 10
e 601.42503 699.30561 7
e 714.23182 728.99926 10
e 616.13314 217.48369 13
e 678.12821 593.69425 10
e 484.68631 726.58097 17
e 649.54025 530.37572 8
e 484.68466 563.36188 7
e 712.06603 909.17314 12
e 713.18306 685.77895 8
e 717.28991 601.43297 12
e 679.53952 880.63911 11
e 601.60049 1056.76035 12
e 585.32837 972.23719 6
e 662.14108 623.09610 12
e 509.70050 924.88794 5
e 690.87134 381.94857 10
e 670.15929 910.25979 13
e 627.52537 793.73282 9
e 645.53744 676.19265 6
e 606.58823 615.19917 6
e 671.16784 671.34026 7
e 600.51497 851.66688 11
e 656.38853 762.75351 8
e 634.51623 922.05932 10
e 647.79476 715.48072 7
e 684.52977 894.33104 8
e 616.16018 620.51598 8
e 651.86808 545.97424 15
e 624.27770 669.66041 11
e 629.99596 784.66874 6
e 631.56564 857.41393 7
e 574.18484 667.47378 12
e 653.72394 940.42691 9
e 632.18173 746.01968 9
e 554.55332 769.57750 8
e 632.64148 784.00085 12
e 575.66228 891.79089 8
e 675.83776 721.00186 10
e 646.64687 730.72789 8
e 716.74353 841.64039 4
e 640.60659 700.15357 12
e 685.55465 549.49163 15
e 665.96330 707.82311 6
e 527.21983 668.76120 5
e 682.06716 927.78931 11
e 653.51153 593.35253 8
e 709.04224 725.20188 7
e 616.64537 872.20418 9
e 622.23863 573.50714 10
e 719.26981 837.99081 9
e 626.19927 818.11181 5
e 653.54026 843.30324 8
e 620.47914 927.04514 5
e 642.36917 319.88641 7
e 681.39133 642.93287 5
e 685.40781 636.00819 11
e 695.58583 819.06452 10
e 677.10517 856.69786 9
e 694.60693 536.65074 8
e 719.00777 617.10036 8
e 688.91254 937.69137 7
e 708.63636 800.21312 11
e 646.29269 847.14969 5
e 694.76587 557.62913 11
e 719.53530 728.09864 13
e 692.26990 571.66974 12
e 590.86069 636.26972 6
e 602.73705 774.68883 6
e 659.39416 700.53035 10
e 641.63822 949.18253 10
e 609.38981 717.65098 7
e 655.15686 616.78572 9
e 633.91062 622.36838 9
e 622.64897 921.31454 11
e 636.96296 764.47318 6
e 647.13561 696.73641 7
e 592.19233 923.21644 14
e 642.72373 776.57256 12
e 677.19097 529.95675 7
e 657.69716 791.70184 7
e 681.62275 928.00711 10
e 638.74072 622.58794 8
e 676.49759 631.92791 7
e 669.08698 916.15501 10
e 583.38725 828.40921 15
e 534.16412 706.44656 12
e 646.30709 786.65525 11
e 676.41600 779.62694 8
e 673.05332 908.66335 11
e 717.82797 893.85635 7
e 697.99602 506.04257 9
e 656.94822 806.47897 8
e 700.84700 657.69417 9
e 714.71967 507.14639 7
e 666.04131 661.10949 12
e 671.86146 756.56949 4
e 714.33241 886.29648 7
e 652.74988 845.47711 10
e 691.52638 663.26920 6
e 479.42619 855.18801 10
e 702.77323 871.07393 8
e 611.37194 1038.64985 10
e 643.82669 719.04101 10
e 611.60342 661.14300 7
e 634.48679 997.17136 9
e 496.29473 787.52263 11
e 529.64661 916.93092 8
e 487.78835 639.82631 9
