c ./output/rectangle/gaussian/gaussian-rectangle-0-4000
p rectangle 4000 720.00000 1080.00000
e 129.12322 457.53178 12
e 143.27977 328.76454 10
e 71.73611 827.54102 8
e 98.76990 499.97306 7
e 36.98863 631.20568 12
e 272.55430 510.30458 8
e 144.33486 479.68009 8
e 87.07328 403.04714 8
e 247.81436 764.78630 6
e 22.30702 539.13888 9
e 201.78231 541.34945 9
e 193.70862 567.88352 11
e 103.53240 594.55583 9
e 177.64364 553.00347 6
e 72.19735 459.04572 7
e 253.28644 636.30744 7
e 98.93039 401.78258 8
e 183.68030 628.27271 7
e 109.40117 433.18035 13
e 90.16423 640.30187 10
e 73.12191 312.43555 6
e 96.53136 490.98885 10
e 130.71521 232.22502 8
e 198.44737 843.64803 10
e 53.62502 514.13662 5
e 188.83433 575.60563 15
e 184.66973 586.70047 10
e 197.08363 440.97131 10
e 62.34507 341.36757 9
e 95.93216 378.70827 8
e 145.49180 605.91412 8
e 177.72323 446.19060 14
e 51.49567 289.09178 4
e 62.66704 532.11553 10
e 203.30859 1066.39582 13
e 139.92072 536.34072 5
e 172.52593 243.09579 4
e 90.27331 481.34946 16
e 140.88003 320.96147 9
e 73.42391 443.52283 13
e 189.42575 753.82362 7
e 61.11057 423.70637 12
e 77.45352 456.24079 13
e 142.74916 704.65825 5
e 27.04594 187.21576 4
e 221.46661 672.85145 10
e 179.09505 572.89055 7
e 175.41888 483.95161 9
e 121.84396 602.91015 8
e 231.62785 200.55409 9
e 196.40399 728.19798 7
e 175.51092 505.53745 11
e 79.37435 673.18184 13
e 67.52786 607.13946 13
e 143.60487 416.93045 9
e 172.82322 640.40683 6
e 57.20583 483.62549 8
e 155.61415 593.50898 7
e 201.78683 64.65899 15
e 95.44258 484.31310 10
e 3.83431 278.84174 7
e 154.88674 682.95370 10
e 88.44590 581.88502 9
e 36.72917 638.01742 7
e 150.43703 187.39227 11
e 148.48245 502.96683 6
e 48.00861 348.33486 8
e 244.13443 462.41864 5
e 196.80293 694.03335 8
e 122.60274 348.00062 6
e 134.04093 555.62612 16
e 22.44490 555.83341 9
e 133.43040 425.92434 6
e 108.32918 549.55431 9
e 114.52528 598.65376 13
e 209.17324 523.66462 9
e 86.98807 522.08535 11
e 100.48212 485.81586 8
e 44.23852 670.27329 5
e 31.55264 364.74387 8
e 152.25863 463.45809 5
e 107.90722 217.14427 4
e 79.57397 444.78218 11
e 233.73210 465.11093 11
e 59.40267 626.66604 9
e 167.00595 596.23486 7
e 64.51028 610.22712 9
e 184.41917 618.12291 14
e 129.63231 521.93918 10
e 166.41757 418.07551 9
e 112.44177 574.45292 11
e 32.00608 550.91648 7
e 221.62796 631.58189 12
e 153.12203 542.88529 15
e 158.12032 520.25237 7
e 112.84882 621.90632 7
e 154.37831 269.98710 9
e 187.88852 723.58343 10
e 266.37849 746.88486 5
e 115.68114 405.53999 13
e 14.34393 396.10918 10
e 301.88009 559.56098 12
e 112.15206 16.11511 9
e 73.28003 516.50285 10
e 137.39815 465.74931 9
e 177.55972 677.87097 13
e 164.33949 268.63580 7
e 181.42763 548.58935 13
e 188.37132 589.20627 8
e 80.43371 647.66818 2
e 84.19309 579.08289 8
e 149.81428 506.97082 10
e 101.61553 566.19915 9
e 26.33606 562.22012 7
e 94.49862 465.89657 8
e 52.27888 480.98887 9
e 209.92530 282.77333 6
e 130.46206 380.94010 10
e 17.88442 635.44817 7
e 244.02566 456.90963 11
e 132.83844 423.23283 7
e 111.01516 538.06596 11
e 277.84508 516.59251 12
e 63.45044 558.13364 6
e 143.56693 598.37165 11
e 28.48366 425.91746 11
e 165.60594 655.24470 7
e 148.08831 422.99095 11
e 34.84063 568.83724 7
e 12.96115 204.13870 10
e 139.29126 408.95906 9
e 61.11562 604.41540 12
e 97.01948 583.32844 11
e 21.04602 590.35882 9
e 22.83666 276.33885 11
e 96.97523 306.22944 7
e 190.98713 632.58415 13
e 42.48365 612.30791 11
e 77.90581 571.68817 11
e 107.38975 604.00833 12
e 188.41647 664.72253 11
e 127.74288 353.31882 12
e 42.88443 653.84883 16
e 131.09695 269.76333 3
e 147.75712 310.61570 8
e 364.49515 725.30778 8
e 152.55030 306.18083 6
e 195.64549 288.69518 8
e 43.17341 651.26187 8
e 49.11454 530.11735 8
e 237.34815 585.47659 8
e 70.28393 273.16530 11
e 42.59741 625.56129 8
e 234.38836 287.74126 4
e 90.82782 507.64207 8
e 172.54453 686.00642 7
e 123.87537 619.99340 12
e 73.19740 398.10346 11
e 83.66550 328.18018 8
e 167.44310 772.10103 7
e 192.69119 528.56441 9
e 154.04419 337.43380 9
e 85.44132 599.45442 9
e 246.90229 493.01987 9
e 182.71754 548.96002 9
e 44.67276 705.76080 10
e 105.20919 357.19771 12
e 391.71664 847.45423 7
e 235.12188 535.44389 4
e 218.80852 416.47603 6
e 120.39223 492.59735 14
e 135.58658 468.51069 9
e 200.29583 417.20479 13
e 33.81287 778.28663 8
e 196.45272 460.96608 9
e 14.06460 754.17969 9
e 178.84175 583.42492 6
e 94.89948 413.67882 9
e 144.24882 338.26781 6
e 84.44838 525.43504 6
e 151.91035 297.02209 6
e 133.43431 594.62347 5
e 99.49105 568.56211 13
e 132.65508 706.58545 8
e 138.06915 421.74595 10
e 176.94861 797.35599 4
e 9.34144 777.35540 11
e 33.02396 495.39040 8
e 88.10416 535.99821 9
e 93.14653 453.31937 9
e 218.60956 693.07332 10
e 76.87840 708.85419 6
e 107.42770 561.39373 6
e 81.70718 749.02914 10
e 110.35189 722.87596 14
e 32.95684 704.46020 11
e 205.87730 447.16466 8
e 192.05292 400.31653 9
e 52.53968 728.92313 9
e 238.22669 371.71619 9
e 137.62026 395.77975 10
e 228.02230 633.41534 6
e 52.83612 724.53807 6
e 230.65410 583.50750 12
e 150.16765 453.14329 9
e 158.03622 556.33670 9
e 133.58903 490.32902 10
e 150.39499 403.62171 8
e 107.59457 474.58623 16
e 236.20566 393.04700 8
e 71.25157 598.81802 8
e 101.47432 646.33257 12
e 120.77808 867.26612 8
e 104.61084 489.91178 12
e 236.00931 590.74779 10
e 120.93850 536.13152 10
e 125.34243 723.43525 12
e 173.53264 624.35379 8
e 235.77399 799.82104 11
e 199.51545 430.36999 15
e 135.96418 767.95481 8
e 81.56081 232.94733 9
e 214.72064 534.17699 7
e 214.32029 505.11725 10
e 57.52116 747.07406 6
e 255.21673 481.32527 7
e 80.10247 565.58734 13
e 27.53016 593.99845 8
e 59.62793 351.55527 6
e 71.61248 823.95972 6
e 166.30904 577.12909 8
e 138.98913 854.35518 11
e 114.82834 651.91708 8
e 146.12393 461.73533 8
e 309.25801 345.76196 9
e 75.27382 300.43729 9
e 175.19511 382.94729 8
e 265.68717 793.62381 6
e 151.35862 175.64901 11
e 135.15307 378.40761 10
e 168.22895 298.55061 9
e 151.60533 275.33064 8
e 87.23272 500.46288 15
e 60.69534 580.74004 4
e 162.14456 956.30907 6
e 126.10920 563.20571 7
e 106.95612 599.56476 15
e 253.60963 655.20095 15
e 102.24062 351.47942 13
e 213.69255 638.23539 7
e 105.35979 597.63433 4
e 136.22062 584.23048 8
e 259.31880 513.68534 6
e 120.28935 376.02659 8
e 127.67746 281.03673 9
e 15.66119 891.92797 8
e 64.68006 429.99607 14
e 69.25883 584.08373 10
e 6.53200 621.52475 9
e 230.19288 734.05306 6
e 98.26295 496.33966 10
e 156.72889 563.69782 9
e 182.57497 412.32146 9
e 38.21649 694.63006 9
e 97.51806 449.65633 8
e 30.79499 270.81713 4
e 125.90949 753.23489 10
e 105.52409 796.42804 7
e 203.96292 592.54195 11
e 37.39399 288.16287 7
e 232.44249 755.79577 15
e 280.84413 307.41687 13
e 98.12217 676.87976 9
e 70.97782 702.46786 10
e 192.84669 599.33872 13
e 113.14424 624.85143 17
e 181.32557 400.20409 12
e 88.28278 770.15822 12
e 46.22700 620.58206 13
e 160.28177 699.55125 8
e 72.99619 497.29441 9
e 155.17263 577.97411 8
e 164.76039 116.64362 6
e 191.81270 405.71178 7
e 185.40634 806.99975 6
e 43.30277 529.40663 8
e 201.38221 631.28869 9
e 36.31741 459.88871 10
e 143.54856 593.06103 7
e 221.69072 406.22947 6
e 208.53221 510.79188 10
e 155.56276 606.40414 13
e 163.45495 565.78070 9
e 94.31053 397.31113 9
e 223.14183 281.22781 9
e 164.41533 433.02766 11
e 136.61900 799.66413 8
e 147.52829 390.14761 10
e 127.20894 516.75426 3
e 7.30416 318.67527 10
e 153.91764 351.98099 7
e 178.44552 55.17487 8
e 105.30879 671.20220 10
e 263.55946 597.49650 9
e 72.87901 514.36943 10
e 113.96572 518.38498 10
e 162.02427 265.77342 10
e 56.53018 479.59730 12
e 134.62793 566.78038 5
e 113.70574 826.05974 9
e 240.71598 396.38760 10
e 71.27293 924.33657 9
e 111.43817 613.49904 6
e 210.18143 539.50194 5
e 110.35795 741.78335 4
e 117.27125 607.54315 7
e 152.89497 589.72205 7
e 133.63659 965.29670 8
e 127.26185 387.45170 14
e 84.28440 474.37593 5
e 13.08890 607.92426 13
e 42.28187 351.36863 7
e 105.79085 474.37158 7
e 37.52010 637.95313 4
e 100.67334 462.39297 10
e 208.10355 410.59206 6
e 132.39199 707.14187 13
e 56.05510 455.47856 9
e 198.16514 519.92585 9
e 147.78090 781.52178 6
e 23.65031 112.80604 9
e 68.52856 497.81106 7
e 49.67594 861.52657 6
e 165.91223 458.30938 8
e 18.46630 567.43190 4
e 50.16257 416.20884 10
e 137.65973 562.31948 13
e 86.09618 554.22219 8
e 217.79930 613.39642 12
e 165.81969 665.37964 7
e 75.19296 410.63068 9
e 158.09944 766.11486 9
e 197.75151 756.13861 10
e 82.67848 408.47867 13
e 6.93920 387.32916 13
e 12.69730 323.98587 14
e 82.33424 580.62223 11
e 150.90964 613.82182 8
e 78.36188 550.72722 11
e 155.39698 560.56035 10
e 90.24595 447.28871 9
e 76.20657 647.61636 4
e 35.88934 549.58239 6
e 266.30911 460.42332 7
e 164.87010 608.38067 5
e 109.88198 408.62399 13
e 88.09540 479.91306 8
e 191.01710 228.80190 8
e 33.41929 453.64913 5
e 155.89247 529.91677 8
e 127.08849 606.26156 8
e 81.22509 368.89445 12
e 122.56361 557.52973 7
e 157.05130 483.08453 10
e 29.40146 493.09636 10
e 137.08479 690.93779 9
e 190.74678 418.89376 7
e 55.22433 196.17082 6
e 86.45089 491.77360 8
e 43.17593 735.43055 10
e 89.53454 558.84277 10
e 105.88365 659.81787 7
e 13.77155 453.65972 15
e 35.82557 300.30525 8
e 40.42709 653.52785 12
e 122.00967 567.64815 8
e 33.84521 528.93668 11
e 181.26110 466.10894 8
e 39.72202 723.04813 16
e 139.06264 322.75159 10
e 127.37760 324.75862 10
e 148.60201 347.19084 11
e 191.36090 486.42257 8
e 9.05873 386.47663 5
e 20.61226 309.06885 7
e 184.20567 720.66159 11
e 46.76440 567.48673 11
e 167.68848 312.64143 7
e 204.11548 388.19971 9
e 71.70851 550.31817 15
e 108.41336 315.58478 5
e 247.43621 490.45649 15
e 127.49326 417.57598 7
e 8.16138 481.99085 8
e 253.00858 779.93855 8
e 208.27883 599.22935 14
e 123.16336 439.96800 10
e 333.33684 817.67419 14
e 102.21546 426.72172 7
e 147.63345 888.07016 4
e 136.95213 830.86198 10
e 166.46808 562.49025 10
e 191.20567 347.09695 9
e 197.66630 695.38187 10
e 146.53524 310.30648 10
e 31.91114 676.18636 6
e 78.02994 534.78464 5
e 202.51855 299.20764 10
e 61.18099 543.16885 11
e 67.67529 536.64341 6
e 23.19630 444.81013 5
e 135.99334 512.27689 8
e 188.06128 299.99655 10
e 90.76475 719.57861 6
e 50.90249 292.36403 11
e 112.61455 868.20122 12
e 281.67600 463.64219 4
e 197.58568 593.28764 5
e 128.34682 567.69464 11
e 33.18103 327.91096 9
e 133.39271 305.55498 10
e 66.90285 378.43984 10
e 144.54762 740.64968 10
e 123.56839 774.35383 11
e 213.88441 398.07355 15
e 198.44374 629.80073 6
e 17.73083 518.97828 5
e 178.92438 475.89460 12
e 10.21883 722.79787 6
e 136.07988 416.85351 7
e 140.32321 384.11983 10
e 134.59911 412.42275 9
e 72.98820 601.25500 7
e 217.06108 350.97616 10
e 298.12105 614.51455 8
e 16.66557 370.62536 10
e 71.67625 550.27826 7
e 222.70531 614.81880 7
e 75.10764 788.41493 16
e 143.51621 421.28885 7
e 141.86309 632.19617 8
e 283.33973 470.97396 10
e 290.78123 264.63846 15
e 36.75115 461.44136 19
e 64.14349 592.84348 5
e 171.51864 601.30401 9
e 149.78766 558.42663 6
e 155.30130 393.86854 14
e 217.72506 538.74328 8
e 38.99795 112.27685 10
e 89.21210 604.26060 7
e 203.56110 517.33691 7
e 90.28049 485.40112 14
e 133.82191 891.74975 11
e 118.01530 599.06076 11
e 62.29941 600.99918 6
e 192.04730 665.37900 11
e 46.33012 351.95789 8
e 103.19106 260.81138 10
e 111.42590 361.69486 9
e 42.07606 522.39051 5
e 93.25633 578.34251 10
e 155.92231 508.19504 7
e 72.50445 584.82383 11
e 129.44771 371.95423 10
e 80.26818 355.99611 11
e 15.29849 627.34187 11
e 116.59711 795.95557 14
e 14.79619 246.43557 6
e 42.95645 656.28695 12
e 339.50321 747.25396 7
e 41.70877 395.53379 16
e 149.85943 145.77136 8
e 195.82751 814.52638 11
e 149.25494 652.84037 8
e 97.16626 315.76304 13
e 169.83411 691.46484 9
e 68.24944 319.35192 10
e 36.22324 647.96793 10
e 119.94649 453.26627 6
e 167.15396 429.95095 9
e 43.42103 376.00975 6
e 10.35093 524.85698 9
e 220.23863 201.86664 7
e 178.99571 631.08861 8
e 259.46237 288.16829 9
e 150.79785 311.32987 11
e 132.32850 373.75889 5
e 96.54386 786.46574 11
e 121.48520 677.53131 4
e 45.97312 680.73875 11
e 228.38324 988.70991 11
e 120.91821 459.15421 10
e 108.70605 606.20819 8
e 89.42180 339.36552 4
e 204.05486 762.37360 12
e 127.12693 644.13802 7
e 177.74866 513.03084 5
e 209.45204 694.56839 10
e 347.74462 396.23800 13
e 32.80091 637.00204 14
e 174.44555 347.71111 10
e 88.79849 440.77100 6
e 14.55045 662.18766 6
e 163.95909 564.68107 9
e 124.01329 347.36671 11
e 62.52437 634.79539 11
e 178.21168 805.46943 20
e 152.93534 821.06182 7
e 30.57660 722.09313 11
e 44.16024 600.62048 7
e 174.59374 352.54286 14
e 252.59387 591.86810 13
e 59.01494 440.60706 6
e 135.29330 451.50127 7
e 82.53776 327.58296 10
e 28.10300 599.49125 9
e 90.10810 336.08384 13
e 265.42004 872.36796 13
e 117.75626 414.03308 9
e 132.72877 598.39686 8
e 159.86042 504.76886 7
e 286.51368 485.63139 9
e 46.62182 600.36237 8
e 178.41342 595.60895 4
e 87.48622 400.68639 8
e 242.78174 515.18783 9
e 101.67808 423.44230 14
e 75.89684 263.20172 9
e 31.34022 726.91494 7
e 92.10392 611.11559 9
e 39.13183 453.79158 12
e 174.89770 482.12935 13
e 33.43699 632.38667 10
e 123.15729 562.73608 13
e 120.67476 770.85215 7
e 110.85976 235.38829 6
e 184.01507 682.30600 11
e 123.88781 532.35374 11
e 54.57435 523.81859 8
e 51.93807 488.43810 7
e 106.14260 526.23825 10
e 2.35000 412.37067 8
e 89.38412 606.71055 7
e 250.11234 407.47371 11
e 117.04555 430.82047 5
e 2.33859 419.34138 8
e 81.84779 485.48606 11
e 91.38785 704.67627 6
e 31.18040 324.52378 7
e 171.14491 456.74346 6
e 156.55412 603.91141 11
e 110.57288 468.27888 15
e 30.32662 409.02237 9
e 229.87827 636.18717 13
e 22.01408 461.51068 8
e 161.80190 533.41004 11
e 72.89300 192.82944 16
e 33.66681 559.51235 7
e 54.69472 501.61644 16
e 152.33300 604.89340 7
e 206.12448 805.75611 5
e 148.27395 380.36763 12
e 153.53960 504.79567 8
e 275.48020 777.33539 10
e 262.21213 485.64834 6
e 9.08723 602.45461 10
e 137.44264 569.26594 7
e 283.28270 478.37160 8
e 222.25299 658.64246 14
e 302.95180 793.92732 9
e 248.89821 699.41839 7
e 300.84388 600.49321 7
e 154.26077 708.78818 11
e 109.75518 539.82763 8
e 126.98129 327.37816 10
e 62.59892 605.11275 14
e 195.74105 490.34443 17
e 152.64900 701.89835 3
e 184.66348 499.10639 13
e 48.76527 435.95718 10
e 194.65226 453.41723 5
e 149.26000 775.42738 11
e 102.44761 373.78828 8
e 84.59815 486.16338 9
e 89.38624 745.53424 10
e 28.17363 321.61775 11
e 66.85550 616.47596 10
e 26.34467 664.00408 11
e 174.81098 413.23767 7
e 232.28639 401.22388 13
e 150.66892 494.43965 12
e 68.13502 554.58696 7
e 60.61360 734.37760 11
e 195.46066 415.24668 10
e 41.44400 301.95927 12
e 65.17816 352.03449 10
e 119.07693 862.85084 10
e 146.31053 431.92558 6
e 71.79811 597.15623 11
e 148.64463 671.18576 10
e 107.02851 486.84416 8
e 100.90146 643.62959 10
e 219.56474 430.63102 10
e 178.73525 404.66733 4
e 182.57172 663.87776 4
e 166.51466 583.09246 11
e 63.61337 675.17589 13
e 123.25207 668.76706 5
e 40.77000 533.33283 9
e 237.56152 371.47486 9
e 85.59046 567.27882 16
e 77.29480 457.55944 9
e 178.69447 592.03169 13
e 99.34062 259.10405 11
e 141.59629 628.08354 6
e 169.04713 526.23230 10
e 76.27986 347.52859 8
e 29.81631 258.83869 8
e 20.60586 325.70145 9
e 90.10804 724.85820 10
e 158.72930 402.87560 8
e 115.51499 924.77388 16
e 133.41237 506.89660 7
e 158.19878 435.64527 14
e 293.25244 668.05982 17
e 163.80396 587.44887 5
e 69.14622 640.68288 13
e 167.64091 261.96359 7
e 131.63935 358.83438 7
e 52.53689 647.75024 9
e 43.37450 250.83600 10
e 150.26054 499.26725 10
e 142.74922 535.42581 8
e 119.72271 459.55060 13
e 125.69107 621.63271 6
e 139.23910 688.91964 7
e 167.66955 432.79435 6
e 42.48260 318.64583 9
e 126.66951 843.90472 7
e 172.60624 593.71944 13
e 15.14536 324.62613 6
e 149.04388 213.40268 14
e 156.23126 462.96157 8
e 21.78674 734.71227 8
e 75.28405 547.15661 8
e 86.62079 628.67327 10
e 55.47036 375.77517 15
e 9.92095 806.56916 13
e 53.02835 317.07372 10
e 71.06796 470.39913 6
e 253.69049 561.41418 7
e 30.56835 322.27065 7
e 122.16649 351.05347 10
e 246.82912 431.69642 9
e 275.56229 738.92214 9
e 37.91921 734.63198 7
e 144.26381 297.29976 11
e 102.24775 446.61994 9
e 208.91051 274.71887 8
e 278.48385 531.18145 16
e 170.66861 474.48577 7
e 132.88100 197.99164 10
e 171.78625 439.27361 7
e 39.86137 857.64999 11
e 123.92362 663.72534 5
e 34.63434 790.57997 7
e 188.93731 552.34174 9
e 83.97935 618.66356 14
e 170.67862 381.28771 7
e 196.66842 594.82286 5
e 126.95450 511.80141 9
e 162.55654 501.63527 9
e 156.98171 325.38364 2
e 50.51011 388.43699 12
e 106.68727 809.05038 11
e 170.17009 670.69323 10
e 82.78809 786.65027 11
e 129.55618 708.30453 6
e 133.07462 524.11401 6
e 90.23445 496.94154 11
e 109.23216 418.79861 13
e 94.54001 640.75805 11
e 142.27646 401.87493 11
e 46.22337 520.43931 11
e 262.56226 755.68694 12
e 282.17227 431.89654 12
e 31.93609 327.31859 4
e 159.75198 656.23672 13
e 49.02205 401.63347 5
e 18.37944 179.56919 8
e 171.56836 625.92686 9
e 311.70876 590.20989 9
e 144.54087 404.16410 10
e 301.16153 399.58231 5
e 294.51762 789.19836 7
e 66.93305 711.38342 10
e 8.78590 604.62612 8
e 263.14073 395.87093 10
e 98.63300 613.74783 8
e 261.07085 511.79838 4
e 187.56698 468.13461 13
e 131.85279 336.71195 6
e 9.82646 384.66271 6
e 46.29826 243.93882 15
e 178.12297 526.92476 7
e 189.45165 885.31504 9
e 107.93379 437.80892 21
e 185.53284 418.23653 6
e 173.07068 694.05588 7
e 280.21644 542.61233 12
e 81.57537 631.40251 15
e 127.53719 517.23737 8
e 86.84756 664.04949 11
e 362.47548 837.92016 6
e 219.82941 472.31775 10
e 49.49092 607.78524 9
e 43.83837 483.74143 13
e 54.40188 371.57989 7
e 54.68809 705.38389 8
e 202.32533 732.25744 8
e 22.11510 469.17375 8
e 34.36654 592.92948 7
e 119.78002 546.02464 5
e 38.69834 678.73485 10
e 134.30281 556.87285 5
e 167.85810 609.49550 5
e 90.41748 602.91757 14
e 15.71474 682.61366 6
e 73.35194 879.80326 7
e 275.37924 631.38605 13
e 26.84815 748.59695 8
e 19.67160 252.05245 15
e 98.98923 385.23481 11
e 121.03972 373.66975 8
e 172.63493 671.05346 6
e 130.31088 478.83592 8
e 68.72729 419.34166 6
e 93.71351 647.93282 7
e 150.24818 457.93750 10
e 192.10614 709.23167 11
e 152.95670 506.89810 8
e 13.45454 342.07239 9
e 123.84149 566.62365 7
e 151.74113 693.74418 17
e 196.08032 497.08361 7
e 176.43439 481.06574 8
e 119.15664 482.69489 6
e 154.84984 342.55679 6
e 239.26379 517.98275 8
e 149.49841 479.03980 8
e 27.00029 897.39491 6
e 57.10734 792.02165 11
e 80.26899 507.11683 9
e 92.52240 431.46044 10
e 130.32489 631.12521 12
e 38.94783 903.63628 7
e 120.89710 733.01986 9
e 190.74731 482.08127 12
e 65.19350 704.71677 11
e 7.84522 469.37314 9
e 128.03476 718.36234 7
e 145.90242 545.69712 11
e 78.07633 542.81710 11
e 176.30447 441.27920 6
e 99.21947 398.42312 10
e 73.05252 507.45444 11
e 230.12251 508.03636 8
e 51.44747 551.87885 9
e 51.92700 425.77260 9
e 45.14832 527.35465 8
e 70.87934 391.51589 9
e 215.21901 605.48392 11
e 141.42623 611.36097 10
e 166.23206 398.91241 10
e 192.03960 704.24084 12
e 41.42450 514.80962 7
e 145.25214 483.58633 16
e 128.57971 346.31580 6
e 207.93797 753.93275 8
e 103.07534 581.47409 4
e 339.12226 563.34044 9
e 142.82239 528.84797 8
e 222.80975 408.22569 10
e 160.52035 362.27391 9
e 57.02462 726.40458 8
e 182.61982 424.27514 9
e 80.69611 415.51195 5
e 0.33851 119.43732 11
e 154.70163 609.43441 11
e 141.16927 373.87226 8
e 151.86923 427.22911 12
e 185.48412 335.14077 7
e 104.51999 705.74958 10
e 157.29849 990.65934 10
e 0.69688 346.51144 8
e 204.52391 626.77360 10
e 121.76697 429.81085 7
e 66.49133 726.15963 12
e 92.92883 622.20023 8
e 71.56058 302.81113 9
e 92.44082 454.86071 8
e 198.93433 477.76850 10
e 203.90518 550.46539 11
e 55.68728 387.38077 11
e 113.73128 522.26306 9
e 1.91500 668.79031 8
e 187.73873 392.48477 11
e 175.50509 629.14047 6
e 153.01499 707.83763 7
e 36.91683 381.11676 10
e 35.88205 394.60313 7
e 50.16134 397.59447 12
e 183.02582 336.14632 4
e 63.00609 384.64736 10
e 56.42749 521.52158 7
e 88.90688 511.88683 10
e 87.59942 557.63046 8
e 137.94454 452.59066 5
e 112.18460 573.92865 5
e 52.89953 370.61076 14
e 140.26797 543.13399 6
e 42.26683 343.75249 9
e 81.27850 625.54915 10
e 154.73182 521.31874 16
e 104.68510 274.30310 11
e 56.29956 274.08709 10
e 121.61660 640.48365 7
e 192.01048 708.91676 12
e 193.38637 584.38071 8
e 62.54487 560.85394 13
e 44.64072 709.69097 9
e 174.18650 685.27944 10
e 50.95949 423.90104 12
e 189.78901 527.17678 14
e 179.32154 446.85086 12
e 230.37571 629.60958 11
e 261.03443 606.42705 10
e 82.78101 697.41711 5
e 155.71882 527.90484 8
e 189.83838 476.55721 5
e 263.10808 792.04221 8
e 187.76463 516.11308 9
e 278.87323 729.52359 5
e 53.91764 565.10118 10
e 25.48986 674.02188 10
e 111.79875 316.29304 11
e 68.28393 621.56704 6
e 147.64703 644.16160 9
e 151.60624 756.42256 7
e 218.37807 534.32390 11
e 87.40026 791.59063 4
e 64.50245 353.31736 12
e 167.28447 556.10335 14
e 212.76933 642.00052 8
e 220.85852 701.58135 8
e 175.71301 557.56411 8
e 281.73534 607.42069 9
e 61.55285 348.20449 8
e 92.92166 413.20369 9
e 127.00271 535.74142 14
e 92.49657 528.12587 13
e 44.44524 603.08216 7
e 154.23547 617.35369 12
e 98.62010 558.72768 8
e 199.06009 449.59046 8
e 160.50730 496.58846 8
e 122.70081 240.96363 5
e 217.27239 548.80198 6
e 202.98315 328.08113 10
e 170.89463 378.46225 5
e 48.56115 278.54150 11
e 201.93305 488.66747 10
e 44.72664 822.93076 9
e 158.39498 551.36904 4
e 56.48519 348.74414 9
e 73.95270 794.39595 10
e 173.50455 526.22532 9
e 134.30910 354.31266 10
e 193.02324 355.90109 8
e 32.75277 518.24447 4
e 180.29887 401.94884 10
e 36.93051 768.38696 10
e 151.51969 372.10698 7
e 117.11010 454.52549 10
e 294.69298 741.07086 11
e 67.52590 486.86096 8
e 140.49715 646.95451 8
e 159.92889 745.26244 8
e 148.86878 655.96661 10
e 102.98038 201.15319 8
e 47.47728 357.39106 11
e 187.52765 478.08915 10
e 267.27600 577.98424 6
e 142.34021 658.98315 10
e 30.65731 501.15473 13
e 24.77423 479.63278 15
e 106.67589 246.76713 12
e 183.41401 619.36106 14
e 40.22601 659.70161 10
e 75.27997 557.22466 10
e 128.93259 674.64206 11
e 185.59644 531.85219 9
e 37.66305 417.75927 7
e 93.70135 854.40699 16
e 139.40606 489.17062 7
e 33.26169 582.42876 12
e 61.39761 579.48335 15
e 114.57034 640.10343 10
e 95.38379 403.79613 7
e 123.20853 284.11645 7
e 88.23373 786.60036 5
e 91.27090 788.81357 7
e 146.78744 390.28652 9
e 27.43867 691.74031 9
e 34.32232 818.91145 13
e 105.39871 668.70795 9
e 130.97248 538.76832 5
e 67.73230 493.74704 8
e 19.97487 533.08690 12
e 61.95201 256.09861 4
e 37.38760 396.49607 8
e 131.06215 343.53738 10
e 210.57599 212.38665 10
e 14.42244 220.56084 7
e 106.66439 480.70981 17
e 138.31994 495.28565 6
e 98.32779 495.74019 9
e 142.56897 640.54239 9
e 222.58707 108.69886 6
e 199.31744 699.67990 5
e 191.51155 630.41125 5
e 212.21691 395.75868 9
e 88.82958 606.47900 10
e 165.90992 533.93476 16
e 72.39164 647.56039 13
e 90.17034 850.10345 8
e 168.90262 541.96794 10
e 99.73666 544.02174 11
e 7.36377 564.66024 11
e 108.69553 521.80389 6
e 69.72091 265.75655 10
e 6.19722 370.55458 8
e 33.20799 526.84717 6
e 129.32620 349.31462 6
e 66.43094 634.54501 13
e 118.36807 583.36502 9
e 88.70646 532.73230 12
e 195.22907 704.84993 12
e 127.77227 596.75088 12
e 120.94258 424.16551 7
e 85.98265 283.01210 15
e 62.90156 450.22256 7
e 76.42200 732.30981 8
e 156.01711 525.28116 8
e 210.47138 366.36958 11
e 109.27916 587.93663 7
e 79.79027 653.00652 14
e 0.17869 871.44166 6
e 210.55110 461.32472 13
e 31.22643 502.78717 5
e 192.55495 716.96468 9
e 205.79941 611.34293 11
e 122.54833 586.14346 10
e 90.42999 653.39475 10
e 184.86485 632.64022 11
e 82.08936 655.23761 7
e 119.86631 839.45287 10
e 160.41698 733.16015 7
e 61.27991 538.31328 10
e 71.78508 646.78545 8
e 135.26322 717.31054 6
e 51.48401 369.98816 7
e 67.40494 497.73776 7
e 39.67705 675.85049 14
e 45.38048 737.83305 10
e 93.20555 616.46383 6
e 195.51807 553.50489 6
e 173.03445 443.61341 10
e 65.27927 422.15312 8
e 187.19545 648.72508 8
e 235.85995 339.89870 9
e 276.90501 649.16027 11
e 196.29999 340.79247 10
e 106.25010 559.94621 11
e 45.40200 530.95449 8
e 126.22537 223.94973 15
e 172.06096 488.04576 16
e 299.60027 574.42644 12
e 279.03795 482.70343 12
e 7.25256 626.30039 12
e 83.84107 500.31973 13
e 152.94745 432.48575 9
e 28.80688 956.45368 9
e 89.95445 528.23578 10
e 47.84374 517.51315 12
e 154.74135 490.44314 14
e 205.17398 442.65020 6
e 147.11858 747.08255 6
e 161.66997 584.30547 8
e 117.76149 252.45768 8
e 37.57117 724.19591 5
e 20.49608 163.84222 12
e 35.21230 451.28621 7
e 85.67983 165.58965 10
e 69.64535 864.60808 7
e 67.94461 407.53689 9
e 195.51705 683.64193 10
e 104.02494 547.13021 11
e 183.36970 754.20471 6
e 43.02075 529.67878 6
e 241.65112 469.43623 10
e 97.36724 319.49626 6
e 251.81563 647.38429 11
e 113.14856 360.54836 10
e 26.37828 454.44169 10
e 89.62625 200.62167 9
e 48.39859 434.77220 10
e 128.43958 254.16829 4
e 32.20629 590.14680 9
e 28.61371 419.20573 11
e 216.92146 544.71671 11
e 185.51582 495.29647 7
e 178.56640 665.71563 7
e 93.41519 622.13731 8
e 54.19860 346.03474 13
e 94.03112 500.49360 15
e 44.21103 618.13190 6
e 213.92999 503.59093 15
e 96.25906 383.98654 6
e 87.14567 410.99919 9
e 68.51627 360.86803 11
e 77.75018 582.98355 7
e 62.73133 505.88917 12
e 89.08347 820.96285 11
e 25.31877 761.77786 5
e 104.62630 430.96049 7
e 163.34580 416.47823 6
e 76.77812 720.20553 9
e 40.37618 498.18268 6
e 130.62579 500.41014 9
e 62.25924 620.61588 9
e 95.70302 479.80828 7
e 9.84298 880.81743 10
e 209.62512 575.36620 10
e 174.77663 495.42132 7
e 195.21517 622.62926 8
e 54.07323 744.38055 10
e 77.22840 582.83893 9
e 205.33036 592.60140 11
e 73.66419 668.40057 7
e 135.69709 341.04084 8
e 174.64051 523.42557 9
e 136.01600 774.82233 6
e 141.69691 466.81380 10
e 243.93003 594.19674 9
e 146.11221 522.48418 7
e 223.34435 537.66941 15
e 126.46315 644.81796 5
e 224.35779 674.40977 10
e 65.93971 654.46224 5
e 197.98322 434.09587 5
e 66.24200 583.39130 10
e 87.50313 783.61639 13
e 181.78107 557.11303 11
e 72.40823 761.02868 12
e 56.88472 560.13329 8
e 108.30336 730.32350 8
e 180.75696 733.44161 2
e 27.54541 535.94916 10
e 248.78441 307.70509 9
e 112.61241 302.20082 9
e 210.86436 670.16900 10
e 138.93821 214.50518 4
e 160.12513 595.91282 8
e 93.80723 559.81508 15
e 97.84529 709.89431 6
e 211.39217 551.67318 16
e 185.63809 602.30563 11
e 123.79540 355.15853 9
e 221.81608 448.24855 7
e 71.58015 567.31101 11
e 173.37214 503.04757 10
e 113.85600 686.97694 14
e 151.36517 361.01297 10
e 346.35311 727.22845 9
e 168.41008 985.63233 10
e 16.28263 414.40983 10
e 144.32531 618.61361 9
e 123.54404 378.67485 14
e 144.74276 501.30128 8
e 25.77022 599.83934 8
e 110.65990 626.01730 7
e 112.55842 592.65234 9
e 41.67225 513.35195 8
e 101.48295 620.61890 12
e 122.02291 392.52926 12
e 91.30707 510.19360 10
e 22.47427 650.82235 11
e 89.97980 357.06137 10
e 57.62821 566.13490 11
e 140.25046 561.43760 9
e 45.25860 505.65791 15
e 77.29290 171.77920 9
e 50.94949 800.72541 10
e 127.72708 403.87206 7
e 126.60802 697.25763 13
e 71.19519 151.38858 6
e 117.64459 978.78830 9
e 196.86503 431.33730 9
e 116.76647 391.01809 13
e 41.78636 509.88048 8
e 42.62108 422.88564 6
e 324.50170 542.74698 14
e 148.84188 291.47546 7
e 230.22565 782.68493 6
e 46.82178 581.76025 14
e 138.70293 186.37200 15
e 256.99663 645.24512 8
e 186.03092 624.28464 10
e 166.84142 386.04938 9
e 182.59287 611.35782 8
e 151.09490 596.92826 12
e 287.18263 852.31878 9
e 52.40207 511.01386 10
e 172.94735 701.66819 12
e 126.05589 601.89484 15
e 180.26355 729.51391 5
e 51.99480 675.64410 15
e 103.12915 511.18565 7
e 223.24917 808.87689 11
e 51.18032 391.53144 5
e 18.47142 589.13208 9
e 39.40844 453.92057 11
e 318.71228 420.85730 13
e 153.18691 594.42361 8
e 57.15928 471.91535 11
e 49.11222 654.26409 11
e 35.87814 533.83092 14
e 176.19623 447.18133 9
e 107.99526 586.95242 7
e 114.00718 710.31072 11
e 111.13920 724.51812 5
e 182.17771 649.93014 8
e 151.53746 677.75767 10
e 276.98080 879.15093 7
e 170.58562 641.19888 8
e 167.71430 653.15500 14
e 200.18824 542.27677 7
e 70.44941 458.69064 7
e 218.03464 573.49150 11
e 132.23892 620.15342 11
e 197.62653 446.74948 6
e 262.65689 388.76154 12
e 143.98774 538.37769 15
e 93.08789 726.90522 7
e 37.32989 709.16700 8
e 194.33939 396.93155 14
e 225.33245 325.13932 9
e 182.51769 444.19359 5
e 80.81419 757.57061 12
e 144.37207 704.27797 9
e 191.85971 592.51855 6
e 129.87747 625.79985 11
e 163.01601 290.51852 9
e 148.28490 678.93555 5
e 219.79207 533.42043 6
e 156.19491 276.55544 17
e 98.29677 485.87640 11
e 143.01446 718.30454 8
e 108.26406 473.36277 11
e 118.02130 637.09765 9
e 129.46140 601.91906 6
e 94.69440 488.63572 10
e 129.34550 653.02157 6
e 5.71484 295.14663 9
e 12.53086 546.76086 11
e 199.29054 419.44311 6
e 177.01261 541.82054 18
e 120.32788 740.46239 11
e 87.82296 611.45581 11
e 105.79147 283.24381 8
e 89.27598 515.95646 15
e 48.90834 651.16071 9
e 118.39118 280.95903 4
e 247.62632 338.04074 9
e 50.59022 340.74929 16
e 118.11390 270.35331 9
e 231.14965 529.99145 7
e 156.67396 377.28328 10
e 81.90842 473.10799 9
e 74.57718 531.18381 7
e 32.01554 468.76304 9
e 153.56035 530.72051 9
e 217.96365 420.98568 6
e 157.82917 381.94242 11
e 262.10661 474.70620 7
e 35.85432 562.14619 13
e 86.25603 571.65025 12
e 183.12023 796.89970 8
e 90.11571 553.46824 11
e 14.45132 576.47151 13
e 39.25370 523.41573 7
e 193.74622 482.43311 6
e 155.11714 762.00120 4
e 196.75326 672.67756 6
e 222.47602 331.35365 7
e 213.16011 481.54324 6
e 267.45194 499.16323 13
e 103.83203 701.06253 7
e 58.45353 741.06988 16
e 99.70129 515.71669 12
e 66.13820 403.44917 9
e 127.33943 874.64910 11
e 325.27062 733.09502 7
e 160.77313 208.84401 14
e 164.29022 735.85641 11
e 20.54655 663.25236 12
e 195.35155 693.65597 13
e 166.19239 387.05699 16
e 204.32280 286.56472 14
e 99.18764 559.55552 10
e 193.56694 677.31768 8
e 105.56506 432.63205 10
e 204.52289 579.13993 6
e 89.23490 575.13535 11
e 191.80967 328.54820 7
e 268.37142 648.11993 9
e 73.63953 662.26013 11
e 253.66360 688.05722 12
e 132.95829 556.20850 6
e 186.62466 557.40098 10
e 211.05948 495.43273 11
e 138.46337 586.40870 9
e 57.90606 494.35671 16
e 153.45449 541.83718 9
e 135.81190 490.16821 4
e 254.76729 693.37167 10
e 205.47226 431.22358 5
e 145.50204 486.87913 9
e 111.55104 546.45169 13
e 348.51452 326.21761 6
e 200.67410 547.36387 14
e 306.64065 517.60781 8
e 54.78785 670.69669 8
e 153.39153 755.89754 6
e 79.49439 661.51641 14
e 267.67468 612.36030 4
e 64.31895 713.88172 7
e 37.25516 519.06373 10
e 4.28247 600.39590 11
e 116.72015 743.06499 8
e 193.72695 855.27817 12
e 196.25990 542.39434 6
e 202.62453 742.92000 6
e 39.24158 488.78423 6
e 109.50253 358.30562 13
e 90.86602 174.21220 9
e 96.28411 477.87471 7
e 339.81931 706.86358 9
e 52.52691 471.58069 12
e 107.91832 946.77408 7
e 177.23337 569.88652 8
e 231.36471 639.32422 6
e 265.43222 380.15627 9
e 224.23509 727.88367 8
e 267.96698 618.90121 8
e 77.68880 561.57248 15
e 106.50076 631.68942 10
e 42.07097 723.10355 9
e 153.39713 522.37369 10
e 116.53018 500.43459 9
e 189.28571 574.58073 8
e 14.05659 519.88704 10
e 108.30655 381.42575 8
e 269.18641 603.58746 8
e 253.21139 738.36265 5
e 101.94992 664.73461 13
e 127.65938 748.94122 8
e 56.48211 618.31561 15
e 62.38133 551.37888 8
e 31.29309 625.99519 7
e 60.15916 494.43367 9
e 51.20886 587.17565 8
e 111.84221 457.82963 9
e 105.55638 660.32120 10
e 98.68837 516.11780 6
e 102.59328 196.97921 8
e 15.78021 326.99557 9
e 215.71789 649.41921 15
e 101.54187 688.46396 10
e 133.64845 576.32375 9
e 123.36664 710.49496 6
e 189.57069 660.14750 9
e 105.15713 367.98551 10
e 160.79936 569.61288 6
e 252.24711 623.89820 8
e 117.44450 836.07456 11
e 197.11338 369.49330 11
e 147.61995 335.63756 7
e 58.79178 520.88062 13
e 249.84405 426.89713 14
e 357.50780 612.16275 12
e 204.15984 84.47214 13
e 95.57568 721.06046 8
e 160.62575 715.22118 6
e 116.80883 539.41915 9
e 19.53628 491.89234 13
e 9.36523 590.70644 4
e 15.12090 462.79707 4
e 41.37104 740.27778 9
e 158.41203 603.11119 12
e 206.00657 567.97881 12
e 132.36311 483.29142 9
e 23.51876 692.27030 10
e 137.11197 569.17695 8
e 30.40640 571.05448 8
e 128.34172 639.38089 10
e 191.10153 318.00667 13
e 75.94455 211.96093 10
e 150.82857 591.15212 10
e 98.31668 593.14769 5
e 163.61502 516.68143 6
e 153.15420 323.51059 8
e 157.75459 610.85794 9
e 199.41242 425.72711 9
e 111.45612 348.53600 4
e 327.94120 685.97652 14
e 236.41184 551.93432 7
e 209.02445 146.16345 8
e 126.02115 711.92439 8
e 63.38676 596.29704 9
e 53.28581 232.89178 10
e 210.87700 503.86076 11
e 136.11637 840.12252 6
e 154.26517 429.73936 5
e 75.59417 833.71085 14
e 158.90592 662.87734 11
e 323.79007 673.54232 6
e 184.82987 465.30288 9
e 207.82274 690.81456 9
e 205.49034 518.90322 6
e 142.30131 681.03130 5
e 33.72258 565.94501 4
e 152.90749 777.03188 12
e 45.82961 496.69084 8
e 8.65858 923.70043 4
e 100.63585 547.46042 7
e 63.27901 582.04034 6
e 15.61893 734.28477 8
e 26.93967 500.99262 16
e 231.67839 372.24514 9
e 55.90488 510.26117 9
e 87.51224 548.83356 10
e 131.31505 477.10007 11
e 78.78782 519.69395 6
e 148.89706 592.78038 8
e 25.63045 449.38970 12
e 98.38828 793.48347 9
e 13.05972 880.98885 10
e 56.36568 269.57190 12
e 133.16992 476.11281 12
e 132.59482 726.22722 7
e 123.35306 316.97175 6
e 98.30706 615.28954 15
e 38.42326 303.53358 7
e 129.09975 681.87925 8
e 4.84816 734.86478 16
e 272.52804 437.03192 10
e 49.90117 681.50692 14
e 150.50337 480.25663 9
e 73.90968 334.46284 11
e 53.44317 709.44326 7
e 259.87728 423.80914 12
e 237.06181 426.59563 10
e 130.75007 634.23507 14
e 100.10124 481.11356 10
e 287.80888 613.46461 8
e 31.67669 724.49659 6
e 65.49612 664.58906 4
e 64.58713 614.43483 8
e 48.02866 675.90563 15
e 94.06104 331.23262 12
e 176.81976 363.75009 7
e 193.72031 613.27701 13
e 142.28497 667.28968 7
e 99.53988 717.70467 8
e 152.84106 542.98405 6
e 127.00635 693.84381 9
e 139.86812 261.52139 17
e 119.15601 476.57493 9
e 191.28734 374.37059 9
e 103.66378 576.71604 13
e 60.48414 516.05185 8
e 66.81540 262.44399 7
e 98.07606 418.38775 8
e 167.69040 367.69259 7
e 234.85035 359.82115 6
e 140.13395 295.46048 9
e 9.72004 594.68556 12
e 169.31056 424.88501 9
e 277.11826 840.93273 11
e 31.49653 332.52815 6
e 57.59583 440.37968 12
e 72.10075 582.41960 10
e 248.01756 726.27386 11
e 183.56053 555.79470 7
e 277.80969 512.93787 9
e 13.08868 414.24506 15
e 148.19270 537.09463 11
e 177.05700 565.79208 8
e 146.61439 824.85817 11
e 155.99151 609.59734 9
e 178.53208 535.90464 9
e 125.62290 648.35359 9
e 131.28059 566.24972 9
e 37.36142 325.64719 5
e 106.98294 376.00434 13
e 117.53574 545.58268 9
e 292.50872 510.71702 11
e 199.73655 578.76204 5
e 53.80931 568.82353 11
e 112.83146 692.75286 7
e 283.81781 559.87081 9
e 67.99291 703.86009 13
e 334.28181 769.17733 4
e 10.89704 579.76185 12
e 172.82633 464.03073 15
e 93.99438 212.17823 4
e 138.31643 614.37982 8
e 80.26604 459.57413 6
e 24.76835 403.78099 7
e 227.19159 656.59774 10
e 192.53849 279.66362 7
e 47.61740 792.14580 10
e 159.44589 481.07922 13
e 137.53618 344.33563 7
e 218.90201 543.09314 6
e 125.35478 567.85514 9
e 0.65745 685.21595 10
e 240.63846 102.73356 8
e 100.47588 629.27382 12
e 110.51415 244.71957 6
e 178.54094 319.80782 8
e 96.64888 295.41182 10
e 93.98459 719.90485 15
e 294.87551 478.24837 12
e 201.58701 438.84992 10
e 56.22722 489.62519 8
e 309.19097 369.58145 9
e 104.09674 216.78468 9
e 172.89474 603.57748 9
e 71.26979 366.21074 10
e 186.11636 643.00404 5
e 49.40878 284.71791 10
e 27.63828 369.75679 10
e 389.76571 523.06177 13
e 98.01891 542.59208 5
e 95.31831 549.98537 14
e 147.65946 688.30561 10
e 226.84493 486.98059 6
e 202.50392 847.28663 7
e 107.06063 587.94146 7
e 278.93411 479.73911 7
e 213.98170 519.90900 7
e 19.02313 942.90445 9
e 60.21512 525.83660 8
e 9.17482 619.95617 8
e 283.30940 619.92528 11
e 178.18561 354.66524 9
e 180.51419 325.73773 7
e 98.42017 407.07279 9
e 81.84031 603.73261 9
e 21.83083 409.68622 10
e 86.65159 302.96850 10
e 45.17268 422.77666 9
e 140.59465 550.64374 11
e 9.58546 589.04063 7
e 79.19849 491.47040 15
e 129.29932 362.21914 5
e 185.71315 320.57778 10
e 137.68220 318.59694 11
e 4.83708 489.44875 6
e 80.30942 390.79011 11
e 138.16128 708.16597 12
e 95.17295 976.78226 9
e 101.46731 605.62563 9
e 285.42721 495.11721 8
e 155.93188 779.89959 6
e 93.64292 617.85751 6
e 143.54250 468.05578 8
e 100.56061 403.03487 9
e 186.80813 632.55235 13
e 209.98557 645.27843 9
e 189.37588 430.21897 9
e 253.41581 516.37746 12
e 159.80457 267.58521 10
e 157.31727 161.79676 12
e 84.02763 797.30928 12
e 199.65864 750.60191 10
e 200.52138 550.64725 15
e 243.56202 630.79553 9
e 234.30007 454.85247 10
e 152.92920 746.14228 6
e 149.77543 466.25748 7
e 184.79052 541.91933 8
e 152.21046 709.38156 11
e 110.60847 392.87571 6
e 14.67387 654.72919 4
e 173.80182 981.33062 8
e 102.37465 685.86426 9
e 104.54704 732.30807 4
e 23.67294 658.29805 7
e 27.36927 593.51989 11
e 101.95859 572.67542 5
e 98.62243 598.93746 8
e 43.47537 297.40972 9
e 123.02899 561.10444 11
e 7.94744 605.73009 13
e 161.44528 634.41526 6
e 52.28002 709.58189 5
e 136.80723 749.11825 5
e 181.05877 548.86147 10
e 146.00837 299.60768 12
e 89.38697 680.20098 10
e 209.29766 389.28379 12
e 36.67545 416.13465 15
e 64.54613 402.11358 10
e 190.40784 452.66183 7
e 275.12481 657.23729 13
e 197.17682 658.74349 15
e 94.48034 683.91055 7
e 219.63595 657.56650 5
e 2.05328 327.47831 5
e 144.40905 478.25020 6
e 84.63725 452.32225 8
e 200.75717 442.47170 14
e 54.45703 633.58144 11
e 59.44276 334.31210 14
e 108.72361 576.84455 9
e 284.06636 504.09361 9
e 265.82877 655.74437 9
e 3.39194 572.91374 10
e 229.45086 672.77686 9
e 184.08477 529.70471 7
e 102.13576 647.85301 6
e 109.07013 795.72638 6
e 187.42734 335.14146 9
e 13.26391 431.18010 10
e 55.28032 392.76171 5
e 112.49013 658.96028 12
e 88.50942 630.91541 8
e 10.13197 439.05307 9
e 250.16650 604.20598 8
e 45.97993 558.53475 11
e 113.41272 645.86751 9
e 184.31223 384.58092 11
e 94.82063 539.09235 8
e 194.77661 756.83753 9
e 106.48884 666.25462 7
e 295.27270 289.19786 8
e 1.90884 413.90783 11
e 141.10593 293.05947 8
e 249.74646 764.68905 14
e 92.34494 243.90449 9
e 126.52727 490.20160 6
e 150.63703 383.40451 15
e 27.53693 804.88266 11
e 217.92301 450.89503 4
e 55.73668 753.29703 8
e 6.38160 387.11719 6
e 151.31829 369.09538 9
e 54.61748 643.49498 11
e 170.24950 640.93114 5
e 12.28528 532.87218 8
e 25.32413 583.57953 7
e 96.68881 507.56785 10
e 305.95029 258.43334 11
e 50.89227 518.87553 8
e 196.34393 635.69622 10
e 243.86719 252.36815 8
e 33.09264 729.56364 8
e 2.95839 359.15013 6
e 142.34313 234.21019 9
e 241.46864 599.01122 11
e 214.57773 342.07409 8
e 29.94836 665.90012 12
e 146.61270 492.95240 9
e 12.78059 291.40907 7
e 114.42329 636.16015 8
e 241.48943 553.71176 9
e 191.81203 350.57336 8
e 122.93785 249.39043 13
e 194.18723 552.17218 10
e 6.47141 612.25791 9
e 209.22533 274.88687 11
e 136.05923 642.04837 10
e 157.72067 440.76792 12
e 108.02027 755.29577 8
e 148.79058 706.59405 8
e 51.41308 476.39159 6
e 21.73549 813.00246 9
e 93.05303 910.40782 6
e 193.98472 383.25944 8
e 219.01626 273.24110 15
e 120.90266 509.32462 5
e 31.35651 502.21970 9
e 38.24960 208.54839 8
e 53.27181 591.29435 11
e 221.77024 658.91027 5
e 142.26959 285.97641 15
e 162.98588 618.29224 5
e 156.09730 512.90988 4
e 219.26812 154.20593 9
e 89.74991 436.64338 8
e 232.26478 509.26103 9
e 198.34751 719.43388 21
e 248.32155 307.85715 6
e 224.49034 712.19861 9
e 331.29932 509.86623 13
e 134.42200 464.63443 7
e 76.36737 395.80800 10
e 167.97305 523.09898 11
e 166.22927 777.25992 10
e 38.45671 454.80143 7
e 78.31396 691.24287 9
e 114.63858 593.63249 12
e 155.55198 735.18160 4
e 131.62221 553.08789 7
e 181.13344 256.03558 7
e 242.57353 532.29267 7
e 23.36621 225.75879 9
e 215.87245 396.09680 13
e 200.29318 560.80810 6
e 220.80816 829.30819 5
e 38.87272 740.26243 9
e 183.02666 768.74789 11
e 78.30456 277.74067 9
e 37.30723 511.48757 9
e 225.29998 319.44492 6
e 128.70514 653.65058 6
e 57.34239 530.66963 11
e 235.36030 545.64098 10
e 129.92946 556.65356 5
e 136.66604 342.25924 13
e 230.39607 571.10333 14
e 222.08157 239.34002 12
e 212.53302 103.93643 4
e 288.17750 328.31701 7
e 12.15554 463.82027 10
e 6.32360 290.59403 15
e 188.11078 593.44320 9
e 217.80159 743.68559 12
e 56.98691 226.03702 12
e 94.63086 279.03766 13
e 55.69946 552.08170 11
e 69.16129 818.49994 10
e 206.38203 459.44369 7
e 218.98123 483.41279 12
e 155.42341 425.19115 8
e 46.33352 666.08895 11
e 119.43572 553.10909 13
e 86.52378 514.18292 7
e 99.68700 573.85445 12
e 162.73064 503.38987 13
e 188.92503 512.08446 5
e 193.70141 734.30009 12
e 109.35477 571.46719 10
e 157.53763 449.34062 8
e 192.81354 493.29593 5
e 74.79060 510.85376 14
e 302.79664 1023.52413 6
e 219.09302 653.31741 8
e 178.63949 507.66954 8
e 197.01881 483.47219 7
e 122.93969 558.95099 3
e 156.22011 786.17420 12
e 271.67924 922.57991 10
e 221.98952 667.55114 8
e 209.23090 687.10940 5
e 29.98941 780.82003 8
e 268.44220 408.93475 10
e 87.47165 457.66227 13
e 198.15687 299.26026 12
e 136.12136 732.08098 15
e 45.33496 521.92259 13
e 151.61169 626.19805 10
e 16.86846 608.21487 11
e 200.72985 745.27543 9
e 155.87339 539.28158 11
e 34.11634 493.69215 10
e 152.39542 516.79811 12
e 180.12015 438.10050 6
e 232.38714 458.17009 8
e 156.64050 962.48246 15
e 203.18492 302.28970 5
e 95.54294 503.69796 11
e 256.91287 460.20244 11
e 212.04516 816.95371 13
e 142.40256 637.61147 7
e 173.07852 489.12921 11
e 103.09165 546.33188 9
e 5.70940 367.01497 10
e 170.15173 730.86798 7
e 283.35928 470.23844 7
e 156.75635 694.51328 9
e 182.23482 539.71868 10
e 153.12805 647.35090 7
e 99.44920 652.58787 4
e 207.40009 626.21156 11
e 52.39925 12.40282 10
e 57.83937 714.62350 14
e 273.57565 503.04037 9
e 250.60674 552.28327 6
e 232.00695 167.24086 8
e 263.07244 720.13177 10
e 101.34226 552.89164 14
e 13.14269 492.09017 4
e 47.18782 365.98433 8
e 114.73805 472.03031 7
e 91.08187 867.78451 7
e 128.71503 584.39801 9
e 210.32114 336.28259 8
e 111.75886 602.74046 6
e 95.31085 604.41160 7
e 7.68547 529.73089 9
e 158.31562 316.40314 9
e 137.17108 497.10935 12
e 62.33970 564.02819 11
e 170.61932 513.53874 11
e 103.27408 482.89447 13
e 156.83010 328.38551 15
e 20.28716 586.98925 14
e 106.96097 513.04905 14
e 113.85267 511.37910 14
e 222.44855 686.88966 4
e 54.06761 662.16050 12
e 81.74845 288.83402 5
e 116.28592 392.22313 9
e 105.27737 505.18475 8
e 63.82983 606.63597 7
e 327.14743 546.84427 6
e 27.21548 554.58478 5
e 288.67671 614.66388 12
e 52.73732 594.64316 11
e 266.56792 622.80998 8
e 6.91315 523.47280 15
e 184.60802 607.17386 15
e 16.99399 330.49375 5
e 15.82999 640.87857 12
e 29.10000 492.18532 9
e 140.80161 520.61584 10
e 105.63594 462.69075 14
e 28.91369 274.50714 10
e 109.06358 665.88817 11
e 287.59278 441.27109 7
e 134.73390 445.58729 11
e 60.46536 445.86429 14
e 162.51520 732.84890 9
e 70.63239 551.98618 7
e 61.67618 388.24786 11
e 209.01614 859.62913 8
e 25.76576 767.91864 11
e 195.75464 506.46223 7
e 124.09242 284.65369 7
e 18.56014 214.01064 14
e 154.11685 729.20983 7
e 66.43206 732.44771 8
e 177.31104 612.18071 11
e 125.35980 820.58716 7
e 129.25686 448.89555 9
e 54.86034 418.09094 12
e 108.89578 412.37004 8
e 172.54116 395.67436 5
e 117.58047 563.01898 11
e 108.43603 748.65378 10
e 153.02039 574.72524 9
e 57.91234 450.92207 7
e 84.63163 608.60943 14
e 72.59517 505.11671 7
e 59.96549 443.53538 12
e 182.05186 520.80653 5
e 137.57141 315.22871 13
e 222.81836 333.09851 11
e 136.21675 448.53600 8
e 264.87007 673.26698 12
e 252.50819 98.25692 8
e 119.28867 546.28913 9
e 225.65652 460.73459 4
e 185.66503 585.36232 14
e 32.61701 264.34059 10
e 242.68768 523.99456 6
e 23.05071 729.87433 10
e 61.40790 468.63150 13
e 78.30188 434.13325 11
e 227.09011 342.33261 5
e 51.41239 628.58340 9
e 111.71366 731.56981 9
e 91.95391 812.32532 10
e 24.70528 644.47082 11
e 197.96463 435.95593 6
e 261.48892 511.70412 12
e 193.35187 456.04938 10
e 146.11755 500.76488 12
e 132.77767 452.44129 7
e 70.48219 561.06667 6
e 158.38348 273.70900 8
e 238.81305 412.52416 9
e 161.87943 720.18427 8
e 59.88243 477.34926 7
e 159.78519 455.97821 7
e 61.09948 391.79695 7
e 105.86723 296.84533 15
e 169.00489 648.92662 5
e 159.31462 779.22327 4
e 169.09114 585.99208 7
e 183.51563 836.39888 11
e 66.21261 524.61566 5
e 177.74974 356.91576 15
e 204.24306 564.08658 7
e 115.23056 733.73680 9
e 154.20546 587.22909 13
e 81.66798 477.01569 4
e 80.39488 986.47959 7
e 20.62321 442.02784 7
e 122.28537 750.51087 9
e 200.11774 530.21889 6
e 133.97189 617.42059 13
e 145.24597 374.61910 9
e 28.87243 673.10952 11
e 140.92723 381.81077 7
e 21.71122 522.59344 11
e 157.35042 542.61674 10
e 67.23521 484.43109 8
e 282.04154 717.61073 5
e 223.60736 741.19121 4
e 57.40128 735.28177 9
e 157.22090 590.88260 10
e 171.63636 796.11371 10
e 105.71973 631.90853 12
e 281.29432 534.65555 8
e 95.63616 615.83807 12
e 159.62115 809.37055 9
e 198.37564 400.56498 9
e 117.88158 679.68907 7
e 116.22037 629.32340 7
e 126.59399 388.02050 9
e 51.88957 596.74387 12
e 169.96208 351.39683 8
e 44.01262 507.17771 17
e 148.71717 804.06402 8
e 134.60057 473.59200 11
e 47.44138 373.37215 6
e 200.90213 462.60145 9
e 122.35005 466.73477 6
e 139.30209 715.51064 8
e 0.53694 416.07317 9
e 78.99395 318.75489 7
e 121.08363 494.64633 8
e 136.64656 429.62261 8
e 188.15044 407.89678 8
e 82.24339 353.15656 5
e 29.71149 639.45787 6
e 49.42564 640.14951 10
e 327.32440 590.66470 13
e 113.65056 651.62771 8
e 118.38891 628.15664 9
e 190.23417 918.70965 11
e 47.36691 579.68132 14
e 71.59738 350.28558 13
e 138.46458 486.57463 14
e 34.80442 469.89192 7
e 84.12053 772.45525 12
e 68.24140 836.97445 11
e 66.30351 379.13728 10
e 201.40314 694.14968 6
e 129.27012 375.62353 8
e 62.11753 292.23346 5
e 263.29049 572.80111 15
e 227.28218 604.40104 15
e 220.90688 537.71599 7
e 205.24589 584.85619 8
e 15.68672 371.68053 8
e 285.56590 542.73555 10
e 85.56541 339.75666 15
e 224.42317 319.75682 10
e 103.80015 233.82647 7
e 23.89366 484.23628 13
e 55.54716 530.55632 4
e 89.60679 402.62080 10
e 228.08684 644.19131 10
e 111.22627 656.82511 7
e 164.24386 512.72552 12
e 209.53178 353.98330 4
e 46.10728 629.25435 10
e 28.38135 432.41424 9
e 107.67576 569.17841 12
e 110.23644 460.61017 6
e 115.52262 589.41133 15
e 38.28497 414.66319 10
e 141.63783 580.91103 10
e 157.01019 555.79860 10
e 253.13609 654.73658 11
e 249.86096 349.37446 6
e 117.25400 816.68108 12
e 138.18879 551.27115 9
e 84.11772 544.17814 8
e 119.14009 643.61555 10
e 102.83481 848.76557 11
e 48.11485 742.11339 6
e 226.12516 600.66576 5
e 300.86061 576.45895 16
e 130.83270 683.51525 8
e 114.33424 395.91437 9
e 31.02089 491.82405 18
e 163.51441 241.09908 10
e 144.50304 293.75127 7
e 112.62886 424.70870 16
e 20.36125 751.95064 9
e 27.85702 528.40511 10
e 215.37731 402.74013 9
e 271.91125 587.47202 8
e 52.64384 571.32586 10
e 188.40168 574.13787 7
e 103.87409 143.33888 9
e 65.85592 474.39241 10
e 87.09470 666.69476 8
e 88.27384 619.07337 4
e 176.36950 257.93887 8
e 209.95423 273.64985 7
e 212.66645 440.28613 7
e 78.96131 398.10971 7
e 110.79291 515.31451 9
e 93.08713 203.97832 10
e 31.16738 619.39672 9
e 47.48268 544.05572 12
e 116.23749 701.15810 9
e 110.35350 704.58494 12
e 113.94932 413.38807 9
e 120.41592 549.64800 10
e 120.34072 504.70883 15
e 116.77280 690.49417 8
e 223.90853 372.85653 11
e 184.37252 507.53711 8
e 197.23920 207.52025 5
e 171.23569 722.09989 6
e 95.54977 462.26358 9
e 144.89246 561.49017 10
e 89.63240 473.67824 5
e 95.95308 313.51588 10
e 150.21703 193.82981 10
e 5.21616 437.70695 8
e 69.62093 503.76130 8
e 274.62964 674.44317 11
e 7.74471 645.30366 13
e 260.29535 472.86697 3
e 68.31179 214.10524 11
e 68.04836 675.11824 12
e 176.60733 529.72388 10
e 81.44585 720.37672 10
e 152.67096 504.21608 12
e 136.09237 627.35802 13
e 92.51549 592.23264 7
e 132.85028 579.99178 10
e 75.94956 474.37328 7
e 93.72441 542.21073 12
e 221.82101 538.09485 8
e 182.65243 694.66373 9
e 135.97452 527.99501 11
e 222.95005 581.38099 8
e 122.18270 571.14207 10
e 182.28767 588.89694 7
e 85.80258 493.78874 10
e 84.38391 525.91033 6
e 153.81719 553.19280 6
e 306.71502 311.89356 10
e 259.27020 346.54614 11
e 30.95000 650.57989 7
e 178.33284 445.94623 10
e 238.92044 553.81287 9
e 27.82466 682.19312 12
e 166.97818 324.24853 6
e 252.44289 258.62650 9
e 184.73235 889.91324 11
e 154.25682 79.56995 9
e 24.67782 390.71453 14
e 38.33893 623.39231 10
e 194.67000 685.10091 12
e 208.34242 629.16830 16
e 130.30160 543.98942 12
e 79.10677 688.04653 7
e 247.96363 621.93378 5
e 169.93993 594.28872 10
e 55.11538 426.18424 9
e 226.66078 525.40400 9
e 144.18920 540.88001 10
e 208.51463 702.10322 11
e 72.33200 243.31977 9
e 10.36588 364.71986 9
e 117.31001 458.83799 5
e 136.41658 343.80979 6
e 219.73121 620.84529 9
e 202.48183 712.61553 7
e 235.50734 491.08720 8
e 194.23621 765.55575 13
e 108.80471 343.31825 7
e 175.67936 433.77852 12
e 202.94643 658.68502 7
e 53.08174 740.76231 8
e 146.29187 562.51951 7
e 121.02850 437.01294 9
e 216.70086 522.41923 13
e 225.25760 273.60574 7
e 292.00726 516.23454 8
e 111.90448 355.57452 8
e 185.37936 644.74225 6
e 203.03129 732.72387 7
e 19.42464 417.47350 7
e 226.96242 824.82640 10
e 119.42331 454.12074 12
e 95.82405 98.81946 11
e 59.15194 642.93089 10
e 145.91285 533.12056 7
e 52.48345 515.30944 7
e 36.31173 603.85984 9
e 63.43408 585.75906 11
e 217.20848 430.85634 17
e 159.04371 467.42088 10
e 63.03159 518.09517 11
e 73.12592 442.26303 8
e 77.57319 531.97113 15
e 64.21420 579.89214 6
e 227.45188 401.36602 10
e 148.39551 588.50554 10
e 171.13422 434.74196 5
e 215.82520 649.68925 12
e 256.58233 759.75428 12
e 41.48343 832.74249 11
e 24.33726 497.02565 5
e 151.99182 524.67769 11
e 3.08827 474.38622 7
e 4.60600 439.30210 9
e 76.86604 661.36596 7
e 186.71690 821.22795 11
e 191.04674 519.48544 8
e 207.13409 754.56183 13
e 149.69763 374.21351 7
e 102.98859 149.47784 5
e 46.68249 725.52550 9
e 250.99315 784.29312 9
e 93.61355 602.08411 14
e 150.24017 521.61517 10
e 193.24770 424.54928 7
e 22.81992 301.14209 10
e 68.29332 619.61089 5
e 23.19186 550.88347 14
e 21.43781 285.89110 8
e 96.25715 456.14218 11
e 90.63529 712.42457 9
e 98.04483 501.79034 11
e 144.33182 515.54904 12
e 109.47532 600.64359 8
e 147.92189 834.42346 10
e 66.32077 548.43899 11
e 94.83049 758.13430 8
e 148.02228 453.54375 8
e 106.49409 455.19813 12
e 108.64586 295.39236 9
e 91.56006 454.35244 10
e 74.89400 706.19425 5
e 80.92423 355.82197 16
e 146.88581 673.33404 8
e 172.10005 463.22105 10
e 115.69236 700.29115 9
e 116.22987 511.38289 7
e 27.16938 585.26790 10
e 287.85269 769.48222 8
e 36.23957 558.81277 6
e 277.45424 377.18846 8
e 121.38978 313.48408 9
e 240.21583 721.73485 11
e 176.94917 594.36171 9
e 158.59869 783.78106 9
e 158.58707 740.71639 11
e 113.64337 697.86356 8
e 100.10806 602.89408 4
e 189.30037 362.85179 14
e 27.70462 645.28465 6
e 158.49334 452.02854 13
e 175.38988 787.64032 13
e 237.26532 312.25665 15
e 232.06426 747.34163 9
e 24.16500 417.76915 9
e 156.37130 356.71926 9
e 132.08924 771.29883 8
e 167.73075 215.26519 9
e 108.23150 370.40142 9
e 17.02013 105.91959 8
e 33.67056 634.64796 12
e 155.29559 398.23060 13
e 122.05807 685.23947 8
e 206.78265 648.16345 11
e 252.48447 744.26572 10
e 84.18760 663.93442 8
e 137.18666 438.45846 10
e 198.89046 749.45467 7
e 76.22844 502.52116 8
e 231.41881 550.49329 11
e 2.14323 352.14621 5
e 152.95302 708.29371 5
e 86.15767 572.66119 8
e 100.94009 434.29832 11
e 193.14592 712.96622 6
e 200.86229 502.08489 10
e 311.54483 684.07818 6
e 266.43760 481.25655 11
e 127.37485 450.81627 15
e 58.63628 249.57737 9
e 67.83778 698.31097 4
e 53.12796 378.63991 8
e 289.19555 341.35135 11
e 188.22288 568.27893 9
e 125.55551 357.83371 6
e 293.91910 599.28622 14
e 132.30271 244.47553 9
e 162.48804 398.03052 12
e 261.62722 604.30820 5
e 73.61292 798.11265 12
e 353.79573 842.89640 10
e 147.67905 532.19119 7
e 100.67159 591.45747 6
e 1.61259 388.62073 10
e 117.96049 488.36010 12
e 87.32942 570.26545 7
e 146.30806 692.46598 16
e 135.81752 329.68923 7
e 243.39752 407.07950 7
e 221.19964 448.90993 13
e 21.67930 459.32715 9
e 22.67928 632.14840 8
e 243.68799 739.85132 11
e 191.97179 606.57320 7
e 382.19662 530.85019 7
e 3.49823 559.00693 8
e 131.97529 419.33288 10
e 77.64368 826.07542 14
e 71.52723 796.43957 12
e 131.45069 697.63252 9
e 163.76734 546.81597 11
e 180.52963 683.58146 8
e 109.00134 346.12944 4
e 88.71352 514.33287 8
e 234.79887 627.76061 5
e 101.71037 407.19234 9
e 132.30206 592.32808 11
e 180.98851 309.23490 10
e 38.83269 382.52213 12
e 81.54149 619.91458 7
e 140.64873 666.30188 6
e 144.05722 666.21173 13
e 73.17747 600.80074 7
e 146.89871 586.52690 7
e 63.17059 445.33999 7
e 131.36598 522.72151 16
e 212.51792 348.89749 10
e 234.09026 459.01897 8
e 191.66659 766.16790 6
e 90.85308 524.06664 15
e 172.93581 625.80417 8
e 53.88582 698.46338 6
e 159.09019 560.10218 11
e 225.62751 774.31977 13
e 24.45136 522.63038 9
e 139.61169 541.18988 10
e 211.43989 591.57751 10
e 70.37230 526.35172 13
e 78.06758 691.14470 7
e 104.59341 546.68662 11
e 119.49041 574.23858 10
e 220.37022 302.69160 7
e 58.79078 454.77414 9
e 255.71318 447.81790 9
e 31.70535 452.23815 11
e 116.84558 604.02016 7
e 174.74944 199.18535 6
e 99.81131 913.25394 10
e 78.30970 396.68355 10
e 66.21371 139.93241 15
e 161.42413 810.93896 11
e 75.52127 285.72382 14
e 152.97590 249.89124 13
e 83.09401 586.22535 4
e 112.64059 718.08787 9
e 269.42535 379.38621 6
e 85.32637 639.11051 8
e 166.98574 396.26318 8
e 57.11856 473.38957 16
e 264.18689 491.16736 10
e 70.20743 251.57112 7
e 131.24033 239.64922 9
e 114.83776 613.00400 12
e 153.80858 457.56748 14
e 100.54345 614.33289 12
e 194.07440 563.05015 8
e 74.70130 506.00106 10
e 203.58604 586.66906 8
e 274.63424 654.65150 9
e 147.13824 339.35115 12
e 205.72432 458.46813 7
e 76.29940 448.72793 10
e 245.85795 501.14835 8
e 92.09950 805.12046 10
e 14.37646 314.83261 11
e 36.64945 219.81169 13
e 58.80974 847.03483 7
e 208.89875 423.75114 12
e 112.30880 450.20263 14
e 71.20510 507.29037 6
e 22.43603 365.56407 7
e 108.29906 423.53198 10
e 320.29299 559.13361 5
e 291.73969 505.57911 6
e 116.20524 488.71649 11
e 139.71602 671.20591 12
e 155.66567 772.30638 8
e 19.41311 532.58464 14
e 127.69002 693.50688 8
e 104.20775 658.44933 7
e 133.14710 538.49113 8
e 204.84516 463.46133 12
e 209.39026 563.85509 6
e 73.61643 448.80271 10
e 157.41405 623.90714 9
e 89.89864 763.27900 11
e 293.77400 554.37380 12
e 242.23451 539.50283 13
e 91.03036 689.60154 7
e 202.82774 278.40247 9
e 193.42213 448.65178 7
e 10.33315 711.49015 6
e 73.65446 541.12292 7
e 82.67118 548.85909 10
e 123.07800 442.97708 8
e 133.66988 634.33460 10
e 57.07007 498.83556 9
e 44.60144 679.89758 11
e 89.63607 648.96144 11
e 21.12002 537.21684 7
e 33.04045 676.90868 9
e 266.23975 381.91982 7
e 47.16332 459.50156 10
e 62.50544 440.76508 11
e 67.80276 251.76332 9
e 169.95250 517.44609 10
e 60.32710 459.55163 7
e 66.86652 932.41932 12
e 64.51837 593.13974 17
e 298.52928 475.34829 7
e 222.42365 548.96043 7
e 324.03438 434.57770 7
e 73.78891 696.85600 8
e 39.38254 629.80627 12
e 0.84874 993.35799 11
e 211.27923 805.38239 7
e 131.63694 861.97708 9
e 220.23642 823.12480 12
e 81.00731 422.65569 6
e 162.12035 628.47478 7
e 204.81143 471.28037 8
e 99.10133 482.66003 6
e 45.47675 778.19631 14
e 254.08632 396.66826 11
e 153.33220 202.34413 8
e 123.84305 432.37084 9
e 118.49221 489.20964 11
e 150.43328 379.45334 12
e 206.60467 520.24318 12
e 92.58005 625.77807 9
e 176.00768 235.84335 9
e 144.03834 516.61693 8
e 148.31153 488.13489 8
e 59.25523 416.32176 7
e 108.65715 648.99774 9
e 190.11336 799.22516 11
e 71.39528 422.11372 6
e 86.60700 660.96289 7
e 232.64099 831.71444 9
e 4.41671 556.02504 11
e 215.76816 543.54963 7
e 74.20258 383.09570 11
e 44.13614 554.04840 7
e 234.68241 442.65198 16
e 194.55406 791.99226 8
e 119.93717 513.82116 12
e 162.41882 529.33779 11
e 78.95475 384.06044 10
e 122.76083 542.57467 6
e 153.50334 520.70262 12
e 43.87451 361.81688 6
e 119.96105 493.00489 6
e 100.83818 518.29906 11
e 123.02430 668.63136 11
e 79.34016 489.00912 13
e 95.16264 441.72829 6
e 117.14275 513.62201 9
e 147.91082 595.82926 7
e 132.32998 572.50903 5
e 150.33753 454.16198 8
e 55.10827 323.91310 13
e 147.57884 498.91397 17
e 75.78472 478.08435 14
e 213.29700 676.03369 4
e 252.35107 457.72205 7
e 202.80452 477.08509 6
e 138.61765 407.95831 8
e 102.33746 491.88061 4
e 73.35453 357.18291 5
e 34.23513 490.55326 9
e 66.41158 518.83168 8
e 158.45165 735.35520 7
e 154.70644 676.68941 5
e 96.97453 553.13171 11
e 182.71065 464.00361 12
e 126.32434 506.80518 10
e 141.11347 338.51012 5
e 195.77788 618.06461 8
e 124.02944 401.36985 9
e 135.25106 453.66388 9
e 142.78852 413.32278 7
e 181.14809 428.86206 9
e 6.20673 621.28383 12
e 111.74290 643.46516 9
e 61.85806 308.96157 10
e 289.05746 653.83414 11
e 146.44190 621.90021 11
e 153.45734 454.12504 11
e 90.88658 749.03376 8
e 166.63963 444.87201 7
e 215.84839 479.36355 9
e 134.10364 221.27275 4
e 122.72464 734.56769 6
e 178.17805 367.59881 10
e 217.98947 555.53421 9
e 38.32917 754.59091 7
e 110.28948 506.36371 8
e 171.67836 449.00490 8
e 121.79179 368.39700 11
e 33.07245 453.80724 5
e 124.36508 412.59647 5
e 91.21653 564.69434 7
e 177.95669 363.18386 8
e 211.56769 570.67530 6
e 8.96395 371.96464 10
e 68.94500 544.85841 12
e 75.92896 450.57186 7
e 202.60619 450.22567 9
e 117.10340 592.43110 8
e 308.16203 754.40929 16
e 57.12743 500.65602 6
e 74.60690 882.45639 13
e 327.57316 510.57722 8
e 187.23011 178.60660 9
e 17.83573 575.99248 12
e 157.33826 637.06220 8
e 138.00355 658.97641 7
e 120.12395 872.34767 8
e 32.73204 430.46852 11
e 154.36965 746.42727 13
e 333.13227 642.58558 8
e 57.77564 360.27067 14
e 249.02192 358.12873 7
e 12.53648 342.62128 7
e 222.42235 641.81592 11
e 202.00421 498.19515 11
e 97.56797 354.54310 7
e 32.80242 654.70144 6
e 106.31998 537.09796 12
e 151.01747 385.47814 10
e 43.16207 695.13827 17
e 174.49488 726.56082 8
e 187.44042 617.77249 14
e 132.82654 386.35476 5
e 196.14523 657.48614 6
e 43.89580 552.82620 10
e 187.26499 496.96756 9
e 96.36638 788.16226 9
e 56.20501 418.58542 6
e 225.68544 620.77824 9
e 200.19388 700.49612 8
e 149.82951 632.41254 4
e 247.90511 606.13594 12
e 50.92333 561.26776 12
e 0.52564 654.71356 6
e 98.91748 702.22461 15
e 131.11259 274.41624 8
e 161.62245 935.44049 9
e 136.28673 778.62206 14
e 122.71166 551.73208 10
e 88.02186 658.85310 11
e 151.38394 678.62213 6
e 115.60218 851.47561 9
e 100.42925 730.40016 8
e 41.48118 366.68681 8
e 212.59636 864.75163 7
e 99.19413 802.59473 7
e 36.05885 893.62969 9
e 223.62971 604.46195 14
e 272.27431 847.29769 7
e 96.10985 792.32074 6
e 17.64778 447.37857 6
e 143.45113 835.83963 10
e 110.89132 551.82308 5
e 280.10681 460.10104 8
e 288.49107 609.96885 10
e 97.18633 648.62428 9
e 138.18455 405.30186 9
e 147.95921 544.77610 6
e 131.77804 412.28741 10
e 78.49290 352.11993 5
e 102.87298 158.17705 6
e 315.87772 351.82312 10
e 225.90474 602.20953 8
e 143.86519 500.98112 12
e 170.98925 690.68155 7
e 23.48648 507.81798 8
e 32.34405 664.75846 13
e 46.84853 334.89341 14
e 63.25575 225.38054 8
e 12.74153 338.04639 8
e 233.05922 762.92271 14
e 56.06075 425.29472 13
e 195.51642 367.75274 10
e 141.85273 450.40334 16
e 178.99116 753.32922 6
e 184.44044 373.44321 9
e 132.57944 985.69742 12
e 20.67719 463.97084 11
e 279.06384 373.34321 3
e 259.35682 542.08570 10
e 182.33069 734.61566 7
e 61.22325 503.66348 10
e 219.10760 421.90362 12
e 303.21258 440.53740 6
e 59.26839 709.47301 8
e 251.19482 431.85102 10
e 77.42480 491.28817 16
e 44.47856 465.36998 7
e 105.18212 572.57450 15
e 183.97331 592.63807 6
e 97.78688 717.17687 12
e 84.18663 763.27264 7
e 64.23228 755.65950 8
e 46.43787 519.93863 9
e 118.27587 259.11941 12
e 118.48060 693.44860 21
e 184.69015 318.07955 7
e 51.09812 459.50306 7
e 149.55116 836.03635 4
e 108.18759 663.21909 7
e 165.88324 543.01837 5
e 112.97170 503.15720 12
e 121.72356 462.07668 6
e 178.60117 393.98051 8
e 139.30840 611.04099 10
e 137.65019 605.41857 8
e 211.22533 282.28598 11
e 82.80612 312.76080 9
e 172.22674 535.61585 9
e 111.22025 443.13278 6
e 91.88657 804.80377 6
e 203.73451 619.79948 10
e 19.41184 882.90736 13
e 91.94682 514.80795 17
e 172.03322 711.89867 12
e 204.32175 450.33441 11
e 110.64577 497.19839 10
e 239.50114 478.34390 10
e 89.85800 497.72578 11
e 219.92117 249.72367 7
e 76.18766 770.71641 8
e 84.40708 734.53648 7
e 178.02857 773.13691 12
e 88.80929 454.05482 9
e 254.17869 703.68380 12
e 186.37168 420.82091 6
e 128.50479 557.63655 13
e 197.56867 573.57829 11
e 59.98302 534.54085 10
e 88.16962 798.00274 9
e 187.65300 329.65977 12
e 384.65897 343.73597 10
e 184.22856 672.68528 14
e 38.07321 599.52295 8
e 53.56493 585.27635 9
e 55.24156 546.95097 5
e 40.53672 321.01831 5
e 58.91433 756.61710 9
e 36.81517 734.68343 7
e 131.60665 639.22555 12
e 207.97655 670.34247 11
e 86.61113 540.96442 7
e 19.22290 471.48295 11
e 157.19409 606.14537 11
e 263.65788 800.19637 12
e 41.00906 606.30388 12
e 102.60443 513.25998 4
e 148.71435 370.75267 5
e 128.81704 666.20473 9
e 218.95113 508.02366 11
e 39.01305 402.46531 9
e 292.01879 454.67258 13
e 158.69021 887.92554 11
e 140.60773 561.49005 13
e 241.19841 605.85854 6
e 99.58201 405.68577 7
e 178.70400 435.63241 5
e 60.25048 803.08056 5
e 392.51243 390.49074 8
e 17.89116 123.84813 8
e 307.07001 591.00705 7
e 40.89543 796.00367 9
e 0.92899 494.71232 9
e 157.58056 456.02567 13
e 99.35906 335.51767 5
e 162.45039 519.97926 11
e 62.63862 343.13464 14
e 272.88312 741.37080 3
e 151.53494 676.85263 9
e 213.19804 193.80253 7
e 144.80084 588.69192 12
e 26.91962 534.31251 10
e 340.72300 610.63685 8
e 167.30052 330.19790 12
e 78.31717 528.82999 11
e 57.19619 304.58312 13
e 67.44527 497.15919 9
e 191.91836 480.80225 10
e 126.03520 620.84984 13
e 161.64193 506.68022 8
e 42.35131 478.75067 15
e 83.78821 274.72933 8
e 103.63098 529.14245 13
e 280.95072 424.75634 8
e 146.96261 416.70958 8
e 59.28996 641.86329 12
e 102.31705 615.78450 10
e 180.94037 457.16726 13
e 212.95498 643.32443 11
e 88.16417 789.34196 6
e 248.23073 434.24998 6
e 41.28866 572.20817 11
e 65.31347 551.46311 9
e 278.34877 633.39787 3
e 149.52154 484.27101 13
e 58.72154 429.70683 13
e 161.73961 627.33195 9
e 60.94507 398.22273 16
e 198.58347 481.16746 8
e 169.60401 485.27913 5
e 243.13676 601.32220 11
e 232.01407 622.98524 6
e 149.05292 520.23179 10
e 208.46001 594.18220 15
e 97.20540 243.86984 7
e 228.22832 450.60272 13
e 88.39230 524.24703 11
e 191.61449 674.22874 12
e 181.19073 486.84083 10
e 143.64938 517.83239 11
e 283.12707 456.86447 8
e 179.64974 504.46882 14
e 112.48615 477.87151 7
e 96.35439 536.02924 11
e 151.26404 399.04666 15
e 87.09204 671.98122 9
e 216.95991 725.19067 12
e 167.27772 500.72665 8
e 122.25558 374.72522 13
e 254.89105 719.37264 10
e 280.62733 529.41364 6
e 37.92123 725.54379 7
e 88.59933 613.55673 9
e 149.37545 428.40206 7
e 92.48782 479.60974 13
e 72.35714 420.38492 8
e 17.37327 325.90812 14
e 122.85566 684.06667 7
e 89.80883 181.96882 10
e 165.51667 682.08825 11
e 104.72900 498.17906 10
e 169.79821 598.36117 10
e 172.20613 783.06103 10
e 244.68313 503.09531 10
e 197.34259 594.10994 12
e 249.56285 454.17252 9
e 123.71654 451.79645 13
e 154.01790 511.73102 12
e 21.67349 510.82484 8
e 189.45911 497.75318 9
e 64.55750 790.96065 11
e 192.28501 269.51976 13
e 197.46905 223.99104 8
e 50.55778 714.14788 16
e 111.20929 832.74803 6
e 178.92253 437.14470 9
e 98.70988 659.42033 6
e 191.96736 557.75413 7
e 195.36367 539.66739 10
e 72.47252 672.23053 9
e 249.88259 350.55524 5
e 248.76097 440.12626 9
e 166.90982 874.66194 17
e 91.53952 665.64787 13
e 260.30633 430.11649 9
e 2.29264 427.20551 12
e 49.03935 609.81202 9
e 53.25481 538.05646 11
e 6.02905 420.29693 9
e 287.58161 562.96742 9
e 11.89460 453.04536 7
e 198.71917 669.34506 9
e 34.16350 236.47290 12
e 246.60854 448.80143 14
e 168.33388 494.34920 4
e 100.40548 586.93193 9
e 67.38118 605.22770 11
e 81.44719 465.91013 7
e 67.84008 522.42995 8
e 44.26411 446.24507 10
e 68.45454 624.53645 7
e 212.99195 594.32438 8
e 164.22723 628.75985 12
e 292.72721 815.78131 10
e 119.95533 217.56953 12
e 317.16033 391.95873 5
e 227.74905 221.22441 6
e 38.94658 635.30746 6
e 135.46586 750.52469 11
e 8.56498 376.01931 7
e 136.60798 804.37816 7
e 198.78997 604.61265 9
e 191.73139 373.37120 11
e 130.34225 846.92521 12
e 45.72467 670.78106 10
e 150.44281 788.68007 8
e 138.53075 172.94650 10
e 73.73507 735.81892 7
e 109.17022 426.52018 10
e 138.37422 466.82055 8
e 259.62981 645.22268 7
e 61.08887 468.82384 10
e 79.42254 457.29429 4
e 168.48311 733.55752 11
e 367.51778 693.62556 11
e 300.14191 652.68388 9
e 202.93566 408.59156 13
e 7.94506 186.50273 12
e 149.47254 295.80235 10
e 224.13165 584.37241 19
e 123.57899 672.40876 7
e 175.58054 674.49723 8
e 140.11763 318.47394 12
e 170.32029 299.51048 15
e 105.35548 516.22841 12
e 174.21559 399.32014 8
e 71.40848 323.56287 18
e 265.76880 639.93411 9
e 39.98401 768.71339 9
e 267.18399 484.12162 8
e 125.32243 544.55937 4
e 6.94353 468.17019 10
e 119.26376 787.24144 6
e 15.69496 782.36440 11
e 71.84173 425.25614 6
e 81.04707 387.52244 7
e 162.39015 354.07023 12
e 41.50166 546.26071 15
e 72.11520 419.48231 7
e 234.86796 564.74306 10
e 4.87451 472.58253 8
e 51.12542 642.41984 5
e 136.85838 644.71856 7
e 95.89960 438.77344 13
e 31.44183 361.40814 6
e 193.17908 770.16199 13
e 55.90505 390.49554 11
e 59.53577 461.31255 13
e 18.00286 644.14230 11
e 137.54165 500.79589 16
e 70.50855 697.09595 10
e 58.33365 388.24885 8
e 186.30426 554.06568 8
e 135.64135 144.24308 9
e 175.54837 670.89602 14
e 57.39553 388.12877 7
e 233.32301 683.34647 11
e 111.14650 805.68805 12
e 62.07309 411.43743 6
e 187.61694 330.55787 6
e 106.62284 465.81963 9
e 2.51479 709.00579 9
e 166.45813 704.65296 11
e 116.61145 509.76204 8
e 90.69199 502.26443 9
e 57.39636 754.87314 9
e 102.28529 506.06093 10
e 124.02086 433.12570 7
e 158.80375 319.37318 9
e 167.06776 582.89690 5
e 70.21381 292.41268 12
e 61.66851 517.06569 12
e 201.40853 151.16569 11
e 279.01483 655.19090 12
e 47.56196 279.22910 11
e 138.18352 371.48802 6
e 282.48278 633.07869 13
e 129.72652 535.75516 8
e 96.60176 636.17658 14
e 49.37433 477.59046 12
e 6.07716 497.95694 9
e 36.11071 630.21321 10
e 170.62282 663.20246 7
e 27.35538 272.82188 9
e 88.37835 504.55281 7
e 60.76707 1002.12812 6
e 34.72856 632.25372 8
e 63.27602 485.82107 11
e 25.66454 516.40599 7
e 99.79273 480.44990 5
e 203.26908 400.19672 6
e 46.92339 449.67575 11
e 94.17971 366.17650 14
e 263.76433 638.05150 9
e 110.30138 501.94697 9
e 99.19273 514.51812 9
e 194.03790 517.44763 6
e 157.36373 447.24446 7
e 120.75490 709.94216 13
e 75.89462 540.15637 7
e 103.99427 400.91704 8
e 94.64654 592.45848 8
e 85.60599 775.35472 13
e 171.61199 677.82198 7
e 197.84607 196.86864 9
e 147.77805 861.92546 9
e 47.65118 607.40802 10
e 239.96183 624.45012 8
e 132.18727 305.18276 15
e 181.92576 530.49957 12
e 73.82778 393.82247 5
e 271.86756 758.37926 10
e 92.83180 593.30955 7
e 70.40292 262.92069 8
e 122.75888 371.66723 9
e 91.66759 267.72373 5
e 166.85128 538.12982 8
e 114.54758 464.22788 8
e 126.01232 624.21366 5
e 212.06153 466.07042 9
e 177.71079 235.26082 10
e 226.39163 437.72439 10
e 154.75027 331.63524 12
e 4.47932 360.93762 5
e 64.31456 756.22803 12
e 132.01507 675.79006 6
e 84.69719 633.30128 7
e 129.40669 544.74363 8
e 241.83296 744.17661 7
e 127.67058 757.66560 15
e 245.39551 135.61566 9
e 49.55169 400.36500 7
e 158.82517 445.99846 9
e 133.70998 294.01339 12
e 103.29383 638.07846 5
e 276.55264 608.20270 9
e 37.00485 604.71783 11
e 122.11959 419.49269 9
e 166.08749 691.44275 4
e 45.53870 463.10359 12
e 6.37346 645.84645 4
e 178.48840 225.46567 5
e 98.44622 840.20113 12
e 10.59633 373.67086 8
e 166.09759 595.17050 9
e 102.42753 604.50299 8
e 185.51714 376.30617 8
e 91.28233 482.18933 13
e 74.27802 588.22469 11
e 131.08170 557.91283 8
e 143.54344 585.45575 13
e 129.07384 595.19832 8
e 86.14124 233.86747 5
e 174.73985 697.69411 7
e 295.67498 690.37259 8
e 174.76279 420.95605 6
e 62.59907 687.34817 8
e 54.72450 204.23724 10
e 148.22794 657.47049 9
e 0.76114 491.67154 4
e 226.30920 758.53229 12
e 453.28836 678.96694 10
e 309.19346 1048.12412 7
e 455.52537 731.53148 13
e 630.72571 979.83856 6
e 290.94692 756.90309 6
e 508.84341 740.67537 8
e 443.19736 914.89176 6
e 277.75067 1064.87915 9
e 348.78981 873.49015 10
e 385.20769 933.45823 12
e 405.23813 916.42197 8
e 448.73548 1053.06962 9
e 405.87625 892.90875 6
e 524.64594 817.28879 6
e 462.36646 803.05106 7
e 448.59321 982.37957 5
e 561.03372 851.95216 9
e 539.72897 989.44706 9
e 565.97157 1030.78266 7
e 314.56197 989.59390 11
e 404.35612 981.87489 6
e 686.73835 843.81913 16
e 483.25367 806.56884 8
e 563.77156 1047.15391 6
e 509.85118 970.63860 11
e 460.34394 899.33216 9
e 449.53909 1038.67079 10
e 406.96133 971.06093 9
e 427.07711 1076.02755 15
e 396.67476 909.12081 8
e 536.43737 794.78124 6
e 601.77776 1001.35856 11
e 422.24003 775.56986 13
e 339.48164 910.12235 16
e 387.04381 1003.89040 11
e 420.56087 805.49468 14
e 591.42369 930.34311 9
e 472.09125 799.29293 13
e 303.17566 1059.92558 8
e 503.34684 981.48889 7
e 363.99456 1066.10620 8
e 428.15944 865.12455 10
e 289.01781 798.45810 10
e 518.65393 836.61110 5
e 519.04848 1066.85058 10
e 512.17964 1047.79905 7
e 363.89254 1079.45855 4
e 321.83374 1021.71418 7
e 507.16292 952.95327 8
e 555.10591 852.44007 6
e 337.78525 1012.32299 8
e 456.34821 1064.53835 5
e 523.74152 1012.66418 12
e 476.46901 1077.57783 12
e 577.92290 810.22191 5
e 591.34189 1067.09487 9
e 364.26310 786.78211 12
e 537.80751 1037.71997 10
e 506.26898 851.98715 13
e 370.24017 920.52481 8
e 443.88964 791.14945 8
e 399.14765 934.54570 5
e 458.73962 986.85393 10
e 568.04973 928.90461 11
e 457.45577 854.69494 9
e 459.30807 870.83253 9
e 340.96253 599.99201 13
e 504.73695 626.87616 12
e 444.35591 1014.83862 13
e 321.78615 785.39537 8
e 356.81995 865.16568 10
e 585.27166 975.62692 7
e 497.08524 885.52221 7
e 465.62806 1058.62789 10
e 559.47127 1013.12595 14
e 466.01009 794.56244 6
e 382.50741 899.36288 4
e 522.84840 766.78285 11
e 439.89204 932.79544 10
e 499.93299 699.22191 13
e 552.90539 845.86913 6
e 325.30790 1009.86369 11
e 457.26690 936.97619 11
e 465.54945 1015.84715 12
e 437.65218 954.39867 10
e 477.60159 613.57708 12
e 306.48509 986.68969 6
e 696.01271 931.00249 8
e 449.08835 946.49830 12
e 459.36041 889.77071 9
e 441.02713 936.36673 14
e 412.95461 895.37774 6
e 444.18389 936.99297 8
e 480.29740 957.69201 8
e 430.22081 794.84523 12
e 519.99794 1041.88370 10
e 523.41466 951.31198 5
e 399.11416 988.79300 9
e 454.75092 778.78184 6
e 524.08809 924.19698 10
e 630.39217 816.64899 9
e 474.63904 876.05114 11
e 355.32207 918.39069 12
e 326.79883 1024.28943 13
e 559.27163 923.18326 9
e 374.83040 1025.93140 8
e 511.22843 996.98216 12
e 301.61721 1052.97790 9
e 507.63408 634.74789 12
e 488.40227 1007.14804 8
e 404.64173 997.07419 9
e 381.74393 850.35793 6
e 509.03206 934.46908 8
e 401.77296 988.54542 10
e 255.25884 962.42050 13
e 478.93108 986.38380 7
e 616.05031 943.17730 11
e 308.60234 720.22885 14
e 637.11224 1055.46163 11
e 514.41991 848.00929 11
e 418.98689 886.61813 9
e 649.80744 962.32194 11
e 433.08821 1057.44561 8
e 431.14446 640.52023 4
e 530.88602 682.10978 9
e 533.30035 783.53620 12
e 488.81291 888.95211 9
e 447.83266 1062.97032 7
e 512.99211 831.97957 6
e 460.90437 726.52337 10
e 279.18250 1011.96043 10
e 546.96996 940.96035 9
e 430.51335 1064.02307 11
e 467.92305 962.15091 8
e 434.41714 722.04474 6
e 397.81524 948.53360 10
e 531.69597 1046.31042 8
e 404.74091 858.41966 8
e 449.49756 983.23441 6
e 601.06120 861.09575 4
e 430.16492 1017.79211 8
e 519.90821 1073.87063 7
e 513.83262 851.51040 13
e 374.30694 776.49246 9
e 637.98996 1008.62459 7
e 499.19183 938.95577 5
e 437.75832 706.27750 10
e 378.50691 1032.82816 10
e 444.58265 795.57915 7
e 408.73207 947.83320 13
e 539.79177 753.73757 9
e 320.89813 1006.78875 9
e 414.43851 1016.05610 9
e 419.10914 1071.38889 12
e 451.09881 1022.90193 8
e 476.91284 1033.25809 11
e 343.45092 829.36024 7
e 527.69280 994.10206 8
e 522.69488 933.66811 8
e 416.78387 810.67704 5
e 409.08848 661.86118 5
e 511.61088 924.51388 10
e 504.39078 1074.08747 5
e 488.34869 1070.68001 5
e 367.04318 861.54498 8
e 426.59968 1069.08710 8
e 310.42241 842.39866 9
e 523.01356 927.53490 9
e 417.18085 543.81148 8
e 572.01125 983.89793 11
e 488.19121 843.58785 10
e 461.09530 931.03990 7
e 404.32112 948.38539 10
e 557.39512 927.83240 8
e 452.10470 916.66661 12
e 469.32661 1037.18712 8
e 462.34767 1047.75661 11
e 496.19548 1054.16360 8
e 526.49938 970.57378 9
e 522.78090 945.21210 13
e 410.28685 815.80207 6
e 327.42480 963.64460 4
e 527.07367 904.47955 7
e 453.48786 1035.48850 6
e 483.86653 945.34044 3
e 397.69020 860.35430 12
e 410.71221 1058.32459 6
e 536.46390 942.59837 9
e 460.77850 982.26056 9
e 407.35938 729.70662 14
e 545.24589 945.16919 11
e 417.07451 887.89639 10
e 487.92711 826.13904 10
e 562.84532 1043.35107 8
e 456.64813 740.79594 7
e 563.75322 812.46368 10
e 599.90255 958.61894 7
e 518.33343 927.03607 4
e 376.43670 884.00705 10
e 410.47815 688.08291 7
e 589.25669 904.31462 9
e 554.52242 838.74220 8
e 452.61574 899.30157 19
e 559.46013 1003.52249 3
e 389.26442 853.14888 6
e 331.92318 1051.54024 9
e 367.45112 1030.20104 13
e 400.77071 1067.49334 8
e 368.47913 703.39033 10
e 441.81423 950.88583 13
e 484.51801 807.00030 17
e 468.40911 857.93513 12
e 547.37682 988.46958 11
e 573.80792 925.68983 11
e 490.96481 942.44949 13
e 470.26999 1035.44270 7
e 512.35285 1064.62612 12
e 605.93473 723.32205 10
e 451.27423 989.53737 9
e 456.66832 963.48075 13
e 390.16111 973.23764 10
e 506.05017 895.34639 8
e 585.74709 813.42482 11
e 466.01780 801.75999 9
e 609.87717 1041.47546 7
e 432.05811 1066.43952 7
e 169.50115 1004.33014 7
e 471.52406 1019.17357 11
e 578.57341 931.75661 12
e 492.11916 1017.30106 14
e 451.15809 1041.37446 8
e 566.36415 916.14683 10
e 468.36561 957.06205 13
e 463.54409 866.27415 8
e 475.36085 950.79660 11
e 438.86941 691.93046 4
e 478.55156 889.28404 12
e 503.61553 900.30533 6
e 437.99979 1067.58315 11
e 479.79819 957.16739 6
e 579.70051 857.09301 10
e 493.36018 1029.49845 11
e 509.68191 995.78890 9
e 401.98650 864.84055 8
e 421.50750 921.67749 9
e 456.06822 1043.81687 7
e 516.93404 1062.29125 5
e 349.93002 1013.29794 8
e 550.44877 844.85551 9
e 512.29195 826.95609 4
e 418.37575 967.17757 10
e 553.29436 692.83304 10
e 491.59263 938.05875 4
e 449.39750 1004.75952 10
e 261.59688 943.99379 4
e 455.34830 685.19856 13
e 485.42632 975.19742 9
e 407.91060 793.49498 14
e 383.35589 977.92869 8
e 337.23767 861.76117 8
e 430.23847 907.14639 7
e 441.26545 952.38292 8
e 353.95245 911.50448 9
e 506.60632 865.91335 13
e 392.13264 728.99822 14
e 340.57722 928.19808 12
e 335.53264 585.12921 8
e 298.64329 997.70645 9
e 278.40786 906.55266 5
e 474.25375 1028.57381 7
e 601.64861 918.19658 7
e 349.33517 962.27860 9
e 287.20065 989.79459 7
e 458.13667 1043.18542 11
e 387.53854 1031.04334 13
e 543.00293 1010.21365 15
e 562.40556 717.50907 9
e 470.65676 761.58891 13
e 451.92334 926.09269 9
e 565.10622 865.69360 11
e 476.49692 1024.18341 9
e 641.62861 937.95787 8
e 532.07149 951.28029 9
e 449.07906 871.47408 16
e 487.56646 1031.12407 14
e 466.77626 941.89708 6
e 528.04311 949.67034 8
e 428.20063 909.93531 11
e 412.61710 993.36185 8
e 327.96268 960.94063 13
e 597.64138 746.73288 7
e 515.86892 920.10632 7
e 519.53737 901.19416 11
e 388.25285 997.03954 9
e 482.63398 947.55460 8
e 466.36599 902.82383 8
e 544.72119 879.84997 6
e 422.22951 1011.65554 9
e 643.09059 776.59349 10
e 453.24549 872.17786 9
e 559.85988 1048.78147 11
e 477.28906 955.88273 10
e 498.83127 989.01549 7
e 345.41335 768.30458 12
e 509.26616 998.45198 8
e 486.05246 836.40541 7
e 463.54765 636.47468 7
e 544.73329 859.56596 11
e 588.98358 986.10164 8
e 369.09190 1051.35175 9
e 445.37212 894.28188 11
e 397.12530 1032.51436 10
e 529.99583 662.98366 12
e 459.32370 1068.19625 7
e 374.19239 975.96672 11
e 327.95295 877.09757 4
e 418.45035 704.55031 6
e 423.78131 1012.60649 13
e 558.03668 974.25072 8
e 600.48248 873.88154 4
e 377.99229 840.48949 9
e 231.79265 898.96680 7
e 298.49631 1049.10857 8
e 372.48605 843.20625 9
e 538.96003 889.90322 8
e 443.35465 607.00891 9
e 449.56806 949.21465 10
e 517.76880 888.13010 5
e 429.28502 1050.67875 12
e 383.67095 923.91292 8
e 369.35686 712.17129 10
e 585.10616 818.07706 9
e 505.91661 816.47703 8
e 482.40427 961.69184 16
e 423.11435 1070.21597 5
e 341.57424 1044.26999 7
e 509.06590 985.87468 9
e 489.28128 1071.16248 6
e 459.98211 816.97933 12
e 478.58703 910.40246 7
e 537.96955 838.66568 10
e 589.51920 870.97656 11
e 570.22903 848.52701 13
e 253.35098 920.31341 14
e 349.11145 916.35024 6
e 375.85780 932.99955 7
e 546.08130 1022.89532 6
e 431.07859 1032.50897 15
e 579.75617 980.97007 10
e 436.57396 648.71289 7
e 405.51058 896.97702 10
e 250.24805 904.35235 10
e 338.78726 984.68104 6
e 526.72132 973.68116 9
e 653.10200 1071.13885 12
e 630.89031 877.16266 8
e 519.55407 899.28946 9
e 453.85313 1059.80628 9
e 406.94550 1076.83508 9
e 542.90619 902.99905 12
e 541.72670 951.95598 10
e 549.67568 968.04264 10
e 619.37956 986.01422 9
e 364.00398 944.66962 7
e 441.52944 820.35958 13
e 358.22218 891.83195 4
e 633.66104 978.70831 7
e 319.47772 1021.64977 11
e 427.24944 956.12096 5
e 439.78811 1019.65011 7
e 428.22214 836.43009 7
e 310.40964 1046.25227 8
e 526.89015 1069.64808 9
e 487.71308 652.14360 11
e 501.30168 853.33144 13
e 418.45658 963.03881 8
e 293.57384 1011.75304 8
e 496.19371 693.74083 5
e 616.56984 995.48673 11
e 447.45171 908.54661 10
e 466.91374 838.67348 11
e 388.75390 1008.91913 6
e 379.32312 1038.04690 6
e 481.12298 938.33654 7
e 388.58382 969.09871 14
e 552.23411 763.32698 8
e 504.25817 1044.10604 11
e 475.56594 989.40677 7
e 375.22517 932.29018 7
e 539.11054 962.26246 17
e 577.94647 977.62711 7
e 358.06322 830.37358 14
e 394.78316 877.55724 8
e 528.38459 554.09136 5
e 311.50067 701.44481 7
e 427.81264 918.90619 9
e 550.45271 840.54149 11
e 479.38974 884.84359 11
e 438.65797 872.10424 15
e 614.26108 955.55541 8
e 431.43501 833.66951 8
e 477.66497 959.94359 6
e 342.43636 942.48470 6
e 541.75977 948.99893 9
e 606.88524 904.82433 9
e 496.82550 864.09922 9
e 539.77437 1067.45114 7
e 364.74637 1051.36542 4
e 402.33253 941.50255 10
e 477.52881 879.44954 10
e 367.30872 937.26236 11
e 507.55807 1038.90293 7
e 442.96830 892.97901 8
e 445.40791 965.31470 9
e 710.70438 1025.68200 10
e 402.10779 637.03990 10
e 512.39124 843.49705 8
e 536.10843 882.90291 9
e 267.70971 818.35535 10
e 512.44277 801.21506 6
e 483.05390 926.51915 9
e 600.26663 1015.45612 8
e 481.10369 997.68403 9
e 480.84520 907.09863 7
e 336.25911 732.06500 7
e 655.22298 859.98612 9
e 504.20836 914.18951 6
e 379.10544 952.59653 6
e 462.40604 930.72158 10
e 530.73683 1030.29146 8
e 600.49072 922.72348 10
e 498.85415 1018.17745 8
e 477.77745 1060.14186 13
e 554.35307 1018.00406 11
e 562.75972 876.46673 17
e 413.77806 1045.34563 9
e 352.26406 945.64992 7
e 527.68269 1003.80141 11
e 418.94904 883.44423 10
e 341.62025 1042.26282 6
e 493.07813 1032.51100 6
e 548.25719 987.55041 10
e 557.82071 855.15519 11
e 420.83156 879.10052 13
e 500.18069 1057.59937 8
e 532.28922 946.48616 6
e 469.32608 907.38872 7
e 504.86054 875.86769 9
e 478.50647 931.09452 8
e 429.71225 923.09043 6
e 479.75440 940.30493 7
e 289.26387 960.12784 6
e 512.36975 1027.88242 7
e 424.00292 852.78937 9
e 466.42617 972.60193 13
e 504.51004 858.62182 11
e 468.80617 670.51563 10
e 487.79362 793.26119 5
e 443.27576 1073.65896 18
e 560.71789 909.87894 11
e 288.54014 915.51632 7
e 362.11082 887.04476 8
e 495.41611 823.90735 7
e 585.53806 959.55421 11
e 553.58749 1001.55231 10
e 545.24161 977.90013 6
e 489.77268 818.97989 10
e 324.22124 882.56602 10
e 371.13340 895.96150 7
e 454.79337 1035.96099 4
e 517.24553 1045.64854 10
e 340.59149 957.44359 11
e 573.50689 648.54318 7
e 518.87368 859.51569 5
e 492.40728 455.10424 8
e 496.33283 892.20288 6
e 539.91630 973.38096 6
e 420.69557 908.89273 6
e 536.33108 839.08964 12
e 513.36489 697.40174 10
e 412.37998 992.25985 9
e 411.62156 997.91284 11
e 566.31132 1070.67138 9
e 422.91485 693.31424 8
e 444.70391 961.76305 8
e 378.14312 1043.11720 9
e 681.56170 931.65511 10
e 536.78022 1045.68315 7
e 465.82314 1014.26288 11
e 405.13616 1022.49265 12
e 553.68567 939.51748 10
e 298.69259 890.85214 12
e 610.87185 964.15196 7
e 497.21235 703.02361 13
e 516.46245 1007.03646 7
e 468.98831 965.35973 9
e 463.30694 734.40907 13
e 527.73090 948.54133 10
e 524.60099 926.37102 13
e 499.70519 927.11371 9
e 717.73078 689.51492 7
e 351.89033 880.22671 11
e 484.37825 925.35818 11
e 538.71023 964.07805 6
e 503.47436 826.34740 11
e 439.15354 968.43838 10
e 436.94256 1044.39774 8
e 492.09450 698.83958 5
e 423.00728 802.67540 8
e 468.20588 738.75091 10
e 325.73402 917.59086 6
e 654.00906 990.98088 9
e 459.07812 1070.20079 17
e 460.67012 880.16442 11
e 389.91210 927.19795 7
e 443.85488 900.81973 5
e 356.87642 1075.22641 13
e 393.51842 1017.87127 9
e 577.24463 927.01324 7
e 416.72116 933.56931 16
e 413.28316 821.11939 6
e 216.03733 775.24181 7
e 505.12367 998.56930 12
e 281.21026 1022.29514 8
e 489.31643 1060.46174 11
e 604.71573 1043.43802 9
e 391.42491 938.89762 10
e 338.61449 917.18853 6
e 451.44564 1070.67073 9
e 496.27196 808.08309 9
e 371.66165 1009.01898 11
e 290.40922 841.60731 9
e 483.64330 932.45328 8
e 207.02158 625.24671 3
e 332.55034 899.11072 9
e 452.10129 869.04902 7
e 477.68600 973.77801 7
e 543.69844 901.49569 7
e 508.74698 767.06483 6
e 404.53056 624.48047 7
e 406.19506 1021.79384 10
e 522.93748 978.23943 8
e 489.19992 868.09249 8
e 533.34474 1001.22034 11
e 467.54338 953.59640 8
e 405.99222 999.59348 9
e 392.93222 776.74407 7
e 473.25459 989.01763 5
e 431.78919 973.97064 9
e 647.11707 963.90982 13
e 455.60104 1055.24597 13
e 468.47886 986.36924 12
e 365.28237 1028.85403 5
e 604.02172 911.54836 11
e 417.10471 892.23232 10
e 379.42604 821.84082 5
e 552.83537 731.10954 9
e 499.30698 717.36604 8
e 379.67850 923.60546 6
e 371.98740 996.32788 13
e 369.36679 1020.21951 9
e 382.11750 911.76146 3
e 445.98892 1029.91047 12
e 460.93791 746.21365 7
e 380.25110 1049.53982 10
e 634.58589 986.49412 10
e 455.59329 1026.23481 6
e 472.21715 866.46224 10
e 494.87871 934.38549 3
e 346.89113 989.44529 10
e 459.91797 841.35841 10
e 559.72799 941.09453 7
e 379.19245 861.59242 14
e 279.98636 1066.76262 10
e 581.94958 1040.44409 9
e 401.29403 898.12851 8
e 517.12462 842.96860 7
e 477.11005 936.22712 8
e 447.07215 902.40937 14
e 417.26880 1052.90352 12
e 381.48015 1029.04832 8
e 474.75409 965.24038 9
e 346.20514 761.34633 9
e 437.06439 1069.09008 17
e 484.62280 923.53508 8
e 681.14581 1011.94933 11
e 524.11168 977.15285 7
e 312.82559 942.15417 11
e 577.92618 1021.24058 8
e 425.90480 806.84185 18
e 437.82037 891.13810 6
e 579.67277 940.91666 12
e 445.94300 913.14618 8
e 498.82926 1066.20131 6
e 531.00567 779.71268 9
e 411.31287 1022.94915 10
e 536.00959 1056.99708 9
e 431.26914 898.20303 13
e 322.15574 1047.32629 9
e 462.96020 907.95598 8
e 522.33308 925.89407 10
e 482.08332 859.77212 11
e 556.42953 874.72440 4
e 259.16472 1018.11626 7
e 424.07835 976.70692 7
e 476.82266 1004.45668 11
e 631.36197 1014.37393 9
e 267.26400 880.24288 11
e 551.40967 1062.56262 7
e 378.29625 733.71691 12
e 486.66695 767.73309 9
e 420.20750 1069.25774 8
e 531.58947 1017.59779 12
e 608.05041 1077.96998 12
e 502.17725 1064.54044 11
e 493.59496 969.12673 11
e 332.67930 967.86914 10
e 361.10967 883.64278 8
e 337.49487 770.23675 10
e 419.94691 1022.26741 10
e 510.29403 1017.82867 13
e 536.67472 778.69184 10
e 510.91795 913.02430 10
e 399.31272 1033.63469 8
e 703.56023 969.09515 6
e 426.45210 756.41735 7
e 476.46475 937.94316 10
e 479.83146 808.21191 9
e 396.62877 884.88449 9
e 284.61056 983.45504 9
e 446.37036 1009.16767 7
e 416.90125 930.70857 11
e 443.40499 1059.30453 8
e 423.87647 1026.20728 8
e 429.87250 800.92705 6
e 391.31094 896.31743 6
e 436.30988 982.25013 9
e 421.49578 825.39770 10
e 559.62409 742.43465 9
e 473.19314 1007.02902 14
e 418.88130 856.06646 7
e 489.65577 707.02561 10
e 508.65477 1064.22767 11
e 445.99439 955.45111 11
e 475.81188 630.78837 14
e 338.06559 985.82628 15
e 416.11539 1009.57931 10
e 423.45280 1068.28692 6
e 423.78070 883.13909 4
e 393.71923 946.06894 8
e 524.55772 817.56976 7
e 437.13299 673.73802 12
e 337.17902 943.37376 4
e 489.13562 788.50337 3
e 367.16798 824.81216 12
e 438.66591 836.93241 8
e 396.83816 1003.91053 8
e 392.34526 924.72741 7
e 356.26602 1030.24715 7
e 403.07302 741.01861 10
e 412.27079 779.19943 9
e 435.25266 1061.46744 6
e 426.70789 932.84481 10
e 335.83286 898.66011 7
e 472.16549 745.80934 7
e 517.66098 1068.98335 8
e 555.46173 1043.79855 10
e 526.87464 714.84002 10
e 581.95256 1022.12989 6
e 471.27379 985.26212 12
e 376.70211 830.28784 9
e 308.44100 729.84586 4
e 542.11295 777.37653 9
e 473.66933 961.48858 12
e 646.47457 876.15765 12
e 513.74839 734.37537 10
e 651.22936 929.51339 8
e 523.10337 1059.36222 7
e 445.47057 1027.39910 9
e 336.37578 833.51945 9
e 367.21105 694.09787 11
e 591.47445 1066.38214 7
e 435.55501 718.52342 9
e 406.17333 982.75054 7
e 487.13115 910.23589 5
e 246.98064 1003.34086 18
e 545.42782 809.21150 8
e 622.00012 935.33651 9
e 506.68946 972.76057 9
e 367.30303 950.13359 9
e 379.55113 1060.10859 12
e 564.71574 984.46250 8
e 449.87645 792.61659 10
e 381.36465 993.24940 5
e 356.76804 927.33419 8
e 519.09291 1054.52772 11
e 515.83266 757.34177 7
e 476.15927 1021.36245 4
e 604.75845 739.23053 9
e 615.12868 1018.43050 12
e 392.60472 890.10159 8
e 498.37177 1005.86327 8
e 550.18299 913.69086 9
e 571.20129 893.91424 11
e 493.30663 917.72641 3
e 452.87725 1049.36747 12
e 401.63838 994.45859 8
e 480.31338 1020.48538 9
e 494.27859 1061.97467 9
e 402.74746 857.25732 18
e 563.06080 834.33426 9
e 512.79198 770.10108 14
e 476.10974 723.89575 9
e 492.29829 767.78187 7
e 498.69780 915.35000 8
e 449.89358 730.47678 5
e 463.55816 722.67516 10
e 423.29727 1048.06102 5
e 476.82422 942.54864 9
e 510.27628 909.00230 11
e 469.22043 902.38909 9
e 395.26198 709.70531 10
e 414.36203 584.50791 8
e 571.10794 862.19670 13
e 436.06654 852.64867 12
e 305.71855 926.99246 11
e 611.09643 1048.71652 7
e 451.10735 847.75968 6
e 444.35744 993.05745 5
e 567.01419 841.87022 6
e 457.31529 725.12818 12
e 530.35732 997.36131 7
e 393.01263 926.07830 6
e 549.36091 782.44632 9
e 432.11817 813.71241 10
e 367.22130 819.14626 7
e 455.24876 827.54242 9
e 458.89212 832.45260 9
e 536.58783 1011.75190 6
e 619.38106 995.53266 9
e 421.17117 897.34288 7
e 581.38789 928.20432 8
e 536.82530 886.36345 10
e 436.46630 940.47437 6
e 414.79211 946.49250 7
e 403.56705 835.59985 14
e 574.73773 1017.25255 10
e 431.05508 1017.99869 8
e 316.75630 1078.13417 8
e 527.45170 693.55155 9
e 391.69732 838.29572 15
e 358.34115 937.32514 9
e 337.15594 1044.48849 7
e 422.72690 958.35117 12
e 508.54442 1024.65552 14
e 410.54119 1062.53152 9
e 538.66352 881.96004 3
e 661.01160 901.50859 12
e 500.80643 1027.98876 7
e 369.49738 886.09245 7
e 547.96896 894.84293 11
e 451.89397 1025.33332 8
e 318.16525 941.21964 8
e 533.48885 1061.93593 8
e 442.15993 741.24814 6
e 415.91029 1043.55613 13
e 472.73606 1002.00568 10
e 414.08959 1003.65932 7
e 521.53587 1028.31449 12
e 573.44674 977.18544 11
e 672.68111 975.46737 7
e 521.69738 937.55878 8
e 335.18515 903.65185 11
e 677.40652 960.52164 12
e 595.41566 887.99800 9
e 396.23663 1063.60008 15
e 534.22603 853.40566 8
e 521.91278 864.59831 7
e 387.90634 820.49477 9
e 468.22112 991.84251 8
e 535.27456 1069.45793 11
e 460.29983 1046.57022 10
e 612.87165 1074.28596 12
e 378.28437 956.48456 10
e 486.77854 1017.94791 10
e 416.80166 964.39171 8
e 373.46140 1014.02506 14
e 526.09782 1046.69227 8
e 452.96486 872.05714 10
e 464.19364 1045.19856 8
e 417.74609 963.89442 7
e 421.85249 811.72809 13
e 362.17366 1001.66200 9
e 433.34916 1005.38208 18
e 558.17633 893.68019 14
e 508.13366 1002.32134 10
e 556.70231 1023.61489 9
e 379.83370 1061.46963 6
e 520.27943 765.46928 14
e 301.32311 924.70783 8
e 601.10803 800.44382 8
e 673.06748 660.13190 10
e 481.27750 595.15677 10
e 678.69676 553.60962 13
e 663.32110 764.47433 10
e 622.94682 607.37678 9
e 523.71772 736.40335 8
e 640.68536 541.77596 10
e 695.67459 1015.83718 7
e 617.24567 825.51352 8
e 609.34368 973.81028 8
e 577.29817 745.38298 10
e 639.04655 859.40537 7
e 681.09428 635.45024 11
e 718.04869 748.86336 8
e 556.16794 589.30277 8
e 617.15721 852.58764 13
e 636.03054 725.69184 8
e 613.06352 857.01568 15
e 648.23073 768.08679 7
e 691.26798 599.42911 9
e 627.87844 875.40064 7
e 506.12551 832.15678 8
e 602.23809 745.78857 10
e 638.36137 619.86834 13
e 642.90110 585.28901 15
e 628.57718 645.90251 4
e 511.94151 707.58017 8
e 386.16078 580.21913 9
e 692.28108 821.93925 8
e 701.44413 773.64745 5
e 705.66439 827.64827 13
e 675.72656 820.47881 9
e 625.81466 888.67822 11
e 607.64377 757.92390 13
e 710.43722 824.15416 10
e 536.26641 515.82779 5
e 503.45664 854.17667 10
e 620.77869 933.88778 7
e 560.50720 757.51211 2
e 538.99346 719.41871 10
e 687.94431 855.75847 9
e 618.82590 767.50202 5
e 629.33281 858.43990 10
e 667.29452 631.58745 11
e 655.84899 671.44830 13
e 665.63710 705.21771 9
e 623.56082 745.37581 9
e 693.61801 638.55811 10
e 614.06573 1022.84615 7
e 673.21622 554.85885 4
e 626.52709 929.03571 13
e 557.46302 826.87506 13
e 659.93150 813.66305 11
e 683.61155 784.69004 8
e 563.97701 794.75755 13
e 692.47649 808.42288 9
e 609.53924 675.45445 10
e 627.82120 505.62505 13
e 595.77104 900.61402 11
e 663.04397 713.81193 10
e 671.05131 808.75764 10
e 661.92857 589.42550 8
e 631.74813 890.40835 8
e 618.11985 597.48854 12
e 604.24135 490.45546 6
e 607.63610 647.27847 9
e 647.63014 634.37586 7
e 522.45823 717.76439 12
e 657.88076 654.49259 9
e 609.19437 1024.24379 12
e 648.91787 444.37674 8
e 552.83063 785.41133 9
e 681.76991 938.33017 9
e 613.43797 529.46861 6
e 638.88251 800.47511 11
e 521.62415 571.59071 10
e 668.10591 895.80145 7
e 563.94299 526.50282 7
e 589.43849 708.34638 19
e 553.28324 625.92077 13
e 629.85137 909.33405 11
e 528.41051 435.43115 9
e 691.46881 836.97795 5
e 654.04554 737.31166 5
e 683.14498 592.69116 10
e 712.57660 826.70236 8
e 569.82877 571.25960 10
e 611.09937 916.08140 6
e 513.06123 609.55384 11
e 685.97380 800.78344 9
e 642.67634 798.78919 7
e 536.85168 1063.96582 2
e 679.05912 938.87056 9
e 651.97177 986.89472 4
e 562.99902 952.66740 7
e 599.60735 812.02845 14
e 580.49707 607.95457 5
e 705.17731 550.90137 7
e 612.50445 756.58251 10
e 590.43220 782.76229 9
e 633.18919 483.43919 12
e 713.09209 868.20506 11
e 615.17794 978.12692 6
e 657.12278 709.49432 9
e 555.16092 817.68048 13
e 669.30401 932.67793 9
e 522.40059 759.39702 6
e 711.23508 881.79823 12
e 375.86638 773.83612 10
e 617.41845 820.85608 12
e 712.29720 367.52717 7
e 616.82555 468.93082 11
e 647.30224 812.92114 8
e 665.77056 982.86843 10
e 715.60255 950.99238 10
e 560.41328 1036.69625 13
e 594.35489 860.15921 10
e 660.80044 478.77290 5
e 655.25585 441.51896 12
e 565.87252 380.24233 9
e 670.45829 579.82194 10
e 680.72613 890.68640 14
e 628.70876 590.99534 12
e 598.16039 934.54549 11
e 481.93702 703.17161 10
e 567.03161 839.64898 10
e 703.97811 674.66872 7
e 598.14155 835.37299 6
e 538.66824 738.22442 5
e 572.04616 602.61362 8
e 558.88145 662.61157 8
e 692.87388 737.35383 5
e 546.78936 411.08561 10
e 451.87915 602.04715 8
e 516.59727 557.45065 8
e 608.72592 727.83302 15
e 558.10583 468.02192 9
e 648.71084 1007.06133 13
e 596.29918 499.62586 10
e 609.04163 777.22962 6
e 647.47444 945.39611 5
e 669.38461 758.55737 8
e 528.60205 353.08392 7
e 670.45664 883.20829 16
e 584.20540 836.31383 12
e 403.88643 703.32211 8
e 698.56429 690.43137 12
e 608.71511 749.38581 11
e 515.64708 760.24077 5
e 578.66645 626.67424 10
e 660.51980 739.68202 8
e 625.93263 696.04850 10
e 603.51992 612.67985 7
e 538.17510 1037.09513 9
e 616.18174 886.86561 11
e 632.91789 753.13867 14
e 575.87855 454.87691 7
e 641.43086 841.04187 5
e 705.13942 791.76184 10
e 581.86292 587.34682 7
e 582.28979 718.65977 16
e 627.67127 761.33371 14
e 664.25517 682.44708 9
e 633.56003 932.19334 9
e 699.75702 553.91554 10
e 650.60915 838.00691 9
e 582.80177 594.01050 11
e 631.57358 870.11364 7
e 512.65255 849.34382 9
e 570.21575 779.19722 11
e 662.48889 680.52426 18
e 599.26266 712.74186 2
e 609.49020 684.72066 5
e 642.89305 1061.72611 7
e 560.73865 865.85152 7
e 627.95125 805.60570 10
e 561.81055 894.07259 11
e 626.59371 520.93668 6
e 674.01572 534.86975 10
e 651.45336 466.71902 10
e 701.10106 543.30723 11
e 707.13811 799.91150 10
e 494.57723 635.45415 7
e 709.69608 789.55952 10
e 698.57219 716.43312 10
e 563.77032 853.88251 6
e 618.00622 664.04266 10
e 649.22605 1052.05127 5
e 549.94054 629.89379 6
e 620.34736 751.52062 11
e 575.47852 567.91585 11
e 625.18475 1020.48169 12
e 684.86709 767.59432 11
e 561.37682 752.96679 14
e 508.08269 767.94370 6
e 637.97997 511.41883 11
e 626.07244 866.98463 10
e 659.36961 489.43863 15
e 537.73365 609.79418 12
e 623.83599 713.08727 5
e 676.96208 1040.79087 8
e 595.16118 790.91166 7
e 528.97983 604.62771 13
e 706.76045 646.35275 11
e 653.67202 992.33785 12
e 703.16625 851.59352 12
e 714.51399 635.11481 11
e 654.40393 488.25991 13
e 589.72795 631.33684 9
e 606.95677 622.58652 10
e 712.87390 776.93743 8
e 640.21386 643.77531 10
e 634.38144 471.16908 4
e 694.37673 510.56991 9
e 701.82458 661.29245 9
e 683.84758 730.67346 9
e 688.10474 955.29172 7
e 644.00481 761.16846 11
e 627.32626 829.05599 7
e 622.76140 602.03875 8
e 676.61859 671.99669 9
e 615.87261 555.36396 10
e 564.70284 841.45375 12
e 670.27774 982.29131 5
e 650.44259 623.62446 9
e 550.55718 491.77679 6
e 538.40577 749.37271 6
e 704.58500 949.48683 6
e 659.61980 776.52692 8
e 663.71748 369.89214 8
e 606.89422 685.88968 9
e 581.89847 767.81694 11
e 643.17636 976.34739 8
e 642.07440 588.41058 11
e 716.80770 584.50891 16
e 552.94151 728.32709 8
e 612.21163 648.14817 6
e 611.06292 693.94851 9
e 616.97243 679.80674 10
e 637.73787 673.21860 8
e 482.60003 543.76066 13
e 714.13193 728.01077 8
e 647.39592 845.62590 11
e 526.86292 889.88299 9
e 687.30499 923.60297 7
e 466.12075 622.11324 8
e 625.73561 977.48348 6
e 623.03879 689.63591 6
e 680.34581 723.18109 7
e 636.39754 768.28810 8
e 600.29370 423.65646 13
e 382.72643 1024.46464 7
e 616.40741 540.68434 3
e 707.38340 647.18176 17
e 550.36087 789.84582 8
e 626.97024 628.57464 8
e 593.42511 375.55002 13
e 511.35841 683.83917 11
e 613.42684 692.88547 14
e 694.26990 682.29916 15
e 572.96971 722.10612 12
e 657.16236 667.29049 7
e 661.57043 778.38943 7
e 599.69814 1033.83453 10
e 594.68440 517.97244 8
e 694.69776 600.24427 5
e 678.98062 871.07286 10
e 716.44228 794.77189 10
e 583.94553 1048.06910 8
e 529.95041 562.18369 11
e 638.35679 973.99511 7
e 633.15294 586.24086 7
e 511.95827 1009.88081 14
e 695.55962 542.50434 9
e 670.95797 657.92795 16
e 682.51314 875.20480 11
e 541.74073 832.17700 3
e 615.48608 678.30504 9
e 651.07657 701.01203 10
e 686.02125 863.79222 13
e 700.30348 662.60822 13
e 686.56582 749.17777 11
e 591.47568 886.54785 7
e 718.81966 725.45727 8
e 493.64373 603.48103 8
e 641.98707 573.12614 6
e 704.12292 731.05917 5
e 713.49962 513.90182 11
e 622.39983 1029.75455 8
e 604.18473 739.54711 9
e 540.49890 956.04773 7
e 635.70911 899.74934 10
e 554.52721 816.20270 17
e 576.19358 666.36073 10
e 687.71446 692.75864 8
e 684.18763 612.16500 9
e 393.46606 645.42701 9
e 611.96511 479.70400 11
e 635.10464 863.70875 6
e 606.56707 655.16082 11
e 655.67695 632.09700 9
e 491.05164 683.77998 6
e 545.66747 867.07011 16
e 714.17003 1034.04478 7
e 574.87390 765.57023 10
e 596.83020 653.23004 9
e 586.98138 736.72956 8
e 598.08460 635.61090 13
e 552.59903 668.62862 13
e 646.21398 862.75146 10
e 515.26516 601.10057 6
e 583.24028 558.37427 9
e 606.68313 910.79804 8
e 563.56550 870.24823 8
e 632.03695 797.01745 6
e 576.80492 583.44802 11
e 677.21814 645.99440 12
e 670.18141 703.30127 9
e 596.93476 747.39059 12
e 565.98211 668.49454 11
e 654.48231 768.00592 9
e 652.84413 542.70411 16
e 709.89879 600.67507 10
e 715.69800 632.68432 8
e 640.55524 771.57566 7
e 616.52511 927.94706 9
e 658.76792 1064.45117 8
e 622.04634 552.53868 11
e 611.86755 732.69446 9
e 685.79647 1049.76077 4
e 621.81758 693.91624 9
e 643.41600 791.94125 12
e 687.44387 750.73951 8
e 538.02127 776.47315 8
e 542.31077 511.38624 11
e 606.91199 637.61675 14
e 594.14033 968.44708 8
e 491.08530 679.69288 12
e 637.71400 654.54156 7
e 523.09299 854.10446 12
e 643.38020 649.50064 10
e 540.54299 609.56294 9
e 601.66628 941.35831 11
e 611.46969 709.00342 9
e 598.39798 760.14563 6
e 647.89723 1048.27029 5
e 703.08000 513.41843 15
e 526.56867 770.65137 13
e 699.74723 1056.44411 9
e 675.37098 1073.76073 9
e 705.35936 780.41752 10
e 415.50323 924.32714 9
e 640.31932 996.73302 12
e 702.52841 468.27567 14
e 586.15973 970.64115 19
e 554.52075 666.52228 6
e 666.78319 844.59122 7
e 666.06539 880.76659 11
e 609.34044 486.27370 7
e 495.23471 602.92991 12
e 688.38592 586.10841 10
e 652.86534 671.30918 11
e 640.18034 922.25026 7
e 686.96616 766.30637 14
e 692.48576 805.23763 10
e 575.18223 941.60906 6
e 604.78992 444.76431 8
e 638.17873 475.12136 10
e 699.37573 547.13923 12
e 477.13502 645.97032 6
e 678.63221 365.79540 11
e 681.02355 656.10545 9
e 717.27226 890.19615 13
e 704.51654 946.01003 6
e 583.36017 494.28785 10
e 707.33977 807.41009 7
e 618.19941 711.81099 9
e 612.47420 505.81032 8
e 665.31267 969.18876 12
e 630.37379 899.25987 12
e 656.98003 571.52405 9
e 667.42161 952.53756 9
e 680.62751 833.29358 9
e 606.27470 412.44113 9
e 616.48841 1008.31722 9
e 568.19878 751.54813 3
e 710.78721 756.36744 11
e 583.21879 991.83921 10
e 609.84604 629.39868 12
e 646.29510 744.47203 7
e 633.58963 865.18584 8
e 719.77090 612.46772 8
e 505.58284 410.83364 6
e 529.19616 485.59572 9
e 653.14883 728.31873 13
e 693.26817 781.49847 4
e 591.11892 863.38909 11
e 673.10185 676.23612 12
e 585.78451 659.10037 13
