c ./output/rectangle/gaussian/gaussian-rectangle-7-4000
p rectangle 4000 720.00000 1080.00000
e 176.69922 657.96919 6
e 83.74088 786.60351 8
e 94.15264 799.62131 9
e 60.22298 538.58171 12
e 54.24995 892.90872 13
e 92.45446 814.65411 12
e 180.37310 778.88374 12
e 114.34763 707.45326 10
e 79.67352 585.80355 6
e 177.99992 871.13225 14
e 159.62454 596.49280 11
e 219.78238 777.77669 7
e 148.97806 751.51822 10
e 53.39418 724.84143 10
e 4.75278 685.66558 6
e 15.15420 774.06631 12
e 71.78805 779.36632 5
e 76.49900 837.69902 12
e 158.13843 658.33884 9
e 115.84506 770.64193 12
e 290.63474 561.47947 11
e 274.15555 504.27500 8
e 238.68797 703.40763 10
e 86.13578 855.58272 7
e 152.16742 879.90926 10
e 217.25708 610.47250 5
e 203.98948 729.67246 10
e 56.38737 598.61724 8
e 151.35168 754.69258 5
e 28.85952 693.51431 10
e 29.38362 1044.23673 9
e 203.75027 738.42959 13
e 196.40932 681.89665 9
e 155.39520 545.86666 11
e 162.56903 676.50564 4
e 29.04813 447.61855 8
e 181.39497 903.96529 9
e 109.35724 457.42408 7
e 181.15504 755.10564 12
e 68.55217 557.10027 11
e 225.16392 942.58514 6
e 223.30645 728.26221 4
e 32.16641 645.23327 6
e 34.31048 1056.06068 8
e 181.85514 576.68032 14
e 85.40020 434.04715 6
e 106.68157 921.95985 13
e 113.45121 698.32636 8
e 108.89076 1005.52778 10
e 234.01517 594.02010 8
e 34.76820 732.75800 7
e 70.34112 512.88290 8
e 79.64808 531.88732 6
e 309.67853 795.87509 14
e 57.93278 651.43137 12
e 127.63510 920.62068 13
e 63.25150 581.44980 10
e 49.57583 589.40393 13
e 86.59606 594.65442 5
e 201.21946 628.57516 9
e 239.02432 728.53214 10
e 207.98316 486.49791 7
e 4.54786 785.10523 8
e 202.68459 703.17893 9
e 260.46259 750.67286 6
e 228.32972 426.32341 12
e 3.08330 619.36477 6
e 213.84319 714.05675 9
e 227.22100 407.03882 9
e 212.98488 596.13592 8
e 146.06980 518.27391 12
e 103.58630 598.81606 7
e 67.30944 541.37170 9
e 241.96486 725.24378 7
e 42.42435 609.58065 11
e 129.06437 586.31970 7
e 39.59129 654.48147 6
e 133.63762 414.54159 12
e 69.09331 544.74790 8
e 126.49488 696.65669 10
e 104.79237 744.30246 5
e 105.64295 774.61674 7
e 147.00901 703.10855 5
e 46.89134 678.05747 10
e 140.86172 603.20148 12
e 84.37051 531.03616 8
e 129.80539 962.99731 7
e 169.48087 698.65559 7
e 24.41119 936.38872 8
e 67.09793 58.70666 9
e 56.96913 780.26642 10
e 103.56422 847.04833 9
e 223.82437 733.57428 14
e 53.20950 645.49672 10
e 23.99564 437.40308 8
e 6.16308 933.72535 14
e 118.64063 1071.80802 11
e 164.03061 516.01562 9
e 150.49691 697.62763 9
e 209.48624 631.79239 6
e 123.59993 513.62727 13
e 153.36715 842.27368 12
e 45.95692 779.03307 10
e 140.87498 827.04636 8
e 94.86789 855.78954 13
e 254.87013 603.42967 11
e 166.15448 657.38823 6
e 107.80429 650.40330 5
e 197.34831 734.07688 11
e 192.60920 770.53993 8
e 68.78101 595.47182 8
e 79.14766 746.06972 6
e 132.22684 557.89864 14
e 33.69611 747.31112 10
e 192.60086 606.50258 14
e 158.95768 507.07429 10
e 5.22108 752.43309 14
e 147.05852 727.76906 10
e 251.50988 773.50374 7
e 188.78154 861.48838 7
e 138.21595 868.37286 14
e 100.64701 835.61329 9
e 108.94264 776.92144 11
e 117.34202 951.57286 6
e 109.93435 453.27345 11
e 72.34377 720.92459 7
e 128.73858 736.96243 9
e 139.82452 716.68291 12
e 158.92426 829.50504 8
e 82.31526 712.49141 11
e 84.73136 720.19858 13
e 0.59898 699.91213 8
e 155.80517 864.17359 5
e 93.72685 493.74332 11
e 124.01280 765.99679 10
e 279.76705 790.92627 10
e 48.07205 538.92322 8
e 111.55662 710.43613 8
e 132.33659 851.46188 9
e 144.01837 607.13598 7
e 51.08275 799.21046 11
e 198.46815 825.14250 6
e 100.93664 611.48041 4
e 152.85299 802.33840 10
e 65.85399 576.29553 7
e 71.79095 674.24562 9
e 142.26947 641.28347 7
e 109.72581 334.01900 9
e 136.21415 459.71663 11
e 150.74268 616.45502 9
e 21.39309 498.46936 9
e 107.14908 686.63627 11
e 182.79949 637.05044 9
e 142.06859 888.68057 8
e 126.44673 833.15045 11
e 178.63577 746.05544 8
e 46.76528 553.39856 5
e 4.18337 590.40044 9
e 208.16150 449.67268 8
e 106.01018 561.79639 13
e 127.91445 548.70784 9
e 62.58807 586.17712 7
e 129.72649 733.62524 10
e 13.60637 563.12185 7
e 177.23590 356.34010 7
e 282.54919 468.54735 14
e 127.09552 839.88728 8
e 136.31909 614.71488 8
e 74.09319 690.75819 8
e 153.71026 842.36023 11
e 199.43304 939.10959 10
e 86.23665 594.66952 14
e 162.38647 868.40431 13
e 35.29862 550.28328 10
e 127.30379 837.29396 6
e 50.99666 635.48882 7
e 110.17032 668.64342 13
e 45.27955 884.61800 8
e 53.25446 676.64600 4
e 114.35887 606.70629 6
e 106.25194 483.90192 13
e 89.74769 632.65470 8
e 115.83200 741.75386 15
e 141.53462 726.54135 8
e 168.41884 604.43553 12
e 201.47640 493.56738 9
e 39.25945 592.88017 8
e 245.66349 684.48570 8
e 182.79768 489.18125 9
e 120.54535 751.95274 8
e 184.04820 613.03511 10
e 7.81778 800.32123 11
e 137.33307 589.35737 8
e 290.64863 424.84734 8
e 128.38853 650.55096 7
e 197.70773 762.79228 15
e 183.65809 918.63770 9
e 222.63698 531.09279 8
e 72.09299 513.95235 13
e 151.30568 671.18451 11
e 31.12163 703.34898 8
e 111.32864 481.01698 8
e 168.64667 649.38033 12
e 166.86071 651.23329 7
e 76.23702 504.88950 11
e 75.61478 868.14190 11
e 148.07491 697.64807 16
e 7.54721 717.26630 8
e 326.65042 706.40367 9
e 93.42746 862.30290 9
e 220.74352 955.36533 8
e 163.29756 653.63621 12
e 52.15326 473.57430 8
e 51.87950 497.65097 6
e 188.36089 962.29024 9
e 147.17830 586.03986 7
e 312.93826 676.18140 9
e 123.52557 811.66402 9
e 117.16700 743.04746 13
e 68.13812 563.69758 8
e 36.22492 760.56948 8
e 65.66264 430.61743 7
e 195.95192 647.93096 7
e 2.42569 793.42101 9
e 145.87613 628.63376 14
e 135.19225 640.64669 14
e 264.09032 354.70657 10
e 211.22369 815.55264 6
e 148.73748 680.55315 6
e 135.67159 605.18727 10
e 125.54716 797.12199 10
e 28.39701 695.59560 11
e 53.20299 582.13297 7
e 109.10094 831.74778 4
e 36.70128 639.06778 10
e 140.23402 993.00241 7
e 8.86388 836.52576 10
e 37.56185 780.70131 4
e 34.84398 977.49119 8
e 123.50696 676.52666 5
e 286.12733 707.24770 6
e 122.15127 620.15431 11
e 6.66716 718.58560 13
e 173.91957 783.62910 7
e 174.62214 964.39949 10
e 53.22252 693.81726 10
e 109.90011 729.63370 7
e 238.29197 459.21991 17
e 171.79938 732.79895 6
e 207.15783 758.75903 9
e 240.90190 639.22355 8
e 158.10646 662.33231 13
e 100.89288 750.89658 8
e 217.31930 972.84412 10
e 219.28351 1012.45876 10
e 127.51818 770.49882 7
e 176.16108 541.48510 8
e 18.75553 730.75179 11
e 15.73127 509.69346 7
e 17.18682 777.35653 7
e 224.22484 846.37047 8
e 126.25042 666.93188 6
e 229.55461 597.55812 12
e 169.47576 671.15709 4
e 154.86264 780.64691 7
e 203.20765 669.28530 14
e 135.91702 918.02221 11
e 170.15853 646.88667 7
e 115.56087 726.35684 7
e 186.88238 347.40358 6
e 167.77349 595.79830 10
e 36.02729 636.23357 7
e 291.02350 734.81993 14
e 133.56743 741.37384 8
e 77.76767 670.70444 11
e 92.02897 630.30589 4
e 66.06282 470.83592 9
e 227.05599 653.16961 8
e 66.32197 650.61740 10
e 59.99967 943.39396 14
e 134.64362 818.55394 7
e 124.89342 915.62519 8
e 9.24729 721.78699 10
e 25.49843 803.17125 9
e 132.51069 563.24661 16
e 86.49967 489.45432 13
e 7.20603 680.75807 9
e 39.10567 587.33408 13
e 129.23752 743.09295 8
e 168.55638 534.62145 8
e 113.93701 681.95392 7
e 120.90180 627.56338 10
e 166.98143 725.22819 10
e 227.01261 477.13150 14
e 186.68098 1000.84238 9
e 295.55481 858.58117 10
e 172.67234 774.20318 10
e 58.98975 784.61376 6
e 158.98965 838.62209 9
e 203.31824 596.89367 9
e 88.06025 621.47891 6
e 117.79296 652.87711 11
e 138.94716 758.77000 12
e 32.29143 834.33558 6
e 216.09123 642.36235 8
e 95.73741 657.08413 6
e 127.34702 498.05663 14
e 201.60207 611.71831 6
e 121.15873 841.65183 13
e 123.43419 772.15118 9
e 162.30611 487.06856 4
e 35.83063 911.79329 10
e 84.27352 869.54488 7
e 79.98477 601.76055 9
e 80.81143 591.32905 12
e 31.92961 573.45910 16
e 86.48763 658.89459 4
e 153.98916 377.47236 10
e 18.38710 625.26473 5
e 63.82435 514.52666 4
e 135.86694 701.34365 7
e 182.61838 659.08225 8
e 193.35214 346.65302 18
e 146.03075 642.02056 13
e 57.56174 938.64359 10
e 45.20893 734.34818 11
e 33.30819 543.90689 10
e 38.67315 526.75894 7
e 154.88687 829.65192 9
e 86.62328 809.05410 11
e 102.79123 606.40493 9
e 199.19002 692.63576 12
e 10.55705 946.44234 14
e 111.30833 734.74055 8
e 71.19875 860.39606 7
e 140.32197 801.40095 6
e 35.66558 503.05756 10
e 93.32752 720.82863 9
e 14.66240 782.96068 8
e 135.11642 712.94803 12
e 312.58494 634.45171 7
e 89.18725 631.63027 8
e 111.82072 703.57457 8
e 28.66811 912.94998 7
e 7.69095 549.14357 8
e 138.31479 835.76512 12
e 215.46402 934.45994 6
e 29.64065 731.53931 6
e 171.05776 855.84193 7
e 133.20580 962.25905 8
e 46.83056 709.65455 11
e 48.83416 422.17215 13
e 133.13020 479.05787 7
e 115.33529 648.17431 9
e 238.99250 626.51738 9
e 108.44328 883.55585 8
e 25.26429 649.28686 7
e 118.67353 644.71420 9
e 18.47103 1075.13802 11
e 170.35629 607.44226 10
e 126.98959 742.82121 10
e 196.93126 536.89853 5
e 74.47320 512.03926 5
e 36.54013 740.59039 10
e 202.65864 612.09900 5
e 92.48600 912.46464 6
e 142.25350 987.24611 13
e 11.87872 731.63922 11
e 155.71430 801.27389 4
e 78.98757 756.94300 11
e 105.41720 696.58789 14
e 76.30257 754.55185 9
e 114.22797 743.66254 7
e 110.61122 587.95229 12
e 263.51081 649.73984 4
e 169.32242 721.02389 7
e 166.61210 682.27527 11
e 143.91342 605.47042 6
e 86.12084 916.70205 11
e 226.18467 620.42607 15
e 276.66422 911.91064 7
e 108.46420 590.10821 11
e 134.34739 818.56910 6
e 5.46858 797.93516 5
e 116.98488 748.87067 15
e 226.38418 743.00123 16
e 164.13083 631.99571 13
e 103.17961 495.77141 12
e 144.54862 948.98419 7
e 179.71556 381.43362 8
e 208.10928 975.99388 13
e 75.68697 722.14454 11
e 81.17992 319.63670 13
e 163.01205 847.50646 8
e 65.71592 502.45832 12
e 97.55447 716.45973 5
e 139.62190 911.45511 11
e 41.01433 769.42571 9
e 70.38611 641.80230 9
e 24.77386 613.30167 15
e 150.83169 381.32969 16
e 219.29833 851.58134 14
e 114.51281 540.15567 11
e 107.83723 797.59271 15
e 48.16229 822.35034 18
e 28.18585 729.01350 6
e 228.00671 400.13636 8
e 184.61978 560.18893 3
e 76.98580 607.87047 7
e 47.01578 769.65343 9
e 199.59091 780.70216 4
e 9.69148 669.19679 8
e 180.11599 776.48237 10
e 78.35122 327.45257 7
e 110.11779 712.03621 7
e 188.66130 718.10732 10
e 106.54660 736.23405 7
e 158.99390 298.48586 8
e 216.57076 561.90891 10
e 177.70028 759.65749 12
e 266.87296 603.97221 10
e 66.45293 500.93394 12
e 279.04930 562.20709 7
e 371.48831 594.53387 10
e 217.36403 879.86608 12
e 116.58921 445.91893 4
e 73.47672 850.88172 12
e 71.97592 573.94597 6
e 41.19255 597.92282 11
e 280.53189 457.32755 16
e 109.95965 708.78189 12
e 13.76476 749.21988 9
e 141.61462 560.14590 11
e 102.83241 468.36934 10
e 102.65520 597.13293 10
e 54.31203 563.17089 9
e 141.83581 621.03398 11
e 166.85244 647.13147 7
e 60.12259 753.54829 8
e 316.44471 637.19708 13
e 283.50459 591.23355 14
e 209.72095 513.84039 18
e 109.31673 591.51505 12
e 200.74051 897.81272 12
e 273.01209 845.61835 6
e 132.63274 728.13045 13
e 56.73247 661.27183 8
e 78.28829 668.32351 9
e 2.39648 721.20764 7
e 165.10200 546.92836 8
e 151.78384 788.19184 6
e 207.90532 774.13147 9
e 214.66717 783.78095 4
e 87.10461 752.66023 11
e 48.87884 813.72062 10
e 175.57074 655.71119 13
e 57.95492 647.68388 9
e 68.22962 660.52388 9
e 312.70756 540.36624 7
e 158.87325 644.86781 7
e 206.23196 942.81233 9
e 200.48747 722.88328 7
e 146.88810 976.20562 7
e 19.49049 611.24141 13
e 203.56885 786.85921 9
e 163.79613 559.71599 14
e 208.30137 639.38091 10
e 5.85690 1012.66057 7
e 106.70752 877.03224 9
e 26.17963 445.14989 11
e 216.20548 842.35209 8
e 237.36303 669.27754 9
e 123.11816 614.61708 7
e 161.42563 740.90365 9
e 125.69458 772.99282 5
e 173.45474 592.76189 12
e 142.81149 653.23830 13
e 70.10472 851.83255 13
e 23.11546 478.62416 16
e 66.26073 832.45019 5
e 199.26373 541.02737 12
e 162.38889 706.59529 13
e 188.52875 648.33129 7
e 24.07563 813.53826 9
e 45.27586 823.61075 5
e 56.71025 780.39908 7
e 38.50741 971.17398 9
e 35.93595 477.69724 5
e 72.74506 547.90068 4
e 248.01124 884.31742 7
e 171.54881 871.08972 7
e 421.99233 799.98319 11
e 122.18777 532.43910 9
e 77.62110 636.94517 12
e 176.05100 723.74572 8
e 172.00489 718.78837 9
e 226.15250 1046.50251 8
e 154.18896 807.01576 10
e 124.36770 588.23626 12
e 92.09989 638.01617 10
e 212.72453 805.22800 7
e 173.34787 562.34982 11
e 137.08885 440.24011 12
e 57.28372 750.41309 12
e 45.35575 724.33373 10
e 122.93099 741.68673 11
e 89.57449 775.14480 8
e 185.57394 510.81317 16
e 141.65593 621.79509 12
e 156.74919 321.93134 7
e 144.72457 794.70624 10
e 47.82007 1052.40577 10
e 113.19262 691.22545 8
e 223.71670 795.92696 7
e 96.06257 623.21628 6
e 93.72286 639.77632 10
e 63.74915 548.94628 10
e 29.07878 811.82233 10
e 78.90646 489.73684 11
e 109.45915 712.20342 14
e 78.91360 704.65138 13
e 227.29423 779.14146 7
e 194.40793 157.65847 11
e 103.33414 924.68280 5
e 151.28876 429.72348 10
e 70.90474 660.74560 6
e 147.38424 744.50318 7
e 129.98029 728.61774 4
e 139.67396 694.02914 9
e 43.14300 537.44152 7
e 57.38033 650.61642 6
e 141.58272 801.68851 9
e 97.26762 634.47430 12
e 243.14217 428.49946 12
e 1.60452 755.49642 4
e 139.14257 788.01641 5
e 124.71570 580.73271 6
e 126.14719 858.64461 9
e 93.25995 411.86953 11
e 285.83060 680.45772 8
e 41.80938 673.11085 8
e 83.28656 454.13852 4
e 3.29970 560.87777 5
e 116.13860 841.92411 9
e 140.84999 888.57649 13
e 105.17642 697.59354 10
e 172.43515 682.55128 8
e 115.68188 807.67244 8
e 180.69968 679.54394 12
e 66.51986 706.14741 9
e 77.67027 562.06801 10
e 258.41629 473.50366 11
e 126.86578 797.11465 7
e 70.68910 708.67393 16
e 146.99183 620.99032 5
e 145.31967 606.78033 7
e 279.21335 857.34038 13
e 218.73444 707.96401 12
e 23.04710 367.93261 9
e 217.73047 582.98241 4
e 235.24222 551.61822 9
e 151.13879 576.97705 7
e 116.73429 697.98782 7
e 190.71689 746.12057 13
e 51.27607 654.00606 13
e 134.03593 633.40986 11
e 165.36809 725.94997 10
e 13.88183 752.24612 14
e 200.60394 1005.39154 16
e 184.48406 427.12048 6
e 233.37547 627.90163 11
e 77.75720 621.23619 6
e 94.52615 630.57547 13
e 328.65067 628.53146 11
e 81.70601 529.21072 7
e 94.53932 618.16589 12
e 65.42424 593.37647 4
e 219.29437 528.31348 7
e 194.63652 704.22926 10
e 323.74025 418.59638 13
e 37.21529 791.44639 9
e 39.31754 797.12565 11
e 161.30837 778.36818 10
e 223.35692 645.42355 5
e 137.51706 552.54402 8
e 93.72520 287.55209 8
e 48.36203 538.26040 8
e 114.65049 940.25031 10
e 114.43937 471.29737 13
e 75.69399 258.80864 5
e 105.81713 687.87369 13
e 145.92551 441.63923 10
e 177.24271 621.74248 7
e 288.75908 958.64153 12
e 134.68344 592.07299 10
e 147.55700 628.13337 8
e 275.56713 815.89142 12
e 146.82943 779.51711 11
e 114.10585 672.37550 10
e 70.31665 832.78804 8
e 118.11748 539.95761 9
e 61.88560 627.96927 8
e 40.64767 644.14074 11
e 300.30921 473.76974 12
e 96.79904 632.70971 13
e 159.24455 474.05899 8
e 19.74682 507.95263 8
e 52.17819 542.71769 12
e 176.46799 600.74897 12
e 128.64248 299.69376 10
e 74.16683 906.35620 9
e 45.73392 1059.36278 10
e 105.24483 626.70983 6
e 196.05336 695.33833 3
e 118.54297 714.23892 13
e 143.38761 621.04154 11
e 136.73878 350.86786 9
e 223.83613 634.60364 8
e 253.99502 1034.06491 8
e 62.97249 473.98911 10
e 40.17030 814.64198 8
e 117.75274 698.22306 8
e 17.78520 745.91652 11
e 65.13440 496.28108 9
e 206.40468 686.03753 11
e 239.14450 943.47661 15
e 94.43516 420.90776 9
e 258.64968 682.57125 13
e 7.74919 984.00727 8
e 92.33890 540.85363 9
e 248.89088 870.88930 8
e 111.07156 789.05937 8
e 74.22343 620.77677 6
e 26.93135 412.79830 11
e 103.56228 490.48482 7
e 102.70665 873.40259 10
e 27.29325 685.58235 6
e 150.68214 520.46817 8
e 109.26062 984.04156 9
e 18.35815 589.06105 11
e 64.66870 663.85160 9
e 5.29785 550.60680 10
e 124.82020 604.55694 10
e 238.61003 758.21553 11
e 84.02301 354.73466 12
e 77.32457 647.55505 9
e 147.47275 457.42992 11
e 2.14097 723.47940 15
e 78.51977 850.70040 5
e 85.54858 337.31347 12
e 101.03852 658.40499 5
e 130.20409 546.93164 6
e 118.56467 711.38917 19
e 79.54057 596.76608 11
e 48.08365 814.72992 7
e 62.31806 729.23044 6
e 180.19291 876.67882 6
e 255.61705 526.44689 4
e 251.29647 379.11146 10
e 107.33413 796.98266 5
e 22.18340 783.41506 8
e 63.95189 563.89169 9
e 42.08571 401.30118 10
e 225.33833 721.26697 9
e 171.36888 619.43462 11
e 318.26283 319.91860 9
e 20.29264 812.41232 6
e 95.30715 605.51919 10
e 4.05978 445.46573 10
e 67.55795 701.37781 9
e 104.67890 638.88484 7
e 23.45183 601.61759 8
e 50.41133 630.54307 10
e 110.87680 744.43390 5
e 177.66074 611.86713 13
e 182.28945 735.99171 7
e 182.74805 537.75926 10
e 65.20381 748.99831 4
e 120.90074 746.62833 9
e 236.23976 851.16391 12
e 170.88976 804.12623 8
e 196.28634 805.46064 8
e 45.50478 418.24825 6
e 32.34847 683.72712 10
e 214.00977 592.44994 9
e 48.57897 637.59851 9
e 50.65341 751.06447 11
e 222.06751 788.44095 12
e 87.88579 932.29653 8
e 36.20124 434.53498 19
e 54.75454 942.73115 9
e 178.62021 393.78395 10
e 128.25327 592.98748 9
e 69.70228 689.30281 6
e 79.17703 706.69247 5
e 107.14725 524.36986 12
e 242.23817 529.77306 3
e 122.51454 744.82106 12
e 77.02301 832.49978 7
e 77.76069 558.02121 5
e 264.26463 752.03760 9
e 41.35342 613.60102 11
e 19.85538 323.35973 11
e 185.74269 767.07766 11
e 188.38468 641.91493 10
e 281.36547 903.58321 10
e 342.59223 491.32857 8
e 157.12924 894.02467 7
e 249.15168 720.17153 5
e 186.82520 541.43927 8
e 8.25239 706.93061 6
e 221.06095 688.46335 13
e 198.70939 689.34148 4
e 83.55084 701.59244 11
e 247.55459 768.11620 10
e 161.50830 220.12482 13
e 131.40336 496.02544 9
e 209.08726 661.44002 9
e 81.34639 825.39402 9
e 196.84546 817.39050 12
e 107.68856 827.47015 9
e 33.41679 613.05065 5
e 44.21426 597.80997 8
e 121.87541 595.50718 6
e 92.16405 603.18309 6
e 108.21629 812.63713 8
e 218.07794 835.65719 11
e 52.79058 997.27389 13
e 151.61242 500.76672 9
e 14.65322 473.64297 9
e 275.76976 435.58938 15
e 93.06714 945.34188 6
e 108.94235 217.36703 7
e 29.23786 718.89106 9
e 39.87822 778.63172 14
e 237.19691 773.41531 6
e 103.08768 793.44841 21
e 241.06031 730.10584 13
e 139.84017 851.00384 4
e 135.28422 612.89536 10
e 65.70967 490.81474 15
e 155.19818 726.77654 6
e 198.91929 735.68186 9
e 96.43519 545.52605 10
e 142.38017 933.76779 12
e 146.16239 540.64382 10
e 171.25705 851.09580 10
e 6.22311 617.28139 11
e 186.52964 586.87326 7
e 119.62037 439.54349 8
e 59.60495 578.06803 12
e 144.47162 564.33948 8
e 122.73562 491.85190 7
e 77.54201 748.15974 7
e 85.76417 882.69615 10
e 174.80569 794.39049 11
e 223.90290 531.12806 16
e 127.49175 466.05197 7
e 156.17091 494.52745 7
e 239.44648 783.93556 9
e 101.29299 457.54356 8
e 226.97275 916.51882 11
e 133.13362 641.11141 14
e 172.63101 641.19398 9
e 189.17746 649.99078 12
e 97.51967 926.96241 13
e 198.46639 857.78221 4
e 32.82374 648.99611 7
e 39.96738 831.27632 11
e 142.75933 828.24787 8
e 127.35880 975.17739 9
e 94.79087 805.94755 8
e 102.27204 488.60993 14
e 361.35500 671.73236 6
e 167.17219 831.54524 14
e 119.68711 722.38021 11
e 108.36657 545.84257 13
e 212.80113 596.73014 10
e 67.41177 851.43976 5
e 25.60926 637.37018 9
e 129.32726 603.31891 5
e 145.39894 943.41493 11
e 97.37246 591.77830 12
e 100.38044 711.08486 9
e 119.53545 481.80746 8
e 126.59368 841.06503 9
e 24.48207 810.80189 5
e 48.79849 795.88760 9
e 93.31782 871.34431 11
e 135.28961 767.52683 17
e 73.09342 685.30117 8
e 43.58661 860.59261 10
e 153.28107 695.23126 7
e 187.95595 868.89974 12
e 235.44108 790.66690 9
e 33.51112 679.94810 15
e 206.83097 477.99360 9
e 112.43753 830.73542 10
e 28.73684 1068.92597 10
e 267.88179 660.97916 6
e 129.23565 615.68758 12
e 82.35407 633.76155 7
e 92.22506 504.01516 11
e 189.88933 757.80704 9
e 9.05485 869.31150 11
e 44.00102 659.94614 8
e 32.19001 811.08502 7
e 110.10430 724.26386 11
e 88.18985 461.63578 9
e 206.53369 938.68319 10
e 145.76759 729.51530 11
e 36.05223 931.40670 12
e 201.65651 661.70484 9
e 124.00732 578.97043 13
e 218.74842 783.68155 8
e 87.38111 647.11693 8
e 129.89064 821.28481 4
e 160.51216 483.94109 7
e 207.32089 851.49447 5
e 107.00712 807.53139 7
e 63.17151 456.26162 9
e 10.14509 653.74553 13
e 345.75959 558.64574 8
e 131.31698 704.79441 9
e 41.38241 599.32564 6
e 46.14355 708.12536 6
e 126.09597 662.47621 15
e 90.77143 699.98780 9
e 99.51522 770.50825 8
e 179.23178 863.85034 9
e 150.64594 497.59229 13
e 106.90945 523.49965 7
e 34.82481 492.87906 9
e 117.54550 813.56073 8
e 63.50519 1016.88536 10
e 138.91393 418.37755 10
e 132.94573 778.74285 5
e 24.77926 804.30761 7
e 179.88976 835.77098 7
e 81.38719 794.67983 4
e 133.76719 685.48498 11
e 192.19184 750.76050 9
e 18.70874 366.32426 8
e 85.71943 653.27914 8
e 20.74661 727.36917 11
e 82.65348 671.10623 11
e 49.57066 676.71318 7
e 38.58051 652.96768 11
e 121.91985 598.28119 8
e 202.26058 988.34110 4
e 203.21466 525.91356 9
e 149.05373 545.87934 9
e 109.53334 650.81704 5
e 21.67502 542.86245 6
e 260.49755 733.16106 9
e 189.49832 547.73717 11
e 72.42028 582.42963 11
e 131.12060 411.90631 5
e 107.21535 864.07272 14
e 251.29196 410.50928 9
e 123.72945 611.60213 7
e 84.12133 799.57739 9
e 15.82399 811.75953 11
e 26.02205 674.68649 10
e 182.34207 808.66495 5
e 90.12658 688.15752 13
e 197.89016 735.37421 11
e 182.53084 769.04775 7
e 42.87480 790.23811 9
e 147.72589 732.06723 7
e 201.08748 737.95800 4
e 111.70176 511.36632 11
e 158.84616 932.11256 5
e 214.29656 753.64109 8
e 176.12847 701.88244 11
e 147.88002 358.90613 5
e 86.64953 903.20586 11
e 209.65919 567.83961 8
e 237.33462 856.85096 9
e 119.21377 667.82033 7
e 236.38332 512.31264 8
e 198.42427 860.67605 6
e 93.19701 459.19007 9
e 72.60508 432.50856 9
e 111.89747 845.88048 8
e 156.06747 498.03431 11
e 3.38496 641.57755 9
e 74.77526 597.81427 6
e 139.94717 417.25343 9
e 187.37975 886.15490 4
e 260.11245 794.22644 5
e 87.37245 528.44409 9
e 52.88102 785.31645 13
e 173.54941 644.34578 3
e 141.36723 849.77428 5
e 109.92582 586.78534 11
e 246.00995 973.12836 12
e 125.92494 597.68080 15
e 110.93083 597.94071 12
e 46.82518 445.70357 10
e 78.96850 798.33207 10
e 119.53381 558.44005 8
e 93.72952 661.07538 10
e 49.60699 711.86970 8
e 37.62526 779.18233 12
e 75.28662 822.09140 6
e 172.99481 927.18665 10
e 239.39213 727.36549 13
e 215.65260 586.33069 8
e 79.10319 671.97501 7
e 163.57480 717.76425 11
e 56.00873 1013.71095 6
e 73.39655 503.52566 10
e 16.74714 788.55097 8
e 177.00876 652.72775 13
e 77.36918 804.79672 14
e 149.22730 1011.70675 11
e 54.09801 780.61849 11
e 87.27268 843.96103 12
e 260.43175 747.39776 9
e 51.08995 817.16824 14
e 49.93370 358.27740 11
e 120.84497 885.68383 6
e 134.55328 1017.05760 11
e 72.24018 777.48731 5
e 140.37627 779.86550 7
e 98.23078 869.97584 10
e 213.40065 707.35297 10
e 84.64304 886.55880 6
e 88.62210 848.07208 6
e 110.63364 742.66743 6
e 69.83954 743.19950 9
e 67.50352 604.81089 11
e 266.02090 796.48518 9
e 133.85932 692.51843 8
e 25.11946 637.88324 8
e 272.74768 678.76613 8
e 108.20445 521.13641 12
e 179.03585 740.33459 9
e 94.28965 1044.20119 11
e 49.94819 567.33421 7
e 61.96656 643.91589 9
e 84.50388 691.61354 11
e 221.19246 531.24291 7
e 193.06582 835.14769 5
e 3.72454 942.14529 7
e 126.81754 671.42649 10
e 130.25380 617.55511 8
e 167.38672 757.69531 9
e 213.26439 610.93285 10
e 11.47077 800.41313 10
e 53.40543 752.46323 10
e 77.07992 595.71482 6
e 170.73229 689.27585 8
e 98.69706 987.75590 8
e 20.35319 960.72967 9
e 7.64584 660.44487 7
e 151.93117 694.07492 4
e 224.85037 973.12934 5
e 32.17278 789.74762 7
e 167.48422 945.44618 7
e 238.98281 617.47280 11
e 74.23395 604.01716 10
e 150.96789 948.09411 9
e 121.32620 760.19322 5
e 69.10853 843.01111 5
e 241.06678 726.72890 13
e 114.12470 456.99785 10
e 27.86547 660.37580 11
e 96.02448 470.19016 11
e 108.01564 592.30710 8
e 57.22110 670.72648 8
e 44.41851 799.34932 8
e 82.42034 810.50231 10
e 232.55545 693.06689 7
e 86.73326 591.74710 13
e 120.35341 942.46886 13
e 188.27192 878.07185 8
e 79.75430 872.13548 11
e 356.30226 719.67903 9
e 207.73885 609.59395 7
e 1.68647 708.42056 7
e 41.06009 840.13774 5
e 41.21511 627.49186 9
e 157.96374 725.10104 11
e 68.34744 484.45783 8
e 209.30601 635.46586 9
e 26.31721 591.90330 7
e 120.33965 861.03122 16
e 9.21758 574.62329 7
e 131.72185 860.32444 11
e 167.49718 846.67775 5
e 105.49591 808.10540 9
e 11.09142 777.94202 13
e 79.23778 537.51178 12
e 73.10170 577.25250 16
e 150.70075 564.10679 14
e 137.94187 691.72200 10
e 80.63353 540.25757 11
e 99.92420 815.66327 11
e 151.39435 704.80289 10
e 169.21089 932.71874 9
e 18.66197 579.30410 14
e 95.52842 769.61820 13
e 78.84279 636.27796 9
e 75.12402 628.25824 10
e 63.02958 880.73769 9
e 27.02168 692.34311 8
e 71.86140 752.41929 9
e 205.92871 655.52614 5
e 165.57860 592.58850 8
e 201.78384 543.12661 8
e 101.83832 758.98767 10
e 34.43207 731.31835 15
e 212.93378 563.53587 8
e 34.07077 705.80694 11
e 55.39806 367.72647 11
e 68.65877 521.48369 4
e 51.87209 825.11917 9
e 183.33171 881.01211 11
e 75.27076 626.08841 10
e 103.93116 719.56920 13
e 116.67136 961.99256 11
e 175.64482 584.24526 10
e 38.20811 769.91056 9
e 162.76705 774.81531 12
e 139.53909 704.81814 11
e 154.00413 938.12060 8
e 88.65850 854.14509 9
e 124.06840 550.90219 10
e 93.14374 730.21578 7
e 139.16327 756.03856 8
e 153.96733 518.35477 10
e 119.04550 435.80870 5
e 70.37982 965.15877 12
e 85.15262 506.90415 9
e 216.31642 988.12129 7
e 36.01801 708.04108 10
e 199.88407 834.42596 7
e 137.42666 878.47362 12
e 93.56835 732.23254 5
e 142.82272 410.38156 16
e 107.29442 758.89040 12
e 11.47100 643.43668 11
e 206.01925 961.43713 8
e 20.84857 655.54025 6
e 144.63439 677.51416 9
e 67.40472 727.97391 6
e 57.87872 575.98243 11
e 114.28859 562.36139 11
e 90.66185 758.46296 12
e 142.96117 759.98874 9
e 30.79979 606.13186 9
e 244.37153 764.06511 13
e 127.28936 716.01312 9
e 281.81689 834.78164 12
e 162.51156 718.96825 7
e 222.76104 516.62041 10
e 26.05291 706.39480 9
e 195.10357 515.80298 11
e 76.29599 430.95111 10
e 195.24407 738.68866 8
e 239.80081 505.85053 12
e 33.23385 256.89274 7
e 52.08243 632.26200 8
e 140.54707 365.70980 4
e 99.78177 827.25191 13
e 137.04604 828.11820 7
e 7.26836 736.56310 5
e 87.86100 270.36944 6
e 192.28493 662.14605 11
e 162.89694 656.68509 11
e 210.57733 388.28614 9
e 222.57801 559.27170 5
e 171.11871 476.16902 19
e 49.49575 826.25712 9
e 118.99826 790.32207 9
e 308.92203 496.94768 9
e 88.12921 670.91927 9
e 139.16853 673.76913 10
e 18.98416 538.62687 10
e 87.33012 939.66084 8
e 32.63471 902.98496 14
e 173.85281 557.83460 9
e 230.57082 588.44066 7
e 161.69245 652.70271 13
e 114.43596 785.20848 6
e 134.49953 765.94163 6
e 81.53904 620.15942 6
e 53.49311 827.46147 14
e 156.92937 666.09858 12
e 205.76205 598.82220 10
e 12.49214 742.29603 7
e 51.94543 619.28017 8
e 129.73889 528.74712 8
e 343.28380 686.49858 4
e 126.65771 488.53211 13
e 58.96301 718.80769 7
e 6.61185 270.74452 7
e 86.29246 485.45600 13
e 27.57931 612.34799 12
e 167.53441 538.17151 10
e 27.89140 497.40864 7
e 331.71999 763.64900 10
e 91.55679 962.82267 20
e 146.95334 788.39516 4
e 101.36924 495.33872 7
e 237.60240 828.77430 8
e 150.56385 762.20636 5
e 221.45164 689.22342 7
e 137.62116 796.13062 8
e 149.99232 935.15403 14
e 162.10478 838.90312 6
e 8.66500 649.54805 13
e 168.95789 807.46154 9
e 25.57597 782.61825 3
e 104.29327 641.66677 5
e 116.18207 680.56668 7
e 77.51548 836.33915 4
e 178.36357 828.65164 8
e 124.09006 591.98773 10
e 58.06852 622.91273 9
e 281.37556 717.67168 14
e 222.64544 1007.33544 10
e 67.26357 697.98807 9
e 32.54234 667.92679 8
e 79.97303 910.55340 8
e 235.64489 713.10124 9
e 32.44601 787.63088 11
e 52.05511 637.47103 16
e 217.87140 849.04838 10
e 51.85160 895.15840 7
e 155.29669 720.99297 11
e 118.18246 567.99283 8
e 202.90277 748.21584 8
e 186.95994 608.68465 8
e 140.10546 569.54579 10
e 101.36129 731.55828 6
e 231.96521 743.89115 6
e 20.31342 868.76171 11
e 33.55413 694.56967 9
e 149.16232 202.69700 9
e 285.49480 788.93261 9
e 229.92490 564.73198 6
e 322.28967 840.62036 7
e 165.99155 605.35443 10
e 254.52905 688.11880 17
e 139.47990 556.54901 12
e 127.61592 677.51426 11
e 184.56627 606.19710 5
e 77.54756 546.72115 17
e 282.43790 670.64472 7
e 103.59507 996.94559 11
e 3.16748 638.42539 14
e 3.20020 654.57411 9
e 163.27360 713.83888 5
e 111.34970 880.45513 10
e 39.82192 681.46718 12
e 130.58499 748.57362 9
e 165.90879 397.24981 9
e 110.67494 661.23158 10
e 230.52867 790.47316 9
e 85.44795 763.04182 10
e 44.20712 712.42972 9
e 76.79009 809.84152 10
e 26.86986 492.93632 10
e 99.73803 809.07246 7
e 89.72762 927.64545 11
e 55.37780 284.53915 12
e 92.66933 408.57784 11
e 192.74466 734.01517 5
e 158.36572 584.00635 9
e 77.35239 813.42326 14
e 23.11748 757.88795 11
e 187.73270 550.94712 12
e 94.26428 757.29370 8
e 50.36926 619.99736 11
e 189.49508 686.09589 6
e 162.59645 706.85747 6
e 28.73999 442.91877 15
e 153.76049 733.53872 11
e 99.72286 739.49202 17
e 161.32686 654.78740 13
e 209.90729 797.39288 7
e 263.84038 562.74890 10
e 165.56321 660.91172 7
e 253.14495 574.25873 9
e 14.47065 576.16042 13
e 43.81761 845.50822 5
e 190.33101 692.81856 10
e 154.76757 909.54177 5
e 67.56657 636.18655 5
e 40.25583 669.85104 6
e 13.28570 292.81695 5
e 73.42153 591.43524 6
e 99.18498 648.14958 6
e 82.46536 754.55522 7
e 368.57627 817.45866 17
e 215.13213 703.63461 9
e 230.81592 753.21215 10
e 160.72375 433.00419 12
e 72.42507 645.28581 7
e 196.98661 722.95583 12
e 144.47783 88.08290 9
e 132.08482 631.15879 13
e 78.33207 815.54955 13
e 167.03692 828.80758 11
e 53.92950 603.82624 9
e 56.25265 907.39620 11
e 84.15976 540.24955 8
e 56.47428 988.05533 6
e 121.76415 533.76786 9
e 104.54171 227.80739 13
e 77.16283 830.67823 8
e 217.20489 896.30952 9
e 52.57768 683.35627 8
e 109.80156 549.34679 11
e 62.01797 921.11314 8
e 126.18583 781.30209 6
e 133.03406 699.51444 12
e 182.12778 711.17710 11
e 201.81712 834.84336 9
e 82.10974 663.22598 11
e 116.01947 624.08681 5
e 112.58412 776.25799 10
e 139.45182 651.64420 10
e 90.25363 921.56734 11
e 78.20435 605.64268 11
e 57.89453 988.09005 12
e 249.09305 732.95898 6
e 133.71284 703.58682 7
e 138.72035 745.69450 11
e 29.55750 577.45600 11
e 9.51296 777.86630 12
e 50.42956 570.66615 8
e 57.61819 594.12033 7
e 74.42425 876.66417 8
e 99.60788 498.55229 8
e 92.79897 701.20891 8
e 181.71584 898.48098 17
e 63.06028 751.32113 6
e 287.56572 758.80828 9
e 230.63626 676.50984 9
e 125.18489 858.61787 6
e 179.98584 830.41665 5
e 66.79935 538.62062 7
e 56.49824 746.14991 9
e 106.92546 529.66999 14
e 116.87553 689.88554 7
e 83.66148 891.71489 9
e 38.16926 795.22095 12
e 163.96809 579.95405 7
e 85.68834 521.84472 7
e 215.10444 727.01670 8
e 57.25483 353.41973 4
e 121.02787 801.46751 9
e 4.39056 431.80007 6
e 239.92089 782.53535 9
e 115.78317 803.86684 11
e 59.26710 882.77205 12
e 298.89321 790.99855 6
e 45.20840 520.40871 9
e 44.57541 320.19716 6
e 86.86746 805.94018 7
e 251.45593 549.72126 10
e 133.10690 723.65022 11
e 5.74195 665.69032 9
e 195.27574 974.86129 6
e 40.86217 645.10010 11
e 34.37205 662.29857 14
e 200.80884 630.69324 6
e 107.43803 634.32032 14
e 176.89596 757.94927 7
e 114.84404 724.01709 9
e 56.97733 898.29162 14
e 206.31031 437.36292 9
e 137.25231 522.91771 6
e 130.50004 630.99744 6
e 38.90081 373.86713 6
e 169.27797 935.56907 8
e 228.17784 699.09269 8
e 187.10949 586.19528 8
e 209.05240 701.44496 11
e 137.19080 696.14885 8
e 89.93351 906.13230 7
e 111.96226 375.20898 5
e 157.73752 854.36720 10
e 37.32560 596.51021 10
e 234.26106 858.25655 11
e 213.51919 512.05029 10
e 147.41639 615.13647 13
e 6.84970 514.88889 5
e 159.56003 731.49141 10
e 181.94822 874.31634 11
e 76.64988 806.25354 10
e 86.94434 687.13990 5
e 227.99194 654.49569 9
e 111.33256 826.84219 8
e 167.10551 1078.03493 5
e 103.60161 649.40368 7
e 133.46343 685.42567 13
e 174.83932 1039.12972 6
e 60.54547 719.49423 7
e 96.77614 782.54705 11
e 141.71607 792.85565 10
e 4.11098 546.08247 12
e 30.95668 334.32794 4
e 108.91683 868.17672 8
e 215.31780 527.65456 12
e 7.44787 704.57744 11
e 69.30586 766.47729 7
e 95.56367 627.82075 7
e 80.25836 771.63442 9
e 131.30907 627.34475 14
e 94.70375 789.54658 7
e 140.85717 521.89032 8
e 289.73586 471.25921 12
e 73.03407 485.25101 13
e 45.78758 548.67023 5
e 138.52133 677.91346 9
e 17.92051 1002.77880 7
e 129.18363 803.25121 11
e 194.02508 739.18849 7
e 160.29859 771.22525 10
e 197.11516 802.87086 11
e 261.37467 404.40170 6
e 80.22452 675.18188 11
e 65.32094 919.89944 7
e 175.66318 762.58583 13
e 121.39831 913.57074 8
e 126.40937 685.69106 8
e 200.79449 554.59612 17
e 72.88783 699.87070 7
e 104.74671 590.79050 10
e 130.80841 690.11809 13
e 99.26653 553.64541 11
e 81.52703 714.63426 8
e 306.63202 676.11979 8
e 159.22281 419.07756 16
e 228.10101 701.57041 9
e 114.35044 545.15675 8
e 158.17216 467.61269 8
e 127.53268 950.14598 18
e 91.44961 616.96940 5
e 203.63348 857.86630 16
e 62.78531 647.01436 9
e 167.67874 795.11701 8
e 52.14940 483.26141 10
e 2.27072 758.07563 10
e 281.35635 430.69674 11
e 111.46551 433.40907 8
e 277.50610 720.93339 12
e 157.75112 520.42211 10
e 118.36557 764.70755 9
e 128.16911 866.62855 6
e 79.39915 800.97327 10
e 46.28331 855.42328 8
e 211.10067 582.23252 4
e 267.52973 871.47599 12
e 144.29601 823.34824 8
e 160.29556 664.02840 6
e 151.63876 663.28927 6
e 128.45095 770.55666 10
e 87.46670 786.77540 11
e 162.79397 784.36168 9
e 52.80777 664.22026 10
e 208.88311 614.40786 8
e 6.45734 767.17547 9
e 171.51938 555.77434 13
e 111.78586 680.62643 10
e 182.21919 845.60505 14
e 45.75853 641.98121 9
e 2.10444 959.62516 11
e 55.74588 574.44960 6
e 23.52261 674.87076 11
e 124.56007 977.80308 8
e 17.25849 703.83389 8
e 43.06107 555.77250 10
e 98.63144 1046.79744 7
e 191.26014 917.41835 11
e 159.45894 403.07112 8
e 158.94179 561.88929 10
e 262.51864 953.31348 6
e 47.78323 220.28558 9
e 55.95750 643.69987 12
e 191.48482 584.50887 9
e 236.08349 561.18913 6
e 20.59746 773.05017 8
e 110.31166 806.30059 9
e 227.34832 760.83373 7
e 195.35090 864.48381 4
e 47.46797 982.15563 7
e 60.52849 871.48081 10
e 168.65675 700.36078 7
e 49.98341 731.67208 9
e 60.92392 833.77987 9
e 109.65482 792.90865 19
e 177.13592 537.47099 5
e 118.18407 742.74726 9
e 187.96777 797.97313 6
e 110.95702 441.51868 7
e 158.07994 677.03748 10
e 59.40879 742.78423 8
e 59.95660 639.26028 11
e 249.71326 909.91978 7
e 8.42791 697.93183 7
e 71.17124 807.53758 12
e 3.94385 597.18630 10
e 126.98248 850.65289 8
e 98.25527 813.12976 13
e 71.43362 883.23567 9
e 169.22493 809.67976 13
e 264.12550 667.38135 13
e 283.88228 683.46346 12
e 224.79127 591.67142 10
e 120.44082 500.36999 14
e 110.66901 441.70563 7
e 178.41132 863.81711 8
e 301.25994 623.81093 9
e 187.63498 702.25870 8
e 67.35338 617.62982 8
e 63.64918 849.85668 5
e 83.75814 447.47209 14
e 180.64021 581.33303 5
e 45.27499 648.93741 12
e 201.50811 672.85476 10
e 3.17962 517.57734 12
e 206.61908 814.50193 8
e 160.80327 837.37059 15
e 155.51040 524.33643 9
e 214.33119 757.32165 11
e 130.81452 220.70966 6
e 275.35026 870.94153 9
e 131.12901 562.88620 11
e 15.42175 976.76434 3
e 272.49055 651.69304 8
e 35.19245 862.58233 12
e 192.39380 832.47323 5
e 110.21173 682.85629 9
e 79.23869 842.77071 14
e 53.51104 691.09273 9
e 42.72382 758.88006 9
e 59.99389 803.11643 6
e 140.41153 621.43303 8
e 246.45436 726.23496 12
e 57.94107 853.75445 10
e 32.48631 735.46473 7
e 193.91671 668.77006 10
e 188.48256 997.77069 4
e 188.80989 472.81387 6
e 89.44663 234.38939 14
e 8.61146 769.44993 13
e 37.07333 764.19668 11
e 112.88891 728.52838 5
e 48.07476 854.73887 11
e 30.98060 704.65982 7
e 39.07995 834.73069 13
e 112.36007 786.45047 11
e 201.01384 907.30918 6
e 182.37655 657.54580 6
e 89.95121 836.47796 4
e 228.23806 456.91230 6
e 177.26709 829.55506 5
e 105.69351 761.37404 7
e 59.71357 1030.37836 10
e 149.21020 579.46136 11
e 11.36728 712.13763 7
e 117.01202 501.78690 12
e 60.57657 681.98547 9
e 200.78536 750.33200 11
e 209.32874 936.71324 8
e 230.39078 676.65185 10
e 83.99739 777.63629 3
e 68.12174 669.89423 9
e 187.43549 626.32038 7
e 132.15069 636.93713 12
e 120.47497 687.19204 7
e 137.10075 629.52277 9
e 26.90301 626.44834 7
e 49.65477 816.49993 13
e 203.68927 798.26102 10
e 54.42647 468.75507 11
e 94.06968 766.65908 5
e 267.98265 625.77971 9
e 25.86982 863.73385 11
e 56.69378 848.09577 6
e 196.93179 770.61871 13
e 98.90766 606.73265 8
e 133.06954 644.70469 7
e 133.92710 813.73850 10
e 68.30424 621.22710 10
e 217.19625 801.48504 6
e 237.42917 871.23516 7
e 77.38721 416.80875 6
e 260.39966 999.77617 10
e 57.13207 474.82438 9
e 38.51582 747.22797 8
e 101.90417 532.79768 7
e 228.06407 535.48086 8
e 88.26634 599.35209 8
e 45.61431 581.80267 6
e 131.68203 598.34608 11
e 144.01050 664.11608 9
e 213.87139 417.93507 7
e 56.14657 872.79806 5
e 198.45393 986.73274 12
e 40.50200 669.33204 9
e 222.73424 756.92014 8
e 135.49484 745.19310 9
e 287.18938 778.56369 7
e 76.58668 691.50112 10
e 141.18262 1039.18565 13
e 154.63615 1021.60930 15
e 40.66870 537.79892 5
e 238.90467 789.11977 7
e 84.43637 943.79061 6
e 347.34485 707.69275 6
e 22.77574 548.54362 10
e 67.05838 850.92727 10
e 78.45712 589.67070 9
e 9.55842 624.34531 12
e 89.06631 838.15846 6
e 197.88697 789.29607 4
e 50.17571 540.31155 6
e 163.24003 932.15917 8
e 35.84646 1007.90021 14
e 213.54071 635.38174 7
e 117.59904 593.92606 8
e 70.80698 623.12277 8
e 60.93128 541.95898 9
e 17.41822 819.39485 7
e 222.44655 785.18853 6
e 374.50344 590.34152 16
e 44.83293 512.88176 10
e 182.17689 610.80092 8
e 346.90833 853.54318 12
e 50.13482 796.76727 14
e 73.69144 447.26683 13
e 71.56778 796.01145 12
e 53.53027 470.82273 9
e 112.69855 954.85960 10
e 149.60443 509.82399 9
e 127.52031 749.22225 15
e 71.17661 437.10193 6
e 121.97951 822.67268 12
e 66.07134 679.59846 6
e 69.29864 692.98482 10
e 109.91045 853.68138 9
e 169.57546 324.59487 13
e 118.47245 611.78729 10
e 34.87634 571.53901 6
e 202.24316 810.21274 13
e 81.32020 657.81463 8
e 212.55287 645.80880 9
e 186.34529 874.80346 10
e 163.54269 862.69541 7
e 155.43655 537.36881 7
e 196.54960 993.90088 19
e 57.13959 595.76152 15
e 188.65714 1039.27758 15
e 43.35314 579.44086 9
e 232.96397 691.00358 12
e 55.91058 680.96611 6
e 163.40602 384.84128 7
e 128.87018 973.44714 7
e 19.25707 412.71775 8
e 132.18017 777.83318 7
e 91.19485 585.20502 6
e 94.16615 773.23090 14
e 261.56324 938.82930 5
e 130.94762 674.70369 13
e 122.59665 660.24413 12
e 57.18572 498.98791 14
e 112.23158 789.57698 12
e 66.01941 856.51661 12
e 13.87778 557.36699 8
e 144.06497 657.48447 6
e 133.74938 722.90910 10
e 65.71420 919.39852 5
e 68.75843 738.01278 16
e 101.97551 637.34726 8
e 171.46034 670.24570 5
e 38.80023 728.57302 4
e 110.90905 893.94480 7
e 118.58919 341.07712 5
e 218.81108 707.39763 7
e 127.54925 530.55344 11
e 152.63519 822.49483 14
e 272.53351 862.65257 14
e 39.80241 815.28298 9
e 223.37621 724.85938 3
e 113.18681 823.84569 9
e 90.44092 969.93844 7
e 2.92128 751.84052 9
e 180.34232 607.43439 9
e 65.63814 667.01304 15
e 159.93198 1051.35551 13
e 73.19576 383.16174 11
e 26.81166 644.16204 10
e 87.07417 848.93550 10
e 187.26711 821.36481 12
e 186.42092 876.14121 10
e 157.99235 650.40125 13
e 39.12503 812.60110 11
e 6.75827 601.13107 21
e 26.69875 989.49358 11
e 88.31384 659.13164 12
e 221.74826 362.78086 13
e 276.24112 1057.06895 7
e 125.47488 731.35811 5
e 109.29447 604.06857 9
e 111.69171 684.85205 6
e 184.00445 566.13907 8
e 143.22231 1016.03098 10
e 102.25846 646.55297 10
e 118.34310 771.13557 7
e 32.16461 801.33982 12
e 131.63256 964.79318 10
e 153.20963 725.74417 6
e 151.69897 1045.55591 14
e 237.64155 720.47512 10
e 149.52783 837.90584 10
e 133.35849 548.29039 10
e 146.37819 531.77373 5
e 82.48171 995.10435 11
e 41.54238 654.76080 8
e 193.39955 690.50230 11
e 203.39335 536.66566 7
e 1.08289 680.50763 9
e 225.69222 829.95683 6
e 163.67026 685.89016 12
e 43.17152 832.49064 15
e 148.46520 950.55398 11
e 175.13316 622.07928 12
e 212.01991 532.54569 5
e 158.66148 699.68394 6
e 149.71808 677.70390 6
e 114.55050 608.52917 8
e 73.98710 576.10135 15
e 47.01665 980.20867 9
e 138.53470 595.12096 8
e 117.93962 785.40379 13
e 34.63541 456.40982 4
e 102.34899 990.49761 8
e 35.89634 677.26137 9
e 19.14740 963.23180 5
e 133.35392 694.32578 11
e 242.97475 243.35150 14
e 288.11340 605.42377 15
e 204.02988 392.39171 6
e 132.67868 653.72276 10
e 68.01399 689.60198 16
e 31.44930 476.39856 11
e 55.90092 699.99367 5
e 153.36288 943.21334 10
e 180.10969 910.55300 11
e 160.50559 938.15933 8
e 42.38431 372.29498 11
e 52.77615 750.36700 8
e 38.96805 462.95163 15
e 108.19242 727.77577 8
e 28.92480 996.68714 7
e 166.26336 530.91347 11
e 73.47381 644.46300 9
e 205.16268 542.73605 8
e 185.14799 592.40902 6
e 156.52177 687.73515 9
e 54.45695 274.25650 13
e 75.85692 623.50564 12
e 157.10997 534.89228 7
e 100.21427 763.03611 11
e 289.95411 894.26402 8
e 76.70946 987.17114 9
e 156.88572 592.85268 9
e 132.57071 676.94295 6
e 204.06564 784.18095 14
e 144.79807 705.64856 5
e 40.10450 807.23868 10
e 129.90726 703.83298 10
e 104.63529 914.57619 6
e 104.44007 748.98826 7
e 198.64110 464.31475 12
e 120.31000 497.74618 10
e 134.06128 743.88224 9
e 166.66991 729.21372 5
e 172.87756 931.80492 8
e 232.49428 481.71961 10
e 226.91648 928.57511 14
e 101.69413 612.12044 10
e 19.80603 341.28387 7
e 218.72314 704.85452 13
e 80.47828 560.63902 19
e 40.94621 662.30960 9
e 153.73741 759.30344 14
e 83.45391 378.29708 4
e 198.98293 537.42358 7
e 230.76275 650.72682 10
e 40.87396 577.31903 10
e 54.32503 747.34067 11
e 67.35126 521.17925 10
e 109.90367 743.54374 5
e 245.68046 898.50555 6
e 190.93938 734.73605 15
e 71.82993 651.14424 5
e 96.79084 439.72344 10
e 104.83303 730.80238 8
e 52.16613 650.63743 5
e 157.63208 576.88308 18
e 106.30629 701.59440 9
e 24.82819 863.77508 8
e 176.74043 671.63893 9
e 154.70080 552.99315 10
e 66.63643 581.37636 6
e 49.45943 844.37918 5
e 106.63340 762.21994 13
e 117.25998 590.22604 10
e 181.41095 555.37916 7
e 82.80995 726.77273 10
e 116.62080 812.20360 9
e 163.19018 628.09090 9
e 79.48291 832.97259 15
e 35.64431 864.24294 11
e 121.47216 821.36019 10
e 138.84972 590.67545 8
e 47.49740 755.80382 14
e 84.40395 728.45317 13
e 87.39494 790.10180 7
e 127.53984 712.69162 7
e 59.99645 809.47488 11
e 179.32349 891.48080 9
e 226.93172 409.53568 8
e 3.72096 857.87362 7
e 71.64888 713.20223 7
e 157.66286 692.70369 11
e 63.76186 748.86820 8
e 15.72368 973.74828 9
e 32.40443 602.23744 12
e 123.19906 909.07966 11
e 122.57430 740.74019 11
e 90.38454 760.16984 6
e 250.20885 698.48470 11
e 100.44835 609.46631 10
e 89.09529 892.20811 8
e 230.91192 412.46957 10
e 141.20904 670.42719 6
e 129.46656 784.36942 5
e 213.64163 925.36855 8
e 161.72059 536.90793 9
e 106.51684 806.16519 11
e 137.81240 796.52383 5
e 233.70341 548.95029 6
e 118.96478 783.11245 7
e 76.46978 925.85665 10
e 199.92625 646.26656 12
e 193.76213 528.10161 6
e 46.59869 823.31731 9
e 157.59548 719.34637 13
e 312.54484 650.27691 8
e 127.81429 237.70670 12
e 205.78830 692.05630 10
e 149.19834 527.26687 9
e 275.64340 725.71811 4
e 87.12138 694.09488 10
e 112.48762 820.99613 6
e 156.93806 909.60557 12
e 177.23821 786.74288 6
e 193.67002 574.58190 12
e 60.14913 494.20228 5
e 203.19140 640.40327 8
e 43.26769 875.30648 8
e 232.63212 394.40830 12
e 148.67434 811.64589 11
e 126.00810 908.15494 10
e 70.54383 767.52903 5
e 78.94848 455.23847 9
e 2.58070 542.33259 12
e 211.81731 720.12619 9
e 116.91345 346.51114 9
e 97.07192 802.06094 9
e 12.53173 729.92423 11
e 64.87340 890.88869 13
e 122.05660 805.93366 14
e 259.12116 715.60765 5
e 116.70192 639.45676 16
e 9.71610 837.99360 12
e 112.05258 612.18013 11
e 53.76422 835.48000 8
e 164.47886 560.13671 4
e 152.42900 729.20765 8
e 170.64808 550.90738 8
e 115.79834 571.87875 7
e 124.56278 695.67960 7
e 34.10160 643.69968 12
e 68.75551 529.79947 8
e 125.27923 720.64721 9
e 127.28207 578.58623 5
e 70.17681 640.24740 16
e 61.45982 736.10672 10
e 264.08195 782.41655 13
e 194.56479 690.92322 7
e 106.70932 269.76308 14
e 188.46165 636.50359 7
e 68.93892 343.25834 8
e 219.28659 959.95702 8
e 20.80642 484.76168 11
e 143.35520 413.22073 7
e 153.97540 700.54929 14
e 17.93992 725.54560 9
e 243.84196 883.51680 13
e 312.38345 460.39771 11
e 134.70173 717.13857 7
e 232.55459 703.04385 8
e 187.82779 933.44652 9
e 134.85836 552.23182 8
e 143.65277 735.87878 16
e 46.72968 775.55033 13
e 96.84717 538.91983 11
e 22.93968 808.46634 11
e 4.39554 811.73045 9
e 8.72975 718.79391 11
e 93.57247 822.63687 8
e 232.40064 679.76944 6
e 163.04156 985.24004 15
e 286.38293 504.57551 6
e 55.68610 481.92704 9
e 272.39254 541.01376 10
e 12.84617 600.13012 11
e 48.88933 393.76745 3
e 374.13151 601.59938 15
e 42.93166 497.29950 9
e 57.73913 934.00109 10
e 143.55591 703.80392 7
e 132.98861 706.30943 10
e 106.46362 973.09817 7
e 181.99610 868.28095 9
e 48.98265 649.93473 12
e 130.15970 742.17554 12
e 131.42746 804.55820 8
e 230.87028 570.34101 9
e 223.38483 896.82421 13
e 212.38509 614.80189 12
e 211.22330 791.17835 6
e 6.34502 802.46092 6
e 106.00179 713.14804 13
e 56.81412 500.61270 10
e 14.44399 890.32708 11
e 120.58284 771.60049 12
e 38.77778 620.45318 10
e 39.24055 1064.40397 13
e 148.56299 742.96945 7
e 102.30121 676.29307 11
e 106.04333 601.07770 9
e 11.31305 704.57144 7
e 204.17763 563.24224 8
e 97.48426 894.81303 8
e 59.57602 706.15545 14
e 144.84990 843.14359 6
e 46.14535 536.36468 8
e 187.67564 933.63904 8
e 175.12545 664.81969 8
e 119.18006 844.87930 6
e 113.21296 708.40469 10
e 106.21953 827.67134 7
e 138.06986 398.33670 12
e 178.84614 918.80941 12
e 60.24547 661.42154 8
e 182.76203 822.24439 12
e 255.75324 548.70799 8
e 234.76573 635.37958 6
e 125.79416 642.16713 9
e 238.05159 739.67179 17
e 181.04925 910.70152 7
e 253.18869 341.01958 10
e 137.88598 525.98800 7
e 105.65169 811.93488 12
e 34.69332 765.54318 8
e 15.41531 677.23056 12
e 40.26833 379.13606 11
e 134.82158 515.49152 12
e 153.73334 873.75687 8
e 64.18231 643.44849 6
e 38.12709 713.60786 9
e 105.46872 633.84216 9
e 87.83456 886.22619 8
e 107.22760 570.89606 7
e 141.29870 747.03832 15
e 88.62558 401.29219 9
e 98.50058 644.27705 9
e 164.46584 851.10333 12
e 113.30378 901.13069 8
e 199.26629 822.97956 9
e 54.63192 623.32403 8
e 258.26935 565.53123 12
e 56.89216 1019.23853 8
e 15.93745 605.23631 16
e 225.96939 987.10212 6
e 203.11489 516.86873 8
e 137.95614 778.24059 9
e 103.15943 778.16158 11
e 73.70380 623.68429 6
e 50.30910 861.18000 11
e 41.87443 557.75711 13
e 208.07513 927.27175 6
e 25.89347 959.78329 12
e 196.38503 762.52882 6
e 214.76211 927.70505 8
e 209.80495 979.08365 7
e 170.17785 866.48050 14
e 35.51453 822.42013 7
e 176.34446 609.59565 12
e 101.26650 891.49302 11
e 157.07562 596.47784 8
e 25.64966 651.27627 13
e 107.43616 598.46888 10
e 231.31290 767.06308 11
e 113.18802 888.88998 6
e 134.31440 563.17715 8
e 139.64834 486.19998 12
e 10.46485 541.97900 8
e 310.96432 560.67092 10
e 49.57632 703.73625 9
e 143.76116 688.77443 9
e 41.39326 432.00668 10
e 80.11782 619.94988 12
e 197.98229 486.61702 10
e 215.60108 929.97715 9
e 108.30212 970.21417 8
e 98.35983 620.78864 12
e 72.28337 607.54549 8
e 110.29949 682.86781 11
e 176.92448 657.53460 11
e 67.42955 607.12578 9
e 204.54912 693.80944 7
e 116.93982 657.23458 10
e 27.04653 931.50371 11
e 227.74901 429.93141 15
e 87.08517 776.52879 9
e 45.32931 706.02987 7
e 252.62561 606.99365 10
e 66.12157 799.71733 9
e 164.15922 779.57781 7
e 162.19951 536.20777 9
e 90.82377 523.61892 14
e 157.59455 670.44901 7
e 124.02369 981.84534 21
e 34.60286 590.54935 7
e 200.79002 678.09857 5
e 66.72464 506.58219 6
e 147.30792 788.09666 11
e 23.61930 770.91604 9
e 128.86119 691.93082 10
e 195.25493 580.31699 7
e 137.09285 472.43031 10
e 148.09682 831.58494 14
e 249.83287 813.61282 6
e 80.71973 459.87564 11
e 215.99069 769.03223 8
e 134.19590 846.90310 7
e 105.36691 797.94223 3
e 131.73643 564.19988 6
e 191.83766 582.01385 7
e 124.67022 809.95889 9
e 192.45798 783.17684 10
e 10.28460 497.94898 13
e 18.15696 709.98470 7
e 162.93918 583.36600 13
e 206.38510 687.18091 10
e 229.70062 818.83996 7
e 171.89696 786.40786 7
e 141.69680 530.47874 12
e 52.93331 652.30014 8
e 38.21134 755.59772 8
e 85.27382 505.86143 8
e 226.32556 435.38064 8
e 96.58090 539.52979 14
e 236.67845 782.14579 8
e 102.43633 924.72913 7
e 109.81009 829.63648 8
e 55.36251 411.21861 8
e 141.37239 689.60217 8
e 14.17331 626.92064 10
e 223.97927 881.07245 10
e 191.31348 927.86939 11
e 26.48938 668.40555 9
e 268.10379 590.55765 11
e 150.87696 755.63121 4
e 0.26815 666.30286 9
e 220.72786 246.14168 6
e 323.87125 790.80530 7
e 181.07752 463.33066 14
e 31.98023 700.66049 8
e 233.82860 809.48098 6
e 43.52909 722.53917 7
e 33.38701 702.58307 13
e 132.75154 674.36036 10
e 65.27215 1000.75638 6
e 7.24255 657.32334 6
e 130.70691 526.23551 10
e 117.01080 706.81517 9
e 77.85302 941.31906 10
e 87.52583 877.33573 13
e 150.76370 265.20616 14
e 163.13594 569.92769 6
e 14.14879 571.13714 11
e 18.42142 655.82382 10
e 110.82361 537.96566 11
e 25.11036 815.69719 11
e 7.91077 747.37730 6
e 7.64819 961.85231 10
e 163.50340 1049.08369 4
e 104.66787 596.51000 11
e 126.93528 613.17941 11
e 180.43585 839.23699 8
e 133.35943 667.34915 5
e 27.91124 368.37201 9
e 301.85736 861.64803 15
e 119.37863 796.24100 9
e 95.23035 560.15093 13
e 254.11975 408.82991 14
e 41.96412 515.95673 9
e 170.99599 869.15069 7
e 105.48465 514.14618 6
e 94.13055 606.20642 7
e 346.51573 544.60419 4
e 143.34508 743.91333 10
e 94.18949 688.72684 13
e 264.58272 543.91079 7
e 48.40871 701.80107 6
e 439.93681 741.03982 7
e 17.58552 667.78494 6
e 151.76938 803.40205 12
e 119.64863 873.04504 12
e 202.12234 433.46734 10
e 95.60647 717.83644 12
e 24.70725 601.71995 9
e 10.34742 777.41462 7
e 103.92572 1031.93388 5
e 95.34291 850.33915 9
e 110.53594 738.47130 12
e 210.94390 793.84254 10
e 167.44994 463.19048 12
e 177.97237 349.39638 8
e 155.28139 596.24084 16
e 322.91415 778.61365 13
e 9.30180 428.60440 8
e 98.86077 565.82110 6
e 150.20307 621.45152 7
e 235.71166 681.99765 9
e 169.12887 610.77750 11
e 91.76944 497.19289 4
e 100.68440 718.63223 8
e 175.36029 450.68023 8
e 46.54869 561.34715 9
e 92.34651 540.57531 14
e 171.80699 610.55085 10
e 104.59399 649.76342 8
e 27.34940 812.82146 8
e 96.93990 519.61693 8
e 215.36009 880.56015 17
e 95.80830 690.56402 16
e 64.60868 733.53966 12
e 120.13276 687.36243 5
e 56.48408 843.62261 8
e 75.76138 661.73746 7
e 236.21627 684.11822 7
e 59.65130 777.40544 7
e 117.81170 531.65934 13
e 34.20539 670.28922 10
e 253.37353 842.37787 10
e 87.92522 611.96015 6
e 184.82031 714.78143 9
e 186.60630 837.13660 4
e 79.95345 993.53285 15
e 265.72832 598.76585 8
e 91.83472 714.04215 11
e 103.18312 682.05237 8
e 113.64471 503.66593 11
e 63.87017 679.58789 11
e 47.85424 400.54674 11
e 172.28607 607.26227 6
e 42.35974 397.55829 14
e 88.41120 284.77881 5
e 117.56797 796.50881 10
e 113.61456 777.53033 10
e 158.61276 644.51332 10
e 171.99579 787.61423 8
e 203.14606 996.38045 6
e 57.81598 708.08645 8
e 187.27188 695.45803 12
e 108.28767 472.76952 4
e 317.26131 570.37499 4
e 234.50642 645.57541 8
e 248.63961 807.00819 7
e 129.31395 556.06145 14
e 310.21627 870.45796 12
e 193.33032 620.71349 8
e 125.45628 530.66534 11
e 261.46773 783.41970 8
e 44.24718 838.01618 15
e 206.17927 662.88558 6
e 122.88080 926.34599 10
e 41.82771 963.43900 11
e 110.53864 706.33256 10
e 76.58710 562.64820 8
e 217.70748 587.78661 12
e 178.96651 1025.61322 17
e 72.92917 864.29313 6
e 79.70606 792.94351 16
e 208.51841 850.83140 14
e 40.97641 611.16697 8
e 110.13083 794.61404 9
e 111.81681 811.41648 8
e 175.60178 669.84429 8
e 116.47904 649.80868 9
e 123.87795 806.63059 10
e 176.04836 698.02840 8
e 174.54539 719.92144 11
e 247.82709 713.15838 4
e 193.73774 855.65629 5
e 184.35325 765.55566 15
e 152.98501 515.79394 6
e 80.79268 855.84473 8
e 305.72041 531.68932 12
e 186.40289 600.34372 12
e 220.56516 619.54194 5
e 172.75785 874.75942 8
e 158.22393 631.58885 9
e 55.99220 688.06487 4
e 93.80757 805.41035 6
e 203.10058 581.67682 10
e 100.35869 585.79208 7
e 0.73339 702.59824 8
e 97.94875 467.30568 6
e 324.71766 613.19123 11
e 38.94812 537.82434 10
e 101.10037 583.80198 7
e 84.47156 668.70494 4
e 226.04678 754.34321 11
e 154.69224 681.72463 13
e 148.92310 772.85245 10
e 27.02292 503.53248 17
e 187.62257 695.51930 6
e 70.39939 801.89152 12
e 1.52311 650.85726 11
e 26.47510 829.13606 9
e 86.88789 790.41526 13
e 56.25040 702.26045 13
e 167.86175 636.16862 12
e 125.96604 596.90682 8
e 194.30454 678.61384 11
e 208.45854 644.63830 8
e 285.70520 686.61531 5
e 226.40065 636.53047 9
e 12.13812 623.79293 11
e 64.35302 547.43838 5
e 144.51632 644.22910 17
e 32.32528 744.77053 7
e 113.09893 955.70521 8
e 99.55883 424.72903 7
e 267.31896 934.71448 9
e 6.58946 608.90018 7
e 37.11069 527.58790 11
e 152.67211 788.24953 10
e 71.95329 821.35464 14
e 93.84764 486.54518 9
e 147.34943 529.82339 9
e 64.72318 815.35047 10
e 208.81112 556.37434 11
e 53.42518 812.52333 6
e 104.22613 656.99927 7
e 97.57324 661.17003 9
e 194.88963 692.66822 14
e 102.36997 636.90695 10
e 46.94829 456.11271 9
e 162.01267 819.08355 10
e 217.05294 743.12168 12
e 16.54176 523.50078 8
e 75.39106 612.80096 9
e 124.88244 883.42106 11
e 47.51038 730.51459 16
e 304.32399 632.91554 14
e 116.56005 613.08784 5
e 191.07241 654.85076 8
e 77.04258 524.76170 9
e 145.59165 395.47690 4
e 249.57852 790.74744 11
e 65.33970 778.15290 10
e 179.88364 563.48642 12
e 144.69477 619.37634 8
e 145.84219 585.82883 8
e 250.31841 839.38168 7
e 4.14175 785.85589 6
e 247.74442 917.40806 17
e 131.13288 573.93272 11
e 70.72275 452.07737 11
e 194.49334 412.99059 12
e 41.46546 686.55280 16
e 241.90588 854.86029 9
e 35.69665 671.25343 7
e 246.50869 797.95931 11
e 107.39666 580.47346 15
e 96.47039 609.76734 7
e 151.43881 745.46582 13
e 59.91895 572.58129 12
e 243.54171 431.16087 6
e 165.15748 927.00860 21
e 104.78187 607.24316 8
e 196.30542 755.64594 14
e 183.22547 518.28487 9
e 182.94258 604.50962 10
e 63.16305 1063.37149 9
e 112.74718 837.68553 9
e 36.54420 686.10544 9
e 119.62473 612.21508 16
e 264.12864 674.71428 13
e 75.82770 693.71544 5
e 160.69661 864.69828 14
e 119.75953 820.62974 7
e 71.07995 538.61920 5
e 26.35657 754.58512 10
e 127.08669 752.77314 4
e 204.87100 819.27716 10
e 175.82492 681.59203 11
e 178.84832 496.38760 6
e 11.40812 601.63854 5
e 266.99778 731.29345 6
e 139.71496 436.91664 11
e 223.97998 520.51053 6
e 100.21482 653.43559 11
e 178.90181 523.75159 9
e 158.24181 723.85737 13
e 272.82236 802.58343 7
e 85.61766 588.45446 5
e 17.15530 798.29144 10
e 8.42366 631.06120 7
e 34.68375 649.19096 9
e 75.35345 834.14900 6
e 214.26247 701.45228 13
e 111.91656 810.23230 12
e 220.90361 876.09304 12
e 118.90653 561.54079 14
e 12.35386 623.56603 8
e 223.08870 628.52566 9
e 87.39520 903.11296 12
e 176.88609 577.36175 19
e 146.73145 591.30396 8
e 118.05259 541.01054 9
e 38.43280 426.13107 15
e 113.20231 416.57267 7
e 58.28439 515.83561 10
e 129.48929 813.74819 4
e 128.40587 697.60458 10
e 290.93599 998.06708 13
e 137.56246 589.93881 6
e 104.60559 591.96754 10
e 100.30794 562.55809 11
e 30.43371 566.69208 8
e 111.22043 613.68887 8
e 273.12479 639.00507 14
e 14.69101 798.57632 8
e 34.69608 701.00120 10
e 2.64444 802.87528 8
e 187.31333 733.17122 11
e 56.35182 771.82876 8
e 34.15952 411.48583 7
e 37.35518 694.54751 9
e 130.30870 788.51101 5
e 8.25040 504.04568 12
e 243.85252 485.38986 8
e 70.49696 629.35201 12
e 186.67293 762.48856 10
e 133.58474 407.18471 10
e 209.47188 845.29604 18
e 1.67497 747.81238 14
e 280.32188 888.98790 12
e 175.95893 428.42935 8
e 164.86688 772.09316 10
e 200.95396 768.24554 8
e 53.20149 332.31283 12
e 110.39549 579.01176 8
e 174.01335 1029.71429 6
e 91.07035 625.30186 4
e 123.25012 806.30171 8
e 63.21011 537.35634 6
e 141.44710 679.49122 10
e 192.96785 674.05322 8
e 5.92986 790.99068 10
e 129.55984 667.52252 8
e 193.53990 472.42524 9
e 239.93477 760.79394 6
e 41.19739 541.67933 6
e 153.29570 765.62711 6
e 84.11281 710.61026 11
e 85.56753 623.23981 7
e 24.36357 838.16792 9
e 232.44244 632.19235 9
e 51.29456 688.76004 10
e 97.90453 640.66753 9
e 118.77300 777.21503 11
e 53.25155 809.74840 9
e 68.35429 618.17503 12
e 42.51955 755.43176 11
e 72.84919 537.61743 12
e 129.46665 761.97511 10
e 182.94006 692.41565 4
e 194.37187 435.69215 18
e 197.49177 788.84180 6
e 100.69830 530.68178 4
e 115.30371 657.79774 8
e 16.94058 825.98616 15
e 70.54190 686.34957 10
e 87.50821 744.10892 9
e 63.03601 507.25565 9
e 55.86552 981.71796 11
e 161.99689 602.58783 10
e 27.31405 514.82507 10
e 286.11172 683.27037 14
e 174.02285 542.48715 8
e 60.33364 812.80064 12
e 370.51194 606.07527 7
e 238.59833 873.99756 6
e 160.21743 797.81838 9
e 169.11054 818.64928 13
e 170.52800 669.81280 9
e 223.64815 651.63733 14
e 151.93054 632.54100 4
e 141.98290 708.68465 5
e 5.73049 771.17149 6
e 35.85274 911.84103 9
e 132.25618 540.63320 11
e 123.37958 829.47961 8
e 81.64667 633.69823 5
e 64.57265 792.39970 7
e 157.37998 979.90705 8
e 76.73507 706.11781 11
e 127.36344 1006.26829 7
e 222.64220 498.00798 4
e 170.41895 693.76976 9
e 130.57296 694.50078 14
e 158.69258 984.52613 8
e 42.63736 639.53236 6
e 96.11193 854.77048 7
e 182.59971 834.63386 4
e 237.22998 670.48496 6
e 116.67745 865.17540 10
e 2.44902 647.00067 9
e 127.68797 664.75153 7
e 50.61332 582.64229 8
e 90.38473 570.74246 8
e 202.15161 431.80384 4
e 116.52340 884.52054 11
e 97.38403 756.75460 8
e 109.99741 591.96119 11
e 153.69091 642.73478 4
e 27.70545 854.46751 7
e 197.54585 491.53144 12
e 258.59356 789.17437 6
e 102.74341 812.12090 10
e 20.61667 590.78484 11
e 156.98214 477.56263 15
e 30.72029 751.11791 18
e 120.57881 303.72991 5
e 174.05189 808.44610 8
e 124.38028 916.32399 14
e 128.30636 844.51588 6
e 234.12992 629.49463 12
e 73.77028 499.00227 14
e 99.64360 647.83850 5
e 108.99737 721.25164 9
e 186.54547 366.17630 8
e 79.46165 1043.13559 9
e 176.67994 968.85572 10
e 143.40839 698.95345 4
e 185.96527 596.14720 12
e 26.68693 591.19192 16
e 93.26397 762.90315 8
e 82.93744 665.75342 10
e 128.38137 730.89179 12
e 85.38182 835.30729 7
e 80.97991 684.26756 6
e 67.11981 661.37320 7
e 17.03888 469.37619 16
e 130.54140 357.86560 9
e 157.39513 690.66272 14
e 129.14847 432.41149 9
e 123.43756 574.56577 4
e 166.94191 977.01591 8
e 132.35368 573.00795 15
e 103.20816 737.89847 14
e 135.46337 761.64056 7
e 159.41444 594.65760 6
e 371.64913 671.22953 13
e 181.40896 724.86463 8
e 67.84994 991.02294 12
e 19.14880 711.22841 8
e 62.13878 617.38754 8
e 1.16802 599.93244 19
e 3.02419 488.95176 6
e 96.65527 741.79134 4
e 145.87889 766.32027 16
e 59.85706 694.65365 8
e 34.74574 564.41095 11
e 54.59727 871.34072 7
e 228.23140 630.37261 13
e 237.46264 570.10206 11
e 246.89511 754.40245 13
e 82.64280 711.08448 7
e 254.77150 547.84722 7
e 48.89576 900.56723 8
e 315.99104 566.97914 12
e 61.86299 682.31443 7
e 214.32034 550.82948 15
e 151.07894 732.90688 9
e 177.10145 998.44923 7
e 310.88199 720.10876 9
e 34.64063 693.49137 10
e 8.14779 583.64806 7
e 190.51310 851.38157 8
e 78.71017 804.18553 9
e 134.83178 621.67729 9
e 213.80452 855.57899 5
e 87.21825 786.33671 11
e 56.40562 314.85120 15
e 89.45451 610.20031 11
e 235.96767 863.10649 8
e 217.59572 851.51167 5
e 168.01398 426.45414 11
e 263.93014 453.97562 8
e 144.01442 696.59298 10
e 22.50471 653.74294 6
e 208.40955 772.54155 12
e 245.10828 588.88497 10
e 59.99216 317.17297 9
e 193.68260 686.06745 11
e 11.82068 848.33479 7
e 122.79048 858.90585 9
e 109.73133 653.31892 13
e 153.26845 595.35656 8
e 163.58974 970.15169 9
e 119.49006 622.13621 7
e 118.19429 766.17332 8
e 62.22074 910.71251 12
e 43.48570 719.77037 10
e 298.42380 948.59045 9
e 83.41495 649.46944 14
e 157.23514 715.13342 14
e 101.87318 676.85668 9
e 188.05595 787.29717 5
e 44.69591 545.57591 12
e 102.03673 603.46423 15
e 191.80613 532.66282 6
e 104.86304 963.50373 9
e 251.41431 717.54774 7
e 99.16970 977.63732 7
e 134.12141 832.73181 7
e 166.16900 422.47981 11
e 74.19440 712.19998 8
e 101.88565 719.43244 7
e 179.23656 832.02952 8
e 39.77206 531.92786 8
e 117.64707 887.30250 10
e 282.15842 414.37616 8
e 260.63423 550.49918 13
e 106.61112 395.32610 15
e 112.77694 477.00624 10
e 139.32946 599.98062 10
e 152.61320 453.92457 6
e 105.48973 604.82146 17
e 207.44121 498.13362 14
e 36.87865 526.82646 8
e 211.54846 677.35718 8
e 8.36369 538.76476 9
e 152.20493 718.16690 12
e 30.75172 616.29547 13
e 29.63861 851.16258 10
e 86.41290 774.72695 7
e 152.41287 913.81812 6
e 121.44943 772.12312 6
e 62.19346 739.63188 7
e 115.55472 606.29936 7
e 143.12202 1059.70534 19
e 29.67701 771.50707 14
e 45.69732 679.35243 10
e 119.38238 519.95750 9
e 25.61636 390.80783 7
e 157.99641 922.04738 10
e 114.73173 746.42820 6
e 132.60825 513.95474 11
e 85.37123 1011.99649 10
e 273.71742 665.38179 11
e 118.07460 551.90840 8
e 119.55801 790.69338 13
e 11.58222 767.28751 8
e 67.73574 693.32795 9
e 126.38321 890.83506 8
e 129.27003 495.32205 14
e 111.71115 593.52240 8
e 236.78591 632.43778 8
e 147.12114 602.42640 11
e 22.22983 548.68834 15
e 148.87787 552.27165 8
e 71.24049 650.71598 7
e 85.13426 949.96940 8
e 134.76976 617.97295 5
e 7.14022 570.12107 10
e 104.54704 1029.62364 9
e 67.51539 497.04867 12
e 13.76383 747.98408 12
e 224.59256 607.11865 6
e 272.57583 843.07144 10
e 277.67870 546.68267 11
e 68.94850 974.00463 11
e 140.84742 1057.12937 4
e 94.29758 305.33539 6
e 182.58100 722.06165 13
e 186.03433 595.79961 12
e 17.64549 857.07853 7
e 128.35532 752.87468 19
e 182.82870 690.61267 8
e 169.54381 714.67124 11
e 21.41622 713.91199 6
e 217.70404 729.33890 10
e 90.46943 556.82657 4
e 3.64903 620.53844 5
e 34.61441 692.02752 13
e 88.75739 722.15699 11
e 73.97470 812.85993 11
e 142.55585 531.06938 12
e 136.39381 555.73754 7
e 157.77351 716.24744 8
e 230.90893 948.99595 10
e 162.44006 417.49598 7
e 46.26992 661.72624 8
e 24.77620 770.67036 10
e 143.09613 911.72198 9
e 270.12358 757.62623 10
e 62.42523 738.10060 8
e 152.48371 628.92942 7
e 31.69751 499.58336 9
e 423.16099 706.16666 9
e 55.99224 494.88278 13
e 86.51139 611.10020 9
e 326.87231 825.36464 15
e 234.50397 721.65381 7
e 79.81102 571.56988 5
e 23.23516 611.45660 6
e 22.09039 790.51870 5
e 155.97814 597.41959 11
e 120.40517 777.95849 4
e 91.91116 711.63728 12
e 112.19806 696.97613 10
e 121.66432 796.89803 9
e 120.35434 617.00075 11
e 244.67850 444.10836 9
e 10.93757 576.15049 12
e 99.45936 464.78584 6
e 157.66278 972.92632 15
e 96.73207 880.29231 6
e 74.02115 528.23117 10
e 156.95372 741.43344 6
e 71.75773 420.11446 7
e 37.32805 885.10248 8
e 324.68090 809.04225 12
e 68.74722 778.95103 10
e 245.70836 718.60973 6
e 18.63652 798.84984 10
e 96.76799 620.94265 3
e 155.16919 883.78155 7
e 116.45641 908.64764 8
e 125.92508 931.07456 12
e 142.19855 659.99274 6
e 39.98273 720.90665 7
e 173.74069 673.01116 11
e 47.27990 725.73693 10
e 153.49210 742.58791 11
e 83.82470 576.59778 11
e 197.45304 769.82160 7
e 189.95086 693.30999 7
e 208.44054 802.57180 9
e 195.52901 786.78930 12
e 137.47454 944.09500 7
e 85.36612 736.05355 8
e 33.41248 522.92187 9
e 104.22803 911.46795 8
e 27.13167 894.88901 13
e 68.95884 346.06722 7
e 23.94410 692.81662 6
e 255.69136 572.34211 9
e 91.11018 636.39947 8
e 194.28905 722.99158 7
e 145.59919 645.52657 9
e 37.39902 889.09437 11
e 89.01709 696.66539 11
e 207.53193 813.83979 11
e 102.57204 682.15467 10
e 31.96954 1004.46135 8
e 125.64852 634.34628 9
e 199.29851 762.03738 9
e 4.43975 779.36536 9
e 226.04041 729.68822 10
e 271.33263 653.34753 11
e 158.87650 603.10425 7
e 63.63775 630.28140 11
e 55.86600 834.81727 10
e 132.98499 688.90744 7
e 20.77170 344.18570 13
e 127.78020 884.23775 8
e 10.80759 661.89118 10
e 139.25058 928.02756 11
e 173.04203 742.54819 10
e 118.39834 761.94972 4
e 190.24981 326.68951 12
e 75.58486 623.04034 5
e 185.73346 575.95273 14
e 40.28008 508.11184 16
e 114.29449 600.68586 6
e 12.28192 788.81717 8
e 205.32064 497.36357 7
e 22.20101 588.43952 8
e 99.93393 703.84176 4
e 107.71301 989.43427 4
e 24.48618 886.98689 12
e 89.67149 696.51711 12
e 70.18287 824.83726 9
e 43.21381 884.11176 14
e 241.62566 679.22085 6
e 114.34056 331.87735 8
e 99.91032 810.57170 9
e 200.74888 924.42399 9
e 41.62839 428.41131 12
e 137.80760 324.73561 10
e 36.39100 498.64678 6
e 3.30052 984.72962 10
e 228.57342 858.85365 5
e 311.33419 1015.66829 9
e 67.36154 810.26493 9
e 92.24673 778.87342 10
e 236.22174 600.84456 11
e 40.15381 695.60656 13
e 175.47499 528.14805 12
e 128.61136 438.93250 9
e 285.67218 755.31522 10
e 48.44537 483.08881 7
e 213.68452 433.93828 10
e 36.61206 923.89527 9
e 78.43193 733.99703 9
e 155.52868 693.56109 11
e 248.94675 949.46457 9
e 39.36267 604.48219 5
e 131.88624 574.60146 13
e 345.51301 902.46535 9
e 234.07380 529.67833 7
e 123.93753 841.24616 5
e 397.23559 633.92722 13
e 35.98461 840.34683 12
e 12.35345 743.06053 13
e 112.10980 739.93173 9
e 114.37976 722.63582 8
e 165.16140 482.97668 10
e 185.17988 817.67966 9
e 150.27974 850.64295 10
e 99.52549 739.09527 11
e 132.57360 806.28854 15
e 109.11498 590.22306 8
e 275.63731 701.61502 10
e 17.44072 761.77862 15
e 51.98543 753.79643 9
e 310.34237 611.09572 9
e 122.89688 457.46839 7
e 142.90252 649.60422 14
e 73.74672 667.99656 10
e 173.16605 640.94639 7
e 155.14458 440.25409 5
e 68.10314 719.56758 12
e 91.94242 745.74493 11
e 50.86651 871.55914 9
e 210.13163 594.17332 8
e 109.27621 521.28886 9
e 188.41205 786.01807 9
e 164.50186 530.53764 9
e 37.55274 641.85401 12
e 81.70800 793.21250 13
e 158.76433 752.13074 8
e 70.75195 737.15718 8
e 113.79542 729.61162 10
e 20.72523 643.37059 7
e 45.68398 667.51672 12
e 149.96526 604.61363 14
e 60.29407 559.60143 7
e 97.55108 776.38196 11
e 191.74991 560.74379 12
e 147.31866 603.39228 5
e 97.53121 788.13537 10
e 240.90925 710.48344 7
e 42.66787 415.98327 8
e 51.06806 960.81584 7
e 142.08785 739.85550 14
e 106.95160 366.66654 9
e 84.50261 927.57677 17
e 204.36749 734.53847 10
e 139.13050 742.09358 6
e 162.39007 625.10111 10
e 166.57206 543.33785 5
e 94.00203 784.01403 7
e 98.21757 626.47108 11
e 93.22350 731.02862 6
e 107.82692 357.49467 11
e 41.63489 575.52648 16
e 32.42465 879.81389 11
e 165.58348 766.86729 10
e 41.04567 606.59648 3
e 154.67571 765.93368 10
e 311.23883 539.54464 6
e 96.08400 557.80922 14
e 25.40115 824.86698 6
e 58.19487 1078.00232 6
e 104.44420 675.66467 12
e 109.28801 742.90065 5
e 39.85584 697.97084 9
e 64.50591 569.58089 10
e 120.13351 525.78103 11
e 42.85815 696.42142 6
e 154.37141 588.57874 12
e 216.42874 484.31986 7
e 113.78520 856.21390 5
e 28.90410 418.93827 14
e 62.27697 853.90015 11
e 236.70012 721.89729 9
e 92.28296 661.81663 10
e 192.23954 914.37151 6
e 127.06888 749.90983 5
e 204.58415 904.16507 9
e 83.57789 659.60367 12
e 27.27026 645.54961 10
e 23.26716 668.16099 10
e 157.91503 727.74380 13
e 25.76343 533.41390 11
e 0.74442 655.36439 8
e 223.21796 804.33513 3
e 321.92861 835.31970 11
e 195.58724 861.73506 9
e 161.74786 791.01538 8
e 99.73512 306.11741 4
e 29.98085 859.51499 15
e 132.33653 712.96805 10
e 171.28417 833.39964 7
e 142.25294 776.43466 7
e 15.24371 757.15139 6
e 120.22690 651.06182 11
e 22.72115 643.07246 9
e 178.31040 788.65495 9
e 59.61921 661.56814 12
e 130.73600 392.76170 6
e 145.56821 668.65639 7
e 189.38525 655.49154 11
e 17.69791 1038.48598 9
e 144.40494 605.72329 17
e 15.32122 723.67875 9
e 23.04508 642.34655 10
e 145.85172 797.81734 12
e 87.98425 541.58484 6
e 131.10665 956.75311 7
e 107.72491 873.19192 11
e 127.49956 685.76622 10
e 59.56876 743.15157 10
e 145.22135 485.14447 8
e 56.45112 552.63013 6
e 199.48285 606.63824 10
e 179.29183 743.81250 5
e 76.80076 586.22751 14
e 41.83512 693.58078 7
e 122.04873 658.06983 9
e 144.33244 706.82546 2
e 285.68845 851.80097 9
e 246.21769 814.04607 8
e 178.16431 810.56000 6
e 158.43092 818.48492 11
e 207.37634 764.76644 9
e 196.65742 604.04779 10
e 53.77562 789.08847 5
e 274.50817 622.36992 9
e 93.34855 636.53087 12
e 17.02948 812.97809 11
e 313.42531 530.35948 5
e 106.84496 983.76857 8
e 83.88591 589.51021 10
e 119.85272 688.41074 9
e 196.73603 454.26069 7
e 306.38544 911.06700 9
e 233.29993 806.30350 11
e 53.31738 577.49310 7
e 58.00524 523.60098 12
e 185.35907 836.16120 6
e 76.41798 735.78799 8
e 100.86716 576.99207 9
e 211.38513 1052.86853 7
e 148.79500 564.76184 16
e 111.70168 748.43352 9
e 18.78572 562.56423 11
e 318.98736 842.97297 13
e 207.47607 302.32681 12
e 178.27552 544.34346 7
e 272.45802 507.66714 9
e 261.58197 149.38253 9
e 200.45308 104.06147 7
e 159.86452 336.13600 11
e 503.77146 465.19826 6
e 200.13112 429.46687 6
e 197.21206 430.29482 10
e 171.35148 384.60038 11
e 350.70430 430.70107 10
e 402.43332 182.80143 11
e 226.82168 335.55133 14
e 269.71010 279.46786 9
e 284.61815 82.90863 10
e 397.35124 423.76273 3
e 261.90251 376.34149 9
e 414.45007 574.82284 10
e 179.15084 231.12333 18
e 228.47933 428.00583 10
e 257.79270 624.43860 5
e 386.14021 423.68911 8
e 227.39682 395.72539 11
e 255.80077 292.31385 10
e 376.10995 515.92658 8
e 206.49340 581.27313 8
e 426.02003 384.04466 9
e 287.76880 301.07457 8
e 268.46166 82.57534 6
e 326.98774 291.61589 7
e 284.56442 302.62912 9
e 205.41877 474.02536 7
e 284.78420 524.54274 7
e 256.58440 650.91067 8
e 188.55561 701.91296 8
e 249.67492 442.35483 8
e 403.24413 380.14254 8
e 433.25355 177.59516 10
e 286.26280 211.50724 10
e 215.95078 405.91577 7
e 324.64160 650.92713 3
e 274.22805 494.85884 6
e 166.72923 352.87667 6
e 448.30887 634.01009 9
e 227.90152 434.72628 13
e 304.40499 135.26049 12
e 507.04487 226.37230 11
e 342.70566 532.30133 10
e 306.06277 614.15104 4
e 306.18692 479.09859 6
e 374.68516 489.84310 5
e 441.20647 289.80024 11
e 223.75328 407.31421 8
e 242.95721 536.11129 8
e 252.59878 470.16239 7
e 440.29579 140.98343 4
e 234.69086 518.68380 6
e 49.12776 485.76387 6
e 420.65518 427.95454 7
e 167.05318 439.04188 6
e 379.28821 544.53391 7
e 331.64839 340.83753 12
e 382.96009 374.70931 15
e 365.65600 300.26871 10
e 173.25453 239.21603 6
e 200.89807 301.59551 11
e 337.46578 393.32006 10
e 297.55719 149.61436 8
e 35.66718 527.32677 10
e 386.71004 321.27226 10
e 118.75600 133.46443 7
e 317.43309 350.40661 6
e 491.93942 436.34305 14
e 207.01005 182.15686 9
e 293.69556 425.90033 7
e 301.44607 332.92299 13
e 308.37826 235.33922 16
e 214.45386 193.13916 15
e 290.65771 133.88306 12
e 317.58514 347.77657 7
e 380.41849 446.76846 12
e 370.21239 349.80434 5
e 185.57051 363.12898 9
e 407.00852 629.77889 10
e 363.60158 150.94432 11
e 273.98202 332.37022 11
e 278.03330 440.25629 8
e 199.62327 404.58908 11
e 280.65882 161.37597 12
e 308.92375 403.99820 8
e 356.79664 594.50093 10
e 359.56512 458.82008 9
e 350.28765 171.95455 5
e 303.38146 335.86461 9
e 221.97979 135.78289 10
e 315.85496 409.58434 20
e 223.40726 249.34120 9
e 517.09140 221.03449 10
e 358.01025 458.68014 8
e 293.19591 305.64803 7
e 406.62902 443.91019 8
e 286.35126 303.04390 6
e 232.76485 592.43110 6
e 383.11494 324.70009 9
e 226.56643 447.23600 8
e 132.04949 369.53985 9
e 311.68606 626.94603 8
e 263.21156 289.34104 13
e 277.04597 370.89998 12
e 358.06485 382.92824 10
e 429.95751 300.56027 9
e 185.92899 33.81568 4
e 301.07814 246.95650 21
e 161.74311 429.78860 13
e 228.30926 133.64117 10
e 323.14891 458.91367 10
e 428.88026 308.77138 8
e 280.63100 360.13814 6
e 122.64299 349.46535 10
e 364.68356 503.83045 9
e 247.46525 52.90642 8
e 232.45923 40.24018 9
e 457.66773 288.38906 8
e 299.66268 557.86092 14
e 156.02706 469.44941 15
e 174.61469 144.35397 11
e 329.31315 686.23858 12
e 327.34514 189.41097 8
e 356.90496 441.53935 8
e 296.61140 205.68405 12
e 362.64808 556.70993 5
e 502.04853 316.62762 6
e 122.26115 160.47595 11
e 86.30258 602.14440 8
e 320.41342 355.76971 8
e 312.16172 493.76167 9
e 160.21515 195.63926 5
e 315.97431 326.80050 10
e 272.19438 275.87891 9
e 335.98145 566.89087 11
e 227.78537 292.88471 8
e 271.32500 168.60094 7
e 225.13069 435.41905 8
e 119.39623 267.55465 5
e 342.35340 557.71034 9
e 256.89961 296.80319 7
e 337.27010 326.12481 9
e 388.90701 245.78835 3
e 267.00731 209.07823 5
e 212.28075 336.98393 9
e 273.55097 583.47152 10
e 197.20788 71.37580 4
e 247.56725 451.29512 6
e 268.25213 256.20278 11
e 232.74040 361.83080 7
e 262.28068 418.19106 6
e 245.38827 193.04303 8
e 266.28780 497.05400 10
e 216.08513 446.61019 10
e 397.63851 570.56429 9
e 295.62206 435.76664 9
e 298.72682 557.77348 8
e 381.15058 109.91345 7
e 287.85925 508.56991 9
e 94.00177 428.83225 10
e 320.97376 299.07424 8
e 352.30567 271.22785 6
e 332.88712 377.69077 11
e 273.73305 162.08314 13
e 190.94365 343.38191 8
e 135.31358 515.31270 6
e 388.29740 394.34051 8
e 8.03144 321.74031 17
e 160.96222 560.32626 7
e 403.01189 545.57905 13
e 352.09754 269.97040 4
e 341.34196 160.24194 8
e 313.49582 261.75628 16
e 253.80660 209.01641 9
e 452.43080 313.26527 13
e 354.20864 427.53931 4
e 218.28835 472.34717 12
e 331.08636 230.89035 9
e 182.37023 282.73507 11
e 331.21414 332.81716 6
e 134.24351 533.54446 7
e 439.41745 381.31476 9
e 112.91862 588.19118 8
e 117.52322 222.85510 15
e 392.38069 278.59968 13
e 86.18500 444.50529 13
e 317.66588 335.31285 13
e 424.62964 200.26105 11
e 312.00677 467.72915 12
e 313.79267 602.03858 11
e 238.63171 502.06204 7
e 264.59257 208.80605 11
e 170.25149 561.85441 16
e 247.86186 880.31647 8
e 336.20421 644.20459 9
e 331.27208 460.77871 3
e 269.57194 68.50994 8
e 151.79215 504.54692 17
e 363.25273 398.33109 6
e 199.40397 271.04100 14
e 282.12325 494.18558 17
e 242.67162 122.23060 11
e 290.23888 447.86112 10
e 309.25214 388.85662 10
e 338.87854 293.96564 8
e 350.81840 190.47207 6
e 182.94294 395.48210 8
e 363.56312 376.05428 8
e 328.17545 336.58591 9
e 238.49371 588.95490 5
e 182.47089 225.53859 11
e 148.45690 562.20773 11
e 287.65368 529.74544 8
e 201.73684 619.10292 10
e 439.31059 469.66940 8
e 192.53765 281.16465 12
e 303.53651 409.68429 12
e 345.47371 91.69467 9
e 310.59026 652.19714 9
e 145.43958 289.71695 4
e 278.15591 372.95585 10
e 478.28427 306.38777 14
e 323.99786 377.50966 13
e 252.56777 246.63826 11
e 211.26361 572.16591 9
e 212.66568 75.25527 3
e 360.58129 573.20762 9
e 174.60386 261.72151 10
e 441.85907 361.17685 11
e 425.71923 77.16193 5
e 296.87235 347.55523 9
e 360.20653 88.89469 9
e 349.18228 488.11063 14
e 223.45127 399.84748 8
e 329.09692 368.62276 11
e 107.78287 268.02981 10
e 122.58765 213.73203 9
e 75.26117 268.06682 7
e 310.60958 463.32385 8
e 327.47493 455.64699 9
e 269.63694 195.24051 7
e 307.64445 252.22272 8
e 381.82996 474.48084 8
e 373.49588 235.49757 6
e 309.35788 353.02145 14
e 189.66428 491.14129 8
e 426.76487 323.62420 9
e 408.19372 251.06511 10
e 300.25139 201.37311 9
e 320.25844 398.01404 7
e 333.52277 292.79275 7
e 199.40221 262.84232 6
e 251.87683 550.47003 7
e 373.67499 553.35049 14
e 153.36898 203.09569 8
e 317.97820 347.05058 9
e 533.63038 265.38376 10
e 399.47405 707.67064 8
e 403.69992 315.28563 7
e 279.23656 381.94799 7
e 230.79728 292.69126 14
e 215.40494 353.81534 8
e 403.73186 402.44453 3
e 388.24160 622.29781 14
e 216.98644 314.31601 10
e 316.21180 343.91889 12
e 359.62710 403.82560 7
e 339.23352 309.14482 12
e 396.62326 288.65695 10
e 228.80024 304.43702 10
e 200.55811 495.94860 6
e 104.54612 569.82927 7
e 277.98624 293.15676 8
e 403.38982 348.53677 10
e 191.47452 592.48005 7
e 229.99170 213.33491 7
e 290.73244 162.41318 5
e 216.43876 420.47799 7
e 318.25262 525.30776 9
e 271.19955 455.84379 13
e 322.62125 521.07366 19
e 398.87257 358.26956 6
e 184.56209 506.55362 18
e 348.89783 231.69018 9
e 242.79846 283.27574 14
e 327.51839 254.64697 14
e 278.54495 482.25454 10
e 221.26314 157.51431 8
e 135.23502 547.47512 8
e 167.50645 326.76436 7
e 226.77754 261.54607 7
e 231.36156 595.80721 3
e 288.79545 439.20297 13
e 421.33871 539.36943 7
e 176.42140 318.20670 9
e 298.45417 477.71019 7
e 243.36756 329.77138 18
e 234.85006 587.00094 8
e 294.06339 242.99254 10
e 296.17838 290.73631 7
e 230.46872 467.39067 8
e 195.21947 289.17567 12
e 424.10465 82.42248 12
e 327.01958 474.04117 6
e 94.68245 416.97404 7
e 362.81504 359.03442 8
e 282.93543 407.07202 6
e 145.10617 468.60938 10
e 141.05438 449.30347 14
e 156.27167 378.29715 9
e 324.53513 261.59896 7
e 237.22500 354.83225 8
e 249.35394 445.71697 13
e 250.88244 312.90631 11
e 328.77897 248.44272 9
e 182.50895 352.23933 12
e 347.42406 349.01273 14
e 405.61644 224.89651 6
e 339.71570 449.04411 16
e 395.46848 363.18758 11
e 392.13628 267.59040 8
e 264.67427 445.54860 6
e 176.63663 409.23528 8
e 283.00664 566.43016 9
e 530.68208 557.93936 16
e 244.82388 502.30577 9
e 419.29866 466.57554 6
e 166.56387 258.90899 10
e 217.42188 384.56800 10
e 93.77116 367.49913 16
e 297.25369 507.31482 14
e 276.51392 402.49816 7
e 281.47534 394.26676 4
e 289.80828 248.03910 5
e 195.53335 358.69049 15
e 299.50445 127.57230 9
e 323.18415 286.85177 12
e 178.47483 147.08209 14
e 416.98037 459.93444 12
e 275.67723 399.82136 10
e 273.06780 458.87935 10
e 280.63630 523.01085 8
e 331.57776 257.05958 9
e 215.44581 433.57453 11
e 339.90854 390.79572 9
e 231.93701 412.60965 10
e 248.58171 401.49301 15
e 299.04090 474.24810 13
e 264.00633 275.82221 7
e 263.76205 74.54500 6
e 335.97286 289.80005 9
e 313.47171 271.92049 12
e 226.82657 415.64140 12
e 114.09696 618.23699 10
e 342.98433 379.07448 12
e 290.16488 302.52710 10
e 300.61784 491.47617 9
e 255.74815 384.10572 9
e 179.72933 262.64417 6
e 411.71203 207.54547 6
e 378.10066 441.06239 7
e 269.99678 429.30566 8
e 188.57385 527.83383 9
e 281.12879 517.40096 4
e 184.23377 293.52344 6
e 289.97522 571.14903 9
e 275.21072 462.99648 6
e 323.19228 369.59082 11
e 381.65610 334.02713 8
e 265.97048 488.67325 10
e 252.97012 349.13493 8
e 221.79946 601.72670 8
e 278.70604 391.02148 13
e 139.16288 682.06003 8
e 501.91700 665.51490 7
e 392.84750 549.08204 4
e 260.43822 200.56030 7
e 258.39443 474.65413 10
e 271.34935 421.73501 5
e 190.35211 375.85925 14
e 274.85720 500.31864 9
e 299.03798 613.73135 8
e 216.09431 329.55384 9
e 282.79187 406.06438 15
e 462.70158 378.70002 6
e 349.41344 236.34788 6
e 285.87307 498.20731 8
e 413.00992 660.43272 3
e 408.34395 494.26297 7
e 308.10831 318.75267 7
e 159.39006 180.75958 4
e 270.98927 386.07879 8
e 214.81218 228.65094 9
e 155.20740 405.79885 6
e 227.48870 287.36988 8
e 178.15884 359.45292 14
e 379.33126 485.44371 13
e 472.66239 72.51446 7
e 271.32954 373.16938 11
e 235.41068 484.60602 8
e 262.46921 477.15330 6
e 157.75816 400.62199 11
e 196.26502 225.97514 9
e 395.24273 442.58723 6
e 373.62164 252.59154 11
e 250.44982 388.34531 10
e 211.74466 391.98267 13
e 365.93333 188.61405 8
e 262.47434 529.42597 10
e 244.13498 119.55512 12
e 253.57676 637.13233 9
e 220.31314 78.49991 7
e 207.71785 202.26914 10
e 468.27165 227.59373 8
e 383.68157 277.12653 8
e 189.23052 354.20921 8
e 206.68943 418.92683 10
e 302.28477 593.34093 11
e 280.10255 510.45648 18
e 176.91419 448.54316 5
e 200.15639 451.25940 5
e 396.64542 299.96777 11
e 374.43773 130.20440 11
e 341.16403 330.83217 9
e 141.99821 402.42256 8
e 295.32443 365.34248 5
e 367.55649 448.20092 12
e 307.37813 453.79294 7
e 201.79911 235.81985 4
e 238.75404 442.81450 11
e 294.47562 254.43504 10
e 284.72614 437.70613 7
e 502.79374 408.47269 7
e 359.03412 335.44625 11
e 241.39175 529.27029 13
e 277.68432 233.06573 13
e 368.27244 222.03214 10
e 124.28063 307.26106 16
e 337.79083 667.89949 7
e 340.57497 227.60457 9
e 259.35013 497.49108 8
e 362.14347 822.91876 17
e 160.20961 263.13028 9
e 304.28236 345.66958 9
e 229.68667 420.72888 12
e 504.48071 640.92178 8
e 263.96340 501.85688 8
e 273.93407 496.67419 12
e 304.47659 162.86568 9
e 295.45366 402.09934 12
e 579.17587 852.98863 4
e 299.99192 644.18537 10
e 145.82680 499.11157 10
e 150.80199 264.19560 11
e 342.60795 488.48690 9
e 585.89195 299.17990 7
e 348.23309 515.46321 5
e 211.67501 473.55200 5
e 241.98539 96.70875 10
e 346.70079 328.75692 8
e 190.15413 403.28096 10
e 351.06769 270.52956 14
e 202.76184 579.83730 5
e 261.10766 601.18514 5
e 271.08619 697.27074 7
e 208.41663 96.06975 9
e 357.55907 274.32920 7
e 398.68607 531.35848 8
e 267.53356 411.39840 11
e 323.70260 78.93359 9
e 362.49721 397.99803 11
e 420.34101 389.03275 7
e 293.66719 384.30746 6
e 378.20271 293.06711 7
e 232.26354 682.14699 13
e 382.94848 367.59640 12
e 324.75167 269.07036 7
e 300.58024 503.79472 9
e 270.68493 558.64114 14
e 270.26311 372.57241 18
e 441.60228 382.99210 11
e 360.34414 83.88434 9
e 158.80784 625.67821 7
e 325.68951 236.98692 4
e 380.77527 326.40874 10
e 340.96862 398.33688 7
e 146.73390 693.48081 5
e 295.51078 346.99612 4
e 289.55254 116.98513 14
e 220.74692 188.47374 7
e 243.24029 478.44868 8
e 291.61819 478.63923 7
e 352.79084 431.86664 8
e 372.93892 183.28484 8
e 229.67539 124.17950 9
e 353.73533 296.75722 8
e 372.81826 267.48868 6
e 217.37147 267.81760 7
e 308.25119 164.67505 8
e 83.57796 348.68409 11
e 407.77655 377.39364 7
e 440.13210 286.00785 13
e 346.96510 645.77191 15
e 269.06362 320.41470 8
e 284.19444 495.14230 9
e 373.45294 356.24330 11
e 295.37165 745.73975 6
e 407.16651 430.61209 8
e 427.05224 548.07672 10
e 160.95278 242.68776 9
e 264.68579 574.72343 5
e 288.08555 489.85626 10
e 276.64032 205.79614 7
e 251.21718 438.86864 8
e 354.87265 491.72660 7
e 268.62394 137.98078 10
e 288.65680 368.28635 7
e 201.47818 377.69097 9
e 457.79062 467.61809 11
e 293.13443 124.40500 12
e 199.62446 647.94895 8
e 310.16019 207.51938 7
e 339.31475 381.58364 10
e 287.04035 480.60893 11
e 399.74372 362.77750 6
e 359.07391 369.53476 7
e 327.34342 600.26289 4
e 285.75171 202.97792 13
e 310.93966 419.07323 9
e 174.19408 237.80697 17
e 353.39418 202.91109 12
e 235.27675 418.44064 11
e 417.37458 59.94824 10
e 408.30729 433.88170 8
e 225.62320 708.48090 6
e 283.73016 399.14672 7
e 355.70232 513.14419 10
e 318.30479 172.44393 6
e 408.00891 577.63175 8
e 177.01552 258.49803 7
e 168.81322 465.32570 7
e 374.43488 19.54234 8
e 381.17420 373.05559 4
e 215.19313 199.10634 9
e 27.55947 362.57017 5
e 262.15871 522.15758 8
e 339.15402 462.64369 16
e 314.01944 514.14787 5
e 164.04779 312.43840 9
e 232.77509 272.27254 7
e 312.18988 640.84920 11
e 213.93188 172.38810 11
e 222.30128 553.19090 9
e 307.78042 55.67667 9
e 241.51296 34.12195 7
e 292.72473 408.85521 10
e 426.84025 304.53755 7
e 318.11200 175.44935 10
e 160.47256 254.56725 9
e 257.92350 458.16105 4
e 94.77938 317.49638 12
e 330.64905 266.99560 9
e 257.99140 369.48384 17
e 159.01196 333.22332 8
e 333.84459 15.11844 10
e 233.04341 480.36157 10
e 303.62072 143.73186 9
e 407.37843 199.11930 10
e 482.53713 661.85096 13
e 201.46947 570.49476 6
e 359.91849 289.91773 7
e 444.56507 436.22107 16
e 100.31901 434.48426 8
e 266.41040 653.35110 10
e 153.92598 302.52849 13
e 367.52356 572.60572 11
e 263.66483 389.99692 13
e 353.13861 391.58226 4
e 352.73008 503.17571 9
e 308.79655 533.14052 5
e 138.26992 405.95082 4
e 343.40896 532.99895 9
e 200.74952 389.86761 7
e 374.57935 240.47627 7
e 37.08579 423.54284 10
e 189.07537 429.90857 8
e 324.27928 481.29580 9
e 275.38692 582.48234 11
e 313.65758 614.65699 9
e 362.79157 406.73059 10
e 272.41568 795.66312 11
e 324.15255 242.09562 6
e 340.43440 641.00497 8
e 221.66071 307.94919 11
e 494.89161 510.28494 11
e 194.13616 327.72239 9
e 128.04110 425.32174 8
e 289.28085 267.21114 11
e 484.47197 414.42036 7
e 336.68818 91.57102 11
e 258.43984 229.30452 6
e 194.35023 268.54551 10
e 299.89038 637.63076 9
e 255.26776 490.47412 12
e 254.44960 219.63875 11
e 378.58598 424.65657 7
e 211.75359 228.31807 8
e 252.22081 428.21079 12
e 197.67624 368.44282 10
e 118.98158 366.50919 8
e 180.54751 402.92820 6
e 223.56771 493.21252 5
e 367.18551 583.57330 10
e 422.64873 219.75396 8
e 296.41483 332.96024 6
e 394.07087 454.05758 12
e 287.56911 117.95331 11
e 275.26224 197.02848 5
e 146.88302 407.11870 6
e 274.40155 274.48236 8
e 378.33748 341.78459 10
e 245.79489 672.41107 13
e 323.32507 458.83156 17
e 284.83039 523.91118 7
e 298.86815 245.57060 4
e 178.39406 245.16910 9
e 412.51462 150.59314 10
e 229.82153 500.67549 10
e 328.78967 231.15889 14
e 254.35496 511.83173 14
e 303.36502 265.82787 7
e 265.17541 464.41960 6
e 253.46842 466.29717 8
e 240.61933 410.15629 4
e 271.87306 348.78881 10
e 368.40619 476.93773 6
e 235.12861 403.45309 8
e 426.43633 203.43168 7
e 441.38899 97.50224 10
e 284.14081 430.27535 6
e 392.52145 164.81860 15
e 380.48392 165.36229 3
e 174.34994 244.83188 7
e 338.44967 231.71073 8
e 354.87603 701.90549 9
e 163.36321 308.02184 9
e 262.20904 334.24333 5
e 424.06111 538.48116 7
e 373.19988 452.56322 8
e 246.38859 158.67874 4
e 375.50398 183.01973 12
e 255.23291 339.04294 9
e 437.87895 9.62013 10
e 187.48413 298.41508 12
e 270.28958 298.84160 7
e 323.47735 615.27302 9
e 305.33236 326.08868 14
e 106.92678 332.59820 8
e 298.06175 290.87437 7
e 209.87014 321.29231 8
e 289.23636 400.19294 9
e 336.40258 264.12660 10
e 229.14477 307.07990 10
e 162.98187 234.38005 9
e 212.76107 159.78491 11
e 176.39763 340.38550 13
e 218.37753 640.22956 15
e 363.24657 114.57963 8
e 306.01905 203.03239 13
e 203.62889 486.17304 7
e 357.96632 638.53309 7
e 195.65356 327.74633 13
e 369.34032 438.24737 12
e 190.25479 165.30440 9
e 273.73034 543.05638 9
e 251.02147 657.47461 9
e 228.61305 299.47768 8
e 358.47590 239.45604 14
e 200.58904 546.18444 10
e 233.50221 398.03525 10
e 188.64859 423.62863 8
e 348.26795 511.66258 6
e 184.77691 149.58884 7
e 271.10213 367.17256 14
e 288.01635 514.07948 10
e 233.49812 139.97295 7
e 292.66696 428.83841 12
e 303.43009 426.54083 13
e 259.13183 354.79077 9
e 276.51110 258.89882 5
e 324.06033 490.85297 12
e 247.06010 322.64403 4
e 443.83769 532.68736 9
e 312.07813 461.02206 13
e 350.71555 490.47318 11
e 219.52227 411.62119 8
e 353.23409 601.08283 9
e 369.10862 310.91114 9
e 201.33952 740.18325 10
e 315.90933 292.40721 7
e 295.28615 191.54777 8
e 334.82579 728.83120 9
e 368.74871 379.66029 8
e 412.98812 51.59618 5
e 420.74939 289.05225 9
e 226.35664 186.36917 8
e 417.60336 221.71870 5
e 269.58286 306.64653 12
e 282.14459 375.81094 7
e 401.80943 434.12571 10
e 355.15628 581.85889 8
e 413.48914 385.74867 14
e 245.81778 274.31017 6
e 375.87865 335.59301 11
e 259.37279 103.29415 7
e 279.67523 427.83585 13
e 319.69170 393.01000 12
e 317.04631 446.45421 12
e 368.96694 302.20934 7
e 185.21652 523.59511 11
e 352.26814 463.92596 6
e 270.46040 279.35072 13
e 132.67930 15.83376 6
e 376.02729 104.89668 4
e 213.00295 264.14891 13
e 388.76645 361.78338 10
e 298.45004 218.31772 14
e 259.42079 257.99198 8
e 219.57220 416.84641 6
e 321.87082 381.78608 11
e 380.46532 184.02042 6
e 436.52137 469.60958 10
e 323.81745 436.10289 12
e 160.95378 95.14465 9
e 392.66067 766.40293 14
e 282.72303 657.75724 5
e 257.59612 425.20117 9
e 317.45188 431.35749 8
e 259.47732 606.40784 11
e 355.33754 125.14633 8
e 267.89208 424.80219 6
e 304.03652 465.60289 10
e 342.50269 570.67483 8
e 193.94875 355.63236 12
e 253.41649 772.09148 4
e 346.06754 387.53008 13
e 312.69013 286.23474 9
e 229.79951 199.34120 11
e 317.79996 226.39248 9
e 264.67635 447.55788 11
e 277.35448 568.71934 10
e 171.14072 253.27769 9
e 233.16446 268.17383 5
e 233.87493 361.08660 6
e 420.47900 308.99513 7
e 343.50667 362.98505 9
e 362.78196 327.53545 6
e 231.52361 491.27070 10
e 148.72903 335.13253 7
e 170.57606 592.10215 6
e 381.42352 354.26651 6
e 295.16712 263.44625 8
e 429.72960 346.12768 14
e 344.50764 356.79043 12
e 230.42976 251.43025 13
e 514.13476 415.88159 8
e 282.58563 179.94735 7
e 371.33557 450.89251 6
e 367.16996 484.09969 7
e 216.37860 414.27140 6
e 209.36178 211.97613 10
e 207.71478 359.63483 8
e 194.82034 491.42453 10
e 439.38779 179.31443 8
e 218.07102 285.96009 8
e 210.34761 296.25340 8
e 253.39511 312.83366 6
e 306.22246 290.64334 6
e 352.46193 309.27253 8
e 176.63182 529.85328 3
e 268.69707 333.26913 13
e 340.13009 341.84255 18
e 371.27926 597.42543 6
e 308.29678 245.69923 8
e 341.17257 266.85938 7
e 378.40446 452.57872 10
e 152.63682 284.43452 8
e 319.68062 372.18762 18
e 354.36476 667.86039 12
e 436.63159 483.52348 8
e 296.40861 456.89365 9
e 208.38556 492.53121 14
e 312.89750 702.77190 10
e 252.25929 639.85738 11
e 133.00694 431.02967 7
e 552.10775 728.56017 13
e 533.69903 771.24960 4
e 717.71796 496.73504 10
e 640.64692 543.28344 10
e 597.23862 856.88246 8
e 676.82627 639.82663 7
e 567.66993 862.07415 9
e 561.00144 810.21094 9
e 490.62073 657.43763 9
e 568.79197 721.42471 6
e 638.28587 1006.75414 11
e 671.06055 621.39961 10
e 622.25452 791.60856 15
e 536.85218 720.43776 10
e 687.69078 880.49929 11
e 596.78247 799.68535 15
e 620.55930 328.39727 12
e 623.80916 678.30379 7
e 599.28680 721.45669 7
e 648.77655 782.84896 4
e 495.25530 781.65577 10
e 542.62187 549.25362 7
e 574.16547 704.51655 5
e 717.93251 920.35306 7
e 563.80718 682.53784 6
e 611.45929 464.84962 7
e 459.45583 546.41960 8
e 610.56786 688.04688 10
e 613.06951 598.92669 13
e 587.74846 663.27242 10
e 531.56932 754.60192 11
e 611.67559 670.10827 8
e 598.09832 816.74457 9
e 694.75397 456.87205 10
e 589.79158 806.12322 8
e 699.71212 901.61197 11
e 630.61909 755.77743 8
e 628.98771 640.77533 8
e 578.52423 754.77116 11
e 617.56301 568.16008 4
e 707.26982 776.54258 13
e 613.55994 731.77825 12
e 621.69124 743.11797 14
e 701.74979 478.61560 9
e 656.02435 416.88101 9
e 605.46443 697.78010 13
e 542.30225 707.89368 8
e 705.25219 666.20385 6
e 662.25700 855.51273 10
e 678.68509 649.38248 14
e 555.43908 596.81384 9
e 677.94120 591.19300 10
e 527.21239 801.00893 5
e 528.85235 574.33863 8
e 598.98826 846.32616 9
e 591.75673 488.99030 9
e 537.01915 767.06989 8
e 428.30524 520.88041 5
e 478.47495 752.41474 7
e 599.97038 924.12976 8
e 643.89091 333.35763 9
e 662.48653 450.65451 10
e 627.90188 341.60755 5
e 620.26252 683.49512 10
e 568.24819 726.25775 7
e 503.55637 653.64949 6
e 683.16992 424.40616 7
e 588.89433 682.99368 8
e 493.25401 615.89342 8
e 679.96903 537.22180 10
e 501.96304 426.64692 10
e 669.15776 669.62479 10
e 567.91283 815.75574 12
e 517.93936 618.55049 17
e 639.06170 379.38256 11
e 651.76380 665.14336 11
e 699.51210 674.85456 7
e 709.24031 772.80609 6
e 683.75843 549.51429 5
e 691.20710 774.63512 9
e 649.44865 708.99371 5
e 717.87596 717.58906 10
e 669.09109 753.87781 5
e 533.74198 769.71619 7
e 689.29559 661.03129 8
e 553.89304 969.64862 11
e 672.41524 752.66649 11
e 570.71432 929.72595 7
e 621.12252 532.54676 6
e 536.67225 607.29620 7
e 617.95521 711.11806 12
e 540.47441 554.42123 6
e 626.47197 504.29934 5
e 534.40344 543.95141 5
e 713.00967 452.48354 6
e 454.67202 865.27182 9
e 638.94286 335.56981 14
e 497.22263 975.41286 9
e 573.08452 516.98260 10
e 686.18972 601.47895 6
e 485.73382 662.06139 12
e 679.66472 425.89609 7
e 699.35882 523.68948 6
e 576.95343 742.47098 3
e 584.19885 612.48259 8
e 607.73275 851.36682 12
e 630.76297 568.42355 10
e 561.71319 520.98783 8
e 517.29999 606.29433 12
e 666.73369 402.94462 7
e 562.50376 745.61616 11
e 602.72723 370.99645 6
e 663.97750 633.73681 9
e 683.36788 380.47270 14
e 251.35646 593.70132 12
e 663.97062 560.59651 11
e 528.44766 684.03832 7
e 447.30469 446.17639 12
e 614.50721 805.38433 6
e 530.64016 595.80488 6
e 422.09903 535.23962 12
e 681.30677 566.22566 10
e 634.13679 503.43441 11
e 684.44239 445.71830 9
e 681.66668 1046.89215 7
e 580.52102 622.82820 10
e 529.47417 678.40176 9
e 573.05061 607.31908 15
e 412.93509 502.68614 8
e 586.27141 700.12420 11
e 700.69698 708.44381 11
e 666.53896 503.56087 11
e 486.32577 517.94660 15
e 591.45393 378.33586 11
e 578.27015 511.96961 13
e 585.25458 830.72808 7
e 662.92431 851.57486 9
e 636.16084 848.54855 8
e 700.32182 806.45734 9
e 668.04104 717.92032 8
e 559.46910 429.70107 13
e 648.83385 781.06586 8
e 520.34997 494.73187 6
e 558.95330 643.06196 5
e 586.73456 693.00492 9
e 583.49486 835.90887 5
e 621.28347 574.35517 8
e 583.79964 658.03160 3
e 625.71735 754.80764 8
e 496.66049 614.80074 13
e 654.51711 901.90013 8
e 621.34796 690.52936 8
e 661.70026 416.24157 9
e 627.31163 489.09063 15
e 562.01809 640.62656 13
e 654.47555 867.84036 13
e 678.08035 860.23665 13
e 638.81246 759.63628 4
e 559.86144 650.12118 8
e 627.06069 661.23844 4
e 504.51963 629.29050 12
e 604.44006 617.59110 9
e 566.31375 755.80715 9
e 462.33428 981.89096 9
e 683.46082 1028.02874 16
e 633.04840 510.81036 9
e 561.77659 802.42845 8
e 663.07596 530.87252 14
e 624.62652 817.82047 7
e 530.66553 636.33325 8
e 529.14281 640.89746 12
e 694.78679 945.97498 4
e 522.59440 701.17963 4
e 714.53430 961.04464 8
e 578.96998 593.72952 11
e 652.41018 869.24577 7
e 611.92354 499.93113 6
e 698.65963 762.54771 8
e 643.61518 476.29080 11
e 700.98969 897.15849 6
e 638.16147 617.55022 13
e 579.12071 838.56299 5
e 576.05460 492.28576 12
e 605.96133 766.93088 8
e 682.72236 690.39892 9
e 521.27862 903.00331 7
e 606.15104 444.77887 8
e 687.41322 808.55836 7
e 624.61663 648.90263 6
e 501.39328 580.41639 10
e 627.76081 728.22557 12
e 633.30379 1052.57053 7
e 606.70073 700.55708 9
e 487.61975 484.02845 6
e 624.62247 807.36440 8
e 564.79582 248.40030 11
e 526.19682 652.01124 6
e 628.85112 627.08669 7
e 623.43524 806.25334 10
e 525.85401 540.73763 12
e 618.33736 436.80166 8
e 693.22214 632.92209 7
e 547.01186 575.86387 7
e 577.03645 593.12603 8
e 680.23069 681.65668 9
e 581.50698 874.89758 8
e 659.65215 531.58768 12
e 577.76939 667.61563 5
e 656.94832 762.06643 14
e 473.12061 532.19814 9
e 537.33676 718.96369 9
e 587.56695 475.43597 6
e 599.74422 584.50060 8
e 684.64841 547.10540 9
e 602.88366 656.31156 13
e 466.38687 801.05537 11
e 543.40102 601.61347 15
e 655.64362 729.59602 16
e 577.72743 559.01777 9
e 501.04201 462.25801 6
e 521.21453 901.94685 9
e 635.67207 769.69446 9
e 492.62070 557.53108 5
e 557.02068 601.95429 15
e 635.90800 604.36694 4
e 577.40644 933.33805 11
e 605.47480 780.87684 11
e 660.25537 581.78518 12
e 709.81366 464.46316 9
e 574.75275 810.50816 14
e 686.53611 393.06439 9
e 549.97635 535.75779 4
e 482.25050 637.97425 11
e 581.85780 868.46814 8
e 599.09635 641.73781 5
e 542.89437 427.76053 7
e 584.33360 1038.10700 9
e 676.94448 552.22760 7
e 528.47049 961.46667 8
e 637.78139 601.95010 10
e 599.62344 1006.37382 7
e 650.63819 738.29134 9
e 715.96237 333.31666 6
e 632.26616 639.07819 8
e 654.25865 701.27324 9
e 573.04309 452.11884 6
e 642.22150 859.90350 8
e 587.47092 289.97034 10
e 553.48259 773.79544 12
e 580.97304 652.83776 10
e 550.55067 605.90563 6
e 649.02963 955.51586 9
e 665.32809 542.53850 7
e 633.24477 727.75930 11
e 567.58631 560.62749 17
e 623.91156 499.14943 7
e 432.65174 847.22026 10
e 487.23756 534.81650 5
e 695.90966 681.41911 10
e 651.38917 744.36969 13
e 681.45141 631.37988 10
e 628.06479 611.31362 10
e 686.39803 607.16131 12
e 500.28554 707.77257 20
e 559.43141 476.87753 9
e 557.95689 743.18290 11
e 558.13388 668.43629 7
e 482.63488 888.07313 6
e 674.22332 713.21108 11
e 642.19621 700.83656 9
e 557.15906 369.40687 7
e 478.45784 481.95916 13
e 685.66513 848.12015 10
e 691.74552 557.00703 9
e 578.47561 611.08337 9
e 594.61421 698.60407 7
e 679.29175 758.65562 13
e 641.81836 871.03574 9
e 619.80840 502.43266 8
e 634.44195 805.74459 10
e 560.88578 808.98600 6
e 553.80415 805.41275 9
e 551.41438 634.28822 13
e 718.21363 762.40482 7
e 629.14399 731.80579 10
e 563.12483 919.56599 6
e 682.82969 333.50151 8
e 568.02087 641.64505 6
e 618.45277 789.24804 8
e 614.32306 733.80520 9
e 673.87667 548.82150 18
e 537.22122 690.53413 4
e 703.18792 539.22658 9
e 706.18712 1058.24193 9
e 607.63073 536.10811 14
e 573.58717 493.58674 5
e 486.93675 760.84938 13
e 665.18951 745.63126 9
e 665.85820 633.88308 11
e 524.25769 604.51361 7
e 530.86155 659.86933 8
e 670.96622 668.53706 13
e 616.97128 875.40897 10
e 503.35890 685.97634 12
e 640.23941 569.24205 8
e 456.46130 816.74139 10
e 604.23139 709.36819 9
e 499.87533 837.57570 7
e 534.89884 448.98473 5
e 652.42662 729.00835 9
e 433.48067 627.67039 10
e 674.11502 442.88198 11
e 664.08151 587.50123 5
e 682.17276 617.46737 11
e 569.49489 797.74734 7
e 461.21026 689.57728 6
e 627.99587 507.66556 7
e 624.51958 723.42010 8
e 629.84699 588.10156 10
e 634.51235 863.59634 7
e 604.56569 207.14325 8
e 593.72350 598.50727 10
e 611.78157 745.37423 13
e 621.69309 734.24801 11
e 696.43605 474.45721 13
e 653.66154 496.61805 4
e 697.13218 916.39822 11
e 682.81290 831.66610 8
e 717.67849 870.87873 8
e 542.80972 734.01988 12
e 660.47989 952.00916 12
e 670.82174 539.49240 12
e 630.22594 833.37733 7
e 632.57729 771.20544 9
e 623.45624 854.01482 11
e 579.76852 571.12416 11
e 618.07016 440.31317 6
e 562.70551 953.75260 11
e 537.98018 431.87682 8
e 617.27871 515.27087 8
e 678.03507 242.20658 5
e 506.02200 877.38158 8
e 694.17000 778.48069 13
e 718.30920 531.29815 10
e 561.09630 1042.47396 5
e 637.73415 639.03536 7
e 517.53156 626.60319 7
e 623.20936 579.41473 8
e 488.29998 499.97809 3
e 541.78372 796.10181 12
e 705.80805 544.38781 6
e 422.40230 651.42412 7
e 552.13282 589.81834 9
e 629.23862 545.69038 20
e 666.08168 443.38317 14
e 689.90172 882.29490 17
e 699.05714 246.07000 6
e 666.60574 672.38013 6
e 592.19869 656.45215 7
e 607.88341 811.61190 11
e 663.24080 362.02362 10
e 541.74327 739.52182 6
e 566.70206 962.80782 8
e 388.36221 892.16371 9
e 503.41937 591.40515 8
e 582.48872 832.69945 6
e 584.04969 570.28269 14
e 689.95235 683.24060 7
e 573.87022 439.82516 14
e 669.91451 422.61130 8
e 644.00752 590.58034 13
e 500.25903 737.67756 7
e 661.57485 475.44397 7
e 657.93596 592.06283 10
e 629.85351 449.17565 10
e 534.85951 822.51455 13
e 629.09825 614.39298 6
e 692.43387 912.01065 11
e 566.06313 697.18554 5
e 451.93520 628.69924 9
e 718.13944 800.14691 13
e 673.84804 774.15238 13
e 622.04214 679.18310 7
e 707.99117 620.51373 12
e 626.24273 760.10602 4
e 672.13354 596.12502 13
e 604.17726 683.79786 4
e 597.76132 601.50166 11
e 548.68189 778.99639 6
e 630.41507 663.45838 12
e 447.27503 743.83912 9
e 592.67195 698.29418 9
e 609.74976 798.98518 5
e 530.75760 634.87550 4
e 560.80210 594.83084 9
e 704.01494 789.82825 11
e 655.54789 681.83750 10
e 548.56532 619.98192 9
e 712.95936 604.43326 14
e 485.25629 590.89399 12
