c ./output/rectangle/gaussian/gaussian-rectangle-8-4000
p rectangle 4000 720.00000 1080.00000
e 50.52788 537.79529 8
e 199.54087 546.93748 11
e 53.27809 539.44661 9
e 190.11498 735.81299 11
e 148.64235 287.56034 5
e 164.19612 529.33394 13
e 53.91457 389.98610 11
e 132.71303 644.62873 6
e 230.26996 411.05159 8
e 142.52581 779.22047 8
e 152.99116 531.37655 9
e 27.81367 440.13083 3
e 223.45216 559.56731 12
e 253.19068 583.19931 11
e 134.77679 385.35083 13
e 247.38307 617.04792 7
e 228.59548 441.47216 10
e 357.98935 432.85141 8
e 166.76940 687.96000 13
e 147.78580 493.88279 10
e 116.80775 458.34507 10
e 141.77589 358.11729 8
e 81.91389 581.89796 8
e 93.47404 486.06366 8
e 29.60436 195.95365 6
e 153.89551 568.75600 9
e 51.11900 626.86916 7
e 107.85866 762.93147 14
e 217.58351 473.67109 10
e 83.46403 619.49212 9
e 185.44893 606.11018 9
e 175.99184 607.54747 16
e 179.98010 749.79651 9
e 46.14059 356.01657 14
e 98.67055 480.43339 11
e 132.16250 519.67701 11
e 122.66971 882.58003 12
e 296.29304 516.45195 12
e 313.39407 458.23321 6
e 50.35723 400.47367 8
e 177.91779 698.53419 10
e 186.35994 677.85824 11
e 109.29357 598.27719 5
e 34.15663 767.18253 10
e 114.87647 801.86314 10
e 188.48400 512.75572 10
e 280.72531 790.55241 8
e 142.63820 700.53991 8
e 73.95007 280.45791 10
e 38.15374 516.99460 6
e 216.68880 582.39639 4
e 218.03825 637.86119 8
e 131.74055 337.82905 7
e 180.17985 419.18741 9
e 269.05153 599.51216 11
e 237.12457 650.38009 9
e 136.14223 516.06136 9
e 169.57457 429.27208 16
e 87.47638 131.30435 10
e 172.04822 532.08100 6
e 199.77178 716.47889 9
e 123.91975 663.30856 6
e 179.30908 672.45653 15
e 279.62603 420.75481 4
e 230.10581 505.14302 7
e 181.19718 526.31066 7
e 260.19042 302.96579 6
e 109.75614 549.93716 7
e 212.75649 648.95334 7
e 209.03253 339.42246 10
e 136.40307 555.40974 8
e 223.75743 443.11802 5
e 282.75800 477.06925 10
e 105.11664 543.47071 11
e 36.52534 743.25559 7
e 120.29805 710.56373 8
e 157.29664 383.63339 9
e 267.54092 418.73951 9
e 356.48118 434.58994 10
e 227.33769 535.55484 9
e 438.33329 779.98776 9
e 52.88200 508.31807 8
e 250.12825 342.13379 11
e 139.42650 481.12233 11
e 46.48618 606.94179 9
e 130.25928 375.37704 12
e 140.81122 417.66146 6
e 150.37556 503.28628 12
e 300.12907 494.21923 15
e 243.17718 590.53991 8
e 115.33722 643.28838 13
e 142.58576 653.09503 6
e 121.51103 403.25990 9
e 122.01080 614.71136 5
e 110.10667 596.95523 11
e 274.02238 461.45305 7
e 188.05809 779.78008 5
e 183.55318 678.13258 8
e 201.23361 602.01948 10
e 23.66567 591.10352 13
e 120.30002 466.53700 9
e 189.70502 582.41042 9
e 159.81274 287.47421 11
e 12.55099 485.64129 7
e 211.82639 737.68919 11
e 189.93194 656.81396 12
e 265.17693 650.82471 9
e 169.89638 473.08442 5
e 184.59335 702.92428 7
e 313.86131 509.08742 9
e 243.90662 519.13831 7
e 110.20664 540.95681 7
e 187.41821 513.53699 8
e 188.47551 603.51282 11
e 155.57437 443.19634 9
e 87.54798 447.69006 11
e 6.07930 425.51446 5
e 138.37257 717.12654 8
e 179.49863 782.83461 7
e 91.97880 450.38700 12
e 289.18083 351.11904 5
e 143.58649 545.91070 9
e 215.38459 437.56126 9
e 68.66065 616.33131 8
e 71.75426 775.21187 8
e 205.53043 388.00761 8
e 129.32762 555.62835 8
e 63.78613 787.41983 5
e 154.28804 397.63217 7
e 23.54730 515.48798 6
e 317.40952 628.73721 13
e 118.30239 809.97898 10
e 181.65772 245.57641 6
e 91.15469 850.72051 8
e 166.54818 491.97407 10
e 261.64878 416.13478 9
e 160.91606 156.87054 8
e 217.19519 684.78561 8
e 53.07018 602.23294 8
e 143.14233 720.70329 7
e 147.22174 619.41578 8
e 197.62022 516.84686 8
e 307.63786 732.42810 9
e 74.55382 342.08750 13
e 76.40753 433.99895 9
e 273.69710 563.94211 12
e 231.69885 112.89211 9
e 93.66963 754.18069 6
e 112.57721 688.86673 11
e 164.75736 723.87156 8
e 121.71157 377.52804 9
e 28.79613 616.85793 9
e 157.07484 474.48825 9
e 241.42872 594.63872 5
e 34.26368 633.32183 12
e 139.49670 599.17391 9
e 189.79483 503.51306 13
e 231.51907 652.49478 10
e 233.19824 297.40467 7
e 127.24551 723.45751 6
e 176.44675 551.86480 12
e 127.98593 579.66518 5
e 57.22366 792.89980 8
e 25.77941 462.15955 7
e 129.34707 410.83726 11
e 197.44548 630.26273 11
e 123.96148 567.58374 13
e 231.76817 571.11632 10
e 90.69987 449.68592 5
e 239.39773 527.20710 9
e 160.98855 654.34691 10
e 44.66370 583.89008 11
e 142.91898 332.85262 7
e 159.02858 340.30819 8
e 148.13827 720.41157 7
e 224.13798 469.02294 7
e 179.01509 595.68115 11
e 190.78313 508.65385 11
e 125.48853 433.07592 7
e 229.75261 461.28254 7
e 254.64091 587.52373 8
e 33.88859 749.59579 10
e 310.79718 512.55980 10
e 92.14830 664.50032 10
e 198.83410 677.41591 8
e 126.90682 351.70335 7
e 124.24825 509.43579 8
e 129.12089 379.01917 12
e 58.57292 656.93543 8
e 193.05875 716.00458 16
e 141.81553 597.37889 9
e 56.28217 377.09603 9
e 227.46333 350.39536 7
e 268.65908 735.26429 5
e 164.21823 416.02468 9
e 165.91921 661.20056 10
e 76.09849 399.61416 8
e 289.25101 584.67394 6
e 179.07386 662.11273 7
e 164.43899 616.91219 10
e 136.60707 349.05291 6
e 23.28587 531.81685 13
e 32.75318 650.44436 12
e 52.05717 680.17749 7
e 122.34977 642.56275 9
e 80.16527 434.34659 13
e 86.55603 501.63956 7
e 155.38506 9.22280 10
e 77.71577 685.11012 15
e 154.73785 695.94422 11
e 192.74104 360.52662 9
e 96.28824 289.04828 11
e 213.05622 617.87577 10
e 98.08864 587.98290 12
e 198.28404 654.54620 5
e 93.84898 621.05315 9
e 211.11259 590.27705 7
e 188.82421 576.67672 7
e 72.78818 334.22001 11
e 226.52309 744.00638 11
e 141.82108 588.77254 4
e 143.63112 183.20650 11
e 96.05277 692.26940 10
e 116.80628 483.77143 12
e 215.27500 577.79320 11
e 19.37024 646.46631 8
e 165.17946 422.16038 10
e 138.77297 805.16749 11
e 114.46518 381.46264 12
e 219.74384 476.06825 7
e 122.71695 606.08133 9
e 98.94440 178.80892 6
e 170.81124 547.43408 10
e 82.03510 596.63180 7
e 281.36508 588.07813 10
e 219.01637 466.24070 11
e 282.54700 581.10026 8
e 214.10097 587.43129 7
e 6.04142 290.44916 10
e 106.38380 584.10695 16
e 139.52394 800.62518 9
e 254.63028 1008.62841 8
e 346.18441 513.41248 12
e 66.92705 377.74349 6
e 57.72710 588.01376 5
e 10.62793 590.41997 7
e 261.40849 333.12022 8
e 210.45900 462.80928 11
e 173.54977 729.20753 12
e 150.25518 665.72128 8
e 70.81642 417.67374 13
e 236.54707 442.71979 9
e 286.02961 378.76622 14
e 109.74928 454.33564 14
e 199.36076 587.77824 7
e 153.16023 339.27250 9
e 129.54485 351.49525 10
e 127.07766 506.76863 13
e 92.17505 545.52335 5
e 91.69029 357.43505 16
e 29.45945 329.60414 7
e 112.62939 313.93549 7
e 267.49649 357.78232 4
e 202.07918 741.89626 18
e 109.75213 604.65765 5
e 210.33135 485.73563 8
e 242.45134 546.65258 11
e 365.91064 356.95036 8
e 39.90873 390.18501 8
e 196.77351 555.28959 9
e 93.55802 801.55357 10
e 222.45011 361.10617 9
e 162.03272 388.96186 9
e 106.53391 642.81796 6
e 184.24580 497.46655 8
e 289.07230 712.08927 11
e 143.94794 602.02436 8
e 182.55282 343.45461 8
e 249.10016 467.61580 9
e 48.02913 561.44012 7
e 100.11843 777.14007 9
e 71.48817 254.83609 9
e 114.25804 551.49506 13
e 310.59507 594.04802 11
e 147.12047 667.68227 4
e 86.37878 438.29952 12
e 115.39615 333.39807 11
e 67.98438 294.08823 7
e 143.45351 630.13304 16
e 73.07296 538.83840 10
e 87.08195 748.90136 10
e 59.08026 405.45806 7
e 116.88194 693.66323 7
e 95.47203 477.97939 4
e 9.86066 703.77074 12
e 186.11040 444.54739 10
e 209.41774 646.95713 8
e 320.14314 833.19249 15
e 147.96159 503.00196 10
e 79.73747 811.65823 8
e 51.40955 854.59810 7
e 178.90333 395.19792 5
e 286.17265 447.14286 5
e 211.79719 759.11422 6
e 13.35163 476.89905 10
e 243.77623 587.95194 11
e 121.98167 730.30359 8
e 288.54377 575.88871 11
e 94.07185 396.09380 10
e 117.93267 521.73544 7
e 173.31350 794.72772 6
e 227.57326 621.21778 5
e 105.87417 606.72097 8
e 144.68299 476.13329 11
e 49.34245 627.34719 8
e 144.50336 713.81318 7
e 237.43347 833.54136 12
e 268.89755 279.27525 8
e 182.50442 615.75274 11
e 195.81690 367.73167 5
e 251.68778 418.63028 10
e 334.56048 579.10827 7
e 137.09384 530.75101 6
e 247.12557 450.27005 11
e 231.75589 578.56382 7
e 203.74333 590.48558 12
e 151.10401 363.37984 8
e 247.73247 590.70585 6
e 243.18971 493.67592 14
e 171.57322 522.28343 14
e 82.57156 576.67946 8
e 128.05192 787.88631 10
e 87.75481 508.52128 7
e 179.33330 215.24167 6
e 71.85758 451.70803 12
e 96.62556 395.61199 4
e 225.63608 779.43645 9
e 239.66473 661.39365 9
e 83.96292 514.35480 8
e 12.56036 1059.26912 10
e 226.72921 623.27713 4
e 79.81736 551.58371 11
e 82.59575 621.50751 14
e 107.28912 351.06651 5
e 123.55522 403.68633 13
e 141.08958 466.23349 9
e 94.25623 216.77688 9
e 107.72863 760.67359 8
e 226.21052 518.14287 8
e 65.56008 448.13251 14
e 70.64596 301.60719 10
e 276.98813 539.80260 4
e 65.34220 249.70281 15
e 65.56321 477.76746 13
e 148.23556 378.01215 7
e 139.31647 330.87113 7
e 206.26733 649.63918 7
e 173.75417 711.85636 8
e 108.49173 610.41209 9
e 21.99412 501.77713 8
e 297.75025 655.78387 9
e 98.71840 451.61452 10
e 79.37257 553.33100 4
e 143.10455 505.94830 10
e 152.37637 399.53017 13
e 223.56643 586.46841 8
e 206.54605 507.78055 6
e 220.20819 747.33277 8
e 197.53899 483.65269 13
e 200.22484 741.27482 12
e 53.22727 856.50053 9
e 280.81874 645.80843 7
e 240.66980 441.69780 8
e 110.87272 816.24794 11
e 271.21517 349.81506 10
e 100.67389 353.87542 11
e 126.26319 782.77113 11
e 155.30271 779.15729 12
e 76.43791 543.36050 8
e 259.84346 655.66039 9
e 83.58459 316.97829 6
e 196.82172 694.16827 8
e 173.97891 656.78961 14
e 149.03145 523.81051 10
e 106.64460 473.12106 11
e 173.96093 528.87798 10
e 121.00297 610.51376 6
e 88.25712 586.03244 5
e 226.32155 637.76893 9
e 108.05315 358.83823 7
e 208.52357 601.58153 6
e 43.40574 580.86301 9
e 26.69614 702.30797 9
e 175.82742 671.69997 9
e 251.01146 546.78828 17
e 59.13119 534.25900 13
e 165.40193 597.68289 4
e 187.54141 596.26543 10
e 164.08345 648.89000 9
e 261.27726 784.85186 8
e 109.59678 478.56426 9
e 30.70551 616.01071 12
e 118.75144 743.29821 14
e 210.79599 550.37345 9
e 201.83970 576.91152 11
e 51.75564 433.40676 14
e 145.26847 277.49801 16
e 159.82734 590.31825 17
e 215.23245 705.57532 7
e 134.63206 653.86737 6
e 248.50241 928.16242 6
e 52.95086 846.98849 6
e 166.89026 358.77081 6
e 93.06979 829.05616 9
e 159.32337 304.03008 4
e 143.51279 529.95865 8
e 320.15898 706.95968 9
e 181.71914 494.89622 9
e 36.08621 676.02307 7
e 142.77142 763.97614 16
e 331.52987 402.87879 12
e 100.18702 724.13405 13
e 131.48515 623.95010 8
e 226.65578 588.97349 6
e 167.20578 551.13753 12
e 11.01914 291.21103 13
e 151.63842 775.90861 5
e 58.56597 407.95995 11
e 238.75186 632.71913 8
e 248.24132 668.33805 10
e 109.13088 639.04586 6
e 318.73463 329.52092 7
e 142.12844 369.66570 8
e 152.06251 705.93954 8
e 66.24736 402.14333 14
e 178.48831 685.43917 11
e 31.74519 354.69736 10
e 70.44855 750.93676 9
e 181.11661 639.22315 9
e 189.86205 280.23387 7
e 205.52653 559.03343 10
e 202.57667 680.87518 10
e 132.30176 545.48525 3
e 131.11389 608.47855 8
e 178.80258 655.70399 6
e 302.46285 623.29735 7
e 248.45567 417.56653 8
e 345.44383 351.70841 6
e 129.27057 525.52968 5
e 224.44617 711.87025 8
e 139.66792 637.17319 11
e 218.13834 435.97347 13
e 241.80865 545.24605 7
e 39.79591 1009.88688 5
e 99.24475 498.91262 10
e 38.02843 342.42223 12
e 24.81919 576.19296 9
e 109.84225 822.18679 5
e 27.76657 556.10190 13
e 70.13270 848.10059 9
e 77.48062 641.05176 4
e 85.14005 490.16316 4
e 164.57217 875.18050 4
e 337.82623 735.45431 12
e 311.51397 484.52154 8
e 244.89441 492.32706 7
e 134.32857 639.13825 8
e 49.63674 405.95333 11
e 51.66434 759.56393 7
e 146.63048 589.20185 14
e 131.23494 631.06377 12
e 304.47447 183.52652 7
e 27.07835 488.85656 7
e 196.95982 779.98993 13
e 102.62413 659.30489 7
e 254.61820 479.06067 21
e 266.46573 719.61929 10
e 198.58535 349.79205 13
e 73.76177 471.94712 9
e 221.59170 606.37982 12
e 44.16506 413.42850 10
e 22.16903 470.33250 5
e 235.41160 610.97559 10
e 165.82419 376.85182 12
e 33.67265 385.13809 10
e 142.26009 797.38101 9
e 164.85200 271.03114 16
e 329.72364 543.89248 9
e 267.90267 503.85456 12
e 74.37833 593.25236 13
e 128.46717 446.61282 6
e 229.39312 537.29907 10
e 158.91118 588.94318 6
e 251.69786 565.70196 15
e 83.70536 627.78715 5
e 243.28487 576.08850 5
e 215.19404 858.15327 9
e 345.91197 551.36106 12
e 134.89565 417.34896 12
e 217.81452 374.41327 8
e 62.20373 485.64828 10
e 32.71023 484.31431 7
e 112.41224 735.36475 12
e 91.16615 728.74265 8
e 203.21869 688.57755 9
e 148.20706 434.77632 11
e 118.80144 786.29362 10
e 191.94451 733.71294 6
e 18.70413 609.00211 7
e 149.06173 667.31938 7
e 129.72110 115.26171 13
e 161.24459 480.79152 12
e 208.54444 338.66448 7
e 56.10837 674.09091 6
e 219.50350 316.84200 10
e 67.77761 457.81614 10
e 70.12940 686.96960 5
e 264.52482 431.71395 11
e 221.02893 490.85491 10
e 184.43303 719.82590 8
e 220.66344 429.04391 11
e 215.68549 794.65176 6
e 247.80546 946.91172 6
e 278.55211 733.22393 10
e 175.75277 776.65770 5
e 76.57000 637.52784 9
e 204.70348 613.03631 10
e 24.76253 600.68463 6
e 95.77175 572.75080 8
e 179.14180 548.08249 6
e 188.39936 663.37946 8
e 119.80169 490.99525 8
e 358.10178 700.33527 5
e 189.68013 588.58835 10
e 196.89389 607.71543 7
e 73.42261 556.87318 8
e 87.71700 332.86275 7
e 9.30236 716.59798 9
e 82.85537 649.02442 15
e 142.42717 825.26494 9
e 172.40841 442.77937 9
e 74.26245 954.51788 7
e 281.90381 489.16270 12
e 37.30220 500.76658 21
e 37.84902 747.50561 9
e 231.66707 474.43333 8
e 232.25184 692.41566 7
e 223.61122 646.05432 8
e 194.54431 528.17693 9
e 102.99024 696.11531 12
e 150.68229 280.95275 11
e 40.31550 696.28858 9
e 239.96166 525.14003 8
e 119.06197 894.36472 14
e 272.95885 646.13769 8
e 80.68835 164.42025 10
e 64.43517 609.79891 5
e 118.07995 544.53426 8
e 117.88701 419.53141 6
e 182.99668 649.61064 8
e 174.83213 864.79786 6
e 109.18910 590.66257 14
e 159.74133 465.16188 11
e 209.16351 489.53923 5
e 178.70955 504.25176 7
e 168.69978 623.08756 13
e 234.30894 959.04274 6
e 51.68668 391.50215 9
e 318.64200 760.79131 7
e 191.08362 132.37815 8
e 20.14335 546.79110 6
e 39.87302 617.21335 8
e 195.28087 550.69921 15
e 245.23284 433.97531 10
e 205.45322 584.24265 6
e 116.13438 478.43204 6
e 59.08569 565.31370 15
e 239.32510 619.59683 10
e 129.12938 447.95153 4
e 185.44040 621.33269 16
e 151.13926 369.34278 6
e 132.04723 631.67551 9
e 62.66845 613.61430 11
e 170.93071 748.90185 7
e 229.52700 241.83330 5
e 174.02736 482.94021 8
e 132.69959 310.72411 8
e 65.96125 161.95519 7
e 181.72265 664.49327 7
e 74.47185 656.82914 6
e 29.56208 414.77353 8
e 108.25876 970.63671 7
e 100.53634 767.49095 10
e 106.27415 517.86561 5
e 65.45294 511.76504 8
e 126.68657 438.97484 17
e 114.14324 359.82500 12
e 138.96230 461.24017 11
e 96.58005 640.14153 5
e 96.95888 500.94769 7
e 88.14915 771.59047 5
e 170.88065 556.78201 11
e 72.67440 496.83541 10
e 47.09724 540.75118 9
e 180.52918 406.65900 8
e 184.35784 863.16793 12
e 99.25508 455.28543 7
e 44.73914 607.25935 6
e 151.16238 491.67377 6
e 70.27616 551.74134 7
e 125.65909 443.87149 9
e 199.97066 804.52030 10
e 133.87795 722.64030 11
e 173.79178 586.38266 8
e 135.56282 423.68703 12
e 115.83551 267.56877 7
e 214.63266 228.12447 11
e 46.42554 687.85636 7
e 63.93506 337.61947 7
e 172.78961 664.65580 6
e 242.42418 782.84076 13
e 329.60574 657.03707 14
e 61.66902 480.40541 9
e 43.43211 546.96455 7
e 71.46156 471.71591 15
e 198.97908 394.52357 7
e 330.97613 571.48547 16
e 353.35765 565.54030 9
e 118.54537 557.89985 7
e 203.99503 480.26718 7
e 263.58573 513.09351 18
e 287.76726 461.68867 7
e 148.68786 503.25369 10
e 194.40423 346.13026 7
e 160.28833 482.80445 11
e 117.88508 421.12929 9
e 139.04422 269.42137 13
e 88.61493 509.17833 21
e 255.18190 564.07531 13
e 309.07812 798.89894 6
e 93.23943 719.39863 8
e 282.50469 499.35484 8
e 171.44306 832.55912 5
e 238.68816 363.11183 13
e 172.94642 497.00411 5
e 101.51562 799.11444 10
e 170.19845 639.51743 11
e 241.66546 514.63511 8
e 247.73537 667.57886 12
e 168.52726 594.80775 9
e 120.80699 668.42476 10
e 236.73401 629.46741 9
e 111.75262 546.41365 5
e 8.63462 548.40728 9
e 81.88437 522.49192 12
e 149.71376 754.47136 7
e 208.75818 419.82157 17
e 128.75957 476.25133 10
e 217.66792 515.69021 5
e 274.09952 398.23344 9
e 91.19943 304.23587 13
e 70.70120 577.74410 10
e 147.98420 460.22150 11
e 144.17643 606.38290 6
e 171.84555 608.08479 5
e 285.74157 437.60552 9
e 105.68973 378.04377 10
e 232.53860 736.35625 10
e 109.45820 538.70766 7
e 266.24595 651.38411 13
e 286.01567 605.12300 9
e 84.39097 432.57450 13
e 128.44917 253.90758 11
e 143.62225 583.30746 7
e 88.34725 466.25655 7
e 286.52925 422.59676 6
e 189.12679 509.13234 15
e 142.55574 599.54319 4
e 27.86006 585.14885 17
e 129.48272 872.62234 9
e 174.03186 362.50048 9
e 83.68343 624.06112 7
e 141.16551 697.10374 6
e 87.79174 397.32145 8
e 160.43647 563.88121 8
e 138.44334 706.74842 15
e 82.10555 665.68851 8
e 129.78048 332.96714 6
e 173.76120 668.19334 8
e 87.29223 627.76120 9
e 59.68513 563.13271 6
e 63.28663 723.20894 7
e 180.96275 347.14277 6
e 209.27684 498.66363 10
e 89.69829 339.32753 15
e 35.92100 574.25159 8
e 20.83611 655.21566 11
e 20.26106 496.76845 7
e 74.50500 811.06182 7
e 219.24125 960.13171 10
e 167.11592 695.66613 21
e 241.71960 349.17721 9
e 73.88472 555.28323 13
e 101.61741 396.26458 10
e 49.66627 397.66114 8
e 179.13745 534.81028 8
e 188.96634 495.41745 7
e 102.31774 342.59834 7
e 59.14834 710.40209 6
e 98.93961 607.33155 9
e 183.71018 285.92931 9
e 249.70023 657.40969 12
e 213.04878 470.68788 7
e 206.61206 439.12669 11
e 210.59176 361.74409 14
e 169.27793 461.00485 9
e 102.33825 522.26559 17
e 75.42164 611.40901 10
e 157.71003 668.26729 8
e 20.91924 516.27638 12
e 35.86092 474.13456 13
e 139.99375 618.42965 8
e 142.54952 336.69849 7
e 221.47673 797.59099 11
e 302.82965 378.59607 5
e 193.89081 595.82859 10
e 65.57998 349.81923 9
e 110.19138 589.59562 7
e 74.00061 325.41426 6
e 72.35744 399.95271 7
e 64.68261 553.83281 9
e 354.18003 311.34686 9
e 103.78312 573.45505 13
e 93.65265 566.14796 12
e 152.68293 484.69588 11
e 201.03963 456.88684 5
e 196.59329 473.55532 9
e 161.31573 560.66239 10
e 122.17393 502.47433 13
e 92.68590 332.13243 7
e 165.59462 319.37587 4
e 172.19268 506.39193 21
e 40.41254 643.59064 9
e 88.39766 733.29235 9
e 169.94599 740.61881 16
e 56.60386 256.84540 6
e 119.23991 404.30598 5
e 39.78658 754.05455 8
e 258.75509 630.58255 8
e 106.70882 369.04975 12
e 192.79416 608.45706 7
e 158.10832 728.84770 7
e 139.29858 359.33131 6
e 131.12698 639.85029 7
e 196.18421 600.15145 8
e 266.93358 525.74118 8
e 114.77693 393.19838 8
e 126.74232 514.19308 15
e 56.44991 543.55422 6
e 111.05542 676.07918 7
e 233.69675 797.11656 9
e 129.64427 664.34141 9
e 241.19094 648.94748 12
e 56.81478 747.99986 14
e 59.06178 699.49658 7
e 34.49189 783.17221 11
e 195.58900 667.15357 13
e 215.35112 317.21739 6
e 344.00855 646.33687 9
e 82.58667 526.99971 12
e 150.81156 718.59887 6
e 231.10759 393.55114 8
e 157.22421 283.55665 9
e 157.51708 782.28766 9
e 38.84443 402.66206 9
e 191.83465 598.49336 9
e 99.87584 635.34849 14
e 231.83172 322.21628 10
e 239.23895 561.34334 9
e 155.74163 815.44888 10
e 31.07558 373.39918 6
e 107.29357 563.05701 8
e 179.34607 708.01711 3
e 158.51871 556.55606 14
e 280.67356 930.97439 9
e 126.89442 661.58447 7
e 129.19606 918.89249 8
e 106.41139 739.91247 10
e 248.38262 673.07193 17
e 137.36572 702.41016 9
e 121.50133 770.12086 6
e 149.12297 586.68844 10
e 258.78721 575.23859 6
e 78.88783 392.62681 5
e 177.68628 606.77194 9
e 48.72770 258.46881 9
e 89.57706 550.19531 13
e 51.46056 485.30997 6
e 69.19389 467.55410 6
e 107.02035 630.41997 9
e 162.26326 510.99623 5
e 282.82277 429.22440 7
e 108.65437 562.25811 7
e 110.20654 724.31371 7
e 43.98202 517.91919 10
e 149.47255 684.31927 10
e 155.18634 502.42960 8
e 78.24162 521.26940 10
e 133.88881 464.12875 9
e 53.16706 736.39115 9
e 246.86371 359.40736 11
e 132.58583 431.63582 9
e 127.44822 787.04443 9
e 188.69741 499.35709 9
e 211.91914 383.42894 7
e 16.94106 328.17079 7
e 22.53325 424.76064 7
e 139.83198 571.90207 9
e 193.15999 269.92361 6
e 260.13425 467.94234 7
e 107.84271 468.11624 10
e 46.14908 679.45323 8
e 118.40322 478.48835 14
e 270.53126 490.21016 4
e 139.40767 583.68875 6
e 137.93382 550.16187 13
e 126.68079 547.22748 3
e 181.53156 360.87858 8
e 115.63014 290.35346 11
e 149.42711 597.73227 11
e 163.39702 466.21530 10
e 203.83656 539.47206 8
e 199.12203 278.82853 16
e 261.73989 566.73646 9
e 76.28678 473.86810 9
e 50.21936 665.58089 10
e 243.64943 649.32320 8
e 125.38113 829.56443 9
e 40.90680 303.22977 9
e 297.30535 446.07291 14
e 257.51431 578.09892 9
e 36.74546 600.38660 7
e 200.14114 853.67423 8
e 91.90953 760.79963 6
e 108.37800 644.05440 9
e 108.65090 625.31275 7
e 142.25669 502.47133 3
e 37.14940 426.15242 16
e 210.95409 495.30321 8
e 240.75011 538.26983 9
e 2.34592 407.82604 15
e 138.26605 439.24061 7
e 190.88772 533.41738 9
e 96.32150 694.35028 10
e 68.80212 449.57639 7
e 242.09791 259.64395 8
e 114.12516 842.83600 9
e 185.98196 431.02566 13
e 152.43716 448.10370 8
e 307.45480 390.21262 14
e 244.64035 370.72023 5
e 155.68573 434.39321 6
e 189.33498 744.65240 3
e 210.67689 624.53492 8
e 191.04100 491.57705 8
e 253.31477 620.99531 11
e 134.24554 422.06122 10
e 183.37739 733.16063 12
e 210.46941 386.85847 8
e 177.28542 343.36679 13
e 256.20067 479.31506 14
e 233.66355 628.19640 8
e 99.95131 414.60445 9
e 212.60883 203.52504 13
e 100.30811 390.26328 10
e 12.66427 500.83541 6
e 108.54294 550.32139 8
e 311.55336 461.64707 8
e 90.92654 794.35529 15
e 277.49984 420.72378 10
e 206.27034 519.65687 9
e 191.88587 339.03419 10
e 50.46163 534.32623 8
e 263.53358 422.48313 13
e 191.73913 640.75925 6
e 171.36022 418.32119 15
e 143.54720 452.85709 8
e 203.48327 415.82001 4
e 94.87291 522.23425 8
e 78.50011 523.48921 4
e 105.80417 360.85457 7
e 237.44919 516.04383 6
e 288.77941 654.28814 21
e 144.02074 530.58519 9
e 50.28235 213.22018 10
e 5.16391 416.43883 11
e 54.31710 531.82689 14
e 126.05159 658.18121 15
e 258.53522 583.72175 12
e 187.48504 701.24015 8
e 132.02961 648.13028 11
e 67.37092 671.06226 7
e 128.34644 558.97561 10
e 93.29123 549.37038 7
e 145.91763 381.84727 13
e 134.61493 356.02466 6
e 112.19145 551.27665 10
e 109.49312 102.24708 12
e 16.79759 344.73165 9
e 135.16411 326.10136 11
e 56.22489 486.58976 5
e 111.51675 351.50450 7
e 186.94182 505.30455 7
e 63.58409 541.17276 11
e 228.33643 341.28842 9
e 215.43898 736.82395 9
e 158.65686 963.29358 12
e 57.06075 652.77261 8
e 182.15790 890.73894 7
e 243.15604 412.85360 9
e 200.14617 718.77542 17
e 128.84755 428.07201 11
e 73.98234 350.31873 6
e 212.83996 468.63066 9
e 116.01456 600.54869 10
e 119.06541 433.23872 8
e 1.02246 265.28517 7
e 135.65606 566.32528 8
e 74.75783 697.52756 12
e 207.40166 263.21385 10
e 201.80646 521.71201 10
e 249.92274 536.93614 8
e 199.15644 569.39387 15
e 180.49145 529.78263 8
e 10.29776 276.00542 12
e 83.21594 601.51609 9
e 139.24973 409.47676 13
e 217.21157 541.00897 12
e 151.72728 744.09707 9
e 115.60032 511.19983 12
e 195.44486 498.61270 6
e 134.23998 431.43439 11
e 74.35836 637.39117 10
e 95.20914 557.95621 9
e 165.68421 530.58759 5
e 227.64510 560.48741 15
e 126.06519 388.42829 8
e 221.56872 714.36133 12
e 208.28808 431.72740 6
e 133.17635 443.05729 11
e 112.17240 308.25549 8
e 180.50482 448.85445 9
e 94.57238 576.63000 10
e 337.29354 528.78192 8
e 99.49117 567.37367 14
e 103.67761 392.39780 10
e 38.46966 804.02950 12
e 106.16075 276.16000 7
e 131.14249 642.66187 6
e 435.14432 499.05856 10
e 269.31427 597.71179 11
e 79.44701 632.45043 8
e 32.61394 369.72139 12
e 161.58332 447.22730 12
e 15.27956 190.65977 8
e 193.63579 585.23833 7
e 78.91190 769.98837 8
e 316.25591 332.36866 3
e 116.77034 713.77355 12
e 198.11131 788.19086 6
e 3.27068 557.35005 7
e 187.58780 471.42667 12
e 38.62919 483.68479 13
e 133.73135 436.97065 21
e 99.71726 496.18447 8
e 187.39543 488.57474 5
e 217.73494 518.87367 8
e 120.46960 623.90302 9
e 144.01729 381.59158 12
e 225.95208 498.79068 13
e 43.20218 506.80575 8
e 244.30235 646.14760 13
e 125.52900 881.60472 10
e 239.63329 660.55323 11
e 4.76167 719.45113 8
e 227.98606 654.82239 11
e 184.58665 463.96329 5
e 77.41569 592.72503 9
e 67.28044 409.86259 8
e 74.40824 272.59151 14
e 159.56576 431.63309 8
e 120.69907 407.62723 7
e 171.69652 468.98534 7
e 177.78365 499.37420 8
e 249.78805 439.98159 10
e 234.46934 478.19304 8
e 131.27986 454.12616 11
e 140.68591 674.78836 10
e 206.27921 618.15294 8
e 111.33850 539.96490 9
e 212.48447 509.93636 9
e 154.16979 616.16944 11
e 159.70684 675.50759 19
e 159.82238 715.64483 10
e 117.42390 396.13016 8
e 149.94870 847.90373 8
e 139.66540 638.27256 10
e 192.69214 509.49676 13
e 237.22751 541.42013 8
e 165.40636 643.25001 11
e 164.37205 366.82860 16
e 39.10198 437.83226 12
e 256.11773 713.83853 13
e 132.46270 305.26349 10
e 219.44921 292.26424 15
e 229.56974 458.74917 13
e 124.69701 739.44715 6
e 215.63414 234.29945 9
e 222.84525 707.72915 10
e 200.32126 476.78857 9
e 79.49030 784.71787 10
e 45.26640 596.28704 6
e 203.46722 724.19234 8
e 277.18005 413.12721 6
e 17.03353 508.16992 8
e 86.82057 721.53317 9
e 298.33767 563.34725 11
e 251.03480 232.53389 8
e 328.80880 589.63093 7
e 88.77303 302.38927 7
e 123.36059 419.57703 11
e 187.67158 539.88785 11
e 129.28922 913.34491 13
e 97.91261 926.24755 14
e 160.65659 502.15764 6
e 324.51723 432.32892 7
e 176.27783 434.11390 10
e 175.74249 757.77131 12
e 73.44649 532.69565 8
e 159.00171 693.10522 12
e 192.37685 383.68323 11
e 81.78550 355.35405 8
e 89.84594 696.84546 11
e 118.41924 568.51362 5
e 25.89448 432.90196 9
e 123.48166 634.44534 11
e 259.07138 497.92598 9
e 170.98597 848.24053 11
e 166.05002 401.43095 13
e 174.51067 721.89201 5
e 216.05575 534.08624 8
e 218.14099 539.70347 6
e 405.74865 303.30646 12
e 52.80577 430.26451 7
e 226.74418 763.89530 6
e 285.71429 339.46313 6
e 175.52428 604.20758 10
e 81.05514 402.75426 6
e 90.52576 575.40861 8
e 187.47005 471.12926 8
e 197.46312 680.27174 10
e 168.88989 432.96078 8
e 307.57352 703.89001 9
e 115.64136 542.75786 5
e 135.42286 702.38122 7
e 155.36258 672.23542 15
e 135.55163 718.14719 12
e 205.74808 353.08101 9
e 133.03667 509.43892 8
e 90.93415 524.57978 5
e 121.25492 508.61537 11
e 93.11134 678.23643 4
e 132.06099 507.53176 12
e 340.67305 617.15306 5
e 39.28519 490.27106 8
e 272.72598 564.22340 13
e 71.63512 757.20588 13
e 74.75157 815.50447 10
e 131.31773 719.23275 10
e 282.83461 541.87754 10
e 66.26390 607.98316 13
e 223.15838 572.81919 5
e 143.86115 294.56645 10
e 106.56804 480.51673 10
e 89.47764 519.36066 13
e 251.36583 647.92607 9
e 70.93981 384.34920 9
e 211.73572 602.61510 7
e 83.96574 498.93593 10
e 17.19786 269.13540 8
e 182.51062 616.39406 10
e 131.51089 302.04050 7
e 129.62102 547.47819 8
e 32.15116 593.10554 7
e 53.45743 667.69678 9
e 105.64648 612.13611 10
e 97.87031 898.80217 8
e 83.15417 482.85001 6
e 111.27882 706.28583 10
e 118.20601 642.32863 10
e 123.24920 723.55048 7
e 85.27278 583.59964 19
e 118.61253 680.19232 10
e 138.32030 560.79718 9
e 73.06079 413.20235 6
e 247.02393 385.62720 4
e 170.43913 286.31103 9
e 320.51602 625.39355 9
e 215.70454 463.84908 10
e 277.74178 562.65351 15
e 136.60519 883.73576 6
e 102.32828 582.79518 6
e 191.12526 272.63151 7
e 138.30220 476.16576 6
e 55.41689 367.46013 6
e 134.47279 613.92334 8
e 245.69949 509.51405 10
e 213.28043 324.64272 11
e 293.30774 531.07866 8
e 219.54909 457.79345 14
e 177.88036 383.16712 11
e 148.15767 579.88567 7
e 136.92871 821.20169 12
e 137.60265 463.53720 13
e 104.41121 639.08257 9
e 355.72299 564.60761 15
e 34.77332 421.44418 11
e 242.76443 489.88768 8
e 178.65930 391.13976 10
e 71.67989 316.24036 6
e 144.48700 643.06387 11
e 278.12928 735.50653 13
e 232.97657 541.34129 15
e 233.02430 548.87005 8
e 209.72803 251.16864 4
e 159.33050 543.30728 8
e 133.10624 435.70255 7
e 183.02616 341.41005 6
e 24.33035 283.95546 8
e 242.81936 474.01916 12
e 22.96015 780.41922 7
e 351.37083 299.15686 8
e 369.44954 522.60691 11
e 217.08454 438.75890 6
e 114.53632 569.77477 10
e 322.97301 469.93594 7
e 233.30611 573.84502 11
e 177.51602 740.11622 10
e 62.19044 499.40775 8
e 60.84589 680.49881 12
e 126.47118 761.39798 7
e 68.49557 374.02355 8
e 240.40107 529.69036 13
e 18.06674 426.67860 12
e 3.53299 448.54389 7
e 193.17260 453.96738 11
e 177.31458 615.64808 8
e 156.71290 409.18331 11
e 144.56249 527.24887 9
e 60.23450 576.22164 12
e 202.22219 223.31811 13
e 266.22526 480.53118 6
e 52.43131 667.68839 8
e 192.34912 716.26364 10
e 159.57850 505.96086 9
e 118.69315 749.58354 11
e 86.86696 328.14492 12
e 127.92316 522.19930 5
e 115.25494 755.26786 4
e 50.20605 516.50289 12
e 118.35994 641.11160 7
e 124.72987 374.56224 6
e 239.49922 511.80768 7
e 209.65557 682.77241 6
e 79.84640 592.35384 7
e 137.93170 460.39106 8
e 222.42231 587.50694 13
e 75.61304 581.84824 12
e 210.25986 550.42641 9
e 184.27053 711.23575 9
e 216.05693 367.89137 10
e 93.95770 570.85886 10
e 45.26054 686.74042 4
e 152.14610 633.77475 10
e 187.59563 789.07787 13
e 47.50809 415.98250 11
e 243.81074 509.08468 8
e 85.98700 484.09679 12
e 169.39960 1045.70249 13
e 132.08336 583.82064 10
e 170.75544 445.69121 7
e 228.43087 466.85939 9
e 141.07263 570.80377 6
e 177.85066 511.56069 6
e 26.18402 642.51472 10
e 132.75174 354.16871 7
e 198.19856 441.63485 10
e 167.32403 465.17242 9
e 150.58307 636.65255 11
e 76.52781 459.99551 7
e 92.88792 399.61804 12
e 269.76026 209.39681 7
e 343.55396 758.93826 8
e 102.59991 474.47507 13
e 227.24469 879.80927 9
e 117.49869 405.76112 8
e 93.44721 458.27300 10
e 53.11424 731.40601 7
e 94.04392 529.61305 11
e 213.17554 441.47546 10
e 109.91050 514.33062 9
e 201.27987 670.19082 8
e 109.59393 716.41435 18
e 120.62267 566.26857 7
e 141.91295 565.51765 7
e 171.09842 667.93610 5
e 25.51145 325.68079 11
e 150.80844 455.31769 3
e 192.26275 470.40391 8
e 332.09330 607.65696 11
e 50.65371 493.71831 10
e 143.99792 388.71821 7
e 44.05028 568.02797 8
e 118.98933 632.55936 10
e 126.23587 737.44207 11
e 212.67057 704.30843 9
e 131.73968 469.19691 10
e 282.66455 796.31251 10
e 34.32362 327.25971 9
e 55.98251 576.16442 9
e 134.74140 354.75166 4
e 200.70881 485.99093 13
e 82.98389 434.12733 12
e 97.96355 456.13223 9
e 220.80050 586.22166 11
e 309.52074 659.26474 10
e 225.47131 717.12054 9
e 147.15516 395.67776 12
e 97.23320 352.71228 7
e 226.80232 609.43914 7
e 174.61529 558.67240 7
e 213.77789 618.09826 17
e 180.44657 575.50742 7
e 248.01854 697.60258 14
e 91.73294 527.92064 13
e 179.66328 829.53242 9
e 184.14094 552.21653 5
e 205.23226 602.12173 7
e 230.22793 619.16848 8
e 103.05741 320.93405 8
e 67.36852 557.35368 9
e 178.22500 684.79256 12
e 191.50984 647.30546 7
e 184.62444 637.56127 4
e 46.91911 715.90901 10
e 126.82743 733.48414 6
e 163.95039 488.44522 9
e 167.14792 575.88946 12
e 147.22041 452.89025 11
e 94.65710 305.12983 4
e 3.74947 482.30532 13
e 98.54688 492.22433 13
e 131.61453 721.54045 11
e 163.48072 752.21197 7
e 192.50584 403.14818 12
e 57.52535 656.53220 6
e 133.25126 538.11594 6
e 163.59002 434.27822 7
e 215.50460 402.30474 6
e 41.06322 705.56895 5
e 166.51778 242.26384 9
e 266.04178 361.45012 9
e 164.63515 615.49537 9
e 174.58579 661.74996 5
e 141.14813 885.44854 10
e 111.85312 613.35839 13
e 67.37988 381.53012 11
e 110.57613 304.67426 8
e 69.18324 261.19012 7
e 111.39290 583.83185 11
e 164.23905 454.38770 8
e 132.27388 515.92404 12
e 228.32113 413.99039 8
e 189.20618 796.54696 10
e 119.68501 592.20822 9
e 89.59490 511.75981 7
e 211.89280 630.60108 9
e 225.70326 553.30775 9
e 228.87380 546.05068 10
e 165.46178 514.24393 11
e 200.34681 335.52860 10
e 165.88427 705.58371 9
e 174.89469 747.79449 14
e 171.82360 510.12722 6
e 286.77636 668.80695 18
e 264.84139 751.97605 6
e 146.67809 306.39608 13
e 31.63698 380.52674 14
e 11.10791 487.55151 4
e 258.76231 655.36540 12
e 125.89358 720.33532 11
e 181.13839 397.09761 7
e 106.64442 523.42259 14
e 228.72058 804.32462 10
e 166.97078 163.75106 6
e 125.63891 513.42552 10
e 185.22064 700.82270 11
e 206.30992 388.37544 8
e 134.76721 588.35944 5
e 95.63281 358.29413 7
e 125.20380 449.04084 8
e 58.82022 548.39775 10
e 176.28750 696.68460 9
e 102.51590 615.77388 9
e 94.04227 175.59070 11
e 150.15479 503.93785 4
e 48.11308 524.64272 10
e 113.60868 657.82986 4
e 185.60687 742.24115 9
e 52.28781 802.51027 9
e 80.18550 594.44042 9
e 84.41622 580.91133 8
e 217.65266 564.55439 16
e 108.02067 739.45505 8
e 160.87715 499.25282 8
e 225.49212 417.09054 12
e 63.03585 652.98688 10
e 147.29216 344.40095 6
e 118.05915 279.96131 8
e 83.62873 517.57008 8
e 98.91794 711.08288 7
e 24.82978 725.94654 8
e 20.29162 742.95295 11
e 51.57555 733.17254 9
e 17.52152 613.22858 4
e 233.72111 875.35249 14
e 274.78284 572.40222 16
e 13.96746 437.47568 7
e 77.74847 163.30388 5
e 145.32797 575.58956 9
e 99.49290 646.77735 9
e 121.95625 624.47988 19
e 249.64487 529.87894 5
e 228.68796 534.54086 11
e 152.55100 625.90586 9
e 205.74217 626.15057 9
e 206.33984 538.90648 11
e 123.65658 430.42210 8
e 132.73957 689.74595 9
e 275.54118 782.15636 7
e 278.11894 522.11944 7
e 85.61211 713.50808 7
e 140.17198 562.71364 6
e 23.75188 422.51096 7
e 203.57003 679.54562 5
e 35.43349 841.50095 10
e 236.91588 716.24266 10
e 193.80938 491.81646 10
e 140.23128 517.71049 10
e 71.50669 310.85870 11
e 106.30612 451.62406 6
e 58.14051 509.46617 12
e 193.29385 463.27985 7
e 181.01554 562.31361 11
e 75.67118 617.02558 10
e 187.51383 462.16769 12
e 156.85521 480.36374 11
e 108.79952 170.14566 5
e 202.36506 378.18714 13
e 18.19345 626.94319 6
e 184.70387 765.28993 8
e 188.32131 321.21959 5
e 147.24058 715.72273 7
e 184.70174 237.33352 11
e 237.71038 562.63147 6
e 158.43826 667.22481 8
e 95.44153 558.18054 6
e 227.35991 1060.21902 11
e 104.05781 790.32061 5
e 121.54772 928.87218 11
e 43.32768 583.68574 5
e 141.09893 599.13830 6
e 321.01135 515.47729 6
e 109.46367 744.87583 15
e 208.68807 829.62787 13
e 89.64408 510.20775 9
e 132.69203 535.63547 9
e 223.83021 688.05001 7
e 197.79646 482.85647 14
e 110.69103 574.37244 4
e 127.05480 551.03828 8
e 68.36583 386.12314 12
e 271.31726 589.82116 8
e 212.35175 638.39864 11
e 116.08323 377.74847 7
e 88.50127 543.07729 11
e 152.10542 762.64379 11
e 15.38896 806.36020 11
e 196.15310 760.56732 11
e 179.30896 446.81838 14
e 151.72780 758.85219 5
e 222.92521 502.41321 7
e 120.46541 529.93203 9
e 216.01738 794.46858 10
e 175.44099 458.29191 11
e 249.71114 664.82846 6
e 52.67386 293.00877 9
e 126.12651 597.78456 6
e 186.22313 540.28893 15
e 162.23377 377.99078 9
e 16.89837 709.90213 6
e 384.19566 669.82037 8
e 233.59667 482.84472 10
e 63.76511 817.62701 10
e 253.64206 453.30363 13
e 217.35355 364.84210 9
e 94.38325 494.20296 10
e 191.90477 539.03248 7
e 144.37981 621.37909 8
e 299.51340 785.44235 8
e 170.45186 428.39791 5
e 370.96815 946.64006 7
e 121.63014 275.24676 6
e 274.50564 679.55360 7
e 178.75953 246.45443 13
e 168.58914 829.15850 15
e 244.83785 493.75295 9
e 183.20507 508.40567 12
e 32.55295 162.52824 12
e 213.54453 587.77437 10
e 232.07204 875.43783 17
e 182.96640 441.25381 9
e 121.28737 660.72459 10
e 83.86659 514.31549 9
e 83.00718 358.99156 12
e 33.38844 604.33950 9
e 142.04477 815.99193 10
e 339.85925 952.32170 9
e 89.41034 736.77886 12
e 214.89169 437.52076 9
e 126.52002 352.66855 8
e 316.01074 598.05173 6
e 114.13592 645.55852 9
e 232.91237 379.72984 13
e 167.35061 659.22021 9
e 143.04124 628.46970 7
e 134.08280 660.35165 12
e 244.15990 572.81742 8
e 65.10426 652.51112 9
e 135.25116 448.93104 11
e 288.05695 328.96619 9
e 148.57549 716.20079 8
e 195.93466 431.59256 7
e 146.26261 590.13305 13
e 52.95691 517.10373 10
e 92.24587 360.37110 9
e 146.68524 430.63102 6
e 161.80043 317.88606 13
e 154.74507 644.42441 7
e 173.66507 562.95762 10
e 187.59044 532.37820 9
e 178.78431 511.37029 9
e 288.56434 412.33260 6
e 166.21184 260.90224 16
e 96.46676 526.03606 8
e 304.38049 575.57155 10
e 100.37640 416.70397 10
e 108.88914 540.29379 9
e 162.36272 450.66335 9
e 66.44790 653.95185 14
e 126.99462 615.81751 11
e 237.99809 531.84743 7
e 292.42996 851.40812 8
e 77.50756 450.51653 9
e 140.19211 654.30683 9
e 2.48547 744.26721 5
e 276.63974 362.25990 8
e 63.25070 464.83308 7
e 215.48239 726.98429 12
e 21.91647 375.80016 8
e 289.14874 551.50421 14
e 29.35600 437.70300 8
e 84.07037 466.91069 6
e 134.34914 478.50755 10
e 252.93716 710.57585 8
e 280.16971 587.62796 13
e 104.57944 445.83223 8
e 213.96118 501.44715 11
e 199.27782 544.27620 12
e 292.80108 660.17767 10
e 86.64697 535.31319 9
e 33.52991 467.56717 11
e 88.96202 519.98918 7
e 239.18266 657.55049 11
e 200.28217 716.90553 10
e 263.19118 698.43915 8
e 83.82532 604.73223 9
e 219.60838 740.42137 12
e 43.74841 644.61850 10
e 106.99260 744.62626 10
e 370.94874 541.02720 6
e 99.77969 458.33905 12
e 96.05692 551.69672 9
e 129.09062 652.47399 7
e 217.06409 703.71549 10
e 302.56483 522.75700 11
e 82.28061 437.23291 6
e 22.57899 315.89769 10
e 199.62881 526.67152 9
e 199.80559 657.92382 8
e 128.57624 614.04297 9
e 176.80425 586.04730 12
e 217.64344 767.70622 5
e 41.02918 651.94201 9
e 101.05293 584.07107 8
e 41.92093 471.51265 6
e 61.50406 665.71642 5
e 63.42403 338.17485 12
e 141.92143 756.41862 11
e 208.19813 884.65650 9
e 16.26233 593.70816 8
e 200.67180 469.60521 8
e 230.16800 461.22323 10
e 108.23896 549.94149 8
e 154.16371 643.48984 7
e 204.02090 250.63351 12
e 92.77797 507.12842 11
e 147.12592 497.33294 6
e 161.55123 872.30661 9
e 160.30854 743.24003 6
e 177.00331 569.48805 8
e 142.08926 560.32738 14
e 34.63526 484.16186 6
e 19.82603 330.79515 14
e 143.39324 635.36450 7
e 79.55293 568.15416 4
e 246.26407 810.24142 4
e 165.36926 672.66737 11
e 197.49465 698.67971 11
e 186.17887 611.78157 7
e 46.24069 400.59081 7
e 88.78958 498.35943 9
e 252.98119 491.10193 14
e 202.87322 714.59838 13
e 185.98979 622.86533 11
e 113.60414 375.67223 8
e 149.02282 719.84178 9
e 183.60862 639.82993 13
e 223.25275 675.96339 9
e 280.22207 493.19380 10
e 188.16901 294.71117 8
e 33.63201 533.14880 10
e 17.54514 728.35235 8
e 313.32822 615.21832 17
e 155.56890 676.54211 6
e 251.69820 519.93716 12
e 110.15625 515.13995 8
e 138.18990 337.13801 13
e 133.58844 400.47325 8
e 208.43173 758.08085 11
e 283.98008 443.73846 8
e 269.22453 804.51310 13
e 143.18383 566.88891 10
e 145.59151 531.33852 10
e 103.80795 538.67624 7
e 46.03659 625.71887 8
e 71.71505 651.61519 7
e 228.16243 522.76899 9
e 97.51821 718.94359 11
e 194.48320 792.49805 10
e 149.97259 827.22692 7
e 169.83595 465.55455 10
e 18.78358 530.27886 11
e 165.51451 542.81261 10
e 99.99317 910.22492 11
e 85.44156 705.82870 14
e 146.99483 813.32175 10
e 244.88304 503.73593 5
e 152.59319 486.25839 8
e 210.72288 739.20743 8
e 183.91557 725.24040 5
e 78.96141 466.73091 9
e 226.47050 548.82206 12
e 42.91973 663.49117 6
e 154.46846 637.11099 7
e 196.04142 338.69280 11
e 178.20184 549.18393 10
e 183.95406 876.98729 10
e 266.77541 499.67856 11
e 9.27388 737.41506 3
e 194.31126 762.04510 9
e 177.29556 319.16371 6
e 39.51733 703.63867 9
e 137.46349 288.50301 6
e 165.22848 545.17616 8
e 184.35630 692.56091 10
e 110.54980 578.25264 8
e 198.78384 755.90220 10
e 355.20353 600.96619 8
e 134.80055 549.42113 10
e 93.34073 715.75597 10
e 43.38641 675.18039 8
e 49.43021 358.77756 14
e 70.35721 598.61177 9
e 157.14102 736.79593 9
e 181.38398 669.51387 8
e 79.56779 686.15531 8
e 68.91689 505.24831 8
e 188.20409 399.34185 6
e 83.90496 406.21179 7
e 60.46225 796.74481 7
e 103.65451 455.40475 4
e 249.93804 117.85141 4
e 138.89192 327.34548 8
e 161.47482 701.67718 12
e 315.36976 630.21829 10
e 178.76207 611.69933 11
e 89.73178 262.05958 7
e 93.69583 540.93966 9
e 90.45370 462.49786 10
e 70.61441 273.81464 10
e 38.81447 695.13498 9
e 114.83052 584.01140 5
e 160.54560 503.74694 8
e 65.86927 689.19982 5
e 167.27571 303.34678 13
e 96.97306 585.78541 8
e 78.62887 573.30022 10
e 99.16229 251.73976 11
e 211.62823 771.67525 12
e 245.84273 789.66376 10
e 152.21032 650.26887 10
e 174.17982 335.79284 4
e 134.83916 489.80549 9
e 131.17650 535.22104 11
e 30.15903 399.12943 10
e 88.50960 453.79961 10
e 70.29417 491.11954 11
e 130.73494 542.66477 8
e 35.79866 638.91770 15
e 179.51147 533.56031 6
e 78.64679 607.81984 6
e 70.21299 574.53169 12
e 335.41604 717.80590 6
e 219.84596 373.12728 7
e 226.95291 484.67061 12
e 169.31553 364.81493 9
e 17.90191 556.60792 7
e 67.28060 379.97167 6
e 257.24716 628.44035 12
e 192.79986 251.36047 10
e 261.61156 639.03903 6
e 186.39614 315.67553 8
e 161.69409 443.14705 15
e 192.61010 630.95523 11
e 124.74106 341.43957 8
e 225.40158 545.53468 11
e 254.04467 513.40061 8
e 190.10986 787.91694 16
e 7.46250 588.02057 10
e 219.35263 783.74796 5
e 181.49073 379.39979 10
e 159.44825 481.18521 14
e 60.54870 435.91392 14
e 97.13017 637.36875 9
e 181.46342 453.85299 14
e 199.13960 506.25733 8
e 191.31704 414.60191 6
e 246.81524 715.99355 12
e 168.46704 307.56945 7
e 174.00707 287.43104 10
e 12.59087 456.25993 10
e 229.95684 362.57175 8
e 90.34695 555.41145 7
e 163.32023 859.76511 9
e 1.44933 399.57005 8
e 154.03756 557.44145 3
e 164.26035 837.33147 6
e 59.45773 679.66895 18
e 67.72329 259.52330 8
e 297.71724 555.23154 10
e 153.52807 414.26511 9
e 140.72734 616.41674 17
e 344.24672 452.10665 7
e 236.15439 376.91748 10
e 216.03879 754.30854 7
e 154.17900 683.00796 8
e 349.92640 408.23806 9
e 111.40920 326.90461 9
e 143.13834 609.55251 5
e 104.79681 165.67002 7
e 373.49017 530.65081 4
e 199.08656 375.11644 7
e 113.30764 396.50343 9
e 126.07156 591.72525 4
e 8.28305 617.52499 11
e 23.98589 409.53545 15
e 146.67563 620.51926 10
e 142.24710 354.37416 11
e 251.68993 842.52880 7
e 307.63089 371.16331 8
e 199.79752 900.94349 6
e 21.10050 690.90158 10
e 252.59068 384.01036 9
e 62.75558 779.62036 6
e 320.11894 333.05048 7
e 233.01441 732.26527 10
e 221.34127 465.86661 5
e 97.46639 581.64280 15
e 122.46433 674.09514 10
e 140.86789 598.67724 9
e 106.60522 494.35132 9
e 141.27611 629.97543 2
e 163.11318 500.43258 13
e 219.02155 321.22739 6
e 210.63602 881.03604 7
e 87.02587 380.75743 7
e 213.30910 647.27901 12
e 160.79784 589.89736 10
e 196.01692 404.01276 8
e 221.76198 348.32893 10
e 145.10861 366.01628 14
e 113.99634 458.13750 6
e 191.81391 871.29553 10
e 135.91421 229.26201 8
e 94.28729 542.07902 14
e 203.37547 697.11946 11
e 223.81099 943.16367 12
e 121.54028 843.33720 11
e 291.08693 451.25668 12
e 323.24755 434.48535 8
e 109.41119 398.70350 12
e 211.24169 495.14031 8
e 99.47136 474.01157 9
e 184.62934 701.24941 13
e 141.43690 432.67152 11
e 167.51172 435.28912 11
e 152.55933 494.86029 5
e 134.84631 506.02009 6
e 344.23312 563.02670 12
e 115.10306 606.72222 9
e 53.99740 684.66682 7
e 167.61396 526.27545 11
e 104.56167 580.65104 12
e 232.27475 437.15220 11
e 233.53700 570.56765 11
e 304.70400 572.04336 6
e 218.25440 280.59576 9
e 230.25984 807.30786 5
e 232.34456 650.66333 12
e 215.41923 729.80125 6
e 296.68802 853.67273 10
e 193.27206 411.53592 8
e 210.40581 630.56694 8
e 324.07327 558.41790 9
e 92.04405 654.37174 8
e 202.80098 358.97333 6
e 190.98443 306.75088 8
e 166.84190 788.19831 12
e 9.65682 459.71229 7
e 149.55288 783.97515 20
e 195.92670 490.49095 7
e 176.18096 645.15527 5
e 143.26220 628.49479 8
e 105.55825 476.27746 10
e 192.64030 283.04521 4
e 185.90112 497.42855 17
e 243.78899 644.78133 7
e 175.34872 611.25689 5
e 43.69946 348.77322 11
e 191.11924 559.41286 8
e 151.27166 859.76112 6
e 160.78066 452.00757 8
e 124.64949 400.15496 11
e 154.18119 869.00859 8
e 213.80174 329.01044 10
e 190.19654 398.94903 6
e 152.46732 548.11614 4
e 108.58616 560.98846 10
e 143.13989 443.50136 7
e 107.00835 570.61698 7
e 83.52699 490.58428 13
e 163.75293 443.06771 8
e 3.85928 596.98596 8
e 143.22752 445.53646 11
e 220.33219 759.64275 6
e 120.42534 553.15142 7
e 82.46895 643.67746 13
e 137.06831 493.80253 10
e 11.32169 333.86390 8
e 243.37314 782.79752 11
e 121.73490 527.63132 9
e 59.73556 549.73752 7
e 210.72952 452.38409 10
e 156.18776 439.90697 10
e 170.74091 524.47077 15
e 238.88971 515.63032 7
e 146.99979 695.72350 10
e 252.56190 540.64232 6
e 63.61681 508.65482 9
e 74.75408 564.53745 9
e 149.08657 549.30001 14
e 206.56871 534.61779 9
e 74.89721 562.32789 12
e 117.57997 765.99509 9
e 83.52311 552.87961 8
e 170.69876 340.65412 10
e 249.07294 296.26035 7
e 173.28573 282.26179 8
e 308.56372 747.09218 11
e 240.82165 429.13401 11
e 128.03546 610.46190 13
e 146.71740 785.30132 15
e 120.64291 727.72385 8
e 185.99851 657.75451 10
e 145.53209 556.68412 9
e 268.09269 559.64159 8
e 175.77560 421.10216 9
e 272.75384 463.62692 12
e 57.63330 402.81840 12
e 81.78302 450.78368 8
e 129.59127 316.32869 10
e 328.84473 260.71868 12
e 124.72109 891.20068 11
e 17.17099 622.29989 4
e 329.46150 419.63826 5
e 130.70333 642.87263 8
e 135.95348 472.23204 11
e 146.03319 293.12206 4
e 99.25480 423.95444 7
e 189.43038 543.32791 11
e 117.75661 546.72065 21
e 57.23028 470.88188 10
e 157.98693 410.56645 9
e 107.53328 621.29125 12
e 204.82167 577.69651 11
e 107.57672 357.05132 5
e 174.22224 589.91604 9
e 237.65373 514.00849 8
e 232.08549 437.17737 13
e 157.46253 563.76269 8
e 43.68787 633.47986 10
e 257.73635 477.86471 6
e 193.89450 648.09775 13
e 303.47509 277.49853 9
e 131.93500 623.77704 6
e 253.12019 447.80664 11
e 78.70564 535.74428 6
e 136.97923 561.90350 6
e 165.70711 726.37246 5
e 184.22066 368.12692 10
e 89.22487 644.80767 12
e 18.69119 568.39710 7
e 137.31006 522.13859 4
e 190.51659 621.28636 9
e 182.72651 627.89898 12
e 122.84769 251.08946 11
e 149.41991 639.96493 6
e 148.68915 742.38412 10
e 118.00711 422.99042 4
e 193.24978 630.90328 7
e 111.27270 777.97806 3
e 84.66151 660.55692 11
e 46.24465 530.38926 10
e 139.47542 439.74139 8
e 254.55490 766.81269 7
e 120.99979 260.57414 8
e 209.62190 585.28956 9
e 102.48969 610.25070 6
e 123.98431 727.74678 6
e 44.01371 433.39575 8
e 182.39453 478.24722 9
e 262.21191 650.98620 11
e 106.22091 262.49449 8
e 175.30343 407.01866 11
e 188.18588 726.82351 9
e 104.70763 571.74137 9
e 150.15512 616.82432 6
e 97.55995 649.37779 11
e 133.39338 715.50375 15
e 42.01929 618.02985 7
e 305.52761 435.87615 6
e 109.53775 486.71027 10
e 141.35331 203.58261 11
e 102.69405 753.04571 11
e 76.89494 638.67610 12
e 140.90578 370.14207 5
e 104.69927 326.67226 8
e 96.43654 555.24829 10
e 209.09544 373.86952 8
e 119.05696 881.80717 7
e 253.06664 291.66001 8
e 85.77781 721.95333 8
e 326.18047 537.25980 14
e 162.22716 614.82308 8
e 155.46899 223.74724 6
e 8.46581 512.90658 9
e 97.87724 272.67726 12
e 78.36708 721.31193 10
e 132.55092 711.46046 10
e 216.10908 613.63732 9
e 189.23328 413.27018 13
e 133.45454 475.48932 17
e 341.32955 805.58792 7
e 158.98391 654.52928 4
e 233.63273 425.27143 4
e 125.34353 758.10042 9
e 272.54975 518.06517 11
e 64.61005 600.65244 9
e 278.68469 598.14305 7
e 179.91457 732.15599 8
e 224.49008 165.75778 10
e 208.06210 865.11178 6
e 66.05303 670.89429 7
e 264.03864 773.64413 5
e 57.27674 577.99599 6
e 131.43907 648.60764 12
e 105.13248 477.08743 5
e 136.70300 593.42912 8
e 72.91691 679.70978 9
e 149.96603 599.57280 13
e 281.84703 436.81142 8
e 62.97950 618.34213 17
e 235.28903 535.89166 17
e 232.00446 457.27960 11
e 306.91181 345.42545 12
e 50.74167 640.98091 10
e 146.86373 527.51786 9
e 202.93713 660.80091 7
e 203.50985 439.34180 7
e 165.51329 323.70891 14
e 197.85406 376.93716 8
e 65.86102 825.93439 6
e 148.44541 257.45737 10
e 200.34661 569.14451 6
e 124.64212 681.50054 11
e 183.59966 811.91254 9
e 57.12460 636.55415 12
e 131.88114 604.79927 7
e 122.96338 377.74287 5
e 291.65046 275.89454 4
e 80.75033 764.27818 13
e 228.78704 425.11918 13
e 204.68720 706.57435 10
e 171.38683 638.97475 7
e 131.60254 682.65146 13
e 211.52656 487.35584 10
e 55.12999 676.19604 11
e 113.11855 288.90089 10
e 339.12610 374.38996 7
e 149.72749 697.02662 9
e 85.58854 456.08945 8
e 159.71327 833.69685 14
e 344.61154 558.79307 15
e 139.56137 681.08736 10
e 80.71164 780.62317 13
e 175.93619 730.67553 8
e 237.99684 585.56356 14
e 13.82881 638.97179 10
e 132.42370 568.02044 6
e 225.72892 446.95986 14
e 192.37065 722.91016 6
e 115.21042 323.20752 6
e 42.48853 581.47985 8
e 347.65379 355.43491 4
e 116.38390 733.67778 9
e 168.32789 828.50290 12
e 122.65065 512.59721 6
e 216.17730 375.79178 16
e 133.95727 619.66898 10
e 5.28686 350.37215 10
e 198.48437 380.81478 5
e 146.24635 765.27376 9
e 134.42573 642.53465 10
e 165.12509 635.11447 9
e 98.51078 725.73671 10
e 158.35196 388.92614 9
e 188.15490 618.54501 6
e 182.83348 435.60852 5
e 245.59468 273.55573 6
e 347.72760 663.82319 16
e 179.05027 581.98670 13
e 181.30541 496.62575 14
e 223.29209 523.40783 11
e 364.03395 438.20549 10
e 107.08408 553.79567 8
e 141.69728 445.30528 8
e 198.29638 335.42469 10
e 50.56621 537.41569 4
e 8.85305 766.22259 8
e 179.92966 447.38729 12
e 146.94859 674.23816 4
e 96.67877 637.77786 8
e 118.94982 645.21131 4
e 263.26595 490.71595 12
e 117.17740 607.22089 5
e 117.07759 442.47337 8
e 62.06461 814.85733 12
e 69.93464 652.97023 8
e 154.28602 621.27482 10
e 100.69809 420.86381 12
e 38.93941 702.74150 8
e 98.32067 819.36473 7
e 133.96862 484.57121 18
e 112.10065 299.05435 9
e 262.92384 312.57255 10
e 136.29657 488.41501 13
e 13.75222 222.79422 13
e 217.95827 370.64305 12
e 60.97705 962.53311 10
e 57.68491 243.44209 9
e 129.03899 551.26534 10
e 194.13219 704.39620 8
e 41.37299 767.16910 11
e 29.10437 547.13427 4
e 158.37229 566.12015 13
e 168.85295 795.20329 12
e 61.05201 572.37018 12
e 72.72294 521.25075 7
e 51.68193 646.62618 7
e 259.86523 343.11150 13
e 7.81368 384.18276 7
e 62.84864 686.10251 10
e 150.72871 224.03307 10
e 201.29163 573.60703 8
e 51.11436 579.93473 8
e 68.86150 614.59627 9
e 222.45181 594.46751 5
e 207.74379 696.79721 13
e 97.05915 218.98070 9
e 186.78530 481.38727 13
e 78.51145 488.38439 7
e 124.29344 1035.84311 7
e 105.32413 576.50849 4
e 239.17436 402.11372 8
e 130.41720 582.07250 8
e 161.21259 313.45814 12
e 138.31184 571.12910 6
e 142.70619 449.83336 5
e 172.79429 825.56230 11
e 86.80510 185.66943 4
e 80.36180 494.11586 7
e 340.86515 481.10890 11
e 234.14896 655.67125 10
e 283.59030 418.07889 12
e 162.85227 479.61533 12
e 146.51545 574.73900 13
e 99.12740 632.36327 6
e 214.89157 417.34692 8
e 134.13591 593.28015 7
e 151.63251 620.69278 6
e 186.63214 371.34767 10
e 285.48215 470.16100 14
e 214.04491 575.30930 7
e 293.32512 590.18224 8
e 147.02005 768.55316 8
e 144.29981 631.42377 11
e 185.45541 789.76574 9
e 226.91051 309.90605 9
e 244.35984 603.88822 12
e 153.62412 199.69217 10
e 101.33359 618.39542 8
e 43.33427 724.42555 5
e 198.04101 432.67977 7
e 132.45154 515.36675 4
e 120.71490 318.60545 7
e 170.79535 108.89360 5
e 83.99486 659.79081 5
e 207.88281 760.60498 12
e 3.23174 347.06824 6
e 50.75110 388.48683 11
e 280.43487 661.73649 7
e 159.31295 617.66999 13
e 317.86799 695.39392 4
e 194.01968 498.55649 11
e 132.14243 522.85787 12
e 164.33084 586.69945 7
e 147.73046 525.97324 9
e 127.85761 481.26705 8
e 310.78283 763.27923 12
e 260.90365 619.25214 6
e 162.99608 639.31990 11
e 277.29542 809.75001 7
e 226.08365 619.76743 7
e 216.47781 449.27181 11
e 26.15152 696.87330 9
e 82.32435 609.98776 8
e 85.89687 152.96900 8
e 197.55889 541.11572 8
e 131.65959 376.59780 12
e 199.09761 671.42797 8
e 165.87605 376.67391 8
e 273.42854 326.52525 10
e 131.44270 603.73947 12
e 100.26199 802.03709 7
e 105.81986 519.36416 12
e 260.88928 778.81483 12
e 242.41090 501.90776 12
e 260.88222 306.47344 8
e 416.66845 456.60659 8
e 238.68044 640.17671 10
e 35.99321 509.19324 5
e 200.40104 683.41253 12
e 52.57278 696.00401 9
e 244.22901 480.64128 10
e 208.37568 567.72118 13
e 32.57024 165.62742 15
e 42.76482 618.82571 7
e 164.68577 291.68582 17
e 102.66317 1057.90365 9
e 143.87369 587.57703 8
e 238.86730 637.29776 8
e 178.65934 751.59872 12
e 289.09826 535.96788 8
e 162.60882 692.28212 10
e 2.74054 427.38034 10
e 120.25058 379.08099 13
e 119.77137 473.02667 7
e 174.58251 615.95482 10
e 142.55753 526.83873 11
e 173.43854 575.77242 15
e 132.21484 746.25643 7
e 203.40542 551.75155 10
e 95.84382 567.16260 12
e 10.49438 778.45628 8
e 190.19288 603.17469 8
e 167.00907 488.08342 9
e 222.54518 400.30759 7
e 51.08374 682.89376 8
e 90.47479 855.13071 13
e 298.79960 397.09545 10
e 180.35032 577.12019 8
e 227.62837 674.16349 9
e 292.92821 495.94372 7
e 90.97306 200.67969 9
e 204.37947 334.29452 8
e 79.14779 225.29100 10
e 282.33835 945.95562 13
e 165.44189 436.97620 9
e 71.97270 791.23348 6
e 221.76327 609.10299 4
e 400.21965 499.71505 4
e 185.36791 411.67523 9
e 338.56918 407.74058 14
e 96.16498 353.60978 6
e 86.56996 610.74658 10
e 98.55596 603.15756 7
e 140.67985 453.70533 11
e 34.18929 470.25425 7
e 67.74705 638.42282 12
e 80.90781 589.49904 10
e 107.83036 472.58396 7
e 84.55293 717.33094 9
e 97.35194 411.54887 7
e 207.67482 469.95655 7
e 254.64792 731.41454 14
e 134.66198 502.15715 11
e 7.98172 686.96518 13
e 191.63038 318.85289 14
e 129.24731 87.66698 9
e 97.45422 611.80397 6
e 164.08262 288.71766 7
e 259.94526 531.43985 7
e 46.26531 388.66837 9
e 29.10498 282.81995 7
e 391.23849 666.09359 13
e 199.83660 699.38947 7
e 141.69594 609.44019 5
e 143.52773 781.40567 12
e 60.93104 738.63273 10
e 47.47056 858.13535 10
e 136.92461 455.41351 11
e 312.40271 557.86799 6
e 29.90203 543.52395 7
e 247.98292 411.47015 7
e 140.66108 563.75298 7
e 180.20710 523.86928 8
e 246.03782 381.33106 6
e 81.24419 781.12359 13
e 214.07852 561.76917 10
e 97.56546 560.36231 15
e 251.61685 516.30669 6
e 189.62300 963.12860 8
e 146.28972 800.91729 13
e 115.70601 490.54038 10
e 44.84719 660.20127 12
e 55.28692 398.50381 15
e 211.60400 181.38337 14
e 165.70840 495.79688 7
e 319.78431 558.92846 7
e 248.63513 678.39731 13
e 226.93076 440.34562 9
e 12.15150 440.46301 5
e 51.65795 642.45247 11
e 96.59161 467.59869 8
e 54.41693 730.17479 9
e 121.61197 395.40775 8
e 142.12511 765.87905 7
e 96.47103 672.53104 5
e 48.44572 485.76244 13
e 72.25622 812.87534 10
e 70.39615 727.64605 6
e 83.18332 647.41451 6
e 85.61483 399.74032 9
e 243.17518 516.78403 9
e 95.19905 313.31723 8
e 278.21705 385.21502 10
e 128.97179 287.43348 7
e 60.48190 412.06846 17
e 219.34126 683.21246 5
e 36.21200 738.14520 6
e 184.88475 566.36819 8
e 227.65789 580.85719 7
e 76.14560 600.37525 6
e 146.30234 550.20989 5
e 135.97184 422.28526 19
e 166.07197 641.18303 13
e 77.49770 595.48025 10
e 201.64693 630.24792 14
e 311.44082 487.67707 9
e 113.10597 791.33667 14
e 26.86484 467.07226 7
e 95.50021 557.44673 13
e 272.81932 593.28747 11
e 79.44516 651.54431 10
e 189.53919 350.48423 13
e 260.28040 501.75155 10
e 141.23165 405.71871 15
e 159.00108 492.19815 12
e 61.32519 487.94319 13
e 179.02828 440.69010 14
e 172.18048 434.23128 9
e 222.14371 489.31784 10
e 338.65467 371.70702 6
e 262.40097 592.19300 9
e 74.42940 738.67636 10
e 128.75675 265.36272 10
e 187.88198 300.64725 6
e 61.73059 411.38767 15
e 157.61030 595.83288 9
e 174.28700 482.01900 10
e 239.29629 810.71186 6
e 94.56746 796.30388 7
e 174.78947 726.39700 10
e 102.98899 670.18789 13
e 177.87037 776.25261 16
e 92.61812 685.37661 8
e 54.44581 744.24354 10
e 97.89110 396.92410 5
e 253.75903 312.18697 11
e 140.96020 653.16695 10
e 22.93906 583.30349 6
e 105.21524 336.83342 11
e 227.50886 534.38537 13
e 223.10993 801.57881 8
e 61.50014 552.45277 7
e 51.04085 371.08992 10
e 105.82791 782.04414 12
e 279.06731 721.06404 11
e 172.66461 317.77235 8
e 219.32624 435.17979 6
e 159.34028 322.34838 8
e 2.79156 402.39572 14
e 204.41309 700.62395 13
e 218.18420 605.68382 15
e 137.53235 658.32572 11
e 102.88303 749.88272 18
e 284.74196 752.25009 5
e 70.36314 109.07140 6
e 165.33990 551.89708 9
e 79.34948 531.13515 12
e 94.06490 457.80382 7
e 238.29182 249.07597 7
e 21.34000 488.50446 14
e 39.36718 505.33191 15
e 309.68108 552.53649 8
e 315.86749 374.52680 9
e 181.53407 485.77636 4
e 64.32481 548.77661 12
e 118.12587 540.78892 7
e 163.37714 826.86839 6
e 187.70519 526.86138 10
e 374.31395 329.46823 10
e 139.72540 500.82036 8
e 154.07913 465.46711 10
e 192.73124 434.12767 10
e 199.90554 256.71218 10
e 162.91902 512.77777 11
e 122.04591 784.48187 10
e 17.20628 483.28780 6
e 94.84619 852.34574 12
e 76.68128 618.49234 9
e 77.40095 659.82458 8
e 168.05488 863.37305 9
e 195.68210 567.65450 6
e 45.77210 581.77105 6
e 213.12977 406.02543 16
e 170.39115 388.06239 9
e 127.80935 561.61743 12
e 24.45634 632.07229 9
e 25.16383 437.78994 6
e 97.39451 661.03437 9
e 42.62024 296.22238 7
e 153.06713 357.25026 8
e 84.53463 499.80675 8
e 134.67224 360.64909 13
e 69.59239 134.69120 5
e 137.67483 669.98525 10
e 130.33491 504.41225 21
e 171.46098 326.52660 12
e 123.25402 794.03353 7
e 193.79457 399.49245 12
e 174.47177 568.89693 6
e 212.16246 792.25445 10
e 219.03367 450.35092 7
e 75.78864 394.67368 11
e 122.91453 650.56943 12
e 153.93546 372.30060 9
e 95.34706 901.23778 14
e 148.33020 552.32545 10
e 87.52128 747.85457 10
e 245.43343 562.60122 15
e 119.07569 387.62681 10
e 196.42471 620.27462 9
e 242.11552 539.02846 8
e 146.67150 518.91419 7
e 92.61458 331.55315 8
e 247.30525 683.39084 13
e 159.95206 430.36240 5
e 56.57917 421.32755 7
e 162.62770 332.40013 12
e 161.76795 486.98637 10
e 67.89268 592.87002 10
e 222.88689 494.30813 6
e 164.08147 569.06329 4
e 149.15565 654.75038 12
e 209.05904 648.10471 5
e 10.24625 858.22654 12
e 189.78828 246.95940 7
e 103.07405 167.79508 10
e 62.05732 408.50577 17
e 150.71203 435.89106 9
e 218.74583 472.76539 14
e 118.81719 248.28570 9
e 350.98533 352.53430 15
e 215.49505 748.94784 7
e 130.72980 802.83050 8
e 227.10117 654.33472 12
e 231.35923 811.16864 6
e 70.93996 427.98457 15
e 191.63277 717.44132 6
e 256.72602 627.01916 13
e 114.59907 791.90499 5
e 100.75993 660.71340 9
e 36.86856 492.57025 14
e 340.42147 938.14255 8
e 350.35747 474.41270 8
e 251.90590 763.97370 14
e 141.68601 629.54810 11
e 196.22066 610.15411 4
e 312.03423 397.02696 8
e 207.44574 680.31591 9
e 3.70339 755.88951 10
e 72.90728 671.14072 8
e 133.96782 488.47234 5
e 42.80922 505.99098 9
e 135.73652 705.36405 11
e 317.35668 681.20107 7
e 391.24683 560.41014 13
e 139.20819 411.93921 9
e 81.85247 330.45963 6
e 165.75559 246.23015 9
e 207.40626 615.73422 8
e 218.40981 397.77097 11
e 13.14388 479.34888 7
e 142.18765 546.47041 10
e 259.96637 560.21518 9
e 175.41794 439.99441 9
e 149.01634 427.23072 8
e 208.54590 677.78254 12
e 13.12933 326.48040 10
e 147.56425 160.48259 10
e 295.32976 408.15515 15
e 116.14445 765.41691 5
e 39.08876 567.45732 10
e 100.52894 394.31734 4
e 224.55828 586.99831 13
e 269.52765 919.68053 6
e 39.64960 455.34814 9
e 145.35261 851.14617 10
e 154.33949 342.22742 12
e 109.29275 738.56273 7
e 322.13753 717.04640 9
e 204.00009 666.75450 12
e 85.91134 234.03918 9
e 303.70142 318.48463 15
e 371.81020 523.49085 8
e 131.67019 406.02070 13
e 86.07288 525.63339 8
e 240.77095 455.32844 10
e 139.84097 492.62218 8
e 146.14436 280.71683 7
e 212.16695 594.51327 13
e 120.89836 565.35223 13
e 79.71771 313.57862 4
e 133.35503 773.58841 6
e 269.79945 293.00866 9
e 1.66407 359.47588 11
e 159.92173 748.80422 10
e 23.65687 438.40186 7
e 71.85690 791.28420 13
e 207.47341 97.52137 8
e 35.69621 441.07409 9
e 136.44464 649.23696 9
e 83.36016 805.88057 7
e 112.76155 500.28812 6
e 242.71965 426.66094 11
e 262.72743 495.76724 13
e 215.38429 308.64306 10
e 46.18898 510.16183 14
e 19.21138 772.75399 14
e 193.33508 627.38510 6
e 224.45189 699.86847 10
e 62.95113 533.57357 9
e 189.22534 562.55834 7
e 10.51242 642.46510 8
e 349.69257 453.82446 12
e 199.48992 266.48447 9
e 104.29862 670.62652 6
e 164.10488 637.53757 6
e 97.87737 759.98247 10
e 89.37878 829.96858 13
e 109.16151 695.59197 8
e 74.57261 636.24309 5
e 57.22085 548.86593 5
e 140.67849 554.01143 6
e 102.62647 811.22878 8
e 161.70485 648.60459 12
e 112.86660 483.88628 9
e 197.62940 525.31057 15
e 177.86184 165.83672 9
e 353.23716 503.82059 5
e 169.34947 415.42961 14
e 6.24794 726.64716 10
e 128.88465 492.65060 8
e 101.76538 680.28258 7
e 168.58131 541.53985 13
e 30.27942 672.48390 7
e 178.66669 801.24759 8
e 154.72698 484.86667 5
e 280.58686 611.10085 9
e 182.45610 246.97048 12
e 221.13070 312.90211 6
e 189.36327 573.16099 13
e 152.08609 531.67133 13
e 107.48382 407.03746 14
e 64.00914 787.14529 9
e 9.94226 537.04367 9
e 144.40324 647.13780 7
e 286.72055 702.13652 9
e 213.71917 644.51324 11
e 56.17529 311.39108 11
e 356.99780 590.35244 21
e 85.34012 475.59095 9
e 151.93013 663.70773 11
e 133.09482 623.13514 8
e 32.97462 364.48342 7
e 98.84743 447.86488 6
e 272.54437 558.85850 8
e 157.63819 527.46996 7
e 209.70514 561.14446 16
e 181.44575 386.29227 8
e 6.78329 333.67303 5
e 181.50833 252.31936 5
e 191.12646 815.45383 7
e 81.68328 373.68990 7
e 98.22598 941.94302 10
e 33.81534 512.45844 12
e 111.51155 897.92321 8
e 255.30021 620.36155 7
e 112.99994 587.52390 12
e 152.34650 450.39286 10
e 114.35184 647.83507 7
e 199.27130 562.04038 10
e 76.00043 862.28389 5
e 38.40158 574.43158 10
e 237.77068 678.76370 7
e 201.09523 689.26608 11
e 240.48851 320.82729 9
e 173.45655 342.44138 8
e 85.60835 548.61035 11
e 212.83037 454.55336 9
e 51.86340 514.88540 11
e 207.50969 643.46533 14
e 320.15672 873.87571 8
e 124.33063 790.93238 11
e 177.80323 643.33916 8
e 81.85713 356.36021 6
e 17.37833 582.59071 7
e 118.01519 715.13608 5
e 279.60682 576.51009 10
e 25.65434 436.29698 6
e 303.70835 382.15614 7
e 38.31336 533.97258 8
e 126.71389 685.35437 12
e 122.90591 524.07038 8
e 176.74848 572.39566 9
e 147.73641 562.91040 10
e 42.28087 821.34635 8
e 185.36392 461.39819 7
e 48.29270 816.38569 8
e 229.31329 501.80421 13
e 73.80343 759.66827 10
e 117.48621 533.72885 8
e 156.44773 582.97798 11
e 366.85402 374.11338 12
e 43.17111 602.53796 9
e 196.44549 717.35906 11
e 26.64027 419.75241 6
e 198.32344 708.03667 6
e 57.26310 168.77757 6
e 318.22921 544.31426 10
e 119.94253 624.25062 7
e 106.93301 443.19645 7
e 223.33666 327.64562 10
e 28.71603 555.50994 5
e 46.92947 563.48448 11
e 279.21216 506.74790 12
e 158.02080 793.89101 8
e 19.72612 632.27888 11
e 296.52210 571.95472 7
e 310.26777 212.54641 10
e 142.84060 680.32318 10
e 72.01790 729.80902 7
e 207.72072 827.01901 8
e 179.11703 267.56235 7
e 105.18617 299.76630 12
e 144.57265 588.74589 14
e 267.29449 886.11092 9
e 203.74954 771.50095 6
e 225.39859 522.93959 6
e 91.28537 633.40879 11
e 48.79752 523.91702 14
e 178.45168 456.45950 11
e 233.18527 436.66136 15
e 150.98603 664.18069 13
e 199.04936 389.50792 7
e 38.90294 412.27104 8
e 71.86663 635.58822 6
e 356.59159 604.62630 16
e 60.67857 610.53214 7
e 55.50582 514.37697 10
e 193.35071 516.52940 8
e 172.45257 901.47201 4
e 337.01318 391.60092 4
e 114.30766 487.70420 6
e 172.40503 542.93759 13
e 292.90817 495.50759 7
e 131.56096 472.39447 13
e 122.93074 685.12731 9
e 237.19753 587.61525 10
e 8.72097 817.99164 8
e 51.18635 412.55105 9
e 111.42340 230.61771 14
e 110.54518 484.48946 11
e 112.43345 532.16504 13
e 233.43633 431.27728 7
e 130.73670 661.30708 5
e 186.96095 457.03148 8
e 245.70695 556.75522 8
e 172.09321 807.42703 12
e 250.84930 652.56087 8
e 178.87681 573.71883 12
e 129.10444 677.19961 6
e 109.59453 696.02929 11
e 225.75104 789.38414 6
e 91.02883 264.11025 6
e 158.71179 407.09195 4
e 33.27570 422.15077 9
e 256.79255 623.90760 13
e 242.37997 719.42657 11
e 148.79508 313.74135 5
e 112.52367 219.73781 9
e 133.16317 885.27601 6
e 8.58237 638.89613 5
e 122.80871 723.27306 6
e 120.13990 612.39416 14
e 113.05177 466.93217 6
e 92.29385 519.96484 9
e 142.76560 582.10028 11
e 80.26505 430.78664 8
e 113.17975 633.01690 10
e 119.68623 638.57714 16
e 157.31230 501.96273 6
e 105.32471 366.61467 9
e 113.68012 639.78661 7
e 88.27835 601.00243 7
e 88.36333 635.55934 6
e 108.94498 442.88749 11
e 272.96657 387.89079 5
e 232.61232 620.17047 9
e 231.67558 588.44707 6
e 130.34329 451.12596 14
e 247.83002 495.77524 8
e 63.13721 866.22107 9
e 147.37178 544.01358 7
e 157.44411 651.74405 10
e 119.59545 232.75656 13
e 174.16256 608.79839 14
e 296.86085 769.71778 11
e 135.84722 621.05248 8
e 291.10233 570.63374 6
e 159.36505 266.18371 5
e 239.93225 615.64946 6
e 54.63591 711.58671 13
e 41.83759 696.81759 14
e 126.43467 448.76156 5
e 11.28772 553.89127 10
e 207.98229 731.93323 7
e 214.55791 484.02932 11
e 123.31863 288.10398 7
e 155.32632 654.20784 4
e 187.08838 609.46944 12
e 154.72494 667.86132 14
e 295.81772 532.44138 11
e 246.96196 999.88507 6
e 87.85011 513.07837 11
e 135.11850 591.15497 11
e 224.19106 614.15464 10
e 312.85930 532.39431 8
e 130.29196 594.50796 4
e 257.99922 693.05600 12
e 261.83305 712.22792 3
e 94.51221 736.27532 6
e 129.51550 360.46500 11
e 68.39766 540.69976 10
e 81.05908 392.61920 7
e 152.80781 643.29602 11
e 32.43718 505.28390 5
e 146.81802 391.15409 6
e 83.41181 703.71131 8
e 134.61343 269.93653 12
e 173.06360 464.50330 11
e 6.42097 453.11333 7
e 88.52848 700.56932 6
e 322.21110 509.10427 10
e 171.53474 680.49727 8
e 127.06309 350.36130 8
e 142.44973 483.07299 15
e 107.30406 375.98932 12
e 181.57588 530.61349 5
e 135.99425 631.98449 8
e 115.73408 613.32145 15
e 302.28177 557.66755 9
e 279.39256 600.28170 5
e 178.01368 576.39121 9
e 84.46164 483.21848 12
e 216.39456 787.29326 8
e 99.36116 580.27699 4
e 142.46164 712.58364 11
e 221.81624 855.86359 8
e 134.53299 293.77825 11
e 138.75713 426.25524 10
e 2.10937 602.84401 8
e 225.87094 432.43859 12
e 152.38593 402.63021 11
e 147.22728 466.38219 6
e 183.04660 661.88389 6
e 175.75234 406.89905 9
e 133.73791 377.85207 6
e 314.63250 490.30251 12
e 21.57811 727.63923 8
e 118.93592 666.26951 8
e 250.78160 572.78655 3
e 119.72259 823.15958 7
e 110.94397 470.33779 13
e 148.29441 832.00466 13
e 284.38929 662.58346 9
e 130.98136 687.88577 12
e 32.10686 577.03709 9
e 66.77070 801.56953 4
e 203.48708 388.29484 8
e 314.34576 575.76426 11
e 268.96241 652.36336 6
e 115.82056 483.97067 12
e 132.45600 641.65094 9
e 70.88108 585.54772 11
e 201.90726 662.84611 12
e 248.11346 727.52979 9
e 151.32019 504.70748 10
e 68.89839 249.50004 8
e 117.57243 557.00426 11
e 55.46306 500.21049 13
e 97.96375 747.47992 7
e 276.49588 674.54063 9
e 143.23601 869.75500 8
e 88.41637 403.05806 12
e 135.88573 485.92201 7
e 266.44183 592.03678 12
e 121.71054 885.31316 11
e 67.05540 745.99637 6
e 188.05963 596.65522 13
e 86.59702 611.28886 9
e 110.60704 276.71997 5
e 154.67006 711.33705 12
e 32.40507 419.89737 12
e 230.14723 548.00451 8
e 312.87937 551.54086 7
e 57.29642 563.37635 12
e 243.95536 355.72883 14
e 123.72611 502.00229 7
e 161.66612 590.91425 8
e 196.45736 679.14336 9
e 29.44030 523.17620 11
e 210.33379 386.44982 6
e 104.07543 875.34406 13
e 236.86633 253.67198 12
e 224.50866 630.91310 9
e 208.64877 865.26279 12
e 153.32862 635.79606 8
e 244.27673 633.22915 4
e 135.53565 479.94301 7
e 220.14602 377.51940 16
e 268.97177 662.33580 11
e 34.12798 521.37749 14
e 229.45799 707.80501 10
e 349.13428 708.28536 7
e 184.67545 267.09848 8
e 199.84980 464.45242 10
e 158.35537 660.91000 8
e 261.38113 767.23598 8
e 63.72928 461.27229 9
e 198.73330 735.48482 12
e 44.29115 666.06927 7
e 124.64318 572.70415 14
e 178.13141 436.81827 9
e 198.31834 428.33145 8
e 119.90324 234.37840 8
e 129.10689 499.58773 12
e 73.55352 663.43110 10
e 150.31667 741.50446 5
e 58.64569 483.56457 4
e 144.29421 665.51133 9
e 133.26309 778.03625 9
e 122.61324 643.93633 5
e 209.70192 411.75728 12
e 23.97759 506.55511 5
e 51.74335 651.33345 10
e 137.24969 581.51428 7
e 260.11536 641.52475 10
e 55.37264 737.94095 7
e 107.63744 517.58950 10
e 133.49731 692.07983 9
e 23.80385 377.42417 11
e 82.98365 556.18372 8
e 82.93076 665.15460 7
e 190.18955 481.23720 12
e 89.41939 535.44362 13
e 134.39699 690.84534 12
e 155.17525 238.98451 9
e 47.63365 446.00767 10
e 129.43838 710.82139 9
e 327.81814 608.36403 11
e 229.19912 452.19001 6
e 222.76301 573.76389 7
e 36.75321 629.92453 11
e 165.91881 674.47616 12
e 136.42167 727.99999 9
e 191.54293 755.97992 6
e 29.13525 675.90721 11
e 277.10270 798.84160 8
e 206.96537 689.12952 21
e 46.19354 653.02396 8
e 25.48018 677.25171 6
e 33.17247 497.09126 7
e 88.31820 499.57286 7
e 189.89031 857.96220 13
e 207.74742 807.55099 6
e 324.89802 488.14155 8
e 111.72067 564.73727 7
e 235.23312 644.36508 10
e 190.17183 429.65625 9
e 209.16912 712.38685 11
e 88.04621 619.59272 6
e 254.38328 502.41876 7
e 163.04256 566.07537 9
e 169.34317 438.01135 3
e 35.72858 633.47107 12
e 114.87923 700.61451 8
e 55.44062 435.50770 11
e 128.28780 679.36558 13
e 88.68952 834.52300 18
e 142.61432 420.32770 8
e 214.36981 437.01028 8
e 128.36202 342.07700 6
e 172.52693 717.59706 9
e 87.17678 836.30824 10
e 157.48002 470.11923 11
e 230.32379 456.03664 13
e 27.78942 829.01838 9
e 253.37215 767.35927 6
e 315.37474 881.75879 10
e 341.80795 981.30262 13
e 307.68650 587.89238 15
e 323.12233 839.79550 7
e 204.59244 827.41865 7
e 216.93763 686.96722 11
e 170.56121 685.71914 13
e 265.60658 745.85049 13
e 375.83897 968.73008 8
e 84.07557 646.02592 10
e 161.79958 802.36738 9
e 247.42214 628.94224 4
e 191.85076 900.58282 9
e 179.44325 686.13491 9
e 205.40514 897.44690 7
e 268.25064 767.06642 17
e 137.80769 389.32709 4
e 276.02951 838.07733 10
e 255.18595 1023.00305 11
e 283.46939 762.31529 7
e 420.19139 874.72106 11
e 329.67874 811.55441 12
e 385.62692 592.61251 12
e 267.25796 462.48754 8
e 303.58606 927.57437 10
e 356.80305 513.19735 6
e 126.66064 811.27189 8
e 231.70080 681.79105 7
e 200.79389 882.93375 9
e 155.88428 948.76605 9
e 152.56433 871.26638 16
e 273.44283 948.06842 13
e 170.74384 695.81378 10
e 275.94743 711.75356 6
e 280.89903 786.71194 8
e 245.64000 901.82651 8
e 128.74510 873.90743 7
e 241.80744 970.23609 10
e 315.47151 542.07719 11
e 138.49547 856.44847 11
e 270.32964 790.47363 6
e 353.00485 629.90112 7
e 159.06572 788.65182 8
e 264.77893 547.48280 10
e 321.47042 619.38911 10
e 274.41875 550.44328 6
e 125.21096 915.57864 7
e 393.39732 663.95588 12
e 109.74730 813.15267 12
e 286.42937 910.81178 7
e 221.44861 943.13558 8
e 311.75780 879.97260 6
e 219.00771 633.33255 13
e 297.40898 602.47928 8
e 246.15492 623.43691 9
e 402.72685 927.09516 8
e 167.67990 883.91600 11
e 405.42270 735.34441 10
e 226.88970 791.48492 7
e 473.85886 717.28882 8
e 232.53989 767.70557 10
e 342.58989 787.82933 8
e 272.60137 718.76450 12
e 322.95062 468.60513 9
e 330.76087 842.88555 6
e 162.08109 662.47180 6
e 289.58671 634.22926 8
e 251.58921 1046.99621 11
e 345.38120 640.39153 8
e 123.62423 946.34217 8
e 169.17989 807.30672 9
e 256.23540 998.77721 8
e 282.67254 890.47124 8
e 226.37044 919.58393 8
e 164.74609 552.36593 6
e 489.77488 696.58522 6
e 230.10026 1071.83707 8
e 196.53260 697.46575 5
e 288.28504 776.50373 4
e 160.51853 739.40017 11
e 320.76485 1044.73031 8
e 312.63755 737.61145 6
e 133.92128 808.41611 14
e 282.92227 867.69094 8
e 268.39881 963.61310 8
e 246.02777 933.03973 10
e 280.47982 990.15789 15
e 266.40982 823.22221 10
e 310.19151 968.55709 6
e 176.69234 827.27122 8
e 25.12546 703.18950 9
e 306.82479 560.98736 17
e 192.68583 794.29887 7
e 347.75383 454.04080 8
e 340.41553 738.87027 13
e 211.81489 624.23599 12
e 281.31238 610.29777 12
e 400.91188 761.63772 3
e 99.38521 850.58824 10
e 157.94205 661.23837 9
e 275.59337 696.42118 6
e 171.29105 656.28884 10
e 201.52607 824.65535 9
e 166.05646 797.84084 10
e 337.76581 536.44218 6
e 304.27775 777.16904 11
e 303.32275 901.85904 7
e 82.20601 796.94522 9
e 126.71361 847.56786 9
e 402.06578 556.16374 13
e 444.39203 856.32710 8
e 245.43306 806.98831 7
e 257.44665 604.08167 3
e 239.94957 673.61233 13
e 214.49580 865.97328 12
e 250.69769 888.76366 8
e 309.78067 785.66742 9
e 185.75390 685.33460 5
e 192.83279 878.04907 8
e 317.63513 705.70412 9
e 309.99435 1044.36881 14
e 223.08009 803.65861 5
e 298.72139 522.03923 10
e 242.22515 726.48012 10
e 300.70235 1048.35834 7
e 198.41447 926.66028 7
e 315.12867 879.87953 7
e 232.95020 828.66405 8
e 99.35706 681.35387 8
e 341.49491 877.97408 4
e 135.62932 539.45168 7
e 306.68432 781.72776 7
e 247.52686 960.39186 11
e 275.11421 785.83296 7
e 74.11449 868.49539 8
e 271.86051 881.28660 8
e 330.95352 717.10821 9
e 346.50372 743.98463 12
e 246.23486 936.70875 12
e 226.84484 882.42458 4
e 297.68910 872.86135 15
e 356.04661 483.86411 10
e 125.16166 446.71924 8
e 279.85390 1039.11305 5
e 88.75642 660.85766 9
e 63.45589 988.97549 10
e 268.91681 802.83283 9
e 79.11330 560.43140 6
e 382.31517 867.36144 8
e 167.38478 869.41017 12
e 39.47233 630.27600 12
e 274.27388 676.28192 7
e 263.40781 1061.82964 7
e 457.22100 837.62460 8
e 346.51132 924.35562 7
e 393.78487 751.43352 6
e 379.15678 571.25089 12
e 202.03592 587.74690 3
e 283.48988 870.92471 11
e 281.37549 726.08106 6
e 140.70427 804.41612 10
e 385.17564 437.96426 5
e 289.31145 768.48819 9
e 223.59413 599.76440 13
e 193.78558 754.33463 8
e 413.88114 722.30390 11
e 363.14259 693.27118 11
e 219.15542 719.47080 8
e 373.45341 508.07877 14
e 481.96268 542.10180 12
e 272.70763 888.22332 12
e 304.61698 497.82320 7
e 458.60190 774.78811 10
e 369.15753 596.90294 8
e 351.11982 794.07132 7
e 360.91980 751.60065 7
e 242.50052 992.77676 10
e 214.28193 787.86622 12
e 258.25921 557.89634 12
e 294.29820 713.20938 8
e 296.65966 637.67441 7
e 340.58953 661.90318 12
e 91.27330 556.89527 7
e 312.36348 784.55542 9
e 192.52642 505.46239 11
e 296.58325 779.81827 10
e 188.93374 620.35962 8
e 232.86100 670.80119 11
e 279.45494 792.24039 5
e 330.41806 736.75977 16
e 332.89806 580.95059 11
e 234.30631 864.42962 7
e 279.29632 581.12609 8
e 87.92618 697.84887 8
e 338.94164 774.42688 11
e 362.82991 725.96898 9
e 252.16427 802.34405 13
e 168.24912 795.31014 10
e 209.38263 671.20148 12
e 263.44874 842.06301 9
e 473.32443 646.95121 11
e 215.87597 580.42326 10
e 201.34836 743.05236 8
e 326.42560 710.93852 15
e 286.83669 877.34620 6
e 164.37626 605.63728 12
e 348.32003 794.80937 7
e 256.79793 703.85191 9
e 280.95069 812.87082 14
e 198.61531 762.21604 13
e 188.45263 1004.89892 6
e 177.90159 627.91957 10
e 422.99157 860.20320 9
e 173.60545 494.56562 7
e 314.25827 644.28128 15
e 177.70467 567.24762 8
e 134.87267 847.54139 8
e 147.60920 801.32882 7
e 132.67852 1034.65472 11
e 295.68958 534.72422 8
e 278.76994 610.11349 12
e 262.78031 719.38927 14
e 174.33919 830.41519 6
e 220.28209 561.69463 8
e 206.90969 1048.63561 6
e 289.87051 877.09394 7
e 342.20531 622.18620 11
e 287.92088 723.15981 10
e 155.83312 699.47061 7
e 169.94687 759.83307 12
e 234.47729 851.85489 10
e 353.11779 957.75311 8
e 349.51958 711.23565 6
e 339.93006 956.37534 6
e 168.37579 371.45436 6
e 273.34168 671.78654 8
e 144.01102 845.27022 9
e 346.26996 930.83868 13
e 154.16684 647.96883 12
e 149.23191 732.73416 6
e 103.16197 624.20726 10
e 342.10492 803.72441 8
e 279.69672 638.59365 14
e 283.84920 965.48375 4
e 245.90894 729.44379 9
e 240.80207 765.31480 8
e 358.62874 760.43073 7
e 208.74656 869.02214 17
e 211.53942 639.01904 9
e 162.26455 612.04854 10
e 278.77933 452.67248 10
e 375.25785 970.14603 6
e 199.77189 968.14016 5
e 139.76927 757.79062 13
e 216.36417 605.62592 7
e 172.24178 733.97099 11
e 230.43947 787.11502 12
e 250.84192 915.71611 9
e 358.28405 1060.15112 14
e 265.93022 673.84015 7
e 350.85562 743.68686 8
e 207.18499 598.85748 6
e 339.04052 788.91665 9
e 333.21386 517.60536 7
e 339.90574 518.02355 9
e 259.96621 968.35205 8
e 196.66361 708.37077 9
e 144.69962 787.60508 3
e 351.37910 421.16415 10
e 320.61084 867.40733 7
e 265.98996 739.30125 10
e 425.27410 650.90604 9
e 221.19145 788.61102 6
e 382.53267 730.52100 16
e 326.36875 950.32823 7
e 298.54546 775.76176 13
e 278.14446 843.55502 11
e 348.88335 795.69187 6
e 169.80225 1069.42639 4
e 160.15951 776.78665 4
e 457.47064 895.68241 6
e 407.32711 1004.49686 9
e 192.87221 668.28444 10
e 311.07917 764.81737 7
e 350.76492 889.40143 8
e 256.22998 767.70513 14
e 191.30864 637.99157 10
e 189.19476 573.44506 5
e 152.16592 900.78364 12
e 333.33340 691.33357 7
e 135.26845 998.35711 9
e 301.61520 574.75221 8
e 283.18833 812.86690 3
e 226.52256 568.93769 4
e 419.33653 784.51164 12
e 302.72071 644.63418 7
e 224.56343 740.46773 8
e 267.50565 966.49335 12
e 357.01806 873.16929 15
e 217.47978 822.01495 7
e 348.69956 1006.48466 8
e 248.38036 851.67741 15
e 365.98180 791.63071 10
e 199.57487 836.14069 7
e 286.60311 907.22961 15
e 271.02500 662.59983 6
e 237.43449 723.24780 7
e 164.84364 378.53489 7
e 265.68917 1050.45051 16
e 145.69487 856.48434 5
e 389.73476 727.51245 7
e 104.11896 959.34085 13
e 353.58090 626.84846 10
e 237.55429 889.22248 7
e 205.22231 768.86031 10
e 199.60333 717.54010 7
e 369.81255 710.90409 10
e 301.14005 649.45968 9
e 252.24974 1046.35006 8
e 381.32001 681.67711 9
e 298.25927 766.71972 8
e 303.15335 637.98304 12
e 247.79724 858.08369 7
e 334.15644 606.11580 12
e 448.83890 992.99349 7
e 353.79814 822.82154 9
e 287.77240 822.20264 10
e 474.21373 712.23513 11
e 190.72033 966.69842 8
e 240.27082 710.91526 10
e 414.76433 819.73918 6
e 232.11241 615.41532 11
e 317.15637 1055.57557 11
e 149.86792 530.82533 8
e 144.08386 746.09375 9
e 187.77182 759.19707 5
e 167.50687 881.48591 15
e 179.51287 711.46127 12
e 251.20984 656.06484 11
e 288.29141 1039.87303 7
e 189.20165 917.07092 8
e 172.47735 714.67274 7
e 225.96983 538.97501 4
e 211.16927 725.98681 8
e 248.04119 488.58118 11
e 294.21681 581.22674 9
e 147.09664 799.34193 12
e 234.18059 913.25829 10
e 418.87286 667.06415 8
e 254.09857 1009.39655 10
e 184.40726 702.03549 11
e 311.22760 832.10633 11
e 235.58761 514.10969 8
e 361.42118 814.32017 15
e 290.66738 749.05343 9
e 343.11322 748.68150 5
e 281.03128 763.14925 5
e 394.03794 637.61763 8
e 325.45725 661.02487 8
e 65.88091 913.49161 8
e 296.20136 298.97550 7
e 217.85631 539.01049 8
e 246.14982 983.97131 8
e 290.27606 435.15808 9
e 214.45537 745.50076 11
e 66.48317 695.77290 6
e 349.55599 592.14143 8
e 360.32591 610.99694 7
e 358.79711 613.31269 11
e 143.19928 964.38875 6
e 245.36465 872.50499 9
e 202.52577 808.82168 7
e 247.31670 736.02418 13
e 228.67246 758.68319 5
e 289.41150 1058.95945 9
e 240.72883 795.54554 10
e 354.70277 751.26176 4
e 252.24584 689.89943 7
e 362.81457 920.11862 6
e 339.61214 720.34561 6
e 301.74190 885.70567 5
e 250.69672 673.93708 11
e 192.61491 1003.35653 11
e 502.76423 782.52233 10
e 219.04530 607.84656 10
e 204.15267 894.22132 7
e 357.74606 482.59823 13
e 142.87232 899.37826 10
e 140.16926 715.72647 10
e 286.25770 634.77196 8
e 356.89536 758.86559 5
e 297.64398 886.56990 10
e 344.61074 774.22811 9
e 299.22793 570.36870 8
e 113.53138 518.32783 9
e 204.54896 578.92010 5
e 183.01300 977.71635 12
e 217.23146 899.99593 7
e 397.01343 780.47587 8
e 212.70310 788.54646 9
e 42.53337 812.09534 16
e 181.17102 867.75794 10
e 47.94804 522.21476 6
e 293.48292 686.17342 6
e 396.28408 925.72139 10
e 264.75029 734.79799 9
e 283.06826 628.55035 5
e 217.19650 461.84372 9
e 192.84658 928.02517 11
e 248.44825 705.82066 10
e 143.99320 535.22837 11
e 169.09788 786.49887 9
e 213.17085 412.81009 15
e 314.52510 942.41460 9
e 337.89031 754.65607 8
e 264.62482 519.64406 11
e 285.29623 897.70664 13
e 218.22124 641.58345 11
e 282.85519 718.49279 8
e 291.45144 886.44453 10
e 239.10132 1016.77102 4
e 323.81055 575.93160 9
e 363.95277 547.78405 10
e 219.26617 689.16707 12
e 165.89581 277.18257 11
e 175.80528 542.67899 9
e 259.53031 822.94000 9
e 127.75485 665.27668 7
e 254.87930 828.49508 11
e 195.60194 844.67140 9
e 275.33461 668.53845 11
e 288.51535 600.52558 11
e 402.37446 643.61032 7
e 389.12495 696.15130 10
e 199.58351 506.86030 12
e 300.46062 837.30626 9
e 185.70304 785.14177 8
e 240.44828 805.54033 10
e 226.34180 857.51246 13
e 274.78763 653.97357 7
e 110.54335 683.57259 12
e 261.27655 536.58960 5
e 206.77258 745.53773 5
e 260.98579 693.89878 6
e 258.84240 710.69618 9
e 149.24972 526.99487 8
e 241.45375 406.63502 10
e 162.31516 750.55991 8
e 276.86503 755.64779 9
e 107.63114 769.22394 9
e 315.27045 604.87409 13
e 282.17725 1007.24044 10
e 350.55465 1009.23118 6
e 128.68531 640.45609 9
e 273.19016 813.44196 13
e 442.44478 608.57009 12
e 466.36088 662.83534 7
e 274.09680 840.65599 9
e 339.86878 955.73722 7
e 422.56694 860.15349 8
e 170.36007 923.53907 8
e 121.03218 807.32517 11
e 273.69983 653.97069 16
e 415.13015 568.31343 7
e 297.02127 746.42226 8
e 270.15855 611.22257 7
e 203.05924 960.20558 7
e 301.53023 1047.36686 9
e 159.65960 757.65106 10
e 224.71914 771.74988 12
e 308.47903 724.59168 6
e 316.38897 836.81859 10
e 222.44804 810.65078 9
e 156.66566 851.59766 7
e 254.45032 833.05312 10
e 297.94849 651.34042 8
e 421.94522 761.11911 9
e 231.36929 619.64751 5
e 219.01811 694.11125 8
e 257.51645 709.94348 14
e 223.03316 624.24178 9
e 333.45401 728.59949 11
e 348.67048 748.28617 11
e 377.12022 578.82696 12
e 115.47512 813.76130 8
e 244.84266 943.23185 9
e 327.92034 713.54327 9
e 223.22886 811.53999 9
e 97.64875 644.58760 11
e 228.98989 591.93083 4
e 303.68632 927.96910 16
e 218.65946 919.32161 10
e 352.55001 515.60093 6
e 300.55433 580.22495 9
e 256.15533 744.02406 11
e 205.73929 847.18365 8
e 311.46997 582.23766 9
e 432.47229 649.28024 14
e 128.91141 630.22720 5
e 326.86084 445.52606 7
e 248.59807 710.17243 10
e 138.99385 583.87977 11
e 199.27057 650.10594 13
e 366.24160 735.92781 6
e 172.49104 989.26943 14
e 314.32836 644.65581 6
e 178.86536 483.09205 7
e 329.06428 602.92840 7
e 311.29251 894.52385 10
e 179.77359 659.40388 9
e 250.32065 661.73474 14
e 258.15476 615.32448 8
e 189.18304 839.69615 11
e 264.81992 890.54878 8
e 304.75506 636.53320 7
e 255.83435 669.84108 21
e 289.85996 708.28004 15
e 214.78074 683.27062 7
e 151.00879 721.56642 4
e 392.40942 788.43188 5
e 252.51358 812.47171 10
e 212.94963 659.22006 11
e 345.25016 864.75450 5
e 277.07999 457.79617 8
e 151.91846 335.42507 8
e 348.85201 671.61321 10
e 201.61200 632.30276 8
e 311.43296 751.07679 10
e 339.87912 669.27114 9
e 240.41544 684.62299 13
e 176.50378 527.09388 8
e 176.13109 753.98486 8
e 340.62701 765.87962 9
e 104.00080 725.56144 13
e 147.32201 535.14295 12
e 221.31403 677.28683 7
e 234.52903 710.31867 5
e 201.43964 1049.35977 13
e 279.66289 1012.00509 11
e 123.73646 884.62291 8
e 291.22939 802.78401 9
e 390.13665 639.09285 7
e 168.86500 847.42254 13
e 254.07844 805.29934 4
e 187.63799 914.27868 8
e 194.74871 877.39142 12
e 328.33785 998.94660 10
e 251.01037 952.39853 12
e 439.65076 723.98364 6
e 134.65492 552.67246 8
e 303.43413 782.94181 10
e 379.04910 630.97938 17
e 334.55431 662.79033 12
e 403.25195 761.87861 12
e 305.12168 888.47456 7
e 472.67489 927.38527 10
e 237.92740 728.05838 5
e 239.61303 473.23374 12
e 166.29447 872.51426 5
e 374.57999 607.31811 12
e 275.33070 783.28281 7
e 425.43052 454.65444 11
e 241.46518 770.98221 4
e 142.85643 945.62888 5
e 371.38110 946.32200 13
e 339.34584 926.77896 4
e 167.65406 605.56576 12
e 175.44810 620.73468 11
e 143.45202 612.22422 11
e 335.93356 639.23601 6
e 199.14079 883.15583 4
e 282.44132 893.22539 9
e 187.15724 989.06742 15
e 326.41996 760.84284 8
e 258.11934 772.31141 6
e 181.31102 595.73704 7
e 173.86205 716.32374 9
e 158.37150 608.13674 13
e 225.80519 770.30947 8
e 376.96955 555.51727 9
e 239.78119 908.14949 10
e 380.67551 645.23891 8
e 234.66537 963.56001 7
e 294.24691 782.89418 8
e 278.52347 955.54622 11
e 133.79786 723.81495 9
e 241.58977 656.95456 7
e 295.51284 700.24580 10
e 329.72560 699.28028 11
e 337.65165 748.97610 13
e 198.19632 600.32960 9
e 397.14742 1037.09567 3
e 209.15787 948.68522 12
e 178.08365 647.63921 11
e 365.98723 869.68125 12
e 126.52295 370.88852 6
e 86.11508 627.26955 10
e 357.16890 711.39994 7
e 321.32479 822.53506 9
e 287.74640 719.47487 7
e 320.83200 817.19024 9
e 377.56772 719.02501 17
e 341.26806 787.96833 15
e 408.89673 677.75920 9
e 163.82812 1050.20510 7
e 184.26170 717.54630 9
e 448.27467 549.68528 10
e 278.08939 777.08996 5
e 217.76034 292.42916 8
e 150.75358 875.21959 14
e 250.65201 401.90773 10
e 197.15144 867.60619 16
e 249.43192 622.03466 7
e 132.58737 628.25854 11
e 409.63252 662.50246 5
e 219.14106 630.71434 9
e 276.78115 905.89210 7
e 157.69945 751.59587 8
e 216.60893 1000.68917 12
e 324.45529 587.30886 15
e 199.84253 882.40141 12
e 153.05518 689.83429 8
e 235.87688 799.13714 12
e 257.43607 752.53084 12
e 301.44989 418.21835 11
e 309.73846 621.73055 9
e 219.12605 683.44931 10
e 273.22604 729.04640 10
e 154.39745 513.32448 6
e 268.56714 715.11160 5
e 231.68527 1016.32039 7
e 361.77166 736.96953 8
e 316.17149 809.60433 8
e 259.77613 568.94347 12
e 288.88700 669.62228 5
e 304.86301 1037.33455 10
e 238.72652 634.74679 6
e 428.74689 575.45004 7
e 256.83398 1078.11486 9
e 205.25938 802.11554 8
e 295.20890 803.85940 11
e 164.72179 739.12285 11
e 332.08796 665.19550 13
e 292.66741 827.42324 7
e 345.25163 749.54212 9
e 225.86427 771.31039 10
e 129.91698 822.19405 12
e 320.92857 921.27044 12
e 391.06149 790.85423 17
e 415.61496 723.13323 12
e 473.53662 849.63728 7
e 379.72987 478.89754 9
e 484.31390 690.41517 6
e 406.17586 342.41733 11
e 131.20173 671.25639 11
e 297.77612 1017.65159 14
e 316.24620 730.63843 5
e 318.79093 736.07474 7
e 371.89939 988.22665 7
e 271.97105 722.37238 11
e 242.53085 1010.88647 7
e 148.37957 494.69924 7
e 381.47935 964.79777 13
e 233.83302 374.60006 10
e 326.95461 622.08842 8
e 370.97873 657.33074 7
e 127.51378 725.14689 8
e 143.29652 678.89987 9
e 197.14579 458.10760 10
e 183.98449 631.73727 6
e 185.79464 880.11113 13
e 161.22557 557.14982 6
e 268.34300 918.32108 12
e 200.41922 704.59790 11
e 412.23425 905.43947 9
e 326.34883 663.78166 7
e 383.93808 1039.26426 6
e 369.89204 779.08402 7
e 148.28569 626.46960 14
e 279.67988 882.96532 14
e 184.39002 557.29784 9
e 200.90971 656.59754 4
e 219.50508 612.80294 9
e 398.97005 769.53224 4
e 262.06092 941.83142 6
e 126.23501 761.46663 6
e 443.49810 730.33423 14
e 371.33987 837.52618 8
e 204.71385 669.16703 9
e 240.56627 763.76252 20
e 201.97795 644.10316 5
e 322.56519 786.97317 8
e 122.67219 727.14757 5
e 160.19599 871.86636 8
e 420.76884 613.37826 15
e 173.41318 838.20980 9
e 385.52341 653.52730 9
e 411.38870 634.23882 5
e 311.71845 636.72975 8
e 151.31613 684.21792 12
e 175.36095 546.50264 6
e 181.45038 478.40454 11
e 319.80585 767.48749 10
e 459.31915 795.47116 14
e 221.72323 706.88240 4
e 183.14138 901.21724 9
e 301.27423 537.44036 7
e 250.70994 984.26600 9
e 278.60501 936.63994 8
e 175.71195 610.10646 11
e 288.79558 785.29426 8
e 319.64547 680.22856 8
e 262.21418 773.82541 11
e 223.14904 543.62079 10
e 365.76862 539.63135 7
e 316.08989 542.61756 9
e 209.40165 883.35711 10
e 215.79386 865.44596 10
e 303.92996 412.03906 6
e 412.54317 803.32450 10
e 236.69167 718.42384 13
e 251.72482 611.62675 11
e 135.36513 915.79351 10
e 196.85568 557.45600 13
e 219.03945 591.07227 8
e 300.10835 755.55781 8
e 101.91754 810.48123 19
e 303.45859 639.79388 8
e 288.57933 586.58621 13
e 383.09418 881.42760 10
e 138.29599 711.00658 5
e 252.68575 958.16609 6
e 280.65873 903.24451 9
e 392.72043 897.75210 9
e 371.61694 737.85741 15
e 206.15966 975.49366 7
e 231.90840 830.25191 4
e 327.62062 770.37374 8
e 187.71210 1048.30761 12
e 364.69637 589.46492 7
e 87.14673 656.45416 5
e 185.55887 771.84714 6
e 253.68851 734.49226 10
e 464.68137 929.30615 11
e 359.03320 708.79004 7
e 277.76687 727.53081 11
e 210.17540 679.29112 12
e 72.15454 576.33456 9
e 262.57054 784.59687 8
e 273.20638 857.69043 13
e 220.59356 797.44666 8
e 184.56705 541.08224 4
e 154.20312 795.72320 13
e 345.92166 470.17967 13
e 293.63946 796.97790 10
e 314.81722 767.08680 12
e 179.57740 835.52675 6
e 258.37236 588.43015 5
e 364.80687 533.36606 12
e 318.17864 714.15334 7
e 274.84685 654.42474 10
e 246.09908 1058.00529 9
e 276.39869 691.78703 7
e 271.83715 646.48164 6
e 248.31779 631.11466 14
e 249.32803 941.30809 9
e 309.61127 852.51812 10
e 303.82389 768.83441 12
e 286.84759 716.29841 13
e 357.80476 573.06404 7
e 283.85014 765.50776 7
e 132.78070 787.93334 7
e 184.45238 731.85960 6
e 179.86860 608.91651 6
e 195.93038 688.07411 6
e 419.83858 834.04306 10
e 259.18873 797.11583 8
e 316.22509 867.30478 8
e 145.34706 611.85545 9
e 199.18285 689.07421 11
e 377.73136 672.05676 7
e 339.79057 388.97128 10
e 256.23595 832.90060 13
e 235.57133 730.41515 4
e 62.48170 649.39341 8
e 247.55995 604.11167 7
e 363.06716 539.84855 10
e 363.45571 686.13597 7
e 138.78718 531.52185 12
e 179.17253 998.10323 7
e 290.26553 771.78007 8
e 417.02313 928.37907 6
e 358.73178 718.33854 7
e 302.21094 773.08110 9
e 187.24320 910.51211 7
e 302.84453 796.28374 12
e 275.37415 644.55885 10
e 197.18736 432.53323 9
e 218.42433 781.90444 11
e 394.22749 1065.31047 10
e 441.14180 980.14693 6
e 539.56495 1038.62200 11
e 314.22559 875.78258 12
e 481.49717 1055.78961 7
e 395.22202 973.23279 6
e 287.10887 1022.53515 12
e 308.12425 1033.11713 8
e 406.04863 908.48455 11
e 383.56975 850.44784 10
e 286.58045 900.78330 8
e 300.91405 756.82629 7
e 320.68421 887.71206 7
e 253.31777 965.39426 10
e 383.29896 887.88522 7
e 289.87179 912.05459 14
e 382.25334 892.82250 10
e 421.30401 907.44714 9
e 415.28552 1004.30577 9
e 301.47151 971.92872 9
e 236.02905 1063.46664 8
e 336.02598 941.67853 10
e 380.71033 964.38891 12
e 434.69825 1026.50312 7
e 362.07255 1069.21495 9
e 405.31186 929.33143 6
e 483.24954 680.84434 9
e 355.43116 1018.45007 9
e 361.35299 854.07345 9
e 327.61085 1029.83274 8
e 448.68501 1057.44910 12
e 469.49396 965.56255 8
e 342.98264 1018.65544 11
e 337.33352 929.55132 5
e 405.37004 955.20016 10
e 311.08501 919.10708 19
e 354.02867 972.92087 7
e 309.52019 949.51033 6
e 309.96007 796.42469 8
e 417.43562 844.55799 9
e 531.89243 1020.20152 13
e 387.66960 938.83909 8
e 412.54263 1022.51097 8
e 137.55612 1015.62578 9
e 595.34667 938.51820 10
e 281.06172 1061.12277 8
e 444.04449 870.55457 6
e 602.96886 1030.73092 10
e 414.77784 780.10488 6
e 413.63100 972.12425 11
e 448.39640 1047.50542 6
e 402.05577 888.83097 10
e 296.88823 995.17165 10
e 368.33111 820.83017 9
e 471.33330 1071.45816 9
e 320.65896 1052.07825 14
e 509.37075 754.61824 9
e 488.38893 864.02823 12
e 242.23171 1075.72872 5
e 340.72667 901.35701 11
e 139.31509 1076.02395 6
e 397.36642 799.85120 8
e 462.44261 686.03596 11
e 232.01806 907.82363 6
e 331.22722 1066.27759 10
e 359.18993 838.81925 6
e 546.17110 1008.86358 9
e 308.77429 1069.97714 11
e 470.36851 877.52457 8
e 428.35466 784.08106 12
e 392.31820 993.29787 10
e 366.40934 981.30757 6
e 433.63931 1006.84792 7
e 469.69849 1005.52530 6
e 413.06455 1054.73209 6
e 422.36953 828.72908 7
e 457.17493 763.60963 5
e 324.28311 789.56920 17
e 424.01266 1069.55911 5
e 457.87643 790.77979 10
e 574.09289 942.68223 11
e 556.22915 832.69506 8
e 290.23231 1018.14400 5
e 477.98648 909.01873 11
e 319.28948 843.05056 8
e 283.40779 962.90631 8
e 603.42607 1005.42136 9
e 492.98834 1039.26750 6
e 354.54255 1059.73934 6
e 400.65435 701.85755 10
e 536.77056 1026.55850 15
e 545.95793 923.56797 8
e 219.73674 994.49149 8
e 257.03193 945.94172 8
e 371.07402 998.57970 5
e 383.45696 920.27659 12
e 640.53685 1037.40274 8
e 367.29502 946.51591 8
e 348.93758 844.48695 15
e 506.52368 1074.47661 12
e 492.44610 1012.97420 7
e 280.53985 875.82106 8
e 174.41783 990.68128 8
e 258.30480 954.17235 16
e 354.34731 715.43808 12
e 365.25174 528.65984 12
e 553.76085 1016.44096 9
e 432.00150 1038.62473 7
e 421.88322 921.70695 10
e 462.12331 973.53974 8
e 412.62213 1032.65824 10
e 436.85207 984.11239 9
e 504.73125 745.29712 5
e 461.02915 1056.84752 8
e 680.36630 1014.08782 7
e 369.90171 832.89534 5
e 317.06978 713.27689 7
e 531.49926 769.37120 11
e 397.02582 1003.85489 12
e 331.58693 950.94750 11
e 387.47636 868.84619 10
e 597.33077 1024.44675 9
e 417.98627 1030.17853 8
e 511.84856 869.36406 12
e 245.45992 836.52465 9
e 307.90988 960.25026 8
e 372.53826 1000.88933 12
e 171.75958 812.26301 11
e 311.48104 1016.17871 13
e 565.25261 995.14412 13
e 518.63697 1008.96325 9
e 389.72940 989.01668 7
e 382.85759 940.96169 9
e 334.69310 936.88109 11
e 441.48624 1005.98517 9
e 305.45297 1043.62901 5
e 411.53091 949.94608 8
e 418.53564 559.50119 10
e 376.45047 912.03000 11
e 367.39927 1038.43940 10
e 314.85230 920.85495 10
e 495.46975 989.57088 7
e 270.89845 836.12961 7
e 425.99870 660.47260 9
e 254.12735 988.22941 7
e 391.43945 751.34707 9
e 542.32202 1068.48675 7
e 329.25143 984.55252 10
e 532.26948 846.59015 8
e 364.70105 847.26813 14
e 253.65795 962.13335 8
e 536.77835 617.56399 9
e 294.10680 984.71514 10
e 615.62811 938.07696 11
e 435.80747 1001.39142 13
e 288.96287 779.34335 7
e 474.11066 748.30374 5
e 253.88842 588.42579 7
e 319.92257 979.51926 21
e 336.38565 936.66785 8
e 227.38345 844.41925 14
e 382.43065 907.92547 9
e 503.69207 1077.97210 7
e 446.06038 962.46663 8
e 399.11022 669.60829 12
e 277.20502 942.01614 8
e 266.79029 969.32884 8
e 267.92044 913.45810 8
e 392.36178 975.20619 9
e 585.10074 967.09663 13
e 487.08974 1018.47238 11
e 375.13119 1002.69992 13
e 399.84078 1072.28690 7
e 538.63337 758.34990 11
e 413.79113 963.97696 5
e 489.94794 1041.73280 7
e 474.17185 995.95745 5
e 390.16484 948.92479 13
e 327.69952 936.63829 6
e 597.83390 852.16655 7
e 429.39091 1024.52607 8
e 359.24646 1005.87522 6
e 404.00072 844.19605 9
e 481.53648 1046.42503 8
e 307.88453 986.04114 8
e 369.74090 1069.25082 9
e 387.38192 965.22286 8
e 420.59613 889.12047 7
e 483.57225 1052.57606 7
e 348.21623 924.76501 11
e 280.59466 1009.36567 17
e 539.83239 946.20190 7
e 382.32928 1008.83462 11
e 321.37168 1008.44866 15
e 499.06913 1045.25064 5
e 369.32063 1006.75705 8
e 561.73762 1016.30320 12
e 369.58281 961.10645 9
e 466.36101 970.82734 11
e 402.42975 1029.54293 6
e 427.05656 974.07989 12
e 511.27995 1010.85102 9
e 359.02901 934.00000 12
e 504.61746 1041.68033 8
e 402.19729 1066.03001 12
e 421.26809 1079.38293 9
e 364.41294 902.29512 9
e 308.19683 669.63495 6
e 309.09890 761.19624 7
e 301.98613 1002.01322 10
e 468.09615 1013.87661 12
e 436.55494 772.19161 6
e 371.75981 784.78855 6
e 377.95467 614.07991 12
e 375.17604 744.23469 9
e 397.61918 835.88603 6
e 542.40947 964.63538 10
e 496.47681 979.95346 12
e 394.40548 889.83268 8
e 406.51580 1053.46170 10
e 393.88869 902.87103 7
e 399.76130 1034.38553 6
e 298.62926 935.79281 12
e 249.60146 947.23004 7
e 391.26447 728.72725 7
e 289.46962 994.39609 9
e 393.38066 790.15494 6
e 310.77694 710.81338 9
e 312.67178 878.79997 12
e 471.50089 811.21641 6
e 476.61490 859.27355 10
e 351.90028 1021.05163 7
e 333.06519 709.07628 9
e 517.94005 898.92593 6
e 283.08884 659.47304 10
e 362.26411 1078.81847 10
e 375.83691 931.16067 9
e 402.26553 1032.71357 11
e 283.34480 1065.91198 7
e 422.45991 838.03236 9
e 541.85165 585.60327 12
e 315.33454 1051.99157 11
e 374.44208 1052.22206 5
e 604.78964 558.07285 9
e 368.00394 899.96240 9
e 416.69837 881.99245 10
e 301.86679 936.29335 10
e 284.81111 888.30724 8
e 313.63744 1027.02162 6
e 478.85840 1009.34741 6
e 323.96716 997.97887 6
e 353.02756 904.14665 9
e 432.86803 1047.75273 8
e 412.13958 1066.45768 18
e 422.32293 1038.96147 15
e 300.18845 1049.01075 4
e 411.31449 926.57650 10
e 442.45925 781.01440 15
e 424.66399 956.14466 12
e 201.85832 1013.48429 5
e 336.88115 776.97935 7
e 339.98617 679.18832 7
e 580.69303 989.75515 7
e 461.13567 1079.73530 12
e 331.97231 992.59392 11
e 354.62608 944.78019 15
e 366.34906 698.17963 8
e 342.91108 638.88178 12
e 262.10113 965.82244 9
e 523.55034 998.84515 7
e 298.55022 907.58303 8
e 573.88927 941.78091 9
e 421.18589 839.21137 8
e 379.96156 799.63166 10
e 329.11528 873.65304 8
e 325.32151 981.09094 5
e 396.59780 1042.72903 11
e 505.46266 993.63738 5
e 386.56097 906.84545 10
e 292.03450 796.27559 10
e 370.76187 958.13671 15
e 610.96661 1030.16126 8
e 514.19954 799.43357 9
e 405.87344 1000.84710 14
e 412.06404 1031.10373 6
e 453.95232 920.41546 10
e 327.48837 1032.97890 9
e 503.00478 893.68625 10
e 379.17205 932.19708 10
e 476.03155 1027.27018 9
e 427.53661 765.34521 9
e 453.74593 966.99121 14
e 226.45720 1013.50422 4
e 319.62398 1022.46453 12
e 462.13679 997.30704 13
e 501.90754 736.56302 8
e 447.64709 985.26360 9
e 345.41890 945.44778 11
e 403.78098 1055.43679 12
e 589.04062 894.57132 11
e 294.18153 857.18692 6
e 303.04793 893.84420 10
e 372.56384 1078.10766 9
e 408.11127 808.32378 10
e 353.31938 1066.66943 12
e 465.34441 915.48996 13
e 270.92100 1021.51813 9
e 250.92870 911.74033 8
e 315.37532 975.57832 10
e 414.06448 1010.47975 9
e 504.17724 859.40356 10
e 299.98937 1061.52589 11
e 546.35611 890.50949 7
e 493.72257 921.74738 6
e 225.12641 892.21736 9
e 420.98888 1071.36041 8
e 291.43173 1066.93604 9
e 442.20209 767.16325 10
e 381.86881 680.11270 5
e 357.45436 1075.26250 8
e 309.73912 936.00648 6
e 375.83867 858.13211 5
e 239.96958 831.83491 10
e 244.57049 905.91754 14
e 376.59080 981.50599 6
e 294.74070 905.51632 12
e 548.44692 1004.29747 9
e 361.32615 1044.35694 6
e 421.58157 944.66583 7
e 379.02616 998.58573 9
e 594.40170 1037.28350 8
e 169.38003 838.12679 13
e 485.41530 976.81640 14
e 485.74901 838.09712 17
e 332.53771 981.09573 14
e 353.11584 929.31680 6
e 436.73598 1057.65691 7
e 350.11649 974.33026 9
e 466.70489 811.19236 12
e 513.18410 1059.89150 5
e 564.31981 1075.54472 9
e 410.70904 1001.24684 7
e 462.05385 926.23533 15
e 399.36078 1033.74829 15
e 425.47037 978.19619 6
e 368.28854 1047.31709 13
e 434.29591 783.79783 9
e 392.26226 1017.35382 8
e 459.56464 966.97391 9
e 210.46729 869.56816 8
e 602.35249 797.19238 12
e 471.81370 1038.59319 8
e 481.02316 792.84203 15
e 364.89161 942.71431 6
e 478.52003 778.72922 11
e 405.29936 854.34144 13
e 487.48394 1040.29048 9
e 551.20646 922.34435 8
e 564.12262 1021.97922 15
e 478.29125 988.52313 11
e 375.82864 792.23069 7
e 453.17266 1071.93089 5
e 253.01909 942.43294 10
e 470.45021 854.63406 11
e 349.35159 817.77087 9
e 493.96402 889.90782 9
e 619.66458 899.72751 11
e 462.39171 804.80725 3
e 407.46581 1004.32417 8
e 453.13936 847.97180 9
e 507.61200 1020.29242 10
e 417.40078 1067.57496 8
e 373.91769 814.76395 15
e 376.27743 830.48897 8
e 178.55312 1017.37410 7
e 246.99018 953.92698 10
e 430.49566 877.58965 5
e 473.47381 883.35351 9
e 370.81162 1008.99987 15
e 500.45801 852.93521 11
e 516.84114 593.74458 5
e 399.46107 1059.48419 12
e 550.29086 1005.11836 10
e 445.27121 1043.89710 7
e 576.60759 1007.33441 10
e 312.77363 780.30565 8
e 474.67618 967.27622 7
e 389.75697 1015.28670 7
e 563.26064 987.60521 13
e 450.12552 1070.78721 17
e 360.73860 830.13852 8
e 403.87475 1034.77423 11
e 470.61617 1054.77346 9
e 478.86213 931.04727 9
e 396.83940 772.33150 8
e 313.03014 988.26351 8
e 345.84748 1035.76785 6
e 217.77247 1067.65418 8
e 324.14536 905.74204 10
e 211.61786 1023.45501 6
