c ./output/rectangle/gaussian/gaussian-rectangle-2-2000
p rectangle 2000 720.00000 1080.00000
e 293.70990 749.50070 8
e 296.53073 684.13389 8
e 306.36006 285.23479 11
e 233.51088 826.84112 12
e 419.47390 433.78773 6
e 367.93446 400.94570 8
e 217.56795 548.07982 4
e 240.39296 845.67133 9
e 166.87161 755.25136 5
e 205.46639 747.32807 8
e 163.61292 817.61862 8
e 261.85742 672.05524 9
e 26.38858 909.21399 14
e 127.95989 663.35773 10
e 251.62299 444.73805 8
e 201.50030 511.76654 9
e 429.54949 876.41915 7
e 285.42221 660.95458 6
e 216.97519 776.01343 5
e 149.69441 600.47113 10
e 246.84240 663.24101 10
e 349.09721 805.93193 13
e 362.72908 753.65420 9
e 398.22017 915.68923 7
e 238.04932 886.41345 9
e 154.14592 828.92940 12
e 279.02520 672.62032 11
e 245.10375 292.79797 9
e 284.03353 749.60388 9
e 295.56144 532.24244 9
e 426.28709 476.35571 10
e 128.72494 809.43223 4
e 300.10181 786.27392 7
e 243.62643 361.93292 14
e 228.78556 660.40252 11
e 348.17343 774.03557 11
e 121.28669 687.31847 6
e 239.19931 812.23099 4
e 329.59278 817.56561 7
e 227.60174 612.78745 14
e 350.90895 694.43739 9
e 432.98055 473.19304 7
e 142.65687 669.33804 9
e 229.03816 539.21445 7
e 316.15362 596.22104 9
e 153.34002 732.31360 7
e 276.70403 674.73252 8
e 305.30443 823.46061 14
e 259.25829 539.20685 6
e 369.93461 773.98951 13
e 217.70820 666.90979 14
e 345.99263 786.64595 8
e 374.10882 668.05519 10
e 245.95599 748.26894 10
e 280.64131 745.94397 8
e 237.92666 655.13543 7
e 448.78113 559.78809 11
e 231.20719 652.22907 9
e 288.83146 555.46787 9
e 156.42196 603.49519 8
e 343.69597 496.48217 6
e 238.60963 636.50617 9
e 170.67264 428.83076 8
e 325.86319 376.56698 8
e 212.28043 322.19822 9
e 284.70250 332.70991 11
e 191.59431 668.07580 8
e 146.56749 665.97995 9
e 332.65239 691.45535 10
e 376.20305 740.40060 5
e 84.73536 670.33172 7
e 265.53636 289.89606 6
e 351.14871 850.29076 8
e 417.84182 644.48031 9
e 328.20982 563.95913 8
e 324.00740 647.46532 13
e 342.50834 576.01834 13
e 366.15566 746.41691 15
e 89.58065 641.33998 9
e 247.28738 733.00426 8
e 222.00945 586.81534 10
e 389.86804 489.18443 8
e 212.48487 521.44387 8
e 191.36479 791.25324 8
e 336.88970 543.43442 11
e 379.03394 848.68775 14
e 229.84458 874.47635 8
e 490.30802 776.79618 10
e 220.35311 540.52399 10
e 331.96379 675.74610 8
e 429.74576 857.29953 13
e 318.71415 626.50044 13
e 379.89203 718.60885 13
e 217.03704 510.24249 5
e 283.81270 605.11662 7
e 126.82022 673.12815 13
e 96.42388 549.15450 6
e 319.78911 729.55810 9
e 237.21035 721.75146 11
e 331.01406 818.10549 14
e 130.86475 780.39734 5
e 366.36578 964.64461 17
e 93.41804 866.09082 11
e 275.56341 721.71092 8
e 252.88223 695.62036 8
e 48.47857 701.77981 15
e 247.06646 923.43162 11
e 239.33324 786.49841 6
e 225.50471 791.57049 10
e 258.81707 598.51496 10
e 196.79973 621.06455 7
e 295.19760 992.84034 16
e 289.01087 857.04545 8
e 315.31514 767.01592 8
e 233.57891 876.43409 7
e 153.11061 840.94507 11
e 158.05947 352.25075 10
e 330.33258 775.55232 12
e 241.48398 620.97718 4
e 170.34950 603.35695 8
e 181.80189 718.76372 15
e 295.87852 850.98699 9
e 207.09690 721.36832 11
e 221.13222 562.43001 10
e 338.46980 580.82404 16
e 322.99364 758.60306 10
e 210.46763 865.83160 7
e 224.20696 820.96276 15
e 125.64514 661.93325 9
e 228.22852 863.23139 14
e 388.45271 656.46757 6
e 298.96042 930.24580 12
e 172.92761 387.29722 6
e 288.65283 561.70515 14
e 234.36460 693.32003 8
e 283.99964 379.50918 18
e 244.22911 503.13619 8
e 371.74876 583.50499 7
e 273.93681 810.84251 10
e 383.68164 720.73867 10
e 270.83954 811.39716 10
e 308.96666 693.58579 9
e 353.58050 550.92802 8
e 357.77887 422.43800 7
e 284.45024 475.47591 9
e 275.86390 371.24126 15
e 127.52221 595.48695 15
e 242.78184 706.98026 12
e 172.79909 568.31354 7
e 501.98573 487.25557 16
e 233.92629 849.19041 12
e 318.61749 666.24771 12
e 179.68372 811.74617 8
e 360.67964 675.39739 11
e 201.25724 727.29972 6
e 308.68173 315.21150 9
e 340.64701 655.22219 18
e 346.08288 801.24071 11
e 202.34407 964.61808 13
e 347.46246 693.61484 10
e 307.78782 611.29269 8
e 402.13817 557.86653 9
e 173.24618 541.73997 9
e 168.11612 812.71674 13
e 87.46008 907.64093 9
e 377.28465 681.21472 10
e 89.11573 569.58429 11
e 193.15695 803.69040 9
e 218.92311 628.57595 12
e 51.48870 776.73106 9
e 272.92014 649.94928 13
e 258.14529 522.00641 6
e 226.91174 578.06131 11
e 154.21262 486.35443 10
e 248.36435 730.18681 9
e 377.60026 473.08864 15
e 267.88754 473.12427 5
e 375.25529 715.65587 9
e 58.05071 890.28692 12
e 344.45234 608.11192 7
e 192.13861 437.89335 7
e 289.95285 552.16625 10
e 116.09757 962.01282 13
e 299.98910 754.02449 10
e 334.40564 651.06383 12
e 210.82524 570.48078 11
e 405.12107 679.35783 16
e 246.82986 726.07293 12
e 301.37841 518.95822 4
e 464.74263 534.36510 7
e 298.96102 839.72888 13
e 350.29936 560.72567 14
e 178.19868 684.28080 4
e 370.67712 651.93160 13
e 475.97445 618.21036 8
e 382.64766 217.25340 9
e 362.75902 963.21020 10
e 190.81527 790.48217 8
e 221.75691 775.90209 16
e 184.69249 814.18460 13
e 327.36463 794.18182 8
e 559.11946 686.71643 8
e 395.75088 607.98968 12
e 320.54532 681.26406 12
e 243.74166 676.24213 9
e 259.28043 681.61122 10
e 219.45789 738.11800 12
e 230.87730 700.13973 6
e 139.41777 650.76753 6
e 378.16909 566.39805 9
e 367.42082 783.43391 13
e 196.02992 1061.63220 11
e 169.24801 707.46936 6
e 359.45985 667.78463 11
e 320.67971 721.04910 7
e 260.30215 796.46849 5
e 331.23900 1014.16478 8
e 285.43344 446.54038 7
e 402.79459 612.22808 10
e 316.97036 619.16247 4
e 231.83817 422.34162 11
e 225.72285 621.82768 12
e 330.19519 615.43304 8
e 234.25800 804.87526 7
e 318.60015 349.91983 13
e 219.44916 568.93618 7
e 162.51093 785.35436 9
e 357.30197 706.23630 7
e 293.00719 628.64312 6
e 213.00501 791.61268 5
e 286.02125 507.60397 11
e 404.55803 426.84279 12
e 271.89022 735.43108 10
e 102.76233 961.24810 12
e 299.37360 955.47812 5
e 444.47274 686.65201 8
e 398.57188 471.56170 12
e 284.86567 665.85591 10
e 243.36261 825.29387 8
e 275.66784 437.02159 18
e 307.85345 592.90129 8
e 340.94138 1034.35095 6
e 195.18570 603.27829 9
e 317.95007 431.39194 10
e 290.82883 503.44897 12
e 223.31412 698.75202 6
e 168.69137 973.77794 10
e 368.07917 662.65715 11
e 180.27145 825.22378 11
e 206.95144 700.52732 5
e 250.98004 487.86110 10
e 379.92283 792.64047 9
e 270.86077 672.20639 8
e 63.97139 804.14108 13
e 203.79884 877.10659 10
e 258.86365 513.66533 11
e 356.02505 841.49485 4
e 180.67605 844.47514 12
e 285.79843 724.03437 7
e 249.50315 571.00003 8
e 113.97399 687.52010 4
e 153.04897 457.83860 10
e 298.33513 760.35597 15
e 273.64260 749.08575 10
e 382.97525 771.22032 5
e 181.04651 528.59857 7
e 93.22093 491.10444 9
e 279.36210 507.72410 9
e 263.71641 874.18499 4
e 276.03354 536.27208 7
e 363.44892 803.74700 10
e 252.96673 757.32838 11
e 166.90564 858.98769 12
e 291.26820 641.67140 11
e 393.40301 850.11055 8
e 170.49500 706.96688 11
e 266.76441 652.66374 7
e 316.30570 502.38172 10
e 368.81681 553.62885 12
e 377.77359 548.14590 6
e 167.55498 586.95358 21
e 87.85684 791.01781 10
e 175.35826 524.74091 8
e 211.59135 743.18659 9
e 126.87138 898.95772 5
e 212.65854 660.99512 12
e 279.02434 692.14782 10
e 336.50108 606.80951 8
e 216.22581 840.41264 8
e 186.60337 686.27242 4
e 271.00618 511.10665 8
e 307.71208 669.95897 17
e 261.93144 580.28474 5
e 299.46826 905.69843 5
e 445.71127 663.29573 12
e 432.65134 835.72753 13
e 323.24913 624.26550 8
e 354.42338 651.52363 5
e 283.54859 483.44753 8
e 237.66054 961.92578 12
e 361.33756 614.23526 8
e 423.28466 459.53751 6
e 235.16671 768.31170 6
e 284.18259 763.64207 6
e 184.77874 845.33162 9
e 86.99038 487.81800 10
e 231.32022 920.99657 9
e 407.37341 836.24380 9
e 191.35709 649.37861 8
e 102.53585 510.99000 12
e 303.69311 696.58160 5
e 259.18803 617.49980 14
e 273.75441 788.19537 13
e 264.66039 528.02728 10
e 271.44349 852.27212 8
e 360.47143 895.87461 8
e 265.68107 780.42116 6
e 313.60020 868.05645 12
e 197.31653 589.55620 8
e 214.40506 917.26560 6
e 221.35131 773.08424 10
e 225.19105 796.50636 4
e 380.66541 810.17253 12
e 154.86486 701.55983 10
e 319.98847 757.00301 18
e 253.69643 491.32538 10
e 342.66622 752.64277 11
e 173.61976 606.20839 8
e 423.34894 634.81030 9
e 250.64762 722.63769 6
e 228.42748 732.83773 8
e 126.66585 668.06262 9
e 293.54754 871.44671 7
e 271.97102 461.28762 9
e 227.72900 677.99638 10
e 256.23710 684.50190 5
e 299.90053 704.10783 7
e 275.38469 818.56996 10
e 280.26334 740.59960 7
e 304.72489 349.95020 8
e 284.08417 357.45344 9
e 223.21310 730.82840 15
e 387.71617 741.68411 8
e 254.11761 764.63237 6
e 239.28211 582.78165 15
e 294.40908 590.51843 10
e 310.12840 857.95125 5
e 216.61557 483.32951 9
e 391.34198 674.86025 10
e 348.81768 891.38498 13
e 210.73928 641.58142 13
e 296.04997 937.83535 7
e 261.95572 1019.43097 10
e 342.97356 828.48839 9
e 228.34813 959.69560 11
e 160.26072 680.13342 11
e 212.86128 816.75934 6
e 366.02946 679.31290 11
e 261.18377 713.02411 10
e 194.67297 339.92630 6
e 174.58427 435.13751 7
e 161.48582 714.12892 15
e 462.35774 832.64230 9
e 214.02557 865.21230 8
e 317.09964 797.47252 10
e 273.73718 923.48304 5
e 220.51124 697.27314 10
e 250.98441 680.34611 12
e 248.12325 630.85988 7
e 113.23903 607.84368 9
e 230.11698 968.46087 12
e 203.30394 365.86418 13
e 409.52097 491.27014 10
e 255.59252 711.73786 11
e 308.46020 376.36977 9
e 270.32631 879.48334 8
e 355.21884 432.37611 8
e 238.17101 727.84727 14
e 311.81791 857.09558 10
e 171.25739 574.15727 6
e 156.18082 775.99537 5
e 326.12229 687.16459 17
e 368.48075 625.38305 11
e 189.50094 640.86373 6
e 212.14001 802.59834 9
e 313.80335 821.69294 15
e 239.21369 556.34196 15
e 258.79754 332.10921 9
e 218.08103 753.06020 5
e 312.16835 846.66369 9
e 289.25602 573.20801 12
e 424.16429 625.38378 11
e 56.99297 861.83688 10
e 188.69834 783.11036 4
e 265.10407 890.41915 7
e 246.39432 901.81902 7
e 319.13488 464.37043 13
e 259.15746 758.38282 10
e 243.07995 712.90947 7
e 403.09075 910.77553 9
e 199.95447 718.12745 8
e 339.44655 626.21337 12
e 263.88191 600.64668 8
e 313.38007 955.26857 13
e 277.02361 638.82247 9
e 404.51132 304.20031 3
e 368.12625 1056.98317 7
e 270.33901 887.71276 5
e 376.30320 568.57666 8
e 378.80587 545.12645 12
e 226.77215 751.51075 4
e 249.70210 597.57549 9
e 353.04107 619.51678 13
e 244.39626 662.18617 8
e 405.69107 829.33039 11
e 309.27805 815.98721 8
e 114.86900 747.08370 8
e 375.68249 696.27984 13
e 278.13168 730.98509 10
e 183.78244 721.65150 8
e 170.52879 547.22481 9
e 129.05027 346.31419 13
e 236.17056 424.85276 10
e 230.65740 804.34275 9
e 481.47818 640.18602 14
e 310.64551 676.19316 5
e 243.96767 753.14314 6
e 124.59256 777.94612 8
e 163.66094 789.10148 9
e 337.70642 544.70124 7
e 183.02252 742.79024 9
e 218.26525 723.02324 7
e 192.80469 433.16398 6
e 287.68430 722.45055 9
e 176.58845 624.40700 9
e 182.19172 815.39954 6
e 206.10857 508.61308 7
e 112.31809 835.21499 16
e 267.03402 736.84024 12
e 173.62168 833.72470 11
e 343.47647 906.32039 9
e 257.64531 500.82439 9
e 335.72754 575.53334 10
e 428.39814 692.18516 7
e 261.10443 902.89902 4
e 368.10529 495.88567 9
e 174.72167 571.64657 6
e 361.15598 925.49280 7
e 287.56403 578.37404 12
e 283.71273 711.79062 15
e 302.65151 792.10254 13
e 235.32522 660.17321 9
e 139.31046 588.39217 11
e 301.39414 651.29297 10
e 247.10893 682.57678 10
e 390.57189 617.16584 8
e 270.98726 717.82066 8
e 147.69635 709.86541 8
e 234.72287 502.65023 5
e 342.75694 617.53969 16
e 240.33912 741.21424 6
e 236.07224 348.17375 12
e 216.73655 780.20724 13
e 342.70112 666.48366 7
e 230.92851 716.53154 4
e 328.71793 924.05275 11
e 300.89417 867.33432 12
e 105.83845 597.18363 8
e 280.13247 819.16415 6
e 331.68214 666.34455 11
e 286.14870 923.31670 6
e 264.44858 366.16577 9
e 216.47381 838.65313 10
e 366.86562 577.71973 8
e 89.49652 689.61848 8
e 212.03695 865.73072 17
e 133.75240 827.54221 7
e 311.27071 987.87337 11
e 296.28503 692.74518 7
e 122.57987 577.29470 6
e 203.88693 986.76171 12
e 286.32251 927.07874 12
e 354.22409 487.65166 7
e 439.42514 651.84790 9
e 236.80655 841.86158 12
e 226.55135 742.84298 10
e 133.03863 668.53090 8
e 261.56440 658.68104 7
e 246.42083 859.27358 6
e 257.54869 871.59140 9
e 318.34530 582.82484 7
e 181.21151 493.65771 11
e 268.18152 482.53663 13
e 156.08953 843.26005 10
e 261.53193 401.38919 6
e 203.86157 661.57663 13
e 290.48481 347.38632 14
e 297.96965 706.36756 10
e 393.32072 851.65062 7
e 401.07190 628.80192 9
e 302.23690 817.81428 7
e 216.07885 826.92502 10
e 346.79666 556.55254 7
e 137.19670 717.35858 9
e 320.71658 963.26376 12
e 266.08796 675.64202 6
e 325.69595 682.83426 8
e 230.18621 753.06769 5
e 277.70434 1001.45395 9
e 437.91343 893.08912 10
e 364.03899 764.61787 6
e 349.36514 285.24241 8
e 328.44800 752.56929 10
e 238.34645 539.64644 7
e 424.42839 819.51566 6
e 190.94241 753.15522 9
e 330.32530 486.37413 8
e 283.56311 741.35057 12
e 385.16605 647.68657 8
e 325.27726 582.54598 11
e 338.46213 331.88159 11
e 412.56689 445.24664 13
e 308.45489 717.80371 3
e 233.93374 799.51328 6
e 340.71376 539.13355 9
e 187.78726 767.93781 7
e 183.12160 438.95503 7
e 254.03153 363.60399 6
e 340.71867 965.98087 10
e 274.33693 691.33068 10
e 250.23996 692.96788 10
e 234.38929 563.45314 13
e 256.84957 922.89641 6
e 308.23625 810.84942 4
e 349.86978 736.94708 14
e 241.89311 924.75559 9
e 341.09872 734.61140 9
e 185.18559 672.21600 6
e 235.89784 532.44647 9
e 422.51818 619.33864 8
e 245.40899 438.96556 15
e 278.63530 618.96598 7
e 223.24919 798.33614 18
e 222.00053 639.57761 13
e 280.95347 691.03502 12
e 210.19091 765.21738 10
e 132.83706 625.53175 16
e 215.86395 408.72347 11
e 236.56130 621.78247 7
e 390.63032 722.14286 15
e 227.42628 444.37658 11
e 271.15908 620.66903 8
e 271.66904 761.46885 9
e 223.26844 833.80351 12
e 339.87361 720.91943 10
e 183.41913 358.37148 10
e 263.31610 562.92650 8
e 242.75533 597.46850 9
e 222.16527 969.95655 13
e 311.20589 591.61392 6
e 319.54282 686.65452 13
e 310.44874 686.65612 8
e 302.25316 629.72074 11
e 265.25562 533.88930 12
e 212.79368 826.52759 16
e 346.27388 719.01569 8
e 341.63450 504.30031 7
e 352.76785 627.43414 9
e 228.88304 743.45901 10
e 197.51107 819.16197 12
e 408.36044 653.86685 8
e 241.74792 619.65215 7
e 132.43975 866.25391 13
e 256.56455 723.56272 9
e 409.33982 717.66801 15
e 313.93601 506.42694 12
e 229.10346 587.15609 8
e 228.39047 554.72385 9
e 93.24201 718.28383 12
e 220.10958 840.34364 6
e 267.79676 534.77254 11
e 247.43661 729.43449 8
e 258.07854 762.21183 4
e 248.52350 452.16379 11
e 259.67950 908.63496 7
e 339.83945 848.94101 13
e 457.93463 837.69141 13
e 267.29814 709.99284 16
e 320.20440 981.08566 5
e 188.09720 459.58091 9
e 350.86912 546.98941 11
e 395.55836 901.44691 11
e 300.35093 529.15353 7
e 309.01921 802.22799 10
e 291.06923 690.12697 9
e 255.40854 689.15122 14
e 225.15528 848.72458 7
e 133.46083 754.51080 10
e 335.71887 627.57911 7
e 139.25249 779.94479 8
e 252.73500 747.10433 4
e 156.49061 391.84956 11
e 253.16207 748.86113 6
e 393.18919 869.52713 13
e 376.48263 626.99150 9
e 124.39307 718.08180 9
e 262.46906 645.21906 7
e 422.03217 639.88790 9
e 392.55741 871.34899 11
e 379.51992 739.17869 7
e 230.26987 324.06315 7
e 241.96394 906.20985 7
e 219.40137 490.54438 4
e 460.41992 382.98631 7
e 280.37126 519.03794 12
e 229.65684 550.63787 11
e 342.46893 589.02455 6
e 175.46512 660.51379 14
e 208.66955 645.14902 9
e 231.22984 543.67836 14
e 201.33098 395.43135 7
e 367.51840 912.19532 12
e 86.86803 453.08062 9
e 291.67273 634.13956 9
e 202.56684 710.21111 5
e 506.44698 646.24315 11
e 213.84798 537.73493 6
e 222.84872 579.71037 6
e 272.10660 942.11511 8
e 264.40839 754.32909 9
e 321.04695 703.27883 8
e 313.40593 832.83798 9
e 297.53202 610.49337 10
e 253.39618 594.21864 9
e 192.82772 635.59889 4
e 234.62832 862.68843 4
e 33.61975 723.51312 9
e 230.98615 872.55730 5
e 255.59968 617.56598 6
e 199.24802 734.18480 8
e 240.31824 884.25096 11
e 264.72357 386.54396 9
e 312.78161 673.06719 5
e 340.57111 677.67767 8
e 290.21928 455.27834 11
e 221.02645 928.78160 7
e 174.03856 729.47685 9
e 49.42340 848.90430 14
e 208.14552 631.85826 15
e 328.10658 504.00876 9
e 184.53958 579.58438 11
e 129.06494 773.63915 9
e 63.88462 906.06174 8
e 288.82736 754.33908 15
e 267.38642 582.18824 9
e 291.23459 774.00208 10
e 240.30673 844.57049 10
e 162.89700 719.28210 4
e 366.41511 505.79016 6
e 396.70613 657.23721 10
e 101.62084 723.84021 10
e 251.28229 655.84580 7
e 230.81421 647.35364 8
e 205.45351 284.25547 9
e 291.80574 728.65743 12
e 311.53040 986.69804 12
e 407.85513 652.56925 11
e 26.64525 711.88133 9
e 365.42478 862.97894 9
e 179.84291 552.62231 5
e 299.42864 896.40722 10
e 229.90835 754.08517 8
e 258.19618 677.96084 13
e 241.48567 945.40833 12
e 122.93071 717.41991 7
e 181.08824 949.64036 9
e 308.56054 377.53807 10
e 283.87893 522.93409 10
e 381.35953 665.29254 4
e 202.27563 647.91223 7
e 291.44144 701.91023 12
e 148.66619 541.16390 7
e 121.56746 661.21720 7
e 239.76350 459.45589 7
e 136.02487 793.62409 13
e 261.27619 336.13164 10
e 430.49380 624.02135 2
e 227.68389 978.90127 9
e 270.78758 461.46729 13
e 260.78723 567.03567 7
e 144.00579 554.72260 8
e 276.17475 689.46461 8
e 328.28192 828.08212 6
e 293.33152 884.60542 8
e 188.42944 558.90081 5
e 312.45873 798.49774 4
e 165.90307 414.73734 5
e 221.12652 854.83971 8
e 140.54267 503.55218 7
e 336.29630 1023.49098 5
e 279.28138 639.17107 9
e 245.13116 543.26397 8
e 178.11236 632.67809 7
e 167.66286 476.73042 8
e 297.91899 387.68877 11
e 249.85276 498.92866 10
e 127.39673 576.39795 8
e 297.98092 704.86951 10
e 282.89650 818.51083 5
e 212.84501 321.64827 6
e 237.28248 776.44252 9
e 224.54747 450.54055 7
e 246.71055 705.73473 9
e 371.76372 658.02511 5
e 262.26770 597.94721 10
e 126.43552 607.42070 9
e 264.84461 245.74816 12
e 300.12153 739.25402 7
e 172.13611 592.12647 8
e 437.49199 1036.99069 11
e 241.98047 911.48416 8
e 321.72162 790.29799 6
e 265.40230 799.97961 6
e 200.16334 808.65076 11
e 347.95738 436.17892 16
e 362.77737 823.96989 12
e 343.14015 579.34617 10
e 186.58233 758.39988 5
e 418.63201 794.04117 14
e 317.71456 729.32703 7
e 221.82008 789.41727 11
e 212.54720 849.28004 4
e 243.71717 753.98757 7
e 338.37614 671.43358 8
e 140.96782 382.22483 10
e 298.16103 569.34632 9
e 448.34540 642.48791 8
e 303.23287 598.60007 9
e 386.59271 490.74846 9
e 149.39850 750.89353 12
e 290.76547 943.69875 7
e 284.49080 445.56670 8
e 139.20705 657.61289 8
e 394.08274 833.45365 7
e 232.59196 727.44647 3
e 201.24464 649.60110 12
e 162.03727 323.01841 7
e 211.56161 587.87674 11
e 277.56874 759.67282 9
e 250.64074 484.57958 5
e 161.91807 803.53965 11
e 220.46171 586.93257 5
e 221.29355 750.97562 7
e 330.65617 1030.58263 10
e 396.10995 719.70014 5
e 194.37672 721.82037 14
e 166.58861 565.46362 7
e 159.07477 702.84038 9
e 254.45121 542.77444 11
e 373.11989 738.22352 6
e 259.91099 844.40572 11
e 123.25195 637.94559 8
e 329.71474 741.76684 8
e 70.17346 658.64015 4
e 347.81483 517.46152 5
e 197.80932 752.16034 12
e 246.61274 474.79618 8
e 163.38622 643.15060 9
e 287.82441 940.85860 5
e 291.12679 484.34618 8
e 320.82813 710.14431 11
e 293.61068 642.97755 11
e 135.93003 623.83803 7
e 319.60708 991.05976 4
e 354.20654 720.74616 6
e 278.68937 781.30203 11
e 182.07018 518.86164 5
e 222.86301 891.38401 9
e 211.64999 933.26688 8
e 353.99221 674.64104 13
e 247.19157 763.54427 11
e 319.08710 643.94435 8
e 225.11723 410.43459 6
e 234.83254 761.43021 11
e 282.07598 885.18735 5
e 243.25840 603.74093 10
e 224.48937 566.89566 10
e 237.53837 708.07045 13
e 341.97465 622.41265 8
e 339.84174 930.30613 7
e 217.04814 779.23033 10
e 312.61816 537.21075 4
e 349.68466 755.67229 11
e 218.53025 826.07161 7
e 312.89166 859.04690 12
e 138.84551 635.74262 10
e 317.16826 873.87705 5
e 324.36191 330.26030 11
e 381.85111 737.74285 15
e 251.01450 538.82315 10
e 340.80382 871.21670 11
e 309.50633 411.51782 7
e 296.23540 643.02707 5
e 275.95722 558.56443 12
e 247.61220 881.07600 15
e 186.59670 765.77031 9
e 206.98310 582.80612 10
e 218.58986 439.32594 11
e 354.39250 773.32952 9
e 147.63127 706.45916 7
e 376.22848 698.74771 12
e 222.77733 838.99888 9
e 301.84760 575.69409 5
e 240.38143 662.26202 5
e 248.05944 727.68827 11
e 232.13185 811.46270 6
e 428.29366 436.81681 13
e 291.90908 724.41758 9
e 327.34561 522.38161 5
e 255.98012 523.71531 7
e 301.67482 505.82923 7
e 345.15913 540.39642 13
e 188.23691 857.19862 6
e 233.03585 654.39393 7
e 243.74003 741.46086 10
e 373.20103 793.15113 12
e 442.88451 395.55456 8
e 130.64969 644.30731 6
e 324.70193 671.03708 10
e 428.83598 631.17145 16
e 246.28058 669.64319 9
e 285.76800 684.05386 12
e 255.84289 681.43694 7
e 258.03162 829.96141 11
e 391.09128 519.49005 15
e 281.08614 744.74968 10
e 197.61312 667.39738 15
e 217.81760 633.56332 12
e 331.72553 856.56024 15
e 227.67715 712.97728 18
e 202.06140 636.30269 8
e 384.59572 616.86860 5
e 404.51125 715.64968 12
e 231.10789 888.59152 16
e 223.36196 680.85241 9
e 314.11303 217.37531 12
e 73.91344 956.69807 8
e 213.19144 665.33236 8
e 395.51963 801.73822 14
e 405.25708 735.39660 12
e 187.84277 409.62750 12
e 275.19197 519.08049 12
e 350.25201 659.59648 9
e 280.83685 862.96824 11
e 242.23553 748.08981 9
e 350.40844 674.66874 7
e 189.28997 1005.68589 14
e 195.27979 804.11445 11
e 347.73997 547.88548 7
e 351.10073 658.15266 8
e 277.80184 617.09220 4
e 136.43437 270.40189 8
e 99.68565 682.37697 6
e 232.18920 903.63935 10
e 457.22514 838.36219 7
e 130.94965 410.98476 8
e 253.33604 608.68630 7
e 336.87323 527.27221 8
e 178.10426 785.82709 8
e 222.16032 715.43598 7
e 177.80843 777.71034 8
e 300.94974 765.86578 8
e 332.45527 552.86227 12
e 177.20793 703.27321 12
e 315.33217 619.33943 9
e 363.52087 712.97061 15
e 264.77431 641.74161 8
e 237.55024 284.09667 6
e 370.86611 775.82331 10
e 475.55858 625.33094 11
e 422.43030 801.36036 5
e 222.60265 674.40926 14
e 189.00282 666.89430 9
e 219.74945 507.51670 10
e 290.84074 465.15942 8
e 301.46142 660.18898 6
e 364.04746 628.14238 6
e 236.34898 668.68648 4
e 76.93828 679.26539 7
e 66.29097 742.91225 13
e 364.78030 743.92375 12
e 130.53990 572.67034 9
e 382.09017 752.20035 12
e 259.48918 819.42380 10
e 200.12762 875.11747 10
e 422.91005 560.95355 7
e 372.45353 580.87306 8
e 253.03632 615.81939 7
e 289.19836 797.39123 10
e 413.74571 694.40497 14
e 312.08371 697.03359 5
e 292.22694 700.12298 11
e 158.49947 518.55399 8
e 300.64853 836.23738 6
e 267.96075 623.97255 6
e 248.51022 387.51029 10
e 457.76244 791.62556 9
e 198.01609 866.18207 5
e 246.24759 288.01125 4
e 174.81479 797.09559 13
e 430.91110 510.44194 6
e 323.77736 598.86329 13
e 185.13608 758.06374 9
e 262.64775 710.96884 6
e 186.92106 651.98827 9
e 243.21349 337.79143 11
e 310.65972 985.12528 13
e 232.82418 907.22783 7
e 493.92475 521.23743 12
e 406.94333 189.56806 10
e 240.76960 835.96003 11
e 259.48743 451.87329 15
e 194.20498 830.69414 15
e 251.61387 629.29011 6
e 285.98371 714.53950 11
e 324.81784 836.08677 12
e 138.15294 850.51832 6
e 229.58159 790.74542 8
e 210.16382 557.20329 3
e 415.72009 561.49316 6
e 284.02664 588.69789 8
e 278.90026 568.73238 11
e 280.63537 669.54293 11
e 207.47708 417.42675 11
e 284.84469 470.31154 6
e 452.80413 688.07867 11
e 193.29372 533.41611 8
e 349.16023 705.94066 11
e 318.71184 393.88218 7
e 130.13653 570.81954 4
e 277.61092 530.78960 7
e 241.08915 763.45892 13
e 246.60646 640.96373 7
e 484.77981 522.20386 10
e 200.11969 681.58334 10
e 200.47253 628.32074 10
e 289.22047 550.55369 14
e 341.76074 568.92544 11
e 120.71108 583.91154 8
e 261.28609 652.48550 11
e 381.35740 1018.05554 4
e 100.16903 827.08405 13
e 179.46473 397.16581 11
e 209.05514 883.17517 7
e 217.04482 626.69944 13
e 344.32877 545.27830 7
e 513.39439 649.37502 13
e 170.82988 365.64288 7
e 245.25240 698.24174 10
e 250.17201 735.38190 11
e 380.41361 553.99131 12
e 272.29022 800.91826 8
e 208.26331 666.06072 5
e 266.86311 412.67163 9
e 292.04335 667.60175 9
e 335.72890 529.09915 6
e 228.28028 666.71782 9
e 123.27314 916.14976 7
e 307.90029 585.56219 5
e 339.29659 618.03449 9
e 235.59586 634.51782 11
e 373.93159 775.13514 8
e 287.40097 968.00033 9
e 320.46553 667.99217 10
e 263.30873 439.18749 4
e 288.51553 637.27871 7
e 436.56556 440.12006 9
e 249.97927 691.69960 13
e 291.02534 248.23646 9
e 253.77910 783.09637 4
e 276.56155 544.36665 13
e 356.02705 576.62492 6
e 165.39442 676.67182 12
e 240.28698 870.84623 9
e 313.50548 665.41502 10
e 255.44254 659.73266 13
e 79.08454 654.84098 10
e 327.59355 530.65510 12
e 288.26678 587.23481 10
e 324.39105 964.79440 7
e 165.12320 846.39837 6
e 254.34772 551.22268 12
e 405.10792 665.45005 8
e 359.91491 685.49160 10
e 289.46936 743.01995 10
e 266.21733 592.03759 7
e 221.68027 819.95756 7
e 288.46955 524.68824 5
e 361.60049 724.46432 12
e 344.31954 674.34305 10
e 192.72887 471.52974 11
e 319.91989 592.05633 5
e 330.45896 617.43538 10
e 243.06647 892.97118 11
e 283.41884 492.55598 10
e 226.62504 701.82213 12
e 37.33648 911.81122 10
e 184.67381 501.94613 11
e 270.20609 903.49170 10
e 228.10927 597.29076 10
e 409.38138 397.40793 9
e 339.12731 668.96217 8
e 263.64901 460.51490 8
e 213.64677 491.54246 9
e 255.81646 543.66504 18
e 219.90518 727.01839 9
e 360.54236 697.59090 9
e 383.20465 629.27093 13
e 458.51932 577.69867 12
e 364.57182 402.13246 8
e 233.69144 524.54040 6
e 297.78744 693.85969 5
e 205.90089 694.82833 7
e 406.22096 763.57892 7
e 299.87995 810.61381 6
e 203.42629 920.43689 11
e 357.82421 753.20186 7
e 236.52666 848.46641 10
e 286.60774 425.32261 11
e 126.49913 597.12601 8
e 279.86087 696.16852 12
e 300.84071 481.12910 11
e 338.73552 714.66784 20
e 145.25097 902.92993 9
e 230.37420 654.33707 9
e 334.83867 732.86512 11
e 221.83460 565.40064 7
e 163.04348 618.46821 4
e 231.66953 695.94317 8
e 398.89998 360.70198 8
e 291.21006 561.46115 4
e 247.61112 926.65912 15
e 418.86139 281.65266 5
e 369.82657 1002.67184 9
e 146.05053 699.16174 19
e 347.08069 852.34982 14
e 331.18364 594.31780 4
e 206.76083 729.51739 7
e 313.12532 540.37771 7
e 340.12479 687.09707 4
e 256.14480 784.06377 7
e 164.86116 553.38451 15
e 290.15661 599.63634 7
e 266.40780 966.24271 9
e 365.91833 909.47106 7
e 380.21882 759.73067 10
e 348.00333 558.80842 15
e 383.77901 481.66845 11
e 273.43850 829.51187 9
e 185.31410 686.64176 11
e 368.46666 718.89207 10
e 230.88324 653.85947 18
e 336.35267 706.24274 10
e 208.83828 693.42665 9
e 221.38217 794.58547 4
e 309.14347 510.71565 9
e 159.43244 776.68691 9
e 322.40533 447.79031 5
e 168.55531 593.80060 4
e 247.24699 839.27732 11
e 293.58978 599.55990 9
e 398.04331 282.42876 11
e 293.41546 779.68897 13
e 365.68032 918.82504 7
e 234.71179 461.23489 3
e 301.03150 838.27882 9
e 352.31557 382.36291 7
e 308.85505 489.62005 5
e 187.40352 593.76034 9
e 242.20033 764.70778 8
e 459.81379 650.25148 5
e 258.33352 943.60757 11
e 173.85285 634.67686 11
e 376.52567 766.39645 15
e 295.63785 431.98735 8
e 333.15087 742.98331 11
e 261.13819 500.40482 9
e 241.16292 636.05781 6
e 317.13768 847.48192 8
e 334.71219 619.20622 14
e 397.74197 456.72154 8
e 340.98072 535.24313 5
e 138.88414 538.59689 6
e 337.05131 643.79323 14
e 260.56327 796.63660 15
e 551.14724 635.37802 8
e 276.88043 579.56727 5
e 518.33311 692.53464 11
e 205.29192 694.55354 9
e 299.17086 713.20369 6
e 359.69957 436.96125 8
e 383.14824 922.52499 7
e 336.59774 632.63727 10
e 172.41909 509.49995 9
e 275.65537 830.44934 11
e 125.37568 783.28357 10
e 247.28329 642.38684 10
e 160.55209 771.03285 9
e 371.55717 483.41437 7
e 253.43504 758.81885 8
e 268.25433 783.26128 9
e 153.52355 775.97645 8
e 301.93366 543.95826 7
e 387.80709 367.44002 13
e 356.11058 603.30473 8
e 267.17256 672.30260 10
e 237.18791 428.04481 8
e 173.09071 653.77249 7
e 347.82553 745.51075 9
e 278.39586 623.18539 6
e 272.29524 758.13043 12
e 162.64622 746.64190 7
e 201.19485 843.84145 4
e 391.62852 946.50809 7
e 240.90290 569.11827 5
e 187.34507 677.43895 8
e 172.78574 689.01447 6
e 262.20733 627.74627 5
e 386.65837 614.37592 5
e 346.31591 471.42662 3
e 322.87749 646.92268 11
e 345.24284 716.41139 8
e 179.98248 709.82104 16
e 442.92916 718.40484 12
e 276.09866 666.52146 11
e 382.51916 656.49889 9
e 298.99678 709.63487 11
e 358.64959 722.57637 11
e 183.02019 639.24173 7
e 355.82596 758.53935 13
e 258.87127 782.34831 7
e 316.47605 782.30283 11
e 186.58242 960.97927 12
e 271.49128 748.01287 8
e 138.03165 526.24164 8
e 298.74225 852.32481 9
e 120.51702 671.00015 9
e 224.25279 709.42764 13
e 260.82332 851.48767 14
e 272.36006 861.38186 6
e 252.59959 512.44109 12
e 363.19920 777.32629 8
e 362.29734 876.01270 8
e 202.96363 541.52708 7
e 245.91168 823.77371 9
e 196.73731 733.14938 7
e 237.85055 561.33340 8
e 339.84715 634.61138 6
e 289.21543 819.46426 10
e 167.22358 986.86836 5
e 355.47631 747.38059 6
e 216.08689 916.16496 5
e 212.00501 853.95490 6
e 341.81699 562.10858 8
e 179.79488 543.53689 7
e 205.47719 679.41253 12
e 299.94805 649.67536 7
e 237.68352 617.59979 5
e 446.59661 489.64795 7
e 349.15419 773.74951 10
e 297.33076 909.26002 9
e 66.23472 585.40728 9
e 233.10842 472.13953 6
e 200.25636 533.53228 7
e 226.36185 593.43478 10
e 206.17113 596.54021 9
e 462.65333 488.55822 10
e 277.02851 593.45981 13
e 323.35958 523.86182 11
e 347.83939 579.04803 9
e 148.99988 486.80225 9
e 387.95647 690.73252 7
e 229.66114 535.97805 9
e 291.72903 441.77298 8
e 259.64741 535.28251 12
e 317.72386 616.04861 8
e 213.47473 655.97965 10
e 347.90157 520.44816 20
e 337.99685 578.63648 13
e 114.16237 772.97793 7
e 121.73375 684.05861 10
e 167.35551 879.14469 11
e 339.90537 699.61526 10
e 320.35912 612.02806 9
e 272.91765 518.67152 7
e 104.01924 723.99484 8
e 365.75903 615.88985 11
e 356.47272 903.51527 12
e 446.73142 817.88106 7
e 343.93596 783.91031 12
e 348.71327 548.35178 9
e 365.80070 746.11012 8
e 359.34992 704.34269 10
e 463.63143 859.32571 13
e 454.72586 672.37140 4
e 254.10849 646.66679 10
e 315.89611 703.82451 13
e 344.82786 775.32820 11
e 170.89819 671.32893 10
e 340.52082 702.64382 12
e 409.72932 654.82654 5
e 176.80321 570.62686 6
e 319.07286 568.61110 9
e 224.81333 636.10105 13
e 256.69077 136.97373 5
e 193.50803 547.09039 9
e 267.97463 554.63798 5
e 232.52279 546.80557 9
e 259.50401 451.09388 10
e 279.31472 664.26451 14
e 300.84418 823.46129 12
e 121.49177 770.29760 8
e 277.22208 906.67983 13
e 321.83233 602.31435 10
e 399.21721 538.51194 9
e 397.53934 725.45933 13
e 137.21822 661.04930 7
e 294.83974 757.99923 9
e 266.41979 1073.44122 11
e 253.52112 603.81189 9
e 296.42738 518.12406 17
e 150.34507 703.87818 12
e 254.71371 720.27136 7
e 299.73454 949.11297 11
e 427.95332 529.07571 12
e 176.26867 513.95278 4
e 270.70196 949.57943 12
e 151.33547 834.16448 10
e 305.28813 718.93596 9
e 90.66662 904.21835 9
e 221.14872 803.81441 14
e 286.79459 866.24230 8
e 94.66827 625.55806 9
e 331.26120 693.09686 9
e 413.53150 743.24643 13
e 167.30512 596.33997 6
e 246.14556 574.70829 9
e 321.43225 890.98972 5
e 277.06175 511.47896 6
e 252.45700 564.23598 7
e 267.52850 363.43563 6
e 139.54730 672.52909 6
e 226.07566 640.25528 10
e 267.26678 729.52911 5
e 179.12663 713.69758 4
e 343.18865 774.73217 12
e 359.66817 767.95820 12
e 246.65873 841.75603 15
e 203.17738 824.87364 13
e 192.72111 703.83321 11
e 103.51397 768.90768 9
e 312.32799 800.83251 7
e 263.25093 705.88492 10
e 190.18502 696.38847 9
e 298.70537 362.39299 9
e 337.44359 688.07879 10
e 533.94645 482.47656 10
e 187.17667 469.44653 10
e 185.34109 671.07895 9
e 254.73578 453.02772 7
e 355.80424 843.60733 8
e 159.61634 520.80694 5
e 322.35585 765.98352 8
e 244.52203 573.76849 12
e 202.72312 817.56735 10
e 345.69630 532.57395 11
e 238.21509 903.07149 6
e 384.69297 608.60022 6
e 392.70223 590.97178 6
e 248.25318 529.38095 5
e 350.39912 789.10698 6
e 333.67443 679.78638 12
e 297.96100 518.59734 9
e 289.50000 675.22305 12
e 238.71013 828.97287 13
e 188.07944 391.82011 10
e 345.47586 794.59763 9
e 291.76367 574.27747 8
e 196.04161 537.74018 7
e 321.84269 774.03058 11
e 272.02445 734.83834 5
e 178.42603 812.35350 8
e 144.67873 521.99916 9
e 339.26054 1056.46056 13
e 184.04254 672.86317 6
e 270.30870 704.76049 11
e 81.77581 576.63404 8
e 311.08909 703.67686 11
e 435.97096 595.34015 11
e 353.21021 228.59117 12
e 309.79873 665.25130 9
e 181.75781 737.51730 6
e 67.43023 710.56252 6
e 260.83275 774.52425 10
e 223.23482 607.71990 9
e 206.52113 720.90064 8
e 279.29117 865.51021 4
e 447.74307 702.09378 5
e 291.29138 915.13660 9
e 191.07267 594.05197 7
e 132.14517 630.37969 12
e 109.50768 413.41154 9
e 303.97382 763.31645 5
e 194.86286 860.20752 12
e 230.59606 645.75731 8
e 93.01767 814.72235 4
e 265.25855 565.48103 8
e 322.81438 565.93491 10
e 299.01210 729.70675 8
e 266.62642 857.10678 8
e 364.35745 847.14846 7
e 284.00912 669.88902 10
e 215.25898 624.30671 10
e 185.51267 760.61600 4
e 370.72791 728.84059 9
e 78.11070 610.14947 5
e 430.19060 803.72836 13
e 342.19085 657.77249 10
e 278.98136 913.99625 11
e 334.86308 595.66144 14
e 157.85160 420.20437 9
e 247.62951 708.20838 13
e 159.83818 922.72147 9
e 437.14234 462.33027 11
e 395.68213 630.25496 6
e 343.88726 783.71150 9
e 290.17879 777.78339 10
e 200.48690 563.22423 4
e 203.04541 569.86711 15
e 405.71439 762.10239 14
e 262.06846 710.82241 12
e 246.94686 739.99111 10
e 360.91433 536.31768 13
e 314.66685 706.90184 13
e 373.81639 735.47049 5
e 458.31648 396.93937 7
e 177.10401 555.43678 8
e 236.38029 1005.69754 6
e 381.53413 492.43145 7
e 202.84388 785.90735 13
e 300.61837 530.53821 8
e 254.88312 514.48037 7
e 229.31310 639.48663 10
e 184.04228 222.36705 13
e 270.41032 599.90655 12
e 165.18150 704.89642 13
e 396.63691 402.12749 5
e 386.95072 396.84339 8
e 306.53983 673.74398 9
e 230.89285 731.97191 6
e 178.05837 622.07783 10
e 337.10888 560.42571 7
e 300.85990 601.84127 9
e 191.85337 477.39062 9
e 184.83469 761.50584 9
e 318.61843 647.49504 10
e 161.80867 627.83754 10
e 364.69116 468.08902 12
e 199.44522 705.81907 13
e 276.02079 584.26501 6
e 324.10982 891.12438 9
e 245.81104 613.13658 11
e 227.52021 603.32865 4
e 420.94421 908.22170 8
e 306.26922 660.52578 8
e 217.45143 678.10482 11
e 251.78447 1052.96695 6
e 343.52402 554.74574 10
e 342.31743 726.40435 8
e 170.26219 644.09204 7
e 125.84240 891.33880 10
e 219.57216 734.10904 5
e 212.75400 909.54818 5
e 312.79459 792.18173 12
e 152.79601 907.77347 12
e 226.61905 878.74838 9
e 481.77829 915.23526 5
e 158.40323 751.08775 10
e 345.58054 816.03116 10
e 367.28508 568.92925 6
e 168.50290 749.31518 11
e 258.79580 504.65455 7
e 322.01761 582.60176 6
e 133.48031 504.02495 8
e 214.08547 716.10374 9
e 161.40419 448.75379 10
e 338.89550 654.76979 11
e 393.04149 557.55126 4
e 308.94847 928.15137 13
e 389.13653 577.71937 10
e 549.82398 766.78516 9
e 470.70901 431.41230 10
e 527.72055 330.34630 16
e 460.47969 275.32811 8
e 436.14534 626.70205 7
e 369.25296 632.07178 10
e 544.42140 623.06092 9
e 354.28166 604.66602 6
e 509.84673 496.76604 6
e 443.28542 607.23905 5
e 396.67163 813.98805 7
e 496.21457 749.54365 8
e 386.56169 730.71241 9
e 565.13056 835.70872 13
e 489.98786 490.26075 9
e 486.07382 586.17030 12
e 420.88376 368.59760 13
e 597.10515 673.29271 11
e 386.97259 607.37360 7
e 402.36977 629.26308 6
e 388.12527 817.18115 13
e 472.61739 912.94656 9
e 410.83352 509.90747 12
e 423.31107 542.98318 13
e 391.19560 467.46859 13
e 541.15337 677.81513 9
e 498.59097 725.58889 8
e 439.10131 634.48828 17
e 424.27907 370.32923 8
e 577.09110 630.88423 10
e 481.20264 596.89953 11
e 454.29143 366.98510 15
e 315.72260 478.94005 8
e 377.46341 671.21317 8
e 433.09371 484.66509 11
e 454.62155 549.94527 14
e 349.88372 886.56195 9
e 470.31773 728.05211 7
e 427.60955 202.30913 8
e 303.37809 671.09394 9
e 355.22978 388.97475 13
e 444.56421 756.44199 16
e 566.60743 613.69671 13
e 436.09339 525.63362 7
e 448.48459 552.70356 4
e 399.98444 446.43967 8
e 473.06543 747.59803 11
e 526.35081 650.57478 9
e 549.62062 937.51070 5
e 336.27746 409.34609 6
e 373.64728 715.51017 8
e 506.66969 440.46336 8
e 392.13024 502.51144 13
e 395.35242 652.42701 5
e 430.32099 612.55265 10
e 454.11481 518.44548 9
e 458.19347 751.95095 9
e 556.77689 594.51077 9
e 540.26575 500.39052 12
e 622.76648 939.20154 8
e 648.02773 557.37504 5
e 387.09073 628.17912 8
e 445.25023 557.20726 9
e 340.38816 663.18986 12
e 429.44851 213.25788 7
e 475.10694 790.43436 8
e 490.85071 570.57905 7
e 408.11509 382.11777 9
e 360.86831 679.81721 8
e 399.99565 673.24900 9
e 204.34193 617.60444 9
e 467.24633 765.81852 6
e 357.36551 490.24588 6
e 428.94890 447.15620 6
e 352.14512 377.98575 10
e 230.43073 583.87295 11
e 630.35172 649.93904 16
e 458.54000 516.46413 5
e 365.22928 609.26791 10
e 413.96553 601.15759 5
e 346.86608 719.35338 4
e 414.57182 777.30372 15
e 282.66078 872.30992 9
e 475.71581 502.01919 8
e 482.88998 693.03535 10
e 404.72103 698.84275 9
e 302.11581 400.70300 8
e 367.07355 505.99439 9
e 555.93230 396.79796 7
e 332.66854 309.61154 8
e 448.70216 655.45630 8
e 316.83870 654.23936 9
e 446.79226 398.47249 6
e 536.08429 387.70601 7
e 483.12841 407.68381 11
e 346.92717 598.83888 7
e 503.73087 458.47355 8
e 323.42713 377.90603 9
e 620.86974 853.26878 13
e 346.91145 532.05883 7
e 232.64731 512.57789 19
e 444.85979 490.89098 9
e 298.66344 526.32479 9
e 389.45092 641.40494 11
e 511.10171 755.42810 14
e 408.90876 435.75796 12
e 317.90019 459.13973 9
e 595.50184 779.46452 9
e 392.65749 866.29098 4
e 354.27498 597.41810 9
e 416.28684 381.57407 10
e 360.15991 484.76249 15
e 396.59886 815.58973 9
e 288.53685 768.46012 6
e 395.78474 499.34946 12
e 454.62482 648.04998 7
e 332.65920 725.49222 11
e 445.55178 544.69393 11
e 392.08082 440.96579 9
e 318.31346 578.21582 8
e 470.58619 514.69441 8
e 362.45419 937.46380 9
e 467.44213 762.48841 6
e 500.63975 329.60496 6
e 396.47352 561.74882 11
e 500.59860 716.30700 10
e 399.33974 708.87424 12
e 512.70989 687.70705 9
e 426.19311 589.80751 10
e 325.85900 824.00048 5
e 592.49513 496.10752 4
e 458.38188 698.29376 9
e 388.19749 689.34635 9
e 357.89408 723.35923 9
e 542.43212 910.77521 9
e 414.84821 783.78363 8
e 563.66435 661.65950 7
e 473.76112 597.45079 4
e 384.84604 875.94004 7
e 373.42153 416.81074 12
e 479.44334 713.50536 6
e 417.36152 499.69548 13
e 265.94532 587.34035 10
e 385.33913 594.74317 6
e 222.61795 729.27350 10
e 377.54567 511.78458 9
e 397.26913 607.44031 4
e 410.13792 727.96501 3
e 501.14188 785.96408 4
e 366.38700 510.95499 8
e 471.12154 605.35781 10
e 472.35477 585.57970 5
e 380.65841 531.76344 9
e 409.86180 758.92689 14
e 452.15609 401.65931 11
e 404.50234 796.34141 11
e 549.20076 621.31868 6
e 363.05313 617.51158 5
e 478.29917 509.22922 8
e 363.86914 748.33805 10
e 429.31604 611.21349 11
e 499.40175 492.56670 7
e 363.90055 610.77291 7
e 616.55879 383.85165 12
e 514.81446 931.39295 12
e 501.13606 801.04739 15
e 334.17867 861.46023 9
e 518.45004 574.01300 8
e 549.61429 558.02818 8
e 533.26682 575.32180 8
e 455.98841 738.65102 13
e 415.10778 714.49639 6
e 393.81589 836.88767 7
e 524.67505 805.15318 8
e 319.68205 633.96072 10
e 410.91101 729.63751 13
e 484.07392 677.98669 15
e 383.97147 493.15323 9
e 492.51650 758.44327 7
e 238.35968 698.16441 13
e 581.98977 588.44949 13
e 484.17630 479.54895 9
e 423.95978 550.44492 7
e 518.19982 819.17293 8
e 447.59889 610.31686 11
e 565.18388 776.47495 9
e 247.10870 457.17783 11
e 402.69397 418.55493 6
e 475.64150 679.66551 7
e 303.02341 372.54372 6
e 424.13210 757.94532 16
e 450.22524 827.86270 9
e 443.04979 519.79767 5
e 300.88196 503.00144 12
e 348.39785 838.44409 7
e 360.20634 723.92604 6
e 396.30736 670.76775 10
e 426.60000 934.47104 8
e 415.35597 487.11564 12
e 608.36753 361.01083 6
e 493.58977 617.33525 14
e 394.64373 660.61041 7
e 418.79813 649.31620 5
e 319.04273 570.43069 13
e 426.10974 525.21383 5
e 381.24633 722.56282 12
e 351.18245 483.11440 7
e 481.93602 709.90098 8
e 366.61639 578.15849 15
e 228.55810 219.38072 11
e 293.18664 728.34955 5
e 549.20961 685.13946 8
e 626.91833 602.62537 6
e 309.89414 639.31331 8
e 425.57392 576.05738 13
e 451.80346 677.94113 9
e 369.43588 381.70255 5
e 501.02247 432.30520 8
e 479.56666 769.98622 8
e 351.19399 862.11821 10
e 398.62886 375.72288 6
e 258.02093 652.87912 8
e 340.15329 661.06522 10
e 543.73503 879.23961 5
e 449.34265 805.41762 8
e 572.79434 703.82297 5
e 468.13398 697.16207 13
e 291.72567 653.20692 5
e 348.56027 711.32204 12
e 422.68468 445.53266 10
e 491.95230 591.12673 13
e 485.82854 677.99750 12
e 476.47930 788.81459 8
e 465.93030 587.33509 8
e 418.94576 582.33402 15
e 560.19255 803.79202 13
e 452.34919 469.84503 16
e 551.83286 684.06003 9
e 303.52345 682.61888 4
e 441.18973 659.33459 8
e 269.68543 473.44980 7
e 436.79703 794.43736 9
e 253.56863 557.47952 6
e 526.35056 407.47978 9
e 468.42599 237.78683 7
e 509.55529 925.45646 7
e 315.16816 955.99977 10
e 346.33834 564.11588 9
e 416.15765 635.59148 9
e 406.88421 459.56649 9
e 383.81328 496.50274 9
e 595.69026 597.31422 8
e 320.48884 686.21076 11
e 536.79342 430.85778 7
e 580.53951 204.18432 14
e 537.87014 649.01923 7
e 391.33417 587.46452 10
e 509.60028 670.13630 13
e 446.32634 395.42989 7
e 477.27898 638.57525 4
e 501.63187 739.76916 11
e 553.36490 644.44624 6
e 422.49807 310.43442 9
e 412.98402 856.12859 9
e 469.84948 657.26052 11
e 427.52858 404.88881 17
e 342.93422 694.11110 10
e 574.37922 585.26490 8
e 314.80153 758.45999 12
e 310.72237 816.31339 8
e 402.34483 572.98355 5
e 440.72998 165.11715 7
e 267.35160 421.02522 9
e 366.07237 619.43698 7
e 527.45601 833.44141 12
e 364.03292 632.01932 14
e 391.31938 601.28213 8
e 465.25756 606.98444 11
e 382.33458 753.38178 16
e 338.20448 533.97307 7
e 486.39843 712.86250 8
e 344.27383 455.28159 9
e 486.12712 591.30339 13
e 575.73780 638.71113 11
e 558.01467 495.41650 7
e 429.79248 654.04347 3
e 447.05504 596.22719 9
e 522.41057 526.62225 9
e 519.72836 791.77278 11
e 349.92518 381.09474 7
e 471.96954 557.11086 6
e 382.18759 627.41462 6
e 409.90825 611.27319 10
e 442.71281 796.56654 14
e 393.94834 630.99578 9
e 526.81978 769.65098 8
e 426.80177 748.08625 4
e 443.32535 456.09836 5
e 372.03611 579.22078 9
e 526.67200 779.34441 9
e 529.35476 372.70917 7
e 368.63010 481.49119 6
e 350.15179 495.93128 12
e 329.53787 453.38204 11
e 375.89383 645.85771 10
e 398.55794 567.44042 11
e 444.38837 528.04295 4
e 359.79760 799.86379 5
e 435.95240 938.31129 8
e 371.26531 567.40981 9
e 512.11146 474.05832 7
e 545.33238 798.57258 12
e 453.15512 765.85914 9
e 432.01321 414.03738 9
e 472.75188 564.76919 9
e 374.14698 480.74401 6
e 476.80700 643.24098 6
e 288.89472 529.66744 9
e 311.90604 473.78765 13
e 447.76598 644.10941 10
e 447.51112 479.15110 6
e 342.90224 653.76615 7
e 480.39415 511.96408 10
e 265.72395 647.85595 10
e 237.45655 669.93180 8
e 429.25927 311.46723 8
e 311.81586 893.72825 10
e 238.81480 842.67585 8
e 327.00473 681.32283 11
e 532.47850 365.39353 11
e 313.43893 465.87309 12
e 559.05453 350.59075 8
e 429.84717 752.47492 7
e 464.56577 534.74702 7
e 351.62711 661.24744 11
e 521.09790 457.22370 9
e 257.21256 599.37835 12
e 456.53538 549.84290 12
e 337.29808 831.70280 13
e 264.33354 853.92460 6
e 459.15695 501.83494 12
e 348.30960 513.78575 4
e 436.23342 775.43070 9
e 384.70818 741.76885 13
e 428.54341 433.11919 7
e 532.27746 401.63660 8
e 363.54234 826.85929 18
e 291.20757 930.40177 5
e 368.73613 909.03781 14
e 341.04266 608.36237 20
e 455.65721 906.44293 11
e 357.63446 664.85551 10
e 429.14604 538.37795 4
e 413.34880 421.48224 10
e 426.15379 715.51717 16
e 542.07353 420.23758 9
e 364.81384 868.66659 4
e 429.21206 802.18512 8
e 288.25609 641.54577 8
e 687.33988 406.35986 9
e 479.26508 894.61196 8
e 424.76688 703.31401 8
e 429.46065 933.49082 13
e 450.30247 273.61561 11
e 523.50703 429.08874 17
e 566.35562 356.00819 7
e 334.14925 882.86215 6
e 455.88451 720.43481 7
e 467.74575 842.76614 9
e 367.26641 888.98938 6
e 359.30980 734.07781 10
e 432.70045 695.70371 12
e 293.66287 832.49293 15
e 532.76187 529.09559 13
e 336.72056 487.43957 7
e 439.94704 855.75839 11
e 423.88771 568.80191 10
e 430.60130 526.40050 6
e 411.30625 857.58700 11
e 500.70669 523.58380 8
e 420.75889 565.61684 10
e 502.40221 546.20020 10
e 374.55226 721.96915 11
e 470.20974 831.95407 19
e 566.37875 642.67990 5
e 351.03303 818.59817 10
e 312.34459 686.62443 6
e 502.22814 476.73594 11
e 331.85371 607.43578 9
e 449.50374 885.92290 12
e 421.90391 354.63242 10
e 468.66233 499.43912 9
e 455.60496 853.39921 7
e 343.38760 691.16811 9
e 474.24308 868.83730 11
e 472.03435 689.51156 14
e 467.37126 551.53718 13
e 519.80901 621.44360 5
e 403.43424 410.37033 8
e 333.00842 366.17706 10
e 584.79572 455.67646 11
e 430.98456 728.35526 14
e 539.58495 313.80087 10
e 357.90860 616.92928 8
e 401.92701 463.30599 14
e 654.51797 451.14054 10
e 585.85115 549.17297 8
e 529.53408 525.14651 10
e 536.92203 639.33562 11
e 363.95182 348.38153 9
e 338.28561 447.78470 13
e 568.28416 742.54710 11
e 527.52364 507.43193 9
e 502.19603 840.22130 10
e 479.72264 433.18355 6
e 421.82127 398.68052 13
e 331.57265 516.13317 10
e 405.11970 596.02438 7
e 618.99288 872.70465 9
e 552.75048 840.10620 8
e 476.36723 658.62813 3
e 428.94944 359.32233 12
e 347.43451 388.91735 13
e 565.64877 503.80018 9
e 525.44013 655.13711 7
e 375.37719 474.13064 8
e 471.11229 713.15242 8
e 525.58330 551.17683 9
e 570.97865 517.75808 7
e 391.63078 467.28543 11
e 469.06609 315.42020 6
e 558.11557 257.82241 8
e 431.22935 665.28867 8
e 648.81042 411.92442 6
e 593.12807 427.26194 11
e 454.11941 421.48715 14
e 368.52043 533.25608 4
e 312.31977 315.97001 5
e 477.61725 510.79099 9
e 475.85103 290.74939 13
e 304.37996 482.90131 11
e 486.91546 184.79080 12
e 354.02470 516.24264 5
e 610.11466 538.53566 9
e 355.64218 629.68056 8
e 427.17319 452.65236 7
e 566.59250 858.72173 8
e 505.30241 814.01300 8
e 341.89149 660.63086 9
e 375.49226 828.29340 6
e 316.96005 622.17090 9
e 534.31635 713.31904 9
e 666.17254 716.46298 12
e 353.94021 762.95761 5
e 546.06989 579.69082 7
e 417.49774 199.24798 8
e 361.71317 226.84453 4
e 608.73452 559.95652 8
e 474.17654 583.16120 7
e 543.73053 476.17442 8
e 383.70831 464.21338 10
e 435.40771 667.53304 13
e 507.05792 697.42775 6
e 568.15234 668.82412 13
e 279.58428 622.49816 7
e 519.35676 627.69350 4
e 316.61431 535.80070 5
e 584.20052 724.05136 10
e 475.52819 597.93924 12
e 441.00600 301.07788 8
e 376.62038 545.64119 14
e 486.96216 612.12676 4
e 571.01762 654.15356 8
e 390.91998 723.97434 9
e 668.55206 483.74266 11
e 387.73825 667.39900 5
e 558.24493 452.22224 8
e 215.58682 571.74983 9
e 530.21800 735.71088 9
e 425.63578 547.04269 17
e 564.08223 399.39066 9
e 437.47577 349.00802 10
e 609.98814 691.35631 15
e 553.92869 487.32808 6
e 532.17058 263.30769 8
e 329.55594 449.15312 8
e 503.81608 671.87464 13
e 480.97917 582.96360 11
e 489.96807 338.09836 7
e 532.47243 825.28909 10
e 690.71676 359.73851 10
e 473.89581 329.99907 14
e 471.44251 590.47413 8
e 482.70859 591.73741 8
e 333.54115 821.30724 8
e 538.42927 266.90709 4
e 452.19637 776.67979 8
e 490.62944 726.72295 9
e 326.38899 313.67311 9
e 554.31170 653.56296 14
e 388.27225 504.00549 12
e 380.23196 649.45241 15
e 462.89340 615.29793 7
e 468.07953 345.44246 12
e 577.06536 704.40033 8
e 485.21218 529.35645 5
e 461.29951 653.61926 7
e 569.92257 576.98224 5
e 413.74778 600.31919 13
e 488.36373 450.43794 15
e 508.39781 772.30232 8
e 427.02246 517.45201 13
e 493.51024 244.63300 10
e 398.45853 557.48222 4
e 542.52118 661.64940 13
e 411.36853 608.26962 9
e 422.30955 534.04420 8
e 587.13459 635.73657 13
e 411.11918 738.36730 12
e 485.53483 309.40788 7
e 349.34064 665.71680 8
e 382.60817 764.32786 10
e 565.83266 506.27611 7
e 441.51602 619.32897 17
e 386.66386 937.30520 14
e 571.67207 668.53488 10
e 327.74758 594.16987 9
e 207.56917 619.62410 6
e 432.29778 322.86750 7
e 467.88404 768.85636 8
e 445.65705 406.12189 5
e 491.96123 674.35560 11
e 310.66590 636.07850 10
e 498.26340 701.48872 7
e 434.33247 668.18294 12
e 550.14226 702.15504 8
e 263.27215 582.31798 12
e 492.30363 972.64110 7
e 446.89466 304.77035 12
e 537.90213 914.15842 14
e 209.29603 509.05575 11
e 235.11136 577.75824 10
e 455.42158 582.97285 10
e 448.62884 829.42154 9
e 414.24816 451.80084 9
e 294.46605 527.17036 8
e 402.81884 922.23595 8
e 339.98628 437.42757 8
e 496.41403 548.07875 10
e 596.44238 609.74865 8
e 358.37465 476.14486 7
e 483.54376 632.14966 6
e 286.68350 627.06029 16
e 385.37540 693.74978 21
e 383.31447 823.73562 11
e 389.70825 465.98977 15
e 461.70668 620.56945 8
e 458.90008 357.76327 8
e 341.74028 498.82686 14
e 266.81626 708.25460 12
e 349.44473 587.33522 13
e 561.88319 613.47111 7
e 513.04874 538.97337 11
e 453.08070 362.37622 10
e 340.73420 389.95013 12
e 539.61416 574.76864 3
e 600.51907 607.46872 9
e 546.00534 247.21868 15
e 625.36928 701.05117 16
e 451.18818 553.12993 11
e 471.79156 637.62386 13
e 406.51827 598.50603 10
e 491.37111 380.64058 8
e 396.67339 722.43542 10
e 606.81633 872.95699 7
e 534.56754 503.29074 4
e 471.78642 482.52769 15
e 413.86386 869.63853 8
e 439.25311 681.54052 5
e 438.97530 426.90426 4
e 445.10470 569.75827 11
e 414.75593 555.22748 12
e 494.48657 809.43496 13
e 619.96863 255.75598 7
e 475.34324 412.39679 7
e 603.68654 525.97157 10
e 437.67361 369.23437 11
e 537.31886 475.68616 12
e 457.80943 408.35991 11
e 455.37622 684.72307 10
e 484.71059 692.24720 15
e 438.09568 632.50675 12
e 513.09949 588.02002 4
e 604.19480 424.64466 10
e 509.07582 566.75647 7
e 679.11928 672.79535 6
e 514.19354 643.87728 9
e 472.38932 331.64193 8
e 411.60077 777.73038 5
e 343.69288 627.75156 8
