c ./output/rectangle/gaussian/gaussian-rectangle-8-1000
p rectangle 1000 720.00000 1080.00000
e 50.52788 537.79529 8
e 199.54087 546.93748 11
e 53.27809 539.44661 9
e 190.11498 735.81299 11
e 148.64235 287.56034 5
e 164.19612 529.33394 13
e 53.91457 389.98610 11
e 132.71303 644.62873 6
e 230.26996 411.05159 8
e 142.52581 779.22047 8
e 152.99116 531.37655 9
e 27.81367 440.13083 3
e 223.45216 559.56731 12
e 253.19068 583.19931 11
e 134.77679 385.35083 13
e 247.38307 617.04792 7
e 228.59548 441.47216 10
e 357.98935 432.85141 8
e 166.76940 687.96000 13
e 147.78580 493.88279 10
e 116.80775 458.34507 10
e 141.77589 358.11729 8
e 81.91389 581.89796 8
e 93.47404 486.06366 8
e 29.60436 195.95365 6
e 153.89551 568.75600 9
e 51.11900 626.86916 7
e 107.85866 762.93147 14
e 217.58351 473.67109 10
e 83.46403 619.49212 9
e 185.44893 606.11018 9
e 175.99184 607.54747 16
e 179.98010 749.79651 9
e 46.14059 356.01657 14
e 98.67055 480.43339 11
e 132.16250 519.67701 11
e 122.66971 882.58003 12
e 296.29304 516.45195 12
e 313.39407 458.23321 6
e 50.35723 400.47367 8
e 177.91779 698.53419 10
e 186.35994 677.85824 11
e 109.29357 598.27719 5
e 34.15663 767.18253 10
e 114.87647 801.86314 10
e 188.48400 512.75572 10
e 280.72531 790.55241 8
e 142.63820 700.53991 8
e 73.95007 280.45791 10
e 38.15374 516.99460 6
e 216.68880 582.39639 4
e 218.03825 637.86119 8
e 131.74055 337.82905 7
e 180.17985 419.18741 9
e 269.05153 599.51216 11
e 237.12457 650.38009 9
e 136.14223 516.06136 9
e 169.57457 429.27208 16
e 87.47638 131.30435 10
e 172.04822 532.08100 6
e 199.77178 716.47889 9
e 123.91975 663.30856 6
e 179.30908 672.45653 15
e 279.62603 420.75481 4
e 230.10581 505.14302 7
e 181.19718 526.31066 7
e 260.19042 302.96579 6
e 109.75614 549.93716 7
e 212.75649 648.95334 7
e 209.03253 339.42246 10
e 136.40307 555.40974 8
e 223.75743 443.11802 5
e 282.75800 477.06925 10
e 105.11664 543.47071 11
e 36.52534 743.25559 7
e 120.29805 710.56373 8
e 157.29664 383.63339 9
e 267.54092 418.73951 9
e 356.48118 434.58994 10
e 227.33769 535.55484 9
e 438.33329 779.98776 9
e 52.88200 508.31807 8
e 250.12825 342.13379 11
e 139.42650 481.12233 11
e 46.48618 606.94179 9
e 130.25928 375.37704 12
e 140.81122 417.66146 6
e 150.37556 503.28628 12
e 300.12907 494.21923 15
e 243.17718 590.53991 8
e 115.33722 643.28838 13
e 142.58576 653.09503 6
e 121.51103 403.25990 9
e 122.01080 614.71136 5
e 110.10667 596.95523 11
e 274.02238 461.45305 7
e 188.05809 779.78008 5
e 183.55318 678.13258 8
e 201.23361 602.01948 10
e 23.66567 591.10352 13
e 120.30002 466.53700 9
e 189.70502 582.41042 9
e 159.81274 287.47421 11
e 12.55099 485.64129 7
e 211.82639 737.68919 11
e 189.93194 656.81396 12
e 265.17693 650.82471 9
e 169.89638 473.08442 5
e 184.59335 702.92428 7
e 313.86131 509.08742 9
e 243.90662 519.13831 7
e 110.20664 540.95681 7
e 187.41821 513.53699 8
e 188.47551 603.51282 11
e 155.57437 443.19634 9
e 87.54798 447.69006 11
e 6.07930 425.51446 5
e 138.37257 717.12654 8
e 179.49863 782.83461 7
e 91.97880 450.38700 12
e 289.18083 351.11904 5
e 143.58649 545.91070 9
e 215.38459 437.56126 9
e 68.66065 616.33131 8
e 71.75426 775.21187 8
e 205.53043 388.00761 8
e 129.32762 555.62835 8
e 63.78613 787.41983 5
e 154.28804 397.63217 7
e 23.54730 515.48798 6
e 317.40952 628.73721 13
e 118.30239 809.97898 10
e 181.65772 245.57641 6
e 91.15469 850.72051 8
e 166.54818 491.97407 10
e 261.64878 416.13478 9
e 160.91606 156.87054 8
e 217.19519 684.78561 8
e 53.07018 602.23294 8
e 143.14233 720.70329 7
e 147.22174 619.41578 8
e 197.62022 516.84686 8
e 307.63786 732.42810 9
e 74.55382 342.08750 13
e 76.40753 433.99895 9
e 273.69710 563.94211 12
e 231.69885 112.89211 9
e 93.66963 754.18069 6
e 112.57721 688.86673 11
e 164.75736 723.87156 8
e 121.71157 377.52804 9
e 28.79613 616.85793 9
e 157.07484 474.48825 9
e 241.42872 594.63872 5
e 34.26368 633.32183 12
e 139.49670 599.17391 9
e 189.79483 503.51306 13
e 231.51907 652.49478 10
e 233.19824 297.40467 7
e 127.24551 723.45751 6
e 176.44675 551.86480 12
e 127.98593 579.66518 5
e 57.22366 792.89980 8
e 25.77941 462.15955 7
e 129.34707 410.83726 11
e 197.44548 630.26273 11
e 123.96148 567.58374 13
e 231.76817 571.11632 10
e 90.69987 449.68592 5
e 239.39773 527.20710 9
e 160.98855 654.34691 10
e 44.66370 583.89008 11
e 142.91898 332.85262 7
e 159.02858 340.30819 8
e 148.13827 720.41157 7
e 224.13798 469.02294 7
e 179.01509 595.68115 11
e 190.78313 508.65385 11
e 125.48853 433.07592 7
e 229.75261 461.28254 7
e 254.64091 587.52373 8
e 33.88859 749.59579 10
e 310.79718 512.55980 10
e 92.14830 664.50032 10
e 198.83410 677.41591 8
e 126.90682 351.70335 7
e 124.24825 509.43579 8
e 129.12089 379.01917 12
e 58.57292 656.93543 8
e 193.05875 716.00458 16
e 141.81553 597.37889 9
e 56.28217 377.09603 9
e 227.46333 350.39536 7
e 268.65908 735.26429 5
e 164.21823 416.02468 9
e 165.91921 661.20056 10
e 76.09849 399.61416 8
e 289.25101 584.67394 6
e 179.07386 662.11273 7
e 164.43899 616.91219 10
e 136.60707 349.05291 6
e 23.28587 531.81685 13
e 32.75318 650.44436 12
e 52.05717 680.17749 7
e 122.34977 642.56275 9
e 80.16527 434.34659 13
e 86.55603 501.63956 7
e 155.38506 9.22280 10
e 77.71577 685.11012 15
e 154.73785 695.94422 11
e 192.74104 360.52662 9
e 96.28824 289.04828 11
e 213.05622 617.87577 10
e 98.08864 587.98290 12
e 198.28404 654.54620 5
e 93.84898 621.05315 9
e 211.11259 590.27705 7
e 188.82421 576.67672 7
e 72.78818 334.22001 11
e 226.52309 744.00638 11
e 141.82108 588.77254 4
e 143.63112 183.20650 11
e 96.05277 692.26940 10
e 116.80628 483.77143 12
e 215.27500 577.79320 11
e 19.37024 646.46631 8
e 165.17946 422.16038 10
e 138.77297 805.16749 11
e 114.46518 381.46264 12
e 219.74384 476.06825 7
e 122.71695 606.08133 9
e 98.94440 178.80892 6
e 170.81124 547.43408 10
e 82.03510 596.63180 7
e 281.36508 588.07813 10
e 219.01637 466.24070 11
e 282.54700 581.10026 8
e 214.10097 587.43129 7
e 6.04142 290.44916 10
e 106.38380 584.10695 16
e 139.52394 800.62518 9
e 254.63028 1008.62841 8
e 346.18441 513.41248 12
e 66.92705 377.74349 6
e 57.72710 588.01376 5
e 10.62793 590.41997 7
e 261.40849 333.12022 8
e 210.45900 462.80928 11
e 173.54977 729.20753 12
e 150.25518 665.72128 8
e 70.81642 417.67374 13
e 236.54707 442.71979 9
e 286.02961 378.76622 14
e 109.74928 454.33564 14
e 199.36076 587.77824 7
e 153.16023 339.27250 9
e 129.54485 351.49525 10
e 127.07766 506.76863 13
e 92.17505 545.52335 5
e 91.69029 357.43505 16
e 29.45945 329.60414 7
e 112.62939 313.93549 7
e 267.49649 357.78232 4
e 202.07918 741.89626 18
e 109.75213 604.65765 5
e 210.33135 485.73563 8
e 242.45134 546.65258 11
e 365.91064 356.95036 8
e 39.90873 390.18501 8
e 196.77351 555.28959 9
e 93.55802 801.55357 10
e 222.45011 361.10617 9
e 162.03272 388.96186 9
e 106.53391 642.81796 6
e 184.24580 497.46655 8
e 289.07230 712.08927 11
e 143.94794 602.02436 8
e 182.55282 343.45461 8
e 249.10016 467.61580 9
e 48.02913 561.44012 7
e 100.11843 777.14007 9
e 71.48817 254.83609 9
e 114.25804 551.49506 13
e 310.59507 594.04802 11
e 147.12047 667.68227 4
e 86.37878 438.29952 12
e 115.39615 333.39807 11
e 67.98438 294.08823 7
e 143.45351 630.13304 16
e 73.07296 538.83840 10
e 87.08195 748.90136 10
e 59.08026 405.45806 7
e 116.88194 693.66323 7
e 95.47203 477.97939 4
e 9.86066 703.77074 12
e 186.11040 444.54739 10
e 209.41774 646.95713 8
e 320.14314 833.19249 15
e 147.96159 503.00196 10
e 79.73747 811.65823 8
e 51.40955 854.59810 7
e 178.90333 395.19792 5
e 286.17265 447.14286 5
e 211.79719 759.11422 6
e 13.35163 476.89905 10
e 243.77623 587.95194 11
e 121.98167 730.30359 8
e 288.54377 575.88871 11
e 94.07185 396.09380 10
e 117.93267 521.73544 7
e 173.31350 794.72772 6
e 227.57326 621.21778 5
e 105.87417 606.72097 8
e 144.68299 476.13329 11
e 49.34245 627.34719 8
e 144.50336 713.81318 7
e 237.43347 833.54136 12
e 268.89755 279.27525 8
e 182.50442 615.75274 11
e 195.81690 367.73167 5
e 251.68778 418.63028 10
e 334.56048 579.10827 7
e 137.09384 530.75101 6
e 247.12557 450.27005 11
e 231.75589 578.56382 7
e 203.74333 590.48558 12
e 151.10401 363.37984 8
e 247.73247 590.70585 6
e 243.18971 493.67592 14
e 171.57322 522.28343 14
e 82.57156 576.67946 8
e 128.05192 787.88631 10
e 87.75481 508.52128 7
e 179.33330 215.24167 6
e 71.85758 451.70803 12
e 96.62556 395.61199 4
e 225.63608 779.43645 9
e 239.66473 661.39365 9
e 83.96292 514.35480 8
e 12.56036 1059.26912 10
e 226.72921 623.27713 4
e 79.81736 551.58371 11
e 82.59575 621.50751 14
e 107.28912 351.06651 5
e 123.55522 403.68633 13
e 141.08958 466.23349 9
e 94.25623 216.77688 9
e 107.72863 760.67359 8
e 226.21052 518.14287 8
e 65.56008 448.13251 14
e 70.64596 301.60719 10
e 276.98813 539.80260 4
e 65.34220 249.70281 15
e 65.56321 477.76746 13
e 148.23556 378.01215 7
e 139.31647 330.87113 7
e 206.26733 649.63918 7
e 173.75417 711.85636 8
e 108.49173 610.41209 9
e 21.99412 501.77713 8
e 297.75025 655.78387 9
e 98.71840 451.61452 10
e 79.37257 553.33100 4
e 143.10455 505.94830 10
e 152.37637 399.53017 13
e 223.56643 586.46841 8
e 206.54605 507.78055 6
e 220.20819 747.33277 8
e 197.53899 483.65269 13
e 200.22484 741.27482 12
e 53.22727 856.50053 9
e 280.81874 645.80843 7
e 240.66980 441.69780 8
e 110.87272 816.24794 11
e 271.21517 349.81506 10
e 100.67389 353.87542 11
e 126.26319 782.77113 11
e 155.30271 779.15729 12
e 76.43791 543.36050 8
e 259.84346 655.66039 9
e 83.58459 316.97829 6
e 196.82172 694.16827 8
e 173.97891 656.78961 14
e 149.03145 523.81051 10
e 106.64460 473.12106 11
e 173.96093 528.87798 10
e 121.00297 610.51376 6
e 88.25712 586.03244 5
e 226.32155 637.76893 9
e 108.05315 358.83823 7
e 208.52357 601.58153 6
e 43.40574 580.86301 9
e 26.69614 702.30797 9
e 175.82742 671.69997 9
e 251.01146 546.78828 17
e 59.13119 534.25900 13
e 165.40193 597.68289 4
e 187.54141 596.26543 10
e 164.08345 648.89000 9
e 261.27726 784.85186 8
e 109.59678 478.56426 9
e 30.70551 616.01071 12
e 118.75144 743.29821 14
e 210.79599 550.37345 9
e 201.83970 576.91152 11
e 51.75564 433.40676 14
e 145.26847 277.49801 16
e 159.82734 590.31825 17
e 215.23245 705.57532 7
e 134.63206 653.86737 6
e 248.50241 928.16242 6
e 52.95086 846.98849 6
e 166.89026 358.77081 6
e 93.06979 829.05616 9
e 159.32337 304.03008 4
e 143.51279 529.95865 8
e 320.15898 706.95968 9
e 181.71914 494.89622 9
e 36.08621 676.02307 7
e 142.77142 763.97614 16
e 331.52987 402.87879 12
e 100.18702 724.13405 13
e 131.48515 623.95010 8
e 226.65578 588.97349 6
e 167.20578 551.13753 12
e 11.01914 291.21103 13
e 151.63842 775.90861 5
e 58.56597 407.95995 11
e 238.75186 632.71913 8
e 248.24132 668.33805 10
e 109.13088 639.04586 6
e 318.73463 329.52092 7
e 142.12844 369.66570 8
e 152.06251 705.93954 8
e 66.24736 402.14333 14
e 178.48831 685.43917 11
e 31.74519 354.69736 10
e 70.44855 750.93676 9
e 181.11661 639.22315 9
e 189.86205 280.23387 7
e 205.52653 559.03343 10
e 202.57667 680.87518 10
e 132.30176 545.48525 3
e 131.11389 608.47855 8
e 178.80258 655.70399 6
e 302.46285 623.29735 7
e 248.45567 417.56653 8
e 345.44383 351.70841 6
e 129.27057 525.52968 5
e 224.44617 711.87025 8
e 139.66792 637.17319 11
e 218.13834 435.97347 13
e 241.80865 545.24605 7
e 39.79591 1009.88688 5
e 99.24475 498.91262 10
e 38.02843 342.42223 12
e 24.81919 576.19296 9
e 109.84225 822.18679 5
e 27.76657 556.10190 13
e 70.13270 848.10059 9
e 77.48062 641.05176 4
e 85.14005 490.16316 4
e 164.57217 875.18050 4
e 337.82623 735.45431 12
e 311.51397 484.52154 8
e 244.89441 492.32706 7
e 134.32857 639.13825 8
e 49.63674 405.95333 11
e 51.66434 759.56393 7
e 146.63048 589.20185 14
e 131.23494 631.06377 12
e 304.47447 183.52652 7
e 27.07835 488.85656 7
e 196.95982 779.98993 13
e 102.62413 659.30489 7
e 254.61820 479.06067 21
e 266.46573 719.61929 10
e 198.58535 349.79205 13
e 73.76177 471.94712 9
e 221.59170 606.37982 12
e 44.16506 413.42850 10
e 22.16903 470.33250 5
e 235.41160 610.97559 10
e 165.82419 376.85182 12
e 33.67265 385.13809 10
e 142.26009 797.38101 9
e 164.85200 271.03114 16
e 329.72364 543.89248 9
e 267.90267 503.85456 12
e 74.37833 593.25236 13
e 128.46717 446.61282 6
e 229.39312 537.29907 10
e 158.91118 588.94318 6
e 251.69786 565.70196 15
e 83.70536 627.78715 5
e 243.28487 576.08850 5
e 215.19404 858.15327 9
e 345.91197 551.36106 12
e 134.89565 417.34896 12
e 217.81452 374.41327 8
e 62.20373 485.64828 10
e 32.71023 484.31431 7
e 112.41224 735.36475 12
e 91.16615 728.74265 8
e 203.21869 688.57755 9
e 148.20706 434.77632 11
e 118.80144 786.29362 10
e 191.94451 733.71294 6
e 18.70413 609.00211 7
e 149.06173 667.31938 7
e 129.72110 115.26171 13
e 161.24459 480.79152 12
e 208.54444 338.66448 7
e 56.10837 674.09091 6
e 219.50350 316.84200 10
e 67.77761 457.81614 10
e 70.12940 686.96960 5
e 264.52482 431.71395 11
e 221.02893 490.85491 10
e 184.43303 719.82590 8
e 220.66344 429.04391 11
e 215.68549 794.65176 6
e 247.80546 946.91172 6
e 278.55211 733.22393 10
e 175.75277 776.65770 5
e 76.57000 637.52784 9
e 204.70348 613.03631 10
e 24.76253 600.68463 6
e 95.77175 572.75080 8
e 179.14180 548.08249 6
e 188.39936 663.37946 8
e 119.80169 490.99525 8
e 358.10178 700.33527 5
e 189.68013 588.58835 10
e 196.89389 607.71543 7
e 73.42261 556.87318 8
e 87.71700 332.86275 7
e 9.30236 716.59798 9
e 82.85537 649.02442 15
e 142.42717 825.26494 9
e 172.40841 442.77937 9
e 74.26245 954.51788 7
e 281.90381 489.16270 12
e 37.30220 500.76658 21
e 37.84902 747.50561 9
e 231.66707 474.43333 8
e 232.25184 692.41566 7
e 223.61122 646.05432 8
e 194.54431 528.17693 9
e 102.99024 696.11531 12
e 150.68229 280.95275 11
e 40.31550 696.28858 9
e 239.96166 525.14003 8
e 119.06197 894.36472 14
e 272.95885 646.13769 8
e 80.68835 164.42025 10
e 64.43517 609.79891 5
e 118.07995 544.53426 8
e 117.88701 419.53141 6
e 182.99668 649.61064 8
e 174.83213 864.79786 6
e 109.18910 590.66257 14
e 159.74133 465.16188 11
e 209.16351 489.53923 5
e 178.70955 504.25176 7
e 168.69978 623.08756 13
e 234.30894 959.04274 6
e 51.68668 391.50215 9
e 318.64200 760.79131 7
e 191.08362 132.37815 8
e 20.14335 546.79110 6
e 39.87302 617.21335 8
e 195.28087 550.69921 15
e 245.23284 433.97531 10
e 205.45322 584.24265 6
e 116.13438 478.43204 6
e 59.08569 565.31370 15
e 239.32510 619.59683 10
e 129.12938 447.95153 4
e 185.44040 621.33269 16
e 151.13926 369.34278 6
e 132.04723 631.67551 9
e 62.66845 613.61430 11
e 170.93071 748.90185 7
e 229.52700 241.83330 5
e 174.02736 482.94021 8
e 132.69959 310.72411 8
e 65.96125 161.95519 7
e 181.72265 664.49327 7
e 74.47185 656.82914 6
e 29.56208 414.77353 8
e 108.25876 970.63671 7
e 100.53634 767.49095 10
e 106.27415 517.86561 5
e 65.45294 511.76504 8
e 126.68657 438.97484 17
e 114.14324 359.82500 12
e 138.96230 461.24017 11
e 96.58005 640.14153 5
e 96.95888 500.94769 7
e 88.14915 771.59047 5
e 170.88065 556.78201 11
e 72.67440 496.83541 10
e 47.09724 540.75118 9
e 180.52918 406.65900 8
e 184.35784 863.16793 12
e 99.25508 455.28543 7
e 44.73914 607.25935 6
e 151.16238 491.67377 6
e 70.27616 551.74134 7
e 125.65909 443.87149 9
e 199.97066 804.52030 10
e 133.87795 722.64030 11
e 173.79178 586.38266 8
e 135.56282 423.68703 12
e 115.83551 267.56877 7
e 214.63266 228.12447 11
e 46.42554 687.85636 7
e 63.93506 337.61947 7
e 172.78961 664.65580 6
e 242.42418 782.84076 13
e 329.60574 657.03707 14
e 61.66902 480.40541 9
e 43.43211 546.96455 7
e 71.46156 471.71591 15
e 198.97908 394.52357 7
e 330.97613 571.48547 16
e 353.35765 565.54030 9
e 118.54537 557.89985 7
e 203.99503 480.26718 7
e 263.58573 513.09351 18
e 287.76726 461.68867 7
e 148.68786 503.25369 10
e 194.40423 346.13026 7
e 160.28833 482.80445 11
e 117.88508 421.12929 9
e 139.04422 269.42137 13
e 88.61493 509.17833 21
e 255.18190 564.07531 13
e 309.07812 798.89894 6
e 93.23943 719.39863 8
e 282.50469 499.35484 8
e 171.44306 832.55912 5
e 238.68816 363.11183 13
e 172.94642 497.00411 5
e 101.51562 799.11444 10
e 170.19845 639.51743 11
e 241.66546 514.63511 8
e 247.73537 667.57886 12
e 168.52726 594.80775 9
e 120.80699 668.42476 10
e 236.73401 629.46741 9
e 111.75262 546.41365 5
e 8.63462 548.40728 9
e 81.88437 522.49192 12
e 149.71376 754.47136 7
e 208.75818 419.82157 17
e 128.75957 476.25133 10
e 217.66792 515.69021 5
e 274.09952 398.23344 9
e 91.19943 304.23587 13
e 70.70120 577.74410 10
e 147.98420 460.22150 11
e 144.17643 606.38290 6
e 171.84555 608.08479 5
e 285.74157 437.60552 9
e 105.68973 378.04377 10
e 232.53860 736.35625 10
e 109.45820 538.70766 7
e 266.24595 651.38411 13
e 286.01567 605.12300 9
e 84.39097 432.57450 13
e 128.44917 253.90758 11
e 143.62225 583.30746 7
e 88.34725 466.25655 7
e 286.52925 422.59676 6
e 189.12679 509.13234 15
e 142.55574 599.54319 4
e 27.86006 585.14885 17
e 129.48272 872.62234 9
e 174.03186 362.50048 9
e 83.68343 624.06112 7
e 141.16551 697.10374 6
e 87.79174 397.32145 8
e 160.43647 563.88121 8
e 138.44334 706.74842 15
e 82.10555 665.68851 8
e 129.78048 332.96714 6
e 173.76120 668.19334 8
e 87.29223 627.76120 9
e 59.68513 563.13271 6
e 63.28663 723.20894 7
e 180.96275 347.14277 6
e 209.27684 498.66363 10
e 89.69829 339.32753 15
e 35.92100 574.25159 8
e 20.83611 655.21566 11
e 20.26106 496.76845 7
e 74.50500 811.06182 7
e 219.24125 960.13171 10
e 253.37215 767.35927 21
e 315.37474 881.75879 9
e 341.80795 981.30262 13
e 307.68650 587.89238 10
e 323.12233 839.79550 8
e 204.59244 827.41865 8
e 216.93763 686.96722 7
e 170.56121 685.71914 7
e 265.60658 745.85049 6
e 375.83897 968.73008 9
e 84.07557 646.02592 9
e 161.79958 802.36738 12
e 247.42214 628.94224 7
e 191.85076 900.58282 11
e 179.44325 686.13491 14
e 205.40514 897.44690 9
e 268.25064 767.06642 17
e 137.80769 389.32709 10
e 276.02951 838.07733 8
e 255.18595 1023.00305 12
e 283.46939 762.31529 13
e 420.19139 874.72106 8
e 329.67874 811.55441 7
e 385.62692 592.61251 11
e 267.25796 462.48754 5
e 303.58606 927.57437 10
e 356.80305 513.19735 9
e 126.66064 811.27189 7
e 231.70080 681.79105 6
e 200.79389 882.93375 7
e 155.88428 948.76605 9
e 152.56433 871.26638 9
e 273.44283 948.06842 13
e 170.74384 695.81378 12
e 275.94743 711.75356 11
e 280.89903 786.71194 5
e 245.64000 901.82651 9
e 128.74510 873.90743 10
e 241.80744 970.23609 13
e 315.47151 542.07719 7
e 138.49547 856.44847 4
e 270.32964 790.47363 21
e 353.00485 629.90112 9
e 159.06572 788.65182 9
e 264.77893 547.48280 16
e 321.47042 619.38911 6
e 274.41875 550.44328 5
e 125.21096 915.57864 8
e 393.39732 663.95588 8
e 109.74730 813.15267 12
e 286.42937 910.81178 7
e 221.44861 943.13558 7
e 311.75780 879.97260 6
e 219.00771 633.33255 7
e 297.40898 602.47928 8
e 246.15492 623.43691 8
e 402.72685 927.09516 8
e 167.67990 883.91600 15
e 405.42270 735.34441 6
e 226.88970 791.48492 7
e 473.85886 717.28882 9
e 232.53989 767.70557 9
e 342.58989 787.82933 12
e 272.60137 718.76450 14
e 322.95062 468.60513 7
e 330.76087 842.88555 11
e 162.08109 662.47180 13
e 289.58671 634.22926 6
e 251.58921 1046.99621 9
e 345.38120 640.39153 12
e 123.62423 946.34217 6
e 169.17989 807.30672 8
e 256.23540 998.77721 9
e 282.67254 890.47124 9
e 226.37044 919.58393 9
e 164.74609 552.36593 9
e 489.77488 696.58522 14
e 230.10026 1071.83707 10
e 196.53260 697.46575 9
e 288.28504 776.50373 10
e 160.51853 739.40017 6
e 320.76485 1044.73031 8
e 312.63755 737.61145 3
e 133.92128 808.41611 14
e 282.92227 867.69094 9
e 268.39881 963.61310 7
e 246.02777 933.03973 8
e 280.47982 990.15789 10
e 266.40982 823.22221 17
e 310.19151 968.55709 9
e 176.69234 827.27122 6
e 25.12546 703.18950 10
e 306.82479 560.98736 6
e 192.68583 794.29887 5
e 347.75383 454.04080 9
e 340.41553 738.87027 9
e 211.81489 624.23599 13
e 281.31238 610.29777 6
e 400.91188 761.63772 6
e 99.38521 850.58824 9
e 157.94205 661.23837 5
e 275.59337 696.42118 7
e 171.29105 656.28884 7
e 201.52607 824.65535 7
e 166.05646 797.84084 10
e 337.76581 536.44218 10
e 304.27775 777.16904 8
e 303.32275 901.85904 10
e 82.20601 796.94522 9
e 126.71361 847.56786 9
e 402.06578 556.16374 11
e 444.39203 856.32710 9
e 245.43306 806.98831 9
e 257.44665 604.08167 9
e 239.94957 673.61233 7
e 214.49580 865.97328 7
e 250.69769 888.76366 7
e 309.78067 785.66742 9
e 185.75390 685.33460 6
e 192.83279 878.04907 7
e 317.63513 705.70412 10
e 309.99435 1044.36881 8
e 223.08009 803.65861 14
e 298.72139 522.03923 4
e 242.22515 726.48012 6
e 300.70235 1048.35834 13
e 198.41447 926.66028 3
e 315.12867 879.87953 8
e 232.95020 828.66405 11
e 99.35706 681.35387 11
e 341.49491 877.97408 10
e 135.62932 539.45168 8
e 306.68432 781.72776 16
e 247.52686 960.39186 9
e 275.11421 785.83296 9
e 74.11449 868.49539 10
e 271.86051 881.28660 8
e 330.95352 717.10821 9
e 346.50372 743.98463 9
e 246.23486 936.70875 14
e 226.84484 882.42458 9
e 297.68910 872.86135 7
e 356.04661 483.86411 8
e 125.16166 446.71924 6
e 279.85390 1039.11305 9
e 88.75642 660.85766 7
e 63.45589 988.97549 3
e 268.91681 802.83283 16
e 79.11330 560.43140 8
e 382.31517 867.36144 9
e 167.38478 869.41017 15
e 39.47233 630.27600 7
e 274.27388 676.28192 9
e 263.40781 1061.82964 10
e 457.22100 837.62460 7
e 346.51132 924.35562 8
e 393.78487 751.43352 9
e 379.15678 571.25089 13
e 202.03592 587.74690 8
e 283.48988 870.92471 14
e 281.37549 726.08106 5
e 140.70427 804.41612 6
e 385.17564 437.96426 3
e 289.31145 768.48819 8
e 223.59413 599.76440 8
e 193.78558 754.33463 11
e 413.88114 722.30390 10
e 363.14259 693.27118 12
e 219.15542 719.47080 8
e 373.45341 508.07877 13
e 481.96268 542.10180 14
e 272.70763 888.22332 8
e 304.61698 497.82320 9
e 458.60190 774.78811 13
e 369.15753 596.90294 10
e 351.11982 794.07132 6
e 360.91980 751.60065 8
e 242.50052 992.77676 8
e 214.28193 787.86622 15
e 258.25921 557.89634 10
e 294.29820 713.20938 9
e 296.65966 637.67441 10
e 340.58953 661.90318 8
e 91.27330 556.89527 13
e 312.36348 784.55542 6
e 192.52642 505.46239 15
e 296.58325 779.81827 8
e 188.93374 620.35962 4
e 232.86100 670.80119 8
e 279.45494 792.24039 4
e 330.41806 736.75977 7
e 332.89806 580.95059 6
e 234.30631 864.42962 21
e 279.29632 581.12609 9
e 87.92618 697.84887 10
e 338.94164 774.42688 11
e 362.82991 725.96898 14
e 252.16427 802.34405 15
e 168.24912 795.31014 12
e 209.38263 671.20148 8
e 394.22749 1065.31047 11
e 441.14180 980.14693 7
e 539.56495 1038.62200 10
e 314.22559 875.78258 7
e 481.49717 1055.78961 13
e 395.22202 973.23279 6
e 287.10887 1022.53515 10
e 308.12425 1033.11713 12
e 406.04863 908.48455 9
e 383.56975 850.44784 11
e 286.58045 900.78330 5
e 300.91405 756.82629 7
e 320.68421 887.71206 7
e 253.31777 965.39426 11
e 383.29896 887.88522 9
e 289.87179 912.05459 9
e 382.25334 892.82250 12
e 421.30401 907.44714 8
e 415.28552 1004.30577 7
e 301.47151 971.92872 9
e 236.02905 1063.46664 17
e 336.02598 941.67853 11
e 380.71033 964.38891 6
e 434.69825 1026.50312 9
e 362.07255 1069.21495 10
e 405.31186 929.33143 8
e 483.24954 680.84434 7
e 355.43116 1018.45007 8
e 361.35299 854.07345 12
e 327.61085 1029.83274 10
e 448.68501 1057.44910 10
e 469.49396 965.56255 8
e 342.98264 1018.65544 15
e 337.33352 929.55132 8
e 405.37004 955.20016 12
e 311.08501 919.10708 9
e 354.02867 972.92087 13
e 309.52019 949.51033 12
e 309.96007 796.42469 9
e 417.43562 844.55799 12
e 531.89243 1020.20152 6
e 387.66960 938.83909 11
e 412.54263 1022.51097 10
e 137.55612 1015.62578 9
e 595.34667 938.51820 5
e 281.06172 1061.12277 15
e 444.04449 870.55457 8
e 602.96886 1030.73092 12
e 414.77784 780.10488 6
e 413.63100 972.12425 11
e 448.39640 1047.50542 8
e 402.05577 888.83097 9
e 296.88823 995.17165 10
e 368.33111 820.83017 8
e 471.33330 1071.45816 14
e 320.65896 1052.07825 10
e 509.37075 754.61824 12
e 488.38893 864.02823 7
e 242.23171 1075.72872 6
e 340.72667 901.35701 10
e 139.31509 1076.02395 11
e 397.36642 799.85120 8
e 462.44261 686.03596 12
e 232.01806 907.82363 12
e 331.22722 1066.27759 8
e 359.18993 838.81925 7
e 546.17110 1008.86358 8
e 308.77429 1069.97714 3
e 470.36851 877.52457 12
e 428.35466 784.08106 6
e 392.31820 993.29787 7
e 366.40934 981.30757 12
e 433.63931 1006.84792 13
e 469.69849 1005.52530 21
e 413.06455 1054.73209 8
e 422.36953 828.72908 5
e 457.17493 763.60963 8
e 324.28311 789.56920 9
e 424.01266 1069.55911 12
e 457.87643 790.77979 13
e 574.09289 942.68223 8
e 556.22915 832.69506 13
e 290.23231 1018.14400 10
e 477.98648 909.01873 11
e 319.28948 843.05056 8
e 283.40779 962.90631 11
e 603.42607 1005.42136 5
e 492.98834 1039.26750 9
e 354.54255 1059.73934 8
e 400.65435 701.85755 14
e 536.77056 1026.55850 8
e 545.95793 923.56797 7
e 219.73674 994.49149 7
e 257.03193 945.94172 8
e 371.07402 998.57970 10
e 383.45696 920.27659 8
e 640.53685 1037.40274 11
e 367.29502 946.51591 10
e 348.93758 844.48695 8
e 506.52368 1074.47661 9
