c ./output/rectangle/gaussian/gaussian-rectangle-7-2000
p rectangle 2000 720.00000 1080.00000
e 176.69922 657.96919 6
e 83.74088 786.60351 8
e 94.15264 799.62131 9
e 60.22298 538.58171 12
e 54.24995 892.90872 13
e 92.45446 814.65411 12
e 180.37310 778.88374 12
e 114.34763 707.45326 10
e 79.67352 585.80355 6
e 177.99992 871.13225 14
e 159.62454 596.49280 11
e 219.78238 777.77669 7
e 148.97806 751.51822 10
e 53.39418 724.84143 10
e 4.75278 685.66558 6
e 15.15420 774.06631 12
e 71.78805 779.36632 5
e 76.49900 837.69902 12
e 158.13843 658.33884 9
e 115.84506 770.64193 12
e 290.63474 561.47947 11
e 274.15555 504.27500 8
e 238.68797 703.40763 10
e 86.13578 855.58272 7
e 152.16742 879.90926 10
e 217.25708 610.47250 5
e 203.98948 729.67246 10
e 56.38737 598.61724 8
e 151.35168 754.69258 5
e 28.85952 693.51431 10
e 29.38362 1044.23673 9
e 203.75027 738.42959 13
e 196.40932 681.89665 9
e 155.39520 545.86666 11
e 162.56903 676.50564 4
e 29.04813 447.61855 8
e 181.39497 903.96529 9
e 109.35724 457.42408 7
e 181.15504 755.10564 12
e 68.55217 557.10027 11
e 225.16392 942.58514 6
e 223.30645 728.26221 4
e 32.16641 645.23327 6
e 34.31048 1056.06068 8
e 181.85514 576.68032 14
e 85.40020 434.04715 6
e 106.68157 921.95985 13
e 113.45121 698.32636 8
e 108.89076 1005.52778 10
e 234.01517 594.02010 8
e 34.76820 732.75800 7
e 70.34112 512.88290 8
e 79.64808 531.88732 6
e 309.67853 795.87509 14
e 57.93278 651.43137 12
e 127.63510 920.62068 13
e 63.25150 581.44980 10
e 49.57583 589.40393 13
e 86.59606 594.65442 5
e 201.21946 628.57516 9
e 239.02432 728.53214 10
e 207.98316 486.49791 7
e 4.54786 785.10523 8
e 202.68459 703.17893 9
e 260.46259 750.67286 6
e 228.32972 426.32341 12
e 3.08330 619.36477 6
e 213.84319 714.05675 9
e 227.22100 407.03882 9
e 212.98488 596.13592 8
e 146.06980 518.27391 12
e 103.58630 598.81606 7
e 67.30944 541.37170 9
e 241.96486 725.24378 7
e 42.42435 609.58065 11
e 129.06437 586.31970 7
e 39.59129 654.48147 6
e 133.63762 414.54159 12
e 69.09331 544.74790 8
e 126.49488 696.65669 10
e 104.79237 744.30246 5
e 105.64295 774.61674 7
e 147.00901 703.10855 5
e 46.89134 678.05747 10
e 140.86172 603.20148 12
e 84.37051 531.03616 8
e 129.80539 962.99731 7
e 169.48087 698.65559 7
e 24.41119 936.38872 8
e 67.09793 58.70666 9
e 56.96913 780.26642 10
e 103.56422 847.04833 9
e 223.82437 733.57428 14
e 53.20950 645.49672 10
e 23.99564 437.40308 8
e 6.16308 933.72535 14
e 118.64063 1071.80802 11
e 164.03061 516.01562 9
e 150.49691 697.62763 9
e 209.48624 631.79239 6
e 123.59993 513.62727 13
e 153.36715 842.27368 12
e 45.95692 779.03307 10
e 140.87498 827.04636 8
e 94.86789 855.78954 13
e 254.87013 603.42967 11
e 166.15448 657.38823 6
e 107.80429 650.40330 5
e 197.34831 734.07688 11
e 192.60920 770.53993 8
e 68.78101 595.47182 8
e 79.14766 746.06972 6
e 132.22684 557.89864 14
e 33.69611 747.31112 10
e 192.60086 606.50258 14
e 158.95768 507.07429 10
e 5.22108 752.43309 14
e 147.05852 727.76906 10
e 251.50988 773.50374 7
e 188.78154 861.48838 7
e 138.21595 868.37286 14
e 100.64701 835.61329 9
e 108.94264 776.92144 11
e 117.34202 951.57286 6
e 109.93435 453.27345 11
e 72.34377 720.92459 7
e 128.73858 736.96243 9
e 139.82452 716.68291 12
e 158.92426 829.50504 8
e 82.31526 712.49141 11
e 84.73136 720.19858 13
e 0.59898 699.91213 8
e 155.80517 864.17359 5
e 93.72685 493.74332 11
e 124.01280 765.99679 10
e 279.76705 790.92627 10
e 48.07205 538.92322 8
e 111.55662 710.43613 8
e 132.33659 851.46188 9
e 144.01837 607.13598 7
e 51.08275 799.21046 11
e 198.46815 825.14250 6
e 100.93664 611.48041 4
e 152.85299 802.33840 10
e 65.85399 576.29553 7
e 71.79095 674.24562 9
e 142.26947 641.28347 7
e 109.72581 334.01900 9
e 136.21415 459.71663 11
e 150.74268 616.45502 9
e 21.39309 498.46936 9
e 107.14908 686.63627 11
e 182.79949 637.05044 9
e 142.06859 888.68057 8
e 126.44673 833.15045 11
e 178.63577 746.05544 8
e 46.76528 553.39856 5
e 4.18337 590.40044 9
e 208.16150 449.67268 8
e 106.01018 561.79639 13
e 127.91445 548.70784 9
e 62.58807 586.17712 7
e 129.72649 733.62524 10
e 13.60637 563.12185 7
e 177.23590 356.34010 7
e 282.54919 468.54735 14
e 127.09552 839.88728 8
e 136.31909 614.71488 8
e 74.09319 690.75819 8
e 153.71026 842.36023 11
e 199.43304 939.10959 10
e 86.23665 594.66952 14
e 162.38647 868.40431 13
e 35.29862 550.28328 10
e 127.30379 837.29396 6
e 50.99666 635.48882 7
e 110.17032 668.64342 13
e 45.27955 884.61800 8
e 53.25446 676.64600 4
e 114.35887 606.70629 6
e 106.25194 483.90192 13
e 89.74769 632.65470 8
e 115.83200 741.75386 15
e 141.53462 726.54135 8
e 168.41884 604.43553 12
e 201.47640 493.56738 9
e 39.25945 592.88017 8
e 245.66349 684.48570 8
e 182.79768 489.18125 9
e 120.54535 751.95274 8
e 184.04820 613.03511 10
e 7.81778 800.32123 11
e 137.33307 589.35737 8
e 290.64863 424.84734 8
e 128.38853 650.55096 7
e 197.70773 762.79228 15
e 183.65809 918.63770 9
e 222.63698 531.09279 8
e 72.09299 513.95235 13
e 151.30568 671.18451 11
e 31.12163 703.34898 8
e 111.32864 481.01698 8
e 168.64667 649.38033 12
e 166.86071 651.23329 7
e 76.23702 504.88950 11
e 75.61478 868.14190 11
e 148.07491 697.64807 16
e 7.54721 717.26630 8
e 326.65042 706.40367 9
e 93.42746 862.30290 9
e 220.74352 955.36533 8
e 163.29756 653.63621 12
e 52.15326 473.57430 8
e 51.87950 497.65097 6
e 188.36089 962.29024 9
e 147.17830 586.03986 7
e 312.93826 676.18140 9
e 123.52557 811.66402 9
e 117.16700 743.04746 13
e 68.13812 563.69758 8
e 36.22492 760.56948 8
e 65.66264 430.61743 7
e 195.95192 647.93096 7
e 2.42569 793.42101 9
e 145.87613 628.63376 14
e 135.19225 640.64669 14
e 264.09032 354.70657 10
e 211.22369 815.55264 6
e 148.73748 680.55315 6
e 135.67159 605.18727 10
e 125.54716 797.12199 10
e 28.39701 695.59560 11
e 53.20299 582.13297 7
e 109.10094 831.74778 4
e 36.70128 639.06778 10
e 140.23402 993.00241 7
e 8.86388 836.52576 10
e 37.56185 780.70131 4
e 34.84398 977.49119 8
e 123.50696 676.52666 5
e 286.12733 707.24770 6
e 122.15127 620.15431 11
e 6.66716 718.58560 13
e 173.91957 783.62910 7
e 174.62214 964.39949 10
e 53.22252 693.81726 10
e 109.90011 729.63370 7
e 238.29197 459.21991 17
e 171.79938 732.79895 6
e 207.15783 758.75903 9
e 240.90190 639.22355 8
e 158.10646 662.33231 13
e 100.89288 750.89658 8
e 217.31930 972.84412 10
e 219.28351 1012.45876 10
e 127.51818 770.49882 7
e 176.16108 541.48510 8
e 18.75553 730.75179 11
e 15.73127 509.69346 7
e 17.18682 777.35653 7
e 224.22484 846.37047 8
e 126.25042 666.93188 6
e 229.55461 597.55812 12
e 169.47576 671.15709 4
e 154.86264 780.64691 7
e 203.20765 669.28530 14
e 135.91702 918.02221 11
e 170.15853 646.88667 7
e 115.56087 726.35684 7
e 186.88238 347.40358 6
e 167.77349 595.79830 10
e 36.02729 636.23357 7
e 291.02350 734.81993 14
e 133.56743 741.37384 8
e 77.76767 670.70444 11
e 92.02897 630.30589 4
e 66.06282 470.83592 9
e 227.05599 653.16961 8
e 66.32197 650.61740 10
e 59.99967 943.39396 14
e 134.64362 818.55394 7
e 124.89342 915.62519 8
e 9.24729 721.78699 10
e 25.49843 803.17125 9
e 132.51069 563.24661 16
e 86.49967 489.45432 13
e 7.20603 680.75807 9
e 39.10567 587.33408 13
e 129.23752 743.09295 8
e 168.55638 534.62145 8
e 113.93701 681.95392 7
e 120.90180 627.56338 10
e 166.98143 725.22819 10
e 227.01261 477.13150 14
e 186.68098 1000.84238 9
e 295.55481 858.58117 10
e 172.67234 774.20318 10
e 58.98975 784.61376 6
e 158.98965 838.62209 9
e 203.31824 596.89367 9
e 88.06025 621.47891 6
e 117.79296 652.87711 11
e 138.94716 758.77000 12
e 32.29143 834.33558 6
e 216.09123 642.36235 8
e 95.73741 657.08413 6
e 127.34702 498.05663 14
e 201.60207 611.71831 6
e 121.15873 841.65183 13
e 123.43419 772.15118 9
e 162.30611 487.06856 4
e 35.83063 911.79329 10
e 84.27352 869.54488 7
e 79.98477 601.76055 9
e 80.81143 591.32905 12
e 31.92961 573.45910 16
e 86.48763 658.89459 4
e 153.98916 377.47236 10
e 18.38710 625.26473 5
e 63.82435 514.52666 4
e 135.86694 701.34365 7
e 182.61838 659.08225 8
e 193.35214 346.65302 18
e 146.03075 642.02056 13
e 57.56174 938.64359 10
e 45.20893 734.34818 11
e 33.30819 543.90689 10
e 38.67315 526.75894 7
e 154.88687 829.65192 9
e 86.62328 809.05410 11
e 102.79123 606.40493 9
e 199.19002 692.63576 12
e 10.55705 946.44234 14
e 111.30833 734.74055 8
e 71.19875 860.39606 7
e 140.32197 801.40095 6
e 35.66558 503.05756 10
e 93.32752 720.82863 9
e 14.66240 782.96068 8
e 135.11642 712.94803 12
e 312.58494 634.45171 7
e 89.18725 631.63027 8
e 111.82072 703.57457 8
e 28.66811 912.94998 7
e 7.69095 549.14357 8
e 138.31479 835.76512 12
e 215.46402 934.45994 6
e 29.64065 731.53931 6
e 171.05776 855.84193 7
e 133.20580 962.25905 8
e 46.83056 709.65455 11
e 48.83416 422.17215 13
e 133.13020 479.05787 7
e 115.33529 648.17431 9
e 238.99250 626.51738 9
e 108.44328 883.55585 8
e 25.26429 649.28686 7
e 118.67353 644.71420 9
e 18.47103 1075.13802 11
e 170.35629 607.44226 10
e 126.98959 742.82121 10
e 196.93126 536.89853 5
e 74.47320 512.03926 5
e 36.54013 740.59039 10
e 202.65864 612.09900 5
e 92.48600 912.46464 6
e 142.25350 987.24611 13
e 11.87872 731.63922 11
e 155.71430 801.27389 4
e 78.98757 756.94300 11
e 105.41720 696.58789 14
e 76.30257 754.55185 9
e 114.22797 743.66254 7
e 110.61122 587.95229 12
e 263.51081 649.73984 4
e 169.32242 721.02389 7
e 166.61210 682.27527 11
e 143.91342 605.47042 6
e 86.12084 916.70205 11
e 226.18467 620.42607 15
e 276.66422 911.91064 7
e 108.46420 590.10821 11
e 134.34739 818.56910 6
e 5.46858 797.93516 5
e 116.98488 748.87067 15
e 226.38418 743.00123 16
e 164.13083 631.99571 13
e 103.17961 495.77141 12
e 144.54862 948.98419 7
e 179.71556 381.43362 8
e 208.10928 975.99388 13
e 75.68697 722.14454 11
e 81.17992 319.63670 13
e 163.01205 847.50646 8
e 65.71592 502.45832 12
e 97.55447 716.45973 5
e 139.62190 911.45511 11
e 41.01433 769.42571 9
e 70.38611 641.80230 9
e 24.77386 613.30167 15
e 150.83169 381.32969 16
e 219.29833 851.58134 14
e 114.51281 540.15567 11
e 107.83723 797.59271 15
e 48.16229 822.35034 18
e 28.18585 729.01350 6
e 228.00671 400.13636 8
e 184.61978 560.18893 3
e 76.98580 607.87047 7
e 47.01578 769.65343 9
e 199.59091 780.70216 4
e 9.69148 669.19679 8
e 180.11599 776.48237 10
e 78.35122 327.45257 7
e 110.11779 712.03621 7
e 188.66130 718.10732 10
e 106.54660 736.23405 7
e 158.99390 298.48586 8
e 216.57076 561.90891 10
e 177.70028 759.65749 12
e 266.87296 603.97221 10
e 66.45293 500.93394 12
e 279.04930 562.20709 7
e 371.48831 594.53387 10
e 217.36403 879.86608 12
e 116.58921 445.91893 4
e 73.47672 850.88172 12
e 71.97592 573.94597 6
e 41.19255 597.92282 11
e 280.53189 457.32755 16
e 109.95965 708.78189 12
e 13.76476 749.21988 9
e 141.61462 560.14590 11
e 102.83241 468.36934 10
e 102.65520 597.13293 10
e 54.31203 563.17089 9
e 141.83581 621.03398 11
e 166.85244 647.13147 7
e 60.12259 753.54829 8
e 316.44471 637.19708 13
e 283.50459 591.23355 14
e 209.72095 513.84039 18
e 109.31673 591.51505 12
e 200.74051 897.81272 12
e 273.01209 845.61835 6
e 132.63274 728.13045 13
e 56.73247 661.27183 8
e 78.28829 668.32351 9
e 2.39648 721.20764 7
e 165.10200 546.92836 8
e 151.78384 788.19184 6
e 207.90532 774.13147 9
e 214.66717 783.78095 4
e 87.10461 752.66023 11
e 48.87884 813.72062 10
e 175.57074 655.71119 13
e 57.95492 647.68388 9
e 68.22962 660.52388 9
e 312.70756 540.36624 7
e 158.87325 644.86781 7
e 206.23196 942.81233 9
e 200.48747 722.88328 7
e 146.88810 976.20562 7
e 19.49049 611.24141 13
e 203.56885 786.85921 9
e 163.79613 559.71599 14
e 208.30137 639.38091 10
e 5.85690 1012.66057 7
e 106.70752 877.03224 9
e 26.17963 445.14989 11
e 216.20548 842.35209 8
e 237.36303 669.27754 9
e 123.11816 614.61708 7
e 161.42563 740.90365 9
e 125.69458 772.99282 5
e 173.45474 592.76189 12
e 142.81149 653.23830 13
e 70.10472 851.83255 13
e 23.11546 478.62416 16
e 66.26073 832.45019 5
e 199.26373 541.02737 12
e 162.38889 706.59529 13
e 188.52875 648.33129 7
e 24.07563 813.53826 9
e 45.27586 823.61075 5
e 56.71025 780.39908 7
e 38.50741 971.17398 9
e 35.93595 477.69724 5
e 72.74506 547.90068 4
e 248.01124 884.31742 7
e 171.54881 871.08972 7
e 421.99233 799.98319 11
e 122.18777 532.43910 9
e 77.62110 636.94517 12
e 176.05100 723.74572 8
e 172.00489 718.78837 9
e 226.15250 1046.50251 8
e 154.18896 807.01576 10
e 124.36770 588.23626 12
e 92.09989 638.01617 10
e 212.72453 805.22800 7
e 173.34787 562.34982 11
e 137.08885 440.24011 12
e 57.28372 750.41309 12
e 45.35575 724.33373 10
e 122.93099 741.68673 11
e 89.57449 775.14480 8
e 185.57394 510.81317 16
e 141.65593 621.79509 12
e 156.74919 321.93134 7
e 144.72457 794.70624 10
e 47.82007 1052.40577 10
e 113.19262 691.22545 8
e 223.71670 795.92696 7
e 96.06257 623.21628 6
e 93.72286 639.77632 10
e 63.74915 548.94628 10
e 29.07878 811.82233 10
e 78.90646 489.73684 11
e 109.45915 712.20342 14
e 78.91360 704.65138 13
e 227.29423 779.14146 7
e 194.40793 157.65847 11
e 103.33414 924.68280 5
e 151.28876 429.72348 10
e 70.90474 660.74560 6
e 147.38424 744.50318 7
e 129.98029 728.61774 4
e 139.67396 694.02914 9
e 43.14300 537.44152 7
e 57.38033 650.61642 6
e 141.58272 801.68851 9
e 97.26762 634.47430 12
e 243.14217 428.49946 12
e 1.60452 755.49642 4
e 139.14257 788.01641 5
e 124.71570 580.73271 6
e 126.14719 858.64461 9
e 93.25995 411.86953 11
e 285.83060 680.45772 8
e 41.80938 673.11085 8
e 83.28656 454.13852 4
e 3.29970 560.87777 5
e 116.13860 841.92411 9
e 140.84999 888.57649 13
e 105.17642 697.59354 10
e 172.43515 682.55128 8
e 115.68188 807.67244 8
e 180.69968 679.54394 12
e 66.51986 706.14741 9
e 77.67027 562.06801 10
e 258.41629 473.50366 11
e 126.86578 797.11465 7
e 70.68910 708.67393 16
e 146.99183 620.99032 5
e 145.31967 606.78033 7
e 279.21335 857.34038 13
e 218.73444 707.96401 12
e 23.04710 367.93261 9
e 217.73047 582.98241 4
e 235.24222 551.61822 9
e 151.13879 576.97705 7
e 116.73429 697.98782 7
e 190.71689 746.12057 13
e 51.27607 654.00606 13
e 134.03593 633.40986 11
e 165.36809 725.94997 10
e 13.88183 752.24612 14
e 200.60394 1005.39154 16
e 184.48406 427.12048 6
e 233.37547 627.90163 11
e 77.75720 621.23619 6
e 94.52615 630.57547 13
e 328.65067 628.53146 11
e 81.70601 529.21072 7
e 94.53932 618.16589 12
e 65.42424 593.37647 4
e 219.29437 528.31348 7
e 194.63652 704.22926 10
e 323.74025 418.59638 13
e 37.21529 791.44639 9
e 39.31754 797.12565 11
e 161.30837 778.36818 10
e 223.35692 645.42355 5
e 137.51706 552.54402 8
e 93.72520 287.55209 8
e 48.36203 538.26040 8
e 114.65049 940.25031 10
e 114.43937 471.29737 13
e 75.69399 258.80864 5
e 105.81713 687.87369 13
e 145.92551 441.63923 10
e 177.24271 621.74248 7
e 288.75908 958.64153 12
e 134.68344 592.07299 10
e 147.55700 628.13337 8
e 275.56713 815.89142 12
e 146.82943 779.51711 11
e 114.10585 672.37550 10
e 70.31665 832.78804 8
e 118.11748 539.95761 9
e 61.88560 627.96927 8
e 40.64767 644.14074 11
e 300.30921 473.76974 12
e 96.79904 632.70971 13
e 159.24455 474.05899 8
e 19.74682 507.95263 8
e 52.17819 542.71769 12
e 176.46799 600.74897 12
e 128.64248 299.69376 10
e 74.16683 906.35620 9
e 45.73392 1059.36278 10
e 105.24483 626.70983 6
e 196.05336 695.33833 3
e 118.54297 714.23892 13
e 143.38761 621.04154 11
e 136.73878 350.86786 9
e 223.83613 634.60364 8
e 253.99502 1034.06491 8
e 62.97249 473.98911 10
e 40.17030 814.64198 8
e 117.75274 698.22306 8
e 17.78520 745.91652 11
e 65.13440 496.28108 9
e 206.40468 686.03753 11
e 239.14450 943.47661 15
e 94.43516 420.90776 9
e 258.64968 682.57125 13
e 7.74919 984.00727 8
e 92.33890 540.85363 9
e 248.89088 870.88930 8
e 111.07156 789.05937 8
e 74.22343 620.77677 6
e 26.93135 412.79830 11
e 103.56228 490.48482 7
e 102.70665 873.40259 10
e 27.29325 685.58235 6
e 150.68214 520.46817 8
e 109.26062 984.04156 9
e 18.35815 589.06105 11
e 64.66870 663.85160 9
e 5.29785 550.60680 10
e 124.82020 604.55694 10
e 238.61003 758.21553 11
e 84.02301 354.73466 12
e 77.32457 647.55505 9
e 147.47275 457.42992 11
e 2.14097 723.47940 15
e 78.51977 850.70040 5
e 85.54858 337.31347 12
e 101.03852 658.40499 5
e 130.20409 546.93164 6
e 118.56467 711.38917 19
e 79.54057 596.76608 11
e 48.08365 814.72992 7
e 62.31806 729.23044 6
e 180.19291 876.67882 6
e 255.61705 526.44689 4
e 251.29647 379.11146 10
e 107.33413 796.98266 5
e 22.18340 783.41506 8
e 63.95189 563.89169 9
e 42.08571 401.30118 10
e 225.33833 721.26697 9
e 171.36888 619.43462 11
e 318.26283 319.91860 9
e 20.29264 812.41232 6
e 95.30715 605.51919 10
e 4.05978 445.46573 10
e 67.55795 701.37781 9
e 104.67890 638.88484 7
e 23.45183 601.61759 8
e 50.41133 630.54307 10
e 110.87680 744.43390 5
e 177.66074 611.86713 13
e 182.28945 735.99171 7
e 182.74805 537.75926 10
e 65.20381 748.99831 4
e 120.90074 746.62833 9
e 236.23976 851.16391 12
e 170.88976 804.12623 8
e 196.28634 805.46064 8
e 45.50478 418.24825 6
e 32.34847 683.72712 10
e 214.00977 592.44994 9
e 48.57897 637.59851 9
e 50.65341 751.06447 11
e 222.06751 788.44095 12
e 87.88579 932.29653 8
e 36.20124 434.53498 19
e 54.75454 942.73115 9
e 178.62021 393.78395 10
e 128.25327 592.98748 9
e 69.70228 689.30281 6
e 79.17703 706.69247 5
e 107.14725 524.36986 12
e 242.23817 529.77306 3
e 122.51454 744.82106 12
e 77.02301 832.49978 7
e 77.76069 558.02121 5
e 264.26463 752.03760 9
e 41.35342 613.60102 11
e 19.85538 323.35973 11
e 185.74269 767.07766 11
e 188.38468 641.91493 10
e 281.36547 903.58321 10
e 342.59223 491.32857 8
e 157.12924 894.02467 7
e 249.15168 720.17153 5
e 186.82520 541.43927 8
e 8.25239 706.93061 6
e 221.06095 688.46335 13
e 198.70939 689.34148 4
e 83.55084 701.59244 11
e 247.55459 768.11620 10
e 161.50830 220.12482 13
e 131.40336 496.02544 9
e 209.08726 661.44002 9
e 81.34639 825.39402 9
e 196.84546 817.39050 12
e 107.68856 827.47015 9
e 33.41679 613.05065 5
e 44.21426 597.80997 8
e 121.87541 595.50718 6
e 92.16405 603.18309 6
e 108.21629 812.63713 8
e 218.07794 835.65719 11
e 52.79058 997.27389 13
e 151.61242 500.76672 9
e 14.65322 473.64297 9
e 275.76976 435.58938 15
e 93.06714 945.34188 6
e 108.94235 217.36703 7
e 29.23786 718.89106 9
e 39.87822 778.63172 14
e 237.19691 773.41531 6
e 103.08768 793.44841 21
e 241.06031 730.10584 13
e 139.84017 851.00384 4
e 135.28422 612.89536 10
e 65.70967 490.81474 15
e 155.19818 726.77654 6
e 198.91929 735.68186 9
e 96.43519 545.52605 10
e 142.38017 933.76779 12
e 146.16239 540.64382 10
e 171.25705 851.09580 10
e 6.22311 617.28139 11
e 186.52964 586.87326 7
e 119.62037 439.54349 8
e 59.60495 578.06803 12
e 144.47162 564.33948 8
e 122.73562 491.85190 7
e 77.54201 748.15974 7
e 85.76417 882.69615 10
e 174.80569 794.39049 11
e 223.90290 531.12806 16
e 127.49175 466.05197 7
e 156.17091 494.52745 7
e 239.44648 783.93556 9
e 101.29299 457.54356 8
e 226.97275 916.51882 11
e 133.13362 641.11141 14
e 172.63101 641.19398 9
e 189.17746 649.99078 12
e 97.51967 926.96241 13
e 198.46639 857.78221 4
e 32.82374 648.99611 7
e 39.96738 831.27632 11
e 142.75933 828.24787 8
e 127.35880 975.17739 9
e 94.79087 805.94755 8
e 102.27204 488.60993 14
e 361.35500 671.73236 6
e 167.17219 831.54524 14
e 119.68711 722.38021 11
e 108.36657 545.84257 13
e 212.80113 596.73014 10
e 67.41177 851.43976 5
e 25.60926 637.37018 9
e 129.32726 603.31891 5
e 145.39894 943.41493 11
e 97.37246 591.77830 12
e 100.38044 711.08486 9
e 119.53545 481.80746 8
e 126.59368 841.06503 9
e 24.48207 810.80189 5
e 48.79849 795.88760 9
e 93.31782 871.34431 11
e 135.28961 767.52683 17
e 73.09342 685.30117 8
e 43.58661 860.59261 10
e 153.28107 695.23126 7
e 187.95595 868.89974 12
e 235.44108 790.66690 9
e 33.51112 679.94810 15
e 206.83097 477.99360 9
e 112.43753 830.73542 10
e 28.73684 1068.92597 10
e 267.88179 660.97916 6
e 129.23565 615.68758 12
e 82.35407 633.76155 7
e 92.22506 504.01516 11
e 189.88933 757.80704 9
e 9.05485 869.31150 11
e 44.00102 659.94614 8
e 32.19001 811.08502 7
e 110.10430 724.26386 11
e 88.18985 461.63578 9
e 206.53369 938.68319 10
e 145.76759 729.51530 11
e 36.05223 931.40670 12
e 201.65651 661.70484 9
e 124.00732 578.97043 13
e 218.74842 783.68155 8
e 87.38111 647.11693 8
e 129.89064 821.28481 4
e 160.51216 483.94109 7
e 207.32089 851.49447 5
e 107.00712 807.53139 7
e 63.17151 456.26162 9
e 10.14509 653.74553 13
e 345.75959 558.64574 8
e 131.31698 704.79441 9
e 41.38241 599.32564 6
e 46.14355 708.12536 6
e 126.09597 662.47621 15
e 90.77143 699.98780 9
e 99.51522 770.50825 8
e 179.23178 863.85034 9
e 150.64594 497.59229 13
e 106.90945 523.49965 7
e 34.82481 492.87906 9
e 117.54550 813.56073 8
e 63.50519 1016.88536 10
e 138.91393 418.37755 10
e 132.94573 778.74285 5
e 24.77926 804.30761 7
e 179.88976 835.77098 7
e 81.38719 794.67983 4
e 133.76719 685.48498 11
e 192.19184 750.76050 9
e 18.70874 366.32426 8
e 85.71943 653.27914 8
e 20.74661 727.36917 11
e 82.65348 671.10623 11
e 49.57066 676.71318 7
e 38.58051 652.96768 11
e 121.91985 598.28119 8
e 202.26058 988.34110 4
e 203.21466 525.91356 9
e 149.05373 545.87934 9
e 109.53334 650.81704 5
e 21.67502 542.86245 6
e 260.49755 733.16106 9
e 189.49832 547.73717 11
e 72.42028 582.42963 11
e 131.12060 411.90631 5
e 107.21535 864.07272 14
e 251.29196 410.50928 9
e 123.72945 611.60213 7
e 84.12133 799.57739 9
e 15.82399 811.75953 11
e 26.02205 674.68649 10
e 182.34207 808.66495 5
e 90.12658 688.15752 13
e 197.89016 735.37421 11
e 182.53084 769.04775 7
e 42.87480 790.23811 9
e 147.72589 732.06723 7
e 201.08748 737.95800 4
e 111.70176 511.36632 11
e 158.84616 932.11256 5
e 214.29656 753.64109 8
e 176.12847 701.88244 11
e 147.88002 358.90613 5
e 86.64953 903.20586 11
e 209.65919 567.83961 8
e 237.33462 856.85096 9
e 119.21377 667.82033 7
e 236.38332 512.31264 8
e 198.42427 860.67605 6
e 93.19701 459.19007 9
e 72.60508 432.50856 9
e 111.89747 845.88048 8
e 156.06747 498.03431 11
e 3.38496 641.57755 9
e 74.77526 597.81427 6
e 139.94717 417.25343 9
e 187.37975 886.15490 4
e 260.11245 794.22644 5
e 87.37245 528.44409 9
e 52.88102 785.31645 13
e 173.54941 644.34578 3
e 141.36723 849.77428 5
e 109.92582 586.78534 11
e 246.00995 973.12836 12
e 125.92494 597.68080 15
e 110.93083 597.94071 12
e 46.82518 445.70357 10
e 78.96850 798.33207 10
e 119.53381 558.44005 8
e 93.72952 661.07538 10
e 49.60699 711.86970 8
e 37.62526 779.18233 12
e 75.28662 822.09140 6
e 172.99481 927.18665 10
e 239.39213 727.36549 13
e 215.65260 586.33069 8
e 79.10319 671.97501 7
e 163.57480 717.76425 11
e 56.00873 1013.71095 6
e 73.39655 503.52566 10
e 16.74714 788.55097 8
e 177.00876 652.72775 13
e 77.36918 804.79672 14
e 149.22730 1011.70675 11
e 54.09801 780.61849 11
e 87.27268 843.96103 12
e 260.43175 747.39776 9
e 51.08995 817.16824 14
e 49.93370 358.27740 11
e 120.84497 885.68383 6
e 134.55328 1017.05760 11
e 72.24018 777.48731 5
e 140.37627 779.86550 7
e 98.23078 869.97584 10
e 213.40065 707.35297 10
e 84.64304 886.55880 6
e 88.62210 848.07208 6
e 110.63364 742.66743 6
e 69.83954 743.19950 9
e 67.50352 604.81089 11
e 266.02090 796.48518 9
e 133.85932 692.51843 8
e 25.11946 637.88324 8
e 272.74768 678.76613 8
e 108.20445 521.13641 12
e 179.03585 740.33459 9
e 94.28965 1044.20119 11
e 49.94819 567.33421 7
e 61.96656 643.91589 9
e 84.50388 691.61354 11
e 221.19246 531.24291 7
e 193.06582 835.14769 5
e 3.72454 942.14529 7
e 126.81754 671.42649 10
e 130.25380 617.55511 8
e 167.38672 757.69531 9
e 213.26439 610.93285 10
e 11.47077 800.41313 10
e 53.40543 752.46323 10
e 77.07992 595.71482 6
e 170.73229 689.27585 8
e 98.69706 987.75590 8
e 20.35319 960.72967 9
e 7.64584 660.44487 7
e 151.93117 694.07492 4
e 224.85037 973.12934 5
e 32.17278 789.74762 7
e 167.48422 945.44618 7
e 238.98281 617.47280 11
e 74.23395 604.01716 10
e 150.96789 948.09411 9
e 121.32620 760.19322 5
e 69.10853 843.01111 5
e 241.06678 726.72890 13
e 114.12470 456.99785 10
e 27.86547 660.37580 11
e 96.02448 470.19016 11
e 108.01564 592.30710 8
e 57.22110 670.72648 8
e 44.41851 799.34932 8
e 82.42034 810.50231 10
e 232.55545 693.06689 7
e 86.73326 591.74710 13
e 120.35341 942.46886 13
e 188.27192 878.07185 8
e 79.75430 872.13548 11
e 356.30226 719.67903 9
e 207.73885 609.59395 7
e 1.68647 708.42056 7
e 41.06009 840.13774 5
e 41.21511 627.49186 9
e 157.96374 725.10104 11
e 68.34744 484.45783 8
e 209.30601 635.46586 9
e 26.31721 591.90330 7
e 120.33965 861.03122 16
e 9.21758 574.62329 7
e 131.72185 860.32444 11
e 167.49718 846.67775 5
e 105.49591 808.10540 9
e 11.09142 777.94202 13
e 79.23778 537.51178 12
e 73.10170 577.25250 16
e 150.70075 564.10679 14
e 137.94187 691.72200 10
e 80.63353 540.25757 11
e 99.92420 815.66327 11
e 151.39435 704.80289 10
e 169.21089 932.71874 9
e 18.66197 579.30410 14
e 95.52842 769.61820 13
e 78.84279 636.27796 9
e 75.12402 628.25824 10
e 63.02958 880.73769 9
e 27.02168 692.34311 8
e 71.86140 752.41929 9
e 205.92871 655.52614 5
e 165.57860 592.58850 8
e 201.78384 543.12661 8
e 101.83832 758.98767 10
e 34.43207 731.31835 15
e 212.93378 563.53587 8
e 34.07077 705.80694 11
e 55.39806 367.72647 11
e 68.65877 521.48369 4
e 51.87209 825.11917 9
e 183.33171 881.01211 11
e 75.27076 626.08841 10
e 103.93116 719.56920 13
e 116.67136 961.99256 11
e 175.64482 584.24526 10
e 38.20811 769.91056 9
e 162.76705 774.81531 12
e 139.53909 704.81814 11
e 154.00413 938.12060 8
e 88.65850 854.14509 9
e 124.06840 550.90219 10
e 93.14374 730.21578 7
e 139.16327 756.03856 8
e 153.96733 518.35477 10
e 119.04550 435.80870 5
e 70.37982 965.15877 12
e 85.15262 506.90415 9
e 216.31642 988.12129 7
e 36.01801 708.04108 10
e 199.88407 834.42596 7
e 137.42666 878.47362 12
e 93.56835 732.23254 5
e 142.82272 410.38156 16
e 107.29442 758.89040 12
e 11.47100 643.43668 11
e 206.01925 961.43713 8
e 20.84857 655.54025 6
e 144.63439 677.51416 9
e 67.40472 727.97391 6
e 57.87872 575.98243 11
e 114.28859 562.36139 11
e 90.66185 758.46296 12
e 142.96117 759.98874 9
e 30.79979 606.13186 9
e 244.37153 764.06511 13
e 127.28936 716.01312 9
e 281.81689 834.78164 12
e 162.51156 718.96825 7
e 222.76104 516.62041 10
e 26.05291 706.39480 9
e 195.10357 515.80298 11
e 76.29599 430.95111 10
e 195.24407 738.68866 8
e 239.80081 505.85053 12
e 33.23385 256.89274 7
e 52.08243 632.26200 8
e 140.54707 365.70980 4
e 99.78177 827.25191 13
e 137.04604 828.11820 7
e 7.26836 736.56310 5
e 87.86100 270.36944 6
e 192.28493 662.14605 11
e 162.89694 656.68509 11
e 210.57733 388.28614 9
e 222.57801 559.27170 5
e 171.11871 476.16902 19
e 49.49575 826.25712 9
e 118.99826 790.32207 9
e 308.92203 496.94768 9
e 88.12921 670.91927 9
e 139.16853 673.76913 10
e 18.98416 538.62687 10
e 87.33012 939.66084 8
e 32.63471 902.98496 14
e 173.85281 557.83460 9
e 230.57082 588.44066 7
e 161.69245 652.70271 13
e 114.43596 785.20848 6
e 134.49953 765.94163 6
e 81.53904 620.15942 6
e 53.49311 827.46147 14
e 156.92937 666.09858 12
e 205.76205 598.82220 10
e 12.49214 742.29603 7
e 51.94543 619.28017 8
e 129.73889 528.74712 8
e 343.28380 686.49858 4
e 126.65771 488.53211 13
e 58.96301 718.80769 7
e 6.61185 270.74452 7
e 86.29246 485.45600 13
e 27.57931 612.34799 12
e 167.53441 538.17151 10
e 27.89140 497.40864 7
e 331.71999 763.64900 10
e 91.55679 962.82267 20
e 146.95334 788.39516 4
e 101.36924 495.33872 7
e 237.60240 828.77430 8
e 150.56385 762.20636 5
e 221.45164 689.22342 7
e 137.62116 796.13062 8
e 149.99232 935.15403 14
e 162.10478 838.90312 6
e 8.66500 649.54805 13
e 168.95789 807.46154 9
e 25.57597 782.61825 3
e 104.29327 641.66677 5
e 116.18207 680.56668 7
e 77.51548 836.33915 4
e 178.36357 828.65164 8
e 124.09006 591.98773 10
e 58.06852 622.91273 9
e 281.37556 717.67168 14
e 222.64544 1007.33544 10
e 67.26357 697.98807 9
e 32.54234 667.92679 8
e 79.97303 910.55340 8
e 235.64489 713.10124 9
e 32.44601 787.63088 11
e 52.05511 637.47103 16
e 217.87140 849.04838 10
e 51.85160 895.15840 7
e 155.29669 720.99297 11
e 118.18246 567.99283 8
e 202.90277 748.21584 8
e 186.95994 608.68465 8
e 140.10546 569.54579 10
e 101.36129 731.55828 6
e 231.96521 743.89115 6
e 20.31342 868.76171 11
e 33.55413 694.56967 9
e 149.16232 202.69700 9
e 285.49480 788.93261 9
e 229.92490 564.73198 6
e 322.28967 840.62036 7
e 165.99155 605.35443 10
e 254.52905 688.11880 17
e 139.47990 556.54901 12
e 127.61592 677.51426 11
e 184.56627 606.19710 5
e 77.54756 546.72115 17
e 282.43790 670.64472 7
e 103.59507 996.94559 11
e 3.16748 638.42539 14
e 3.20020 654.57411 9
e 163.27360 713.83888 5
e 111.34970 880.45513 10
e 39.82192 681.46718 12
e 130.58499 748.57362 9
e 165.90879 397.24981 9
e 110.67494 661.23158 10
e 230.52867 790.47316 9
e 85.44795 763.04182 10
e 44.20712 712.42972 9
e 76.79009 809.84152 10
e 26.86986 492.93632 10
e 99.73803 809.07246 7
e 89.72762 927.64545 11
e 55.37780 284.53915 12
e 92.66933 408.57784 11
e 192.74466 734.01517 5
e 158.36572 584.00635 9
e 77.35239 813.42326 14
e 23.11748 757.88795 11
e 187.73270 550.94712 12
e 94.26428 757.29370 8
e 50.36926 619.99736 11
e 189.49508 686.09589 6
e 162.59645 706.85747 6
e 28.73999 442.91877 15
e 153.76049 733.53872 11
e 99.72286 739.49202 17
e 161.32686 654.78740 13
e 209.90729 797.39288 7
e 263.84038 562.74890 10
e 165.56321 660.91172 7
e 253.14495 574.25873 9
e 14.47065 576.16042 13
e 43.81761 845.50822 5
e 190.33101 692.81856 10
e 154.76757 909.54177 5
e 67.56657 636.18655 5
e 40.25583 669.85104 6
e 13.28570 292.81695 5
e 73.42153 591.43524 6
e 99.18498 648.14958 6
e 82.46536 754.55522 7
e 368.57627 817.45866 17
e 215.13213 703.63461 9
e 230.81592 753.21215 10
e 160.72375 433.00419 12
e 72.42507 645.28581 7
e 196.98661 722.95583 12
e 144.47783 88.08290 9
e 132.08482 631.15879 13
e 78.33207 815.54955 13
e 167.03692 828.80758 11
e 53.92950 603.82624 9
e 56.25265 907.39620 11
e 84.15976 540.24955 8
e 56.47428 988.05533 6
e 121.76415 533.76786 9
e 104.54171 227.80739 13
e 77.16283 830.67823 8
e 217.20489 896.30952 9
e 52.57768 683.35627 8
e 109.80156 549.34679 11
e 62.01797 921.11314 8
e 126.18583 781.30209 6
e 133.03406 699.51444 12
e 182.12778 711.17710 11
e 201.81712 834.84336 9
e 82.10974 663.22598 11
e 116.01947 624.08681 5
e 112.58412 776.25799 10
e 139.45182 651.64420 10
e 90.25363 921.56734 11
e 78.20435 605.64268 11
e 57.89453 988.09005 12
e 249.09305 732.95898 6
e 133.71284 703.58682 7
e 138.72035 745.69450 11
e 29.55750 577.45600 11
e 9.51296 777.86630 12
e 50.42956 570.66615 8
e 57.61819 594.12033 7
e 74.42425 876.66417 8
e 99.60788 498.55229 8
e 92.79897 701.20891 8
e 181.71584 898.48098 17
e 63.06028 751.32113 6
e 287.56572 758.80828 9
e 230.63626 676.50984 9
e 125.18489 858.61787 6
e 179.98584 830.41665 5
e 66.79935 538.62062 7
e 56.49824 746.14991 9
e 106.92546 529.66999 14
e 116.87553 689.88554 7
e 83.66148 891.71489 9
e 38.16926 795.22095 12
e 163.96809 579.95405 7
e 85.68834 521.84472 7
e 215.10444 727.01670 8
e 57.25483 353.41973 4
e 121.02787 801.46751 9
e 4.39056 431.80007 6
e 239.92089 782.53535 9
e 115.78317 803.86684 11
e 59.26710 882.77205 12
e 298.89321 790.99855 6
e 45.20840 520.40871 9
e 44.57541 320.19716 6
e 86.86746 805.94018 7
e 251.45593 549.72126 10
e 133.10690 723.65022 11
e 5.74195 665.69032 9
e 195.27574 974.86129 6
e 40.86217 645.10010 11
e 34.37205 662.29857 14
e 200.80884 630.69324 6
e 107.43803 634.32032 14
e 176.89596 757.94927 7
e 114.84404 724.01709 9
e 56.97733 898.29162 14
e 206.31031 437.36292 9
e 137.25231 522.91771 6
e 130.50004 630.99744 6
e 38.90081 373.86713 6
e 169.27797 935.56907 8
e 228.17784 699.09269 8
e 187.10949 586.19528 8
e 209.05240 701.44496 11
e 137.19080 696.14885 8
e 89.93351 906.13230 7
e 111.96226 375.20898 5
e 157.73752 854.36720 10
e 37.32560 596.51021 10
e 234.26106 858.25655 11
e 213.51919 512.05029 10
e 147.41639 615.13647 13
e 6.84970 514.88889 5
e 159.56003 731.49141 10
e 181.94822 874.31634 11
e 76.64988 806.25354 10
e 86.94434 687.13990 5
e 227.99194 654.49569 9
e 111.33256 826.84219 8
e 167.10551 1078.03493 5
e 103.60161 649.40368 7
e 133.46343 685.42567 13
e 174.83932 1039.12972 6
e 60.54547 719.49423 7
e 96.77614 782.54705 11
e 141.71607 792.85565 10
e 4.11098 546.08247 12
e 30.95668 334.32794 4
e 108.91683 868.17672 8
e 215.31780 527.65456 12
e 7.44787 704.57744 11
e 69.30586 766.47729 7
e 95.56367 627.82075 7
e 80.25836 771.63442 9
e 131.30907 627.34475 14
e 94.70375 789.54658 7
e 140.85717 521.89032 8
e 289.73586 471.25921 12
e 73.03407 485.25101 13
e 45.78758 548.67023 5
e 138.52133 677.91346 9
e 17.92051 1002.77880 7
e 129.18363 803.25121 11
e 194.02508 739.18849 7
e 160.29859 771.22525 10
e 197.11516 802.87086 11
e 261.37467 404.40170 6
e 80.22452 675.18188 11
e 65.32094 919.89944 7
e 175.66318 762.58583 13
e 121.39831 913.57074 8
e 126.40937 685.69106 8
e 200.79449 554.59612 17
e 72.88783 699.87070 7
e 104.74671 590.79050 10
e 130.80841 690.11809 13
e 99.26653 553.64541 11
e 81.52703 714.63426 8
e 306.63202 676.11979 8
e 159.22281 419.07756 16
e 228.10101 701.57041 9
e 114.35044 545.15675 8
e 158.17216 467.61269 8
e 127.53268 950.14598 18
e 91.44961 616.96940 5
e 203.63348 857.86630 16
e 62.78531 647.01436 9
e 167.67874 795.11701 8
e 52.14940 483.26141 10
e 2.27072 758.07563 10
e 281.35635 430.69674 11
e 111.46551 433.40907 8
e 277.50610 720.93339 12
e 157.75112 520.42211 10
e 118.36557 764.70755 9
e 128.16911 866.62855 6
e 79.39915 800.97327 10
e 46.28331 855.42328 8
e 211.10067 582.23252 4
e 267.52973 871.47599 12
e 144.29601 823.34824 8
e 160.29556 664.02840 6
e 151.63876 663.28927 6
e 128.45095 770.55666 10
e 87.46670 786.77540 11
e 162.79397 784.36168 9
e 52.80777 664.22026 10
e 208.88311 614.40786 8
e 6.45734 767.17547 9
e 171.51938 555.77434 13
e 111.78586 680.62643 10
e 182.21919 845.60505 14
e 45.75853 641.98121 9
e 2.10444 959.62516 11
e 55.74588 574.44960 6
e 23.52261 674.87076 11
e 124.56007 977.80308 8
e 17.25849 703.83389 8
e 43.06107 555.77250 10
e 98.63144 1046.79744 7
e 191.26014 917.41835 11
e 159.45894 403.07112 8
e 158.94179 561.88929 10
e 262.51864 953.31348 6
e 47.78323 220.28558 9
e 55.95750 643.69987 12
e 191.48482 584.50887 9
e 236.08349 561.18913 6
e 20.59746 773.05017 8
e 110.31166 806.30059 9
e 227.34832 760.83373 7
e 195.35090 864.48381 4
e 47.46797 982.15563 7
e 60.52849 871.48081 10
e 168.65675 700.36078 7
e 49.98341 731.67208 9
e 60.92392 833.77987 9
e 109.65482 792.90865 19
e 177.13592 537.47099 5
e 118.18407 742.74726 9
e 187.96777 797.97313 6
e 207.47607 302.32681 7
e 178.27552 544.34346 10
e 272.45802 507.66714 8
e 261.58197 149.38253 11
e 200.45308 104.06147 7
e 159.86452 336.13600 7
e 503.77146 465.19826 12
e 200.13112 429.46687 10
e 197.21206 430.29482 8
e 171.35148 384.60038 13
e 350.70430 430.70107 9
e 402.43332 182.80143 13
e 226.82168 335.55133 13
e 269.71010 279.46786 12
e 284.61815 82.90863 10
e 397.35124 423.76273 14
e 261.90251 376.34149 7
e 414.45007 574.82284 8
e 179.15084 231.12333 9
e 228.47933 428.00583 8
e 257.79270 624.43860 8
e 386.14021 423.68911 5
e 227.39682 395.72539 14
e 255.80077 292.31385 5
e 376.10995 515.92658 12
e 206.49340 581.27313 10
e 426.02003 384.04466 12
e 287.76880 301.07457 8
e 268.46166 82.57534 15
e 326.98774 291.61589 9
e 284.56442 302.62912 11
e 205.41877 474.02536 6
e 284.78420 524.54274 9
e 256.58440 650.91067 11
e 188.55561 701.91296 3
e 249.67492 442.35483 8
e 403.24413 380.14254 12
e 433.25355 177.59516 5
e 286.26280 211.50724 9
e 215.95078 405.91577 14
e 324.64160 650.92713 9
e 274.22805 494.85884 9
e 166.72923 352.87667 6
e 448.30887 634.01009 8
e 227.90152 434.72628 12
e 304.40499 135.26049 10
e 507.04487 226.37230 7
e 342.70566 532.30133 10
e 306.06277 614.15104 4
e 306.18692 479.09859 6
e 374.68516 489.84310 14
e 441.20647 289.80024 13
e 223.75328 407.31421 11
e 242.95721 536.11129 5
e 252.59878 470.16239 11
e 440.29579 140.98343 7
e 234.69086 518.68380 13
e 49.12776 485.76387 11
e 420.65518 427.95454 6
e 167.05318 439.04188 6
e 379.28821 544.53391 4
e 331.64839 340.83753 6
e 382.96009 374.70931 5
e 365.65600 300.26871 7
e 173.25453 239.21603 10
e 200.89807 301.59551 11
e 337.46578 393.32006 7
e 297.55719 149.61436 12
e 35.66718 527.32677 9
e 386.71004 321.27226 11
e 118.75600 133.46443 8
e 317.43309 350.40661 10
e 491.93942 436.34305 3
e 207.01005 182.15686 9
e 293.69556 425.90033 7
e 301.44607 332.92299 12
e 308.37826 235.33922 7
e 214.45386 193.13916 9
e 290.65771 133.88306 7
e 317.58514 347.77657 13
e 380.41849 446.76846 10
e 370.21239 349.80434 11
e 185.57051 363.12898 5
e 407.00852 629.77889 9
e 363.60158 150.94432 11
e 273.98202 332.37022 6
e 278.03330 440.25629 13
e 199.62327 404.58908 8
e 280.65882 161.37597 7
e 308.92375 403.99820 10
e 356.79664 594.50093 10
e 359.56512 458.82008 6
e 350.28765 171.95455 7
e 303.38146 335.86461 6
e 221.97979 135.78289 10
e 315.85496 409.58434 9
e 223.40726 249.34120 8
e 517.09140 221.03449 7
e 358.01025 458.68014 8
e 293.19591 305.64803 8
e 406.62902 443.91019 6
e 286.35126 303.04390 11
e 232.76485 592.43110 9
e 383.11494 324.70009 7
e 226.56643 447.23600 5
e 132.04949 369.53985 12
e 311.68606 626.94603 9
e 263.21156 289.34104 8
e 277.04597 370.89998 9
e 358.06485 382.92824 7
e 429.95751 300.56027 10
e 185.92899 33.81568 13
e 301.07814 246.95650 15
e 161.74311 429.78860 5
e 228.30926 133.64117 7
e 323.14891 458.91367 6
e 428.88026 308.77138 6
e 280.63100 360.13814 10
e 122.64299 349.46535 10
e 364.68356 503.83045 9
e 247.46525 52.90642 12
e 232.45923 40.24018 6
e 457.66773 288.38906 4
e 299.66268 557.86092 6
e 156.02706 469.44941 8
e 174.61469 144.35397 14
e 329.31315 686.23858 7
e 327.34514 189.41097 8
e 356.90496 441.53935 8
e 296.61140 205.68405 9
e 362.64808 556.70993 7
e 502.04853 316.62762 6
e 122.26115 160.47595 16
e 86.30258 602.14440 10
e 320.41342 355.76971 8
e 312.16172 493.76167 12
e 160.21515 195.63926 14
e 315.97431 326.80050 13
e 272.19438 275.87891 12
e 335.98145 566.89087 9
e 227.78537 292.88471 10
e 271.32500 168.60094 9
e 225.13069 435.41905 15
e 119.39623 267.55465 6
e 342.35340 557.71034 12
e 256.89961 296.80319 6
e 337.27010 326.12481 10
e 388.90701 245.78835 9
e 267.00731 209.07823 13
e 212.28075 336.98393 10
e 273.55097 583.47152 6
e 197.20788 71.37580 13
e 247.56725 451.29512 8
e 268.25213 256.20278 9
e 232.74040 361.83080 10
e 262.28068 418.19106 7
e 245.38827 193.04303 7
e 266.28780 497.05400 19
e 216.08513 446.61019 15
e 397.63851 570.56429 15
e 295.62206 435.76664 9
e 298.72682 557.77348 12
e 381.15058 109.91345 6
e 287.85925 508.56991 7
e 94.00177 428.83225 7
e 320.97376 299.07424 8
e 352.30567 271.22785 7
e 332.88712 377.69077 6
e 273.73305 162.08314 14
e 190.94365 343.38191 5
e 135.31358 515.31270 13
e 388.29740 394.34051 12
e 8.03144 321.74031 14
e 160.96222 560.32626 12
e 403.01189 545.57905 12
e 352.09754 269.97040 8
e 341.34196 160.24194 6
e 313.49582 261.75628 10
e 253.80660 209.01641 5
e 452.43080 313.26527 16
e 354.20864 427.53931 8
e 218.28835 472.34717 5
e 331.08636 230.89035 4
e 182.37023 282.73507 7
e 331.21414 332.81716 5
e 134.24351 533.54446 7
e 439.41745 381.31476 11
e 112.91862 588.19118 14
e 117.52322 222.85510 14
e 392.38069 278.59968 9
e 86.18500 444.50529 3
e 317.66588 335.31285 9
e 424.62964 200.26105 7
e 312.00677 467.72915 9
e 313.79267 602.03858 9
e 238.63171 502.06204 15
e 264.59257 208.80605 13
e 170.25149 561.85441 11
e 247.86186 880.31647 10
e 336.20421 644.20459 10
e 331.27208 460.77871 12
e 269.57194 68.50994 10
e 151.79215 504.54692 13
e 363.25273 398.33109 11
e 199.40397 271.04100 21
e 282.12325 494.18558 11
e 242.67162 122.23060 12
e 290.23888 447.86112 13
e 309.25214 388.85662 7
e 338.87854 293.96564 5
e 350.81840 190.47207 9
e 182.94294 395.48210 6
e 363.56312 376.05428 8
e 328.17545 336.58591 10
e 238.49371 588.95490 10
e 182.47089 225.53859 7
e 148.45690 562.20773 12
e 287.65368 529.74544 10
e 201.73684 619.10292 6
e 439.31059 469.66940 14
e 192.53765 281.16465 10
e 303.53651 409.68429 10
e 345.47371 91.69467 10
e 310.59026 652.19714 5
e 145.43958 289.71695 11
e 278.15591 372.95585 8
e 478.28427 306.38777 11
e 323.99786 377.50966 7
e 252.56777 246.63826 9
e 211.26361 572.16591 6
e 212.66568 75.25527 12
e 360.58129 573.20762 15
e 174.60386 261.72151 11
e 441.85907 361.17685 12
e 425.71923 77.16193 5
e 296.87235 347.55523 6
e 360.20653 88.89469 6
e 349.18228 488.11063 8
e 223.45127 399.84748 15
e 329.09692 368.62276 9
e 107.78287 268.02981 8
e 122.58765 213.73203 13
e 75.26117 268.06682 4
e 310.60958 463.32385 8
e 327.47493 455.64699 9
e 269.63694 195.24051 5
e 307.64445 252.22272 11
e 381.82996 474.48084 14
e 373.49588 235.49757 15
e 309.35788 353.02145 6
e 189.66428 491.14129 10
e 426.76487 323.62420 16
e 408.19372 251.06511 11
e 300.25139 201.37311 5
e 320.25844 398.01404 10
e 333.52277 292.79275 11
e 199.40221 262.84232 8
e 251.87683 550.47003 11
e 373.67499 553.35049 8
e 153.36898 203.09569 15
e 317.97820 347.05058 8
e 533.63038 265.38376 7
e 399.47405 707.67064 11
e 403.69992 315.28563 9
e 279.23656 381.94799 8
e 230.79728 292.69126 6
e 215.40494 353.81534 9
e 403.73186 402.44453 13
e 388.24160 622.29781 12
e 216.98644 314.31601 7
e 316.21180 343.91889 11
e 359.62710 403.82560 8
e 339.23352 309.14482 9
e 396.62326 288.65695 9
e 228.80024 304.43702 6
e 200.55811 495.94860 14
e 104.54612 569.82927 5
e 277.98624 293.15676 10
e 403.38982 348.53677 10
e 191.47452 592.48005 6
e 229.99170 213.33491 7
e 290.73244 162.41318 12
e 216.43876 420.47799 10
e 318.25262 525.30776 9
e 271.19955 455.84379 5
e 322.62125 521.07366 8
e 398.87257 358.26956 10
e 184.56209 506.55362 14
e 348.89783 231.69018 10
e 242.79846 283.27574 7
e 327.51839 254.64697 13
e 278.54495 482.25454 19
e 221.26314 157.51431 9
e 135.23502 547.47512 14
e 167.50645 326.76436 4
e 226.77754 261.54607 7
e 231.36156 595.80721 10
e 288.79545 439.20297 10
e 421.33871 539.36943 11
e 176.42140 318.20670 10
e 298.45417 477.71019 5
e 243.36756 329.77138 6
e 234.85006 587.00094 15
e 294.06339 242.99254 5
e 296.17838 290.73631 10
e 230.46872 467.39067 8
e 195.21947 289.17567 5
e 424.10465 82.42248 18
e 327.01958 474.04117 9
e 94.68245 416.97404 8
e 362.81504 359.03442 9
e 282.93543 407.07202 10
e 145.10617 468.60938 6
e 141.05438 449.30347 5
e 156.27167 378.29715 13
e 324.53513 261.59896 10
e 237.22500 354.83225 7
e 249.35394 445.71697 10
e 250.88244 312.90631 9
e 328.77897 248.44272 9
e 182.50895 352.23933 15
e 347.42406 349.01273 11
e 405.61644 224.89651 10
e 339.71570 449.04411 8
e 395.46848 363.18758 14
e 392.13628 267.59040 13
e 264.67427 445.54860 7
e 176.63663 409.23528 7
e 283.00664 566.43016 11
e 530.68208 557.93936 9
e 244.82388 502.30577 8
e 419.29866 466.57554 7
e 166.56387 258.90899 7
e 217.42188 384.56800 11
e 93.77116 367.49913 8
e 297.25369 507.31482 9
e 276.51392 402.49816 12
e 281.47534 394.26676 11
e 289.80828 248.03910 11
e 195.53335 358.69049 6
e 299.50445 127.57230 11
e 323.18415 286.85177 10
e 178.47483 147.08209 8
e 416.98037 459.93444 10
e 275.67723 399.82136 6
e 273.06780 458.87935 5
e 280.63630 523.01085 8
e 331.57776 257.05958 9
e 215.44581 433.57453 11
e 339.90854 390.79572 5
e 231.93701 412.60965 6
e 248.58171 401.49301 7
e 299.04090 474.24810 10
e 264.00633 275.82221 12
e 263.76205 74.54500 6
e 335.97286 289.80005 9
e 313.47171 271.92049 13
e 226.82657 415.64140 8
e 114.09696 618.23699 12
e 342.98433 379.07448 10
e 290.16488 302.52710 9
e 300.61784 491.47617 4
e 255.74815 384.10572 10
e 179.72933 262.64417 6
e 411.71203 207.54547 12
e 378.10066 441.06239 6
e 269.99678 429.30566 12
e 188.57385 527.83383 5
e 281.12879 517.40096 8
e 184.23377 293.52344 8
e 289.97522 571.14903 12
e 275.21072 462.99648 11
e 323.19228 369.59082 10
e 381.65610 334.02713 5
e 265.97048 488.67325 9
e 252.97012 349.13493 12
e 221.79946 601.72670 9
e 278.70604 391.02148 9
e 139.16288 682.06003 9
e 501.91700 665.51490 11
e 392.84750 549.08204 13
e 260.43822 200.56030 14
e 258.39443 474.65413 5
e 271.34935 421.73501 16
e 190.35211 375.85925 12
e 274.85720 500.31864 11
e 299.03798 613.73135 8
e 216.09431 329.55384 4
e 282.79187 406.06438 8
e 462.70158 378.70002 8
e 349.41344 236.34788 7
e 285.87307 498.20731 7
e 413.00992 660.43272 12
e 408.34395 494.26297 8
e 308.10831 318.75267 9
e 159.39006 180.75958 5
e 270.98927 386.07879 16
e 214.81218 228.65094 10
e 155.20740 405.79885 13
e 227.48870 287.36988 7
e 552.10775 728.56017 14
e 533.69903 771.24960 7
e 717.71796 496.73504 8
e 640.64692 543.28344 8
e 597.23862 856.88246 11
e 676.82627 639.82663 7
e 567.66993 862.07415 14
e 561.00144 810.21094 9
e 490.62073 657.43763 13
e 568.79197 721.42471 11
e 638.28587 1006.75414 7
e 671.06055 621.39961 8
e 622.25452 791.60856 9
e 536.85218 720.43776 8
e 687.69078 880.49929 16
e 596.78247 799.68535 13
e 620.55930 328.39727 11
e 623.80916 678.30379 11
e 599.28680 721.45669 9
e 648.77655 782.84896 11
e 495.25530 781.65577 8
e 542.62187 549.25362 6
e 574.16547 704.51655 15
e 717.93251 920.35306 6
e 563.80718 682.53784 9
e 611.45929 464.84962 10
e 459.45583 546.41960 11
e 610.56786 688.04688 3
e 613.06951 598.92669 15
e 587.74846 663.27242 9
e 531.56932 754.60192 10
e 611.67559 670.10827 7
e 598.09832 816.74457 10
e 694.75397 456.87205 7
e 589.79158 806.12322 9
e 699.71212 901.61197 12
e 630.61909 755.77743 12
e 628.98771 640.77533 8
e 578.52423 754.77116 9
e 617.56301 568.16008 13
e 707.26982 776.54258 12
e 613.55994 731.77825 6
e 621.69124 743.11797 6
e 701.74979 478.61560 13
e 656.02435 416.88101 10
e 605.46443 697.78010 11
e 542.30225 707.89368 12
e 705.25219 666.20385 10
e 662.25700 855.51273 13
e 678.68509 649.38248 7
e 555.43908 596.81384 11
e 677.94120 591.19300 9
e 527.21239 801.00893 7
e 528.85235 574.33863 8
e 598.98826 846.32616 8
e 591.75673 488.99030 14
e 537.01915 767.06989 6
e 428.30524 520.88041 8
e 478.47495 752.41474 8
e 599.97038 924.12976 8
e 643.89091 333.35763 6
e 662.48653 450.65451 10
e 627.90188 341.60755 7
e 620.26252 683.49512 12
e 568.24819 726.25775 12
e 503.55637 653.64949 8
e 683.16992 424.40616 12
e 588.89433 682.99368 8
e 493.25401 615.89342 6
e 679.96903 537.22180 9
e 501.96304 426.64692 17
e 669.15776 669.62479 7
e 567.91283 815.75574 10
e 517.93936 618.55049 7
e 639.06170 379.38256 12
e 651.76380 665.14336 8
e 699.51210 674.85456 12
e 709.24031 772.80609 11
e 683.75843 549.51429 12
e 691.20710 774.63512 8
e 649.44865 708.99371 6
e 717.87596 717.58906 9
e 669.09109 753.87781 9
e 533.74198 769.71619 8
e 689.29559 661.03129 7
e 553.89304 969.64862 15
e 672.41524 752.66649 9
e 570.71432 929.72595 9
e 621.12252 532.54676 12
e 536.67225 607.29620 8
e 617.95521 711.11806 9
e 540.47441 554.42123 8
e 626.47197 504.29934 12
e 534.40344 543.95141 8
e 713.00967 452.48354 16
e 454.67202 865.27182 6
e 638.94286 335.56981 8
e 497.22263 975.41286 9
e 573.08452 516.98260 11
e 686.18972 601.47895 6
e 485.73382 662.06139 11
e 679.66472 425.89609 13
e 699.35882 523.68948 6
e 576.95343 742.47098 12
e 584.19885 612.48259 6
e 607.73275 851.36682 8
e 630.76297 568.42355 7
e 561.71319 520.98783 14
e 517.29999 606.29433 7
e 666.73369 402.94462 12
e 562.50376 745.61616 11
e 602.72723 370.99645 8
e 663.97750 633.73681 13
e 683.36788 380.47270 10
e 251.35646 593.70132 11
e 663.97062 560.59651 6
e 528.44766 684.03832 8
e 447.30469 446.17639 12
e 614.50721 805.38433 8
e 530.64016 595.80488 10
e 422.09903 535.23962 9
e 681.30677 566.22566 9
e 634.13679 503.43441 10
e 684.44239 445.71830 12
e 681.66668 1046.89215 10
e 580.52102 622.82820 9
e 529.47417 678.40176 8
e 573.05061 607.31908 12
e 412.93509 502.68614 8
e 586.27141 700.12420 11
e 700.69698 708.44381 11
e 666.53896 503.56087 9
e 486.32577 517.94660 7
e 591.45393 378.33586 10
e 578.27015 511.96961 11
e 585.25458 830.72808 15
e 662.92431 851.57486 9
e 636.16084 848.54855 7
e 700.32182 806.45734 10
e 668.04104 717.92032 9
e 559.46910 429.70107 7
e 648.83385 781.06586 9
e 520.34997 494.73187 14
e 558.95330 643.06196 7
e 586.73456 693.00492 21
e 583.49486 835.90887 7
e 621.28347 574.35517 5
e 583.79964 658.03160 6
e 625.71735 754.80764 11
e 496.66049 614.80074 9
e 654.51711 901.90013 10
e 621.34796 690.52936 7
e 661.70026 416.24157 10
e 627.31163 489.09063 14
e 562.01809 640.62656 6
e 654.47555 867.84036 11
e 678.08035 860.23665 8
e 638.81246 759.63628 7
e 559.86144 650.12118 3
e 627.06069 661.23844 6
e 504.51963 629.29050 7
e 604.44006 617.59110 9
e 566.31375 755.80715 10
e 462.33428 981.89096 13
e 683.46082 1028.02874 7
e 633.04840 510.81036 13
e 561.77659 802.42845 10
e 663.07596 530.87252 7
e 624.62652 817.82047 7
e 530.66553 636.33325 12
e 529.14281 640.89746 8
e 694.78679 945.97498 8
e 522.59440 701.17963 8
e 714.53430 961.04464 8
e 578.96998 593.72952 14
e 652.41018 869.24577 8
e 611.92354 499.93113 7
e 698.65963 762.54771 8
e 643.61518 476.29080 8
e 700.98969 897.15849 8
e 638.16147 617.55022 10
e 579.12071 838.56299 10
e 576.05460 492.28576 11
e 605.96133 766.93088 9
e 682.72236 690.39892 11
e 521.27862 903.00331 4
e 606.15104 444.77887 9
e 687.41322 808.55836 6
e 624.61663 648.90263 7
e 501.39328 580.41639 14
e 627.76081 728.22557 8
e 633.30379 1052.57053 6
e 606.70073 700.55708 7
e 487.61975 484.02845 13
e 624.62247 807.36440 10
e 564.79582 248.40030 6
e 526.19682 652.01124 6
e 628.85112 627.08669 10
e 623.43524 806.25334 9
e 525.85401 540.73763 10
