c ./output/rectangle/gaussian/gaussian-rectangle-6-4000
p rectangle 4000 720.00000 1080.00000
e 354.18563 508.63912 8
e 199.90008 164.47816 9
e 372.41587 494.19985 9
e 397.93419 380.66309 7
e 285.54681 632.36042 4
e 401.38711 587.07184 8
e 282.70656 446.60010 11
e 463.42611 468.52388 9
e 343.04320 608.42171 14
e 324.03251 814.60323 8
e 479.51550 672.76304 9
e 289.43211 526.13088 8
e 293.94711 644.21953 13
e 516.34081 533.53654 14
e 356.18840 520.65903 7
e 376.45697 779.99501 14
e 388.18597 625.74006 9
e 398.39849 158.99057 8
e 327.54373 511.16239 9
e 345.26335 424.22172 11
e 398.34590 169.84136 10
e 426.89344 591.20000 10
e 326.79911 656.05114 12
e 329.75861 611.67355 10
e 448.78456 552.68547 7
e 439.14858 843.47333 21
e 435.17683 537.74060 9
e 389.49316 973.10106 11
e 348.54980 488.47790 9
e 320.22736 393.21811 8
e 448.86276 607.13852 11
e 340.50760 512.14125 9
e 364.59130 610.48209 10
e 403.47283 577.09034 9
e 428.42911 514.61888 8
e 386.35096 536.97498 11
e 324.59310 323.44613 14
e 390.45579 405.77669 13
e 270.93896 640.98958 8
e 447.95704 510.39063 8
e 413.09732 351.76626 14
e 341.33317 394.45161 7
e 461.76192 419.19017 7
e 394.55670 561.97490 10
e 369.34103 463.23362 12
e 442.29306 465.72771 6
e 417.30440 564.22585 10
e 318.87940 539.26027 8
e 233.02402 569.50014 11
e 348.52424 516.05073 9
e 308.70272 500.85791 5
e 379.73876 296.96168 16
e 395.46847 510.27783 8
e 569.69759 442.48406 7
e 334.65714 432.64007 8
e 355.63542 233.21988 8
e 263.93334 502.92050 8
e 321.29913 562.51681 14
e 288.69014 406.37066 10
e 380.25772 494.23998 9
e 390.79042 678.46620 7
e 492.74300 732.77625 13
e 415.96155 443.85012 19
e 268.26752 185.44138 13
e 482.39442 436.21200 9
e 389.42283 535.12179 10
e 365.56132 475.60738 9
e 382.75422 338.93472 10
e 587.97486 582.00374 6
e 354.27125 394.65311 7
e 368.74063 746.25234 11
e 438.26193 492.76234 8
e 478.27081 472.20472 8
e 232.52109 504.58638 10
e 294.32183 418.59755 8
e 507.20348 509.26214 12
e 362.49630 636.05880 11
e 347.08222 549.36659 14
e 356.14107 144.88063 15
e 395.41925 335.35540 7
e 420.26576 349.21071 8
e 307.65266 631.44874 10
e 219.17271 57.45305 6
e 343.49283 733.05244 8
e 213.73481 608.67754 6
e 450.43243 460.28644 18
e 479.79179 622.64766 9
e 314.39769 339.90714 11
e 446.98430 462.96383 11
e 307.76652 537.81714 4
e 312.47811 317.08353 11
e 404.48352 567.61925 14
e 688.06042 457.95735 5
e 367.59740 487.90724 10
e 533.88485 353.97729 4
e 267.15839 630.83124 5
e 337.44577 502.38470 7
e 535.87070 414.41377 13
e 316.13389 230.26507 9
e 413.77565 474.86438 8
e 362.61767 573.21073 6
e 501.59393 581.27081 18
e 571.52870 540.13410 6
e 678.12306 436.48434 13
e 347.46433 681.36847 12
e 357.15239 140.44299 8
e 417.27950 729.79101 10
e 374.39452 334.29996 14
e 299.48977 514.71315 9
e 382.19319 429.14521 10
e 283.97310 538.88427 10
e 331.74524 603.18768 13
e 230.93349 395.30477 12
e 333.29058 281.00503 7
e 538.41991 585.95857 7
e 412.79877 551.66193 7
e 427.97679 427.94422 3
e 428.90256 195.75922 9
e 305.98532 547.10043 7
e 210.98168 502.13491 10
e 359.62908 240.80429 8
e 327.19083 477.22836 10
e 335.31059 358.76034 8
e 320.58983 387.70985 6
e 497.26896 575.28842 8
e 380.79389 677.29278 8
e 385.45872 493.70293 8
e 279.36041 644.27508 10
e 335.70828 497.79868 15
e 466.82728 509.07859 6
e 384.58199 630.64030 7
e 366.65174 312.03412 15
e 354.15957 627.80237 8
e 479.78929 522.71633 7
e 244.05127 403.91633 5
e 390.25883 334.00023 12
e 432.43302 417.71401 9
e 374.48079 387.42337 6
e 347.23762 572.37410 14
e 330.70029 156.03006 12
e 520.52985 467.20348 5
e 443.90483 349.82901 5
e 309.90993 429.32430 5
e 365.51311 535.23889 5
e 352.87542 624.05350 10
e 348.65710 708.11535 12
e 345.30253 759.38922 13
e 438.48997 166.49186 14
e 454.21552 499.00061 6
e 339.03485 648.76242 6
e 504.16456 225.81672 7
e 462.03074 301.39622 9
e 241.01655 504.45288 10
e 391.90298 215.93079 10
e 292.47142 598.29046 10
e 297.96079 360.25428 7
e 298.54581 320.82260 6
e 390.75311 308.91950 10
e 338.91186 159.25643 5
e 137.65790 504.50654 12
e 412.80501 213.53847 8
e 414.59950 412.29859 8
e 286.37825 278.28404 6
e 457.91333 613.49971 10
e 395.54688 482.32039 7
e 340.62856 708.59445 9
e 447.22395 340.98709 10
e 329.48325 427.88611 15
e 240.11353 363.56504 4
e 242.26635 379.29365 13
e 401.47966 302.27416 14
e 309.68156 283.76875 13
e 326.10106 777.94240 6
e 401.41188 565.16147 12
e 136.89020 406.37973 13
e 343.95147 242.55540 9
e 222.56219 349.83743 11
e 519.00446 722.93436 10
e 447.11851 663.14423 11
e 410.28049 259.92683 12
e 317.89090 203.29922 8
e 301.88203 664.66468 9
e 319.58540 409.16659 11
e 267.19148 595.78966 4
e 300.89845 404.88990 12
e 258.30928 551.32137 9
e 553.56055 522.82291 7
e 468.09814 457.25934 12
e 345.83286 492.83461 10
e 265.12230 381.69109 11
e 502.64963 422.07568 11
e 555.61348 647.02682 7
e 381.10845 689.81262 4
e 399.16217 548.88458 7
e 451.71084 426.44709 8
e 384.12812 318.57091 6
e 494.55173 375.17897 6
e 343.76738 615.75180 6
e 535.94071 528.66156 8
e 339.27272 220.20471 11
e 397.84487 313.29707 9
e 461.78365 507.27135 9
e 256.17610 354.14487 7
e 377.38407 677.69804 10
e 428.10985 412.44189 11
e 281.98890 321.40143 5
e 199.41577 365.55460 7
e 540.51304 453.67230 8
e 483.87516 266.32109 9
e 328.04390 710.97636 10
e 311.83567 425.43537 9
e 420.16748 349.80000 6
e 441.48057 431.23106 9
e 470.64407 570.67827 9
e 437.31152 672.08424 14
e 423.32726 347.19734 6
e 247.59054 480.90545 11
e 152.78679 412.52697 5
e 196.31034 288.58215 13
e 218.49807 51.01488 9
e 131.98987 200.35277 12
e 380.37315 579.14219 12
e 157.54434 492.14296 8
e 357.72776 384.25755 6
e 387.11091 380.47600 10
e 344.60149 453.24216 15
e 429.25454 640.53570 9
e 305.55028 379.30437 5
e 265.65875 350.82847 4
e 439.34246 649.81897 11
e 452.69264 282.35509 7
e 393.90855 300.12415 6
e 417.00246 404.60660 7
e 316.63050 392.50508 10
e 393.99211 622.02227 13
e 339.74478 288.90818 7
e 350.89016 371.65673 11
e 202.97619 218.89870 6
e 398.03648 299.74047 7
e 293.34343 516.64147 10
e 402.58172 345.79150 8
e 357.00855 635.68387 6
e 413.91124 287.75358 13
e 290.44980 457.12564 12
e 407.11704 283.95935 11
e 265.82357 596.20370 12
e 271.31944 469.53360 10
e 145.69613 567.77998 9
e 262.23311 609.56194 11
e 419.02177 428.03840 9
e 437.47894 230.57884 9
e 301.51820 487.06400 8
e 391.59655 712.41473 7
e 393.25738 469.85692 9
e 487.00970 466.81774 12
e 449.22831 843.83391 6
e 441.35007 565.24216 6
e 460.10082 344.33864 8
e 252.51887 730.25577 9
e 456.72291 609.97099 8
e 461.08145 632.63880 5
e 397.05116 527.15318 9
e 236.12468 381.57092 7
e 497.25611 510.70728 12
e 367.87574 439.48128 13
e 305.24882 378.83485 8
e 395.25031 553.68735 10
e 331.29210 708.16044 13
e 417.00441 742.49056 13
e 469.31303 408.33989 8
e 246.63694 658.69664 7
e 487.75865 210.44838 9
e 390.17492 378.34681 7
e 311.03458 196.11997 13
e 436.92038 530.39690 7
e 332.55628 253.16800 9
e 374.62615 743.02233 10
e 320.80110 417.31645 10
e 406.46999 175.96404 5
e 345.71176 408.75176 10
e 357.76792 540.29301 9
e 327.92037 858.67874 7
e 265.68832 631.76704 7
e 505.51584 368.15831 5
e 332.33883 310.55200 11
e 105.54854 588.24039 5
e 472.81210 436.75862 8
e 367.08447 749.60325 11
e 548.96137 701.58366 15
e 342.96201 685.48350 15
e 344.62352 340.86323 11
e 360.73092 754.78625 9
e 394.50060 102.98874 7
e 410.11768 736.51188 10
e 325.92013 581.33726 7
e 344.07493 487.58916 15
e 236.24783 841.08320 6
e 387.78268 438.66948 13
e 331.07369 601.09178 7
e 265.37904 433.75800 9
e 261.81347 654.14938 9
e 317.44007 553.45643 8
e 461.52166 265.75013 13
e 306.52870 439.38446 12
e 146.72159 647.71630 12
e 298.93881 405.26142 7
e 343.17560 433.74669 4
e 292.86536 612.66620 12
e 379.65024 626.80085 12
e 419.76727 398.80007 5
e 382.27818 754.49271 9
e 474.58560 363.30873 9
e 423.61609 697.12723 9
e 266.37879 628.29276 11
e 499.01195 231.72164 9
e 411.39419 436.07410 8
e 410.49073 565.44878 7
e 277.36756 561.39764 7
e 254.16441 455.77560 6
e 381.81739 427.13669 10
e 278.61221 198.13533 8
e 346.26953 501.21990 13
e 431.20702 620.94691 11
e 356.85671 272.36617 7
e 332.34128 478.00046 6
e 357.54353 614.89123 9
e 520.51658 663.98757 12
e 405.39402 478.54949 9
e 292.89382 430.23483 11
e 503.57387 187.72744 14
e 278.14932 451.68098 9
e 423.03595 583.74768 13
e 495.24366 608.22431 12
e 320.36086 345.45480 9
e 438.86650 505.29862 8
e 322.53592 569.83741 7
e 385.59250 631.31693 4
e 455.10508 397.34820 13
e 332.28176 732.52615 9
e 403.00934 314.05421 9
e 428.43952 421.07306 11
e 376.22010 514.33693 11
e 459.10757 353.40516 7
e 369.72830 423.35365 8
e 194.12025 564.30813 9
e 438.19416 486.85885 7
e 298.57586 695.62172 8
e 490.81236 189.01724 7
e 393.96779 605.59613 12
e 218.09064 465.56031 11
e 526.73194 272.91709 10
e 245.90769 433.35493 8
e 288.09445 466.50550 9
e 140.28438 267.73071 14
e 541.52167 664.33763 12
e 403.69024 377.94469 7
e 444.04330 613.49088 13
e 385.83421 312.14586 9
e 302.63869 315.25905 9
e 377.32226 622.05627 4
e 426.64550 579.98358 4
e 481.97096 565.77623 6
e 269.30820 362.77388 11
e 400.37163 256.32163 10
e 347.76585 395.44729 11
e 398.62942 109.14425 4
e 387.00016 342.63315 9
e 379.01261 368.53992 10
e 502.13127 366.24248 4
e 436.13558 473.42925 12
e 398.39745 600.82165 12
e 372.52913 622.59780 9
e 307.78338 556.69625 11
e 187.04426 545.99082 9
e 238.07262 642.09715 12
e 443.22005 527.41590 7
e 269.72290 562.83783 9
e 421.85239 518.34577 10
e 263.26913 354.33847 10
e 476.10788 823.93454 4
e 346.88672 624.23391 8
e 526.13815 456.59229 5
e 413.33121 748.71910 10
e 408.96691 461.15792 12
e 327.43488 533.29557 9
e 445.65444 544.49412 6
e 292.55151 417.43366 15
e 338.81495 463.47732 6
e 179.83528 518.37578 8
e 383.51192 382.90844 3
e 369.39672 299.57217 5
e 157.03000 594.67649 5
e 348.80482 442.43827 12
e 432.12838 506.76844 6
e 514.01693 501.42303 7
e 473.52211 494.69466 7
e 350.70772 459.03374 8
e 323.16280 604.34637 13
e 446.63265 257.03212 12
e 281.88371 381.05546 9
e 206.81233 343.91299 10
e 511.85600 757.22266 8
e 223.71278 466.37390 2
e 441.27154 383.38055 11
e 267.09587 463.05428 11
e 370.87531 396.86821 11
e 269.16718 413.11007 8
e 334.31542 583.56847 7
e 320.67542 527.37416 6
e 506.18634 619.27293 7
e 491.00969 576.93500 8
e 263.66531 459.64966 8
e 406.65460 411.87461 8
e 420.91766 156.33520 10
e 266.72013 448.02913 9
e 232.89448 484.88448 12
e 320.46754 427.79362 9
e 271.32906 400.79089 8
e 364.26129 495.50657 11
e 501.44617 366.70203 11
e 487.99061 433.95633 11
e 389.54774 535.84875 16
e 347.57933 563.88908 9
e 424.42845 718.23139 7
e 306.97451 427.66880 7
e 374.38489 301.50495 7
e 489.77456 443.87611 8
e 355.92678 711.58107 10
e 314.32153 667.77404 8
e 324.82763 705.44488 8
e 343.31528 464.25193 8
e 373.76579 313.83448 9
e 455.86863 314.43914 5
e 428.95224 633.35024 4
e 423.93237 234.22721 12
e 328.68577 513.58087 8
e 542.04410 553.76530 10
e 494.08914 521.31135 9
e 441.18797 969.37676 13
e 224.82490 257.36095 8
e 407.43894 615.19649 7
e 223.61979 211.48503 11
e 389.09215 482.41486 12
e 365.37234 590.25104 10
e 404.71779 101.62982 9
e 262.91166 380.39490 8
e 444.52177 339.65387 19
e 325.23351 282.83661 9
e 382.60024 682.69581 13
e 343.59872 331.23314 8
e 313.15677 569.24257 10
e 483.90899 474.46219 9
e 271.97440 589.46127 6
e 390.17981 449.53091 7
e 488.19829 546.65906 11
e 273.25860 580.39942 9
e 389.34385 481.86049 13
e 444.05710 334.83792 9
e 359.55529 384.06848 11
e 346.11248 554.81012 9
e 372.43730 577.45877 11
e 321.60408 409.82037 13
e 401.93729 490.72300 15
e 502.69556 697.14781 10
e 356.22121 265.36473 9
e 292.32161 168.78315 10
e 319.78189 728.47079 13
e 295.57403 166.48434 8
e 419.14098 507.30349 15
e 358.27165 382.30642 9
e 439.46018 543.13190 6
e 268.38178 702.88102 9
e 360.98970 420.71748 11
e 284.36196 270.42462 9
e 445.24400 193.19086 12
e 418.76165 604.50690 8
e 253.62451 265.49285 8
e 364.79490 401.62967 13
e 359.11926 426.65412 11
e 354.32782 527.13959 12
e 331.09146 311.49306 8
e 173.17582 503.92916 6
e 391.40644 689.84160 7
e 330.63904 561.58138 6
e 374.57089 642.70250 16
e 370.80409 476.10499 9
e 415.34592 544.61361 14
e 444.02444 476.04971 9
e 439.84531 325.89988 11
e 325.82428 313.07422 12
e 444.51994 732.40946 9
e 503.29748 377.42654 10
e 396.60726 473.06683 12
e 380.47190 551.84967 11
e 380.59793 626.56698 7
e 343.34612 484.46617 8
e 385.54423 475.22612 17
e 495.22929 465.69989 5
e 519.92523 266.91608 7
e 410.88345 376.69149 10
e 371.91015 460.91829 12
e 419.60576 603.81548 7
e 246.51473 739.57820 15
e 552.55357 502.78409 13
e 297.88885 509.28448 8
e 362.75964 503.00664 5
e 271.84434 348.46690 7
e 396.63185 601.67117 12
e 370.88810 196.89332 9
e 296.28443 450.31246 9
e 563.46536 449.11086 13
e 564.33754 647.71437 8
e 350.63685 615.50746 9
e 489.63553 385.83964 6
e 284.18501 613.77394 11
e 452.28181 637.66493 8
e 353.47629 608.61811 14
e 462.50500 496.17072 8
e 309.38361 450.96394 8
e 277.43992 689.78701 10
e 339.78478 466.36695 14
e 266.12490 434.43662 10
e 448.44028 658.39185 7
e 393.62811 638.24387 17
e 154.22686 658.17514 5
e 457.28044 350.28555 14
e 304.43552 149.40362 12
e 455.68574 539.85654 12
e 403.90058 689.38318 10
e 232.35359 298.32039 7
e 566.05193 649.04773 7
e 326.20507 393.97514 9
e 361.02238 569.72790 9
e 385.23109 306.05325 10
e 306.51102 787.33049 6
e 434.22278 597.88817 14
e 243.17430 367.84995 13
e 289.92220 701.55326 6
e 277.39473 498.12966 11
e 361.45855 519.88436 10
e 344.32843 283.10251 12
e 328.60994 552.24833 9
e 399.81860 422.82273 10
e 321.18625 548.93523 12
e 491.77615 494.78906 7
e 374.03972 247.24846 8
e 349.64558 360.15491 11
e 383.21697 356.89014 13
e 291.47763 343.81134 6
e 254.37502 364.83689 8
e 281.02443 608.51726 6
e 444.69887 257.60633 7
e 333.76719 316.23829 12
e 382.35502 492.79138 10
e 255.55390 487.62931 8
e 321.94733 330.72928 9
e 302.32045 217.96487 10
e 331.12641 677.39026 5
e 335.33244 433.27796 9
e 389.07531 457.73561 13
e 523.77245 387.32986 9
e 351.76929 583.87667 4
e 401.39436 447.90150 7
e 399.80623 236.46215 6
e 315.22045 782.14199 11
e 481.30223 469.31848 10
e 256.11250 321.81069 10
e 395.58807 428.08600 6
e 492.45322 461.55329 8
e 268.57565 623.82812 8
e 318.50898 623.77633 10
e 311.80983 287.80073 6
e 195.43404 514.71704 7
e 403.41213 617.65148 10
e 369.26328 517.24863 9
e 323.78828 527.25434 9
e 290.19602 597.00443 11
e 351.15178 470.59223 10
e 318.35183 723.51903 6
e 290.55077 526.57647 12
e 333.15682 477.60258 16
e 451.14202 531.55950 9
e 373.23577 535.47826 8
e 384.72721 317.59871 9
e 169.75958 328.50245 8
e 398.39612 532.75312 10
e 356.62747 295.35374 7
e 342.14741 396.59705 7
e 437.68992 659.42958 10
e 268.01869 611.28354 10
e 307.02183 605.38582 5
e 342.51569 604.65302 11
e 392.22038 574.04958 11
e 173.36252 356.10157 9
e 301.88867 506.39099 9
e 262.55931 602.43178 9
e 152.29619 606.04718 15
e 357.74167 628.12936 14
e 183.47326 191.12376 10
e 247.79538 360.41659 10
e 353.14272 611.16747 12
e 301.63824 361.15665 9
e 506.37681 218.73549 9
e 328.92373 281.51303 7
e 426.18233 714.22476 11
e 592.66366 382.62625 11
e 431.01142 973.93202 11
e 304.14131 472.50763 13
e 301.23817 652.27120 15
e 356.81335 660.84624 7
e 454.19133 302.82236 5
e 343.32190 532.87389 6
e 439.05178 471.63104 8
e 434.85480 662.25203 8
e 306.14487 598.88075 10
e 376.54845 173.87304 14
e 499.64683 537.40514 11
e 347.91086 600.27054 6
e 353.92598 275.63182 16
e 305.19867 424.03351 8
e 373.82153 616.62801 12
e 438.48728 478.83986 6
e 294.48734 321.82758 10
e 604.62928 389.37717 11
e 492.59130 258.81453 11
e 344.89070 181.00299 3
e 450.49919 529.64761 13
e 410.90463 272.80682 10
e 331.93482 582.21068 6
e 396.05331 510.59959 6
e 486.42670 466.98088 8
e 256.67548 289.57063 11
e 382.01777 372.02305 10
e 504.71339 445.25354 12
e 515.90128 376.36381 6
e 461.28087 533.18657 5
e 493.91693 420.86684 10
e 491.56938 404.81299 9
e 403.53578 696.56119 8
e 224.49552 409.35129 4
e 402.62987 638.02737 11
e 251.11288 341.56103 11
e 270.60259 637.89568 8
e 499.60622 257.01715 11
e 366.31201 649.95793 11
e 184.87907 449.98921 11
e 556.04399 436.34993 13
e 383.14432 647.01448 7
e 391.06420 667.26552 9
e 275.39107 406.64468 11
e 294.09370 522.12596 8
e 409.71501 481.41229 14
e 384.76475 774.03366 9
e 388.86823 245.77869 10
e 448.98460 412.36901 11
e 392.05898 379.32278 11
e 459.33073 574.67748 6
e 206.02603 377.37907 3
e 458.77919 412.55105 13
e 284.74330 376.68874 9
e 388.58458 710.42042 4
e 360.89203 434.09983 8
e 369.76111 402.07735 10
e 257.98533 591.76810 9
e 312.10494 468.16191 10
e 422.53974 373.35775 9
e 349.13250 539.29713 7
e 470.33750 446.42376 12
e 268.37400 472.96360 7
e 317.93404 233.50162 6
e 204.50745 379.47115 13
e 402.15558 336.73311 9
e 477.17234 271.50175 9
e 281.93029 678.63667 10
e 269.49663 405.99297 7
e 388.22050 614.52883 9
e 324.36612 409.59333 7
e 410.20101 589.33618 8
e 321.61744 610.37102 6
e 248.89330 482.29859 10
e 513.62993 584.69826 11
e 356.90859 477.17440 8
e 289.74040 484.56396 7
e 355.38743 293.61396 11
e 341.39302 368.03913 9
e 363.74647 187.86389 11
e 372.66557 595.52519 7
e 327.33319 420.85474 11
e 583.06713 423.14529 6
e 379.24737 361.03561 13
e 315.87243 540.85626 12
e 356.06903 685.24354 11
e 377.11071 524.47595 7
e 208.04117 904.38620 10
e 417.42162 624.57367 7
e 409.66479 549.78077 8
e 340.14198 478.35343 13
e 492.16853 453.04213 8
e 391.47951 352.50845 12
e 457.02313 529.06656 7
e 489.27092 343.38619 9
e 239.95014 221.08778 11
e 365.95030 384.08546 8
e 377.26449 792.90398 8
e 403.19017 421.36538 8
e 543.97832 687.76596 5
e 235.87601 440.67153 6
e 390.58989 625.59588 10
e 356.45748 506.76296 13
e 471.62534 772.74304 8
e 386.97566 519.99694 8
e 281.81881 607.38982 8
e 263.59233 568.54288 11
e 449.40646 306.41557 11
e 331.78380 576.33084 9
e 448.65231 212.92335 13
e 169.47732 654.22567 9
e 278.19721 466.53540 13
e 397.33567 624.59506 10
e 286.22318 407.02897 3
e 235.71852 374.17459 14
e 212.72220 707.61907 8
e 548.27335 357.49760 13
e 321.00013 595.87443 13
e 395.48142 546.09349 15
e 434.79382 597.86410 13
e 244.86607 326.44866 7
e 200.34256 332.40979 10
e 418.62597 687.12332 9
e 263.23566 267.74740 6
e 318.91788 576.21441 19
e 167.62821 222.95723 11
e 357.49702 274.14979 9
e 319.25390 677.72234 8
e 282.77059 570.41094 13
e 270.29957 536.11696 10
e 362.36476 651.07314 18
e 135.80162 366.09551 3
e 486.73171 429.66475 13
e 120.75131 411.83080 8
e 352.78602 263.63978 8
e 458.04840 515.77495 8
e 288.18781 715.21297 7
e 408.06698 380.72577 6
e 418.25467 464.19061 8
e 331.07937 358.92431 9
e 178.05148 479.76436 7
e 367.64988 398.07321 15
e 415.74572 532.84398 16
e 371.93397 807.66983 11
e 394.81558 494.67262 10
e 324.26157 387.17174 8
e 412.70914 617.24995 5
e 457.38979 305.71566 16
e 416.58540 465.66544 7
e 279.93951 642.31693 11
e 374.24919 274.84221 11
e 445.64735 239.72431 11
e 623.45763 391.18655 8
e 365.33632 302.67909 6
e 349.62841 467.76579 9
e 454.86731 556.78237 9
e 377.65811 330.16086 9
e 222.08862 404.79766 6
e 351.74391 504.80194 11
e 234.25218 586.51498 11
e 268.33411 624.55257 9
e 339.66861 321.67511 8
e 305.79245 526.55757 8
e 306.55407 612.41033 8
e 481.06495 558.26844 8
e 353.51550 194.18152 12
e 493.03268 544.04454 11
e 279.01358 674.79536 10
e 315.21759 166.97260 8
e 338.79359 449.85601 7
e 431.29225 333.89929 13
e 445.64135 709.29106 10
e 478.66011 295.32174 8
e 303.71228 519.59751 7
e 383.07562 473.42235 8
e 364.04258 578.34069 8
e 508.96722 325.36236 16
e 398.35925 727.59454 12
e 213.84427 694.19238 10
e 439.10352 521.23139 7
e 547.73955 532.14632 5
e 246.92789 367.84469 8
e 286.08798 406.00268 12
e 212.32737 268.00661 15
e 358.94605 403.45940 8
e 237.80321 525.51345 14
e 359.27565 344.51105 14
e 407.10009 387.53755 4
e 368.10241 325.94857 9
e 343.26783 397.21378 12
e 135.32907 510.81239 4
e 287.65923 470.52020 15
e 230.84696 293.46156 7
e 475.87485 417.00887 7
e 359.82040 527.71266 12
e 233.94006 683.31818 7
e 582.88978 461.24825 10
e 357.54486 699.28105 9
e 416.72839 508.43158 11
e 363.91898 400.75418 11
e 229.05212 545.32741 7
e 383.35048 497.06298 11
e 437.91746 671.86761 11
e 307.03347 165.68555 11
e 460.98596 425.75488 7
e 463.56197 478.54396 15
e 332.98475 342.47387 11
e 302.91229 220.64966 7
e 375.10483 325.98705 8
e 313.58603 609.17637 10
e 283.81018 646.95251 12
e 326.62745 488.01497 13
e 457.46187 287.57524 5
e 328.33322 438.02962 11
e 354.07288 295.99203 5
e 215.24154 457.08447 8
e 362.43523 309.16310 9
e 447.90984 396.20997 10
e 378.13490 505.56268 7
e 494.38206 675.80057 9
e 416.84122 294.24232 8
e 479.27216 339.05792 11
e 432.83798 533.81116 10
e 399.76254 607.58453 9
e 433.95633 388.27013 12
e 521.21358 143.30631 13
e 292.33250 817.29844 8
e 480.18386 572.11461 10
e 320.48441 160.18402 4
e 375.16971 411.10553 5
e 493.02639 490.72281 5
e 509.19826 573.43342 11
e 313.31229 817.17548 7
e 464.68030 634.07048 9
e 297.32531 534.05729 7
e 474.79567 509.94084 9
e 493.43467 287.76118 11
e 314.03592 365.41728 8
e 402.42554 662.14582 13
e 317.88598 799.57286 6
e 348.83658 381.07798 9
e 471.78704 508.91072 10
e 343.57204 865.59379 7
e 298.11332 506.44976 9
e 246.69800 658.62810 6
e 381.35710 670.63575 10
e 382.17568 618.83806 8
e 392.93562 618.43687 8
e 342.89794 522.15140 10
e 319.69612 489.45387 10
e 465.24963 315.43870 10
e 240.22048 534.59161 9
e 322.64943 616.91273 13
e 318.47206 433.93733 11
e 293.62948 542.07158 7
e 368.95990 577.45791 11
e 208.48070 685.11567 9
e 451.21616 557.18996 8
e 387.46803 733.97017 9
e 274.58252 484.83177 7
e 456.14902 492.22369 5
e 327.89333 347.19198 9
e 356.27044 331.53634 11
e 245.74230 510.56052 12
e 399.03020 483.07386 10
e 275.18940 310.99779 11
e 324.15811 641.09129 8
e 373.99846 326.66549 7
e 386.85662 441.92747 10
e 202.85605 477.57170 8
e 371.17969 368.74444 5
e 402.18099 296.84946 10
e 261.11022 381.57709 9
e 321.11989 603.74775 12
e 290.93024 670.52949 13
e 374.11443 294.49133 16
e 366.69370 358.40837 8
e 205.12053 692.02869 7
e 265.20092 579.31814 5
e 447.48251 344.05485 9
e 440.65856 372.99398 7
e 300.84155 757.54002 11
e 325.65979 717.83251 14
e 462.98543 601.90842 7
e 331.13362 498.43386 10
e 421.59938 447.13414 10
e 418.02545 322.14076 7
e 367.49157 446.59708 10
e 253.76755 372.83455 13
e 340.55737 633.33662 10
e 392.82123 302.61623 17
e 547.15041 251.98559 8
e 481.71520 527.43337 7
e 361.50405 566.84913 12
e 567.85820 306.81734 8
e 282.99966 380.89043 12
e 507.45218 353.20916 11
e 196.55194 759.34445 12
e 371.30543 547.36398 6
e 392.09941 437.24614 12
e 404.34503 414.49723 5
e 319.45012 202.45578 10
e 383.53927 590.84729 13
e 387.98580 341.72483 9
e 235.22727 559.47276 6
e 302.57087 559.92726 6
e 302.76064 713.07564 7
e 334.60144 380.30273 11
e 69.02186 583.46763 8
e 272.92103 819.58728 10
e 445.93116 283.44310 7
e 366.42854 491.15274 8
e 385.67293 252.11532 8
e 233.51303 412.73173 15
e 342.26319 628.35215 11
e 323.19593 274.84925 6
e 430.32947 400.30302 7
e 424.30787 225.44819 12
e 318.70417 313.47254 9
e 281.81205 392.35948 9
e 468.82866 735.96762 8
e 422.21996 592.91153 12
e 499.29107 696.63523 8
e 321.30118 603.53924 10
e 330.21152 594.59451 8
e 415.56362 362.68672 4
e 333.05385 243.31759 12
e 319.05533 287.51568 15
e 473.10443 586.48469 6
e 549.66984 590.28246 5
e 427.17278 496.37653 11
e 337.08234 805.98762 8
e 339.97066 669.31206 7
e 366.89420 485.68477 9
e 336.12350 413.20826 10
e 407.54929 463.26087 9
e 363.69368 520.34331 5
e 443.62037 586.92860 8
e 455.68096 441.93208 5
e 424.89362 183.71049 7
e 364.85263 236.78588 5
e 434.15013 597.66553 11
e 446.61843 441.50763 10
e 499.25228 654.71125 9
e 608.56722 768.14964 8
e 316.24726 427.85587 8
e 492.45037 279.59524 7
e 392.95604 632.00974 11
e 190.49991 644.70373 5
e 287.56039 645.62665 11
e 441.10852 450.53589 13
e 219.19234 649.03013 12
e 420.82963 658.31952 6
e 439.49875 628.11999 6
e 389.20212 426.67687 10
e 313.14044 435.94933 10
e 493.95570 295.22448 7
e 346.87117 385.65850 9
e 578.49026 483.09116 9
e 271.22684 85.59520 11
e 458.29106 315.41162 6
e 468.55053 394.42732 7
e 311.14566 265.49673 14
e 510.38257 401.33387 12
e 447.22978 632.02499 7
e 288.71191 518.38806 7
e 369.85184 576.09668 10
e 392.00535 115.21372 8
e 357.15349 829.60783 7
e 434.43295 390.94392 10
e 273.39938 533.19078 15
e 311.30897 687.45399 12
e 381.76706 460.31428 11
e 407.13294 634.28114 8
e 401.85019 500.82267 11
e 276.73844 379.33194 7
e 278.73706 678.51354 9
e 420.31084 583.03252 8
e 404.45249 473.13188 9
e 479.79907 524.34066 7
e 599.53838 302.14525 12
e 316.22939 580.49059 4
e 473.54899 421.94151 7
e 365.60979 228.34603 10
e 398.44743 460.33161 6
e 464.77621 293.39788 10
e 508.26165 237.51284 8
e 334.18566 622.76542 10
e 478.20340 538.16600 10
e 445.79263 319.70710 7
e 398.82441 388.88755 9
e 373.60208 408.08556 11
e 481.25214 417.27905 8
e 373.07972 180.84245 9
e 240.92501 424.57989 11
e 371.19801 437.72183 4
e 466.10050 467.07442 7
e 300.20898 541.88646 12
e 419.28835 507.70741 9
e 464.16287 488.54047 8
e 184.74823 616.44298 11
e 381.25855 209.64576 12
e 415.81245 454.80903 12
e 223.37414 588.69611 9
e 480.31785 386.61640 5
e 445.93347 489.86566 8
e 407.40354 487.83696 10
e 479.59557 672.87271 10
e 433.24282 447.09688 5
e 347.90240 506.21837 10
e 449.51958 483.30559 7
e 288.46820 468.26068 13
e 474.56104 409.48083 6
e 365.41123 583.14493 6
e 537.91418 497.86890 11
e 359.79524 492.92186 5
e 392.02388 506.73840 13
e 296.25819 890.78471 14
e 285.21927 836.07149 16
e 275.53643 508.78429 7
e 101.41237 358.95919 8
e 526.47231 369.98393 13
e 325.42101 179.58509 14
e 423.83596 598.80326 9
e 312.59316 546.51105 5
e 384.70970 630.43891 8
e 317.20780 428.60821 6
e 462.68201 291.31576 5
e 441.65892 571.87056 11
e 482.62532 606.76447 13
e 294.33127 431.74848 13
e 312.22422 715.94766 10
e 368.96943 342.10191 8
e 316.33139 426.17424 6
e 246.16272 335.47029 13
e 311.29524 416.76857 12
e 417.43917 562.68709 11
e 406.40160 238.94243 9
e 454.66498 706.95554 8
e 345.83039 177.45737 8
e 392.36517 595.54439 10
e 294.04275 278.60192 12
e 459.03676 753.89965 5
e 429.73342 764.68269 10
e 427.49073 547.57383 8
e 311.23000 641.77492 9
e 462.08153 639.06939 11
e 221.00543 695.91409 8
e 364.28546 584.27376 6
e 225.10996 642.13623 7
e 577.93557 546.63723 9
e 192.43611 354.71047 10
e 370.95161 169.50245 9
e 250.55671 458.31965 10
e 356.84431 396.78056 8
e 440.17389 361.74262 6
e 472.78475 380.49950 10
e 289.81945 453.49211 6
e 475.82710 473.75537 7
e 325.57663 607.09101 9
e 411.97405 536.77837 5
e 342.22365 447.38777 7
e 495.93628 368.53979 12
e 619.46233 650.55313 9
e 418.39973 565.32981 10
e 248.22867 468.27108 4
e 269.96079 925.28282 13
e 438.16669 528.39586 9
e 381.71816 703.08959 14
e 228.22726 246.80283 5
e 335.27605 525.15712 13
e 370.97418 578.29025 9
e 294.41876 660.58031 4
e 416.10418 516.51821 14
e 522.19716 375.88038 6
e 341.84474 674.50436 9
e 496.52795 676.91319 8
e 384.51935 327.51665 10
e 241.26623 509.14188 16
e 259.29230 234.07858 10
e 466.25979 276.18105 11
e 291.91399 422.98866 7
e 311.25644 594.36870 9
e 325.44705 407.03460 13
e 334.30681 482.19511 4
e 361.79424 801.65848 10
e 468.67925 298.47237 12
e 521.92062 462.25365 16
e 479.84787 486.36280 11
e 352.46658 606.88471 10
e 426.27098 498.80688 11
e 329.94806 422.28464 6
e 243.06525 355.89655 10
e 357.42055 317.02559 10
e 350.61359 616.52156 9
e 479.51166 546.91710 11
e 404.88588 483.64482 11
e 330.62091 373.32936 4
e 323.79999 283.35580 13
e 339.90330 376.88440 8
e 378.89903 561.57025 11
e 253.95911 497.12594 11
e 451.38954 493.70789 8
e 412.98982 526.52312 15
e 279.18781 618.38167 8
e 424.37238 617.51165 6
e 420.92380 553.13797 9
e 362.94448 256.49745 11
e 313.41733 439.49260 7
e 337.34839 272.64954 12
e 427.70516 503.31502 10
e 432.88835 451.96904 5
e 364.55547 729.59512 8
e 230.36830 491.66056 6
e 352.65529 624.15270 9
e 246.33983 547.39027 7
e 382.96881 663.09125 8
e 376.05423 431.94682 5
e 439.10826 533.31230 7
e 438.57062 496.57721 5
e 413.92007 572.32522 9
e 509.62708 241.14138 9
e 460.53020 729.37150 10
e 365.26571 358.45683 7
e 329.11532 333.83172 6
e 232.75189 367.81419 13
e 429.16730 637.40918 8
e 335.51808 582.13510 10
e 409.50271 400.27200 8
e 444.66095 610.97447 9
e 409.38042 651.67660 6
e 337.20534 377.65985 10
e 331.93943 149.47554 8
e 417.95476 219.93875 11
e 343.53986 487.83864 7
e 271.73161 376.42019 12
e 378.97944 237.47752 13
e 426.55589 226.93708 9
e 399.96116 537.51368 11
e 376.90753 613.73033 15
e 346.53637 198.97560 6
e 202.99178 619.11893 9
e 285.75239 244.54164 11
e 408.63333 426.06112 8
e 303.53148 457.40028 5
e 607.39355 227.89951 6
e 518.47477 278.01153 10
e 391.78696 473.42995 7
e 499.85162 488.72171 15
e 290.12924 554.57442 9
e 373.34204 440.20621 8
e 280.57301 679.58744 7
e 380.67108 729.35649 9
e 339.91953 307.21871 9
e 511.43322 426.89064 8
e 482.11828 353.72446 9
e 399.16699 206.72015 7
e 423.94416 188.77622 9
e 474.45434 388.05901 8
e 194.26920 373.03006 7
e 348.30657 552.78632 12
e 289.83034 579.04695 6
e 392.90003 404.89973 6
e 365.58007 250.93670 11
e 197.14167 454.60150 8
e 358.89557 627.67303 11
e 397.49907 113.02267 6
e 474.46048 248.74421 6
e 547.02850 899.35422 8
e 346.19322 284.13049 10
e 358.72769 553.39670 10
e 318.32304 435.62912 11
e 366.13328 376.54216 12
e 497.15825 618.44526 3
e 308.99911 453.42038 10
e 388.18374 266.29028 12
e 261.26389 516.67300 8
e 460.72981 303.36640 10
e 270.96370 192.38680 11
e 263.03653 249.84482 10
e 376.22093 448.91820 14
e 319.01502 399.32368 8
e 274.85877 462.52075 13
e 270.48158 646.72334 8
e 427.93415 319.53958 5
e 171.23290 310.77406 8
e 359.28240 452.16158 3
e 319.70676 467.62240 10
e 298.44821 579.02952 7
e 447.77274 157.69514 5
e 576.81966 302.84058 15
e 452.92069 734.21301 10
e 272.68581 543.48280 11
e 318.09333 269.59270 8
e 286.87080 250.99923 10
e 448.48857 440.33356 9
e 494.36151 781.86236 5
e 376.96576 500.91475 13
e 518.60443 476.56205 7
e 210.13688 657.01724 9
e 371.45708 432.72115 12
e 311.55157 667.77774 11
e 451.96330 717.98950 7
e 373.49964 593.91660 5
e 383.86539 561.11713 19
e 397.34996 335.72615 14
e 288.98436 591.43484 14
e 343.39630 436.80104 10
e 366.52749 329.52875 9
e 408.87872 330.29752 10
e 290.97156 465.95102 10
e 321.35351 410.36069 11
e 330.42430 261.03862 13
e 292.89428 634.42892 7
e 360.16243 551.58572 7
e 338.54864 806.44419 7
e 240.44397 481.66690 6
e 329.40021 296.04493 4
e 339.58997 662.10636 12
e 331.42993 360.20797 8
e 428.94140 606.83442 9
e 386.80793 419.12923 7
e 190.40336 307.01355 10
e 457.75588 268.87223 4
e 354.48912 625.47315 8
e 193.28588 430.43225 7
e 377.23178 475.41597 7
e 364.06903 524.75790 5
e 253.36286 662.83796 12
e 430.17265 396.93676 12
e 378.08411 580.12721 8
e 415.97151 322.45441 13
e 286.77744 373.56837 7
e 435.69507 394.26080 7
e 186.73679 326.09815 12
e 483.03678 261.94154 8
e 371.78747 692.44234 9
e 307.66537 345.40077 10
e 370.27917 217.48806 18
e 399.09662 581.42708 9
e 311.65438 553.74173 8
e 382.17918 282.44973 9
e 261.33082 512.29444 11
e 343.59207 246.61629 12
e 437.85642 539.38447 8
e 298.89659 323.40821 7
e 319.91368 272.26330 8
e 402.00212 520.23818 9
e 353.27733 100.57359 12
e 514.58169 261.38383 8
e 380.97294 335.27842 7
e 473.50850 275.39729 8
e 178.61918 323.07558 10
e 329.61500 580.66261 10
e 364.08038 639.96052 7
e 352.97593 135.87696 9
e 292.04435 363.68055 8
e 398.50486 416.47998 9
e 280.66458 580.20655 6
e 420.86476 614.51735 10
e 312.71153 429.55386 13
e 453.00200 469.81766 9
e 511.47283 522.91333 7
e 445.84517 791.26869 11
e 301.33432 314.15550 15
e 401.86404 368.62438 16
e 363.95677 356.40098 18
e 219.27704 283.56496 5
e 407.60937 482.89244 12
e 299.22038 416.62433 9
e 425.73860 366.34836 11
e 363.69893 401.59901 11
e 517.06939 537.78645 14
e 363.46746 587.26989 8
e 418.59539 359.61172 8
e 426.16143 601.39706 5
e 481.71801 524.59645 9
e 120.63722 256.69420 9
e 389.46233 517.78718 13
e 324.24892 539.60320 11
e 339.77889 359.73155 11
e 356.19039 426.38738 5
e 504.47901 203.05163 7
e 490.80753 329.93660 10
e 331.61510 487.63213 7
e 463.09905 452.47968 15
e 223.47610 456.35094 7
e 301.35394 387.52703 9
e 478.63636 522.62003 10
e 468.53670 236.02905 9
e 221.08723 600.58571 7
e 375.29275 735.19881 8
e 454.05024 386.11233 7
e 455.61026 225.24181 6
e 436.71872 694.58161 4
e 315.27013 618.10473 8
e 319.60718 104.05256 8
e 528.65759 151.97920 11
e 271.19519 402.88742 7
e 384.60598 693.84886 12
e 336.74880 511.97640 8
e 312.44073 232.53499 14
e 490.44367 595.44964 10
e 167.96817 573.11568 7
e 341.04395 303.35652 10
e 331.85703 782.02639 8
e 398.80842 560.15846 8
e 365.72323 245.40353 8
e 286.00131 610.39523 14
e 422.80552 586.17396 11
e 587.20388 586.92738 4
e 314.28092 353.33037 8
e 456.03038 724.23806 12
e 483.50279 412.47149 9
e 327.59614 608.57904 5
e 448.00844 228.44722 9
e 358.49880 490.92164 10
e 464.13274 618.83411 7
e 246.60490 419.13883 7
e 420.12769 328.38214 11
e 359.95951 742.28959 10
e 460.76852 397.92468 13
e 347.48700 499.20292 11
e 198.12503 321.12855 3
e 346.02557 457.72949 12
e 465.79771 319.24671 15
e 290.45007 404.47169 9
e 502.13183 672.11284 11
e 276.74812 623.37339 8
e 362.79470 805.33842 9
e 405.78000 516.10136 8
e 299.85710 148.72689 11
e 361.25884 647.03314 10
e 414.53595 362.06191 10
e 186.29588 729.24419 6
e 286.05005 723.27799 10
e 303.23819 367.48991 9
e 366.00142 402.80456 4
e 406.46409 526.32248 18
e 476.43207 295.21012 12
e 323.72649 517.87517 9
e 352.46626 289.13561 14
e 276.96706 655.42488 14
e 426.92338 371.65900 10
e 501.31319 532.07073 5
e 465.84669 489.59802 5
e 402.74757 598.78674 8
e 408.48927 731.32124 6
e 359.51453 214.15397 6
e 245.19285 618.33158 8
e 390.99370 544.89208 12
e 390.88225 344.83788 7
e 358.24295 823.32934 11
e 466.06003 397.41045 7
e 156.38315 434.80126 11
e 364.29672 475.77893 10
e 253.42643 510.49993 15
e 478.66262 225.70764 8
e 364.24858 603.15267 4
e 159.82744 327.79381 6
e 597.96671 306.89839 6
e 533.65587 270.80265 6
e 469.99300 271.07343 5
e 575.46217 420.29243 6
e 431.66464 542.83114 8
e 519.26038 391.41606 8
e 410.60072 244.71211 11
e 501.95895 530.16816 5
e 270.35081 519.07668 9
e 289.24256 523.98196 10
e 404.15582 559.75494 8
e 441.94214 719.64505 8
e 324.58918 267.38174 15
e 409.52151 441.90163 9
e 330.55846 538.54381 9
e 352.67389 252.60579 12
e 341.14981 527.96851 5
e 287.31646 755.42681 9
e 409.81364 574.65255 12
e 265.86676 441.67525 10
e 321.84664 647.54495 11
e 217.17992 593.01138 13
e 268.45729 490.92377 12
e 232.87117 274.63388 10
e 145.25154 710.27477 8
e 217.40154 434.39369 10
e 551.71704 513.31867 6
e 411.65869 427.12245 10
e 356.77190 318.70886 10
e 391.89314 684.18700 8
e 327.41833 615.99601 10
e 362.08994 582.86974 6
e 424.01946 299.66775 10
e 385.35971 641.55559 14
e 372.37788 529.53761 10
e 401.93327 509.31525 11
e 305.93094 543.48014 9
e 459.27058 653.98457 5
e 230.98066 563.56779 8
e 320.37860 762.92506 6
e 328.96780 506.12465 5
e 152.02913 677.10827 9
e 362.97991 478.22606 9
e 410.30492 389.34799 6
e 411.62609 563.73293 7
e 325.22597 721.11448 12
e 498.35119 394.45923 8
e 444.80327 386.24684 5
e 312.69294 386.47686 6
e 542.26579 505.86040 7
e 317.09587 413.46126 6
e 300.20295 634.02094 12
e 375.18406 348.49732 15
e 399.49251 310.56548 14
e 486.41508 446.02350 4
e 517.41243 360.21232 5
e 335.52895 451.25861 10
e 395.61575 594.74384 6
e 264.63663 514.00706 14
e 334.89735 452.79694 10
e 331.84295 369.50086 9
e 129.23744 387.42685 11
e 444.69217 499.86045 6
e 369.67158 595.36170 6
e 434.35407 355.42299 14
e 265.92574 500.13454 11
e 405.46450 714.67506 13
e 351.94921 647.24405 8
e 286.46711 270.91719 7
e 325.67258 577.21809 9
e 120.60396 530.74265 10
e 391.62690 487.86591 9
e 375.71564 731.59162 9
e 301.79063 323.43927 7
e 309.29252 299.70301 9
e 235.65531 346.10883 16
e 274.79558 137.40154 11
e 144.78517 509.22166 10
e 383.80548 507.54225 10
e 328.66910 407.44949 8
e 392.31235 524.77174 14
e 356.08282 200.57180 11
e 339.69421 462.32003 12
e 356.88789 473.71048 11
e 488.45113 403.16408 9
e 346.29527 607.96936 10
e 344.51730 496.71775 14
e 481.09605 553.42985 5
e 338.80693 689.91185 11
e 430.17060 317.73004 7
e 347.24056 657.70526 7
e 512.57411 513.90997 7
e 295.44195 213.37469 7
e 306.73209 435.14374 5
e 322.66602 377.88584 8
e 570.48994 744.81969 8
e 279.33940 384.44532 9
e 439.66478 343.53497 14
e 401.20511 793.23234 12
e 368.07388 265.73674 11
e 362.01563 377.96890 10
e 314.06030 851.17997 5
e 338.64050 343.44089 8
e 405.53889 504.07598 10
e 263.49998 347.29081 6
e 569.15798 613.60284 9
e 452.87894 516.34859 8
e 294.88203 560.95694 13
e 323.92462 461.22913 8
e 225.43699 649.87077 8
e 186.84815 726.06595 9
e 394.27616 792.31549 3
e 295.50406 644.66158 9
e 345.51832 345.82343 10
e 152.16253 528.65054 7
e 266.26472 282.91072 9
e 314.36962 553.72951 9
e 360.36037 435.37543 10
e 328.26763 522.20279 9
e 234.71936 416.83292 6
e 516.84646 807.86689 4
e 299.81513 529.89116 9
e 180.78111 418.20319 5
e 464.11334 616.41227 9
e 285.13278 565.29245 8
e 341.29344 779.42523 4
e 524.78947 647.39892 13
e 392.81923 497.22509 7
e 539.74227 429.37068 6
e 527.54402 445.85565 3
e 426.26758 397.52935 12
e 455.33249 793.27145 6
e 403.27829 625.69815 8
e 185.83330 550.71923 8
e 593.12399 487.13413 6
e 174.62004 481.57383 8
e 424.07328 666.20988 8
e 414.21129 604.18340 7
e 500.49157 595.32229 4
e 296.05264 363.69543 11
e 432.13073 505.26607 6
e 310.46843 196.50871 6
e 266.90488 654.27383 10
e 220.60874 507.55059 9
e 498.73691 734.59641 10
e 345.86313 166.67309 4
e 375.41156 374.69605 17
e 534.81529 525.57989 10
e 334.64917 641.62152 8
e 338.59243 547.50093 10
e 339.56200 324.30353 9
e 329.32463 139.51301 10
e 515.71235 357.86007 10
e 364.47603 594.83691 6
e 294.02074 507.17221 8
e 274.80903 422.67503 4
e 367.60662 448.32144 5
e 343.13370 252.40054 12
e 500.87067 432.15562 10
e 217.77795 579.53570 11
e 255.89062 315.55312 10
e 488.57695 597.04202 15
e 481.37150 580.59157 18
e 319.16656 577.56305 11
e 362.93321 427.30797 4
e 572.35298 425.43213 4
e 344.27912 494.32308 12
e 326.60777 375.47387 6
e 361.95948 694.26712 15
e 353.69189 652.07192 12
e 397.03844 574.25231 6
e 433.09776 487.83088 6
e 423.93253 422.69204 9
e 442.99030 600.47082 10
e 215.94801 490.41149 12
e 370.85263 298.43896 7
e 489.01664 346.50785 11
e 337.30913 459.70148 10
e 363.54440 563.27805 16
e 266.84718 415.48109 15
e 641.77847 636.00529 10
e 269.02857 218.36107 7
e 413.02268 211.37958 7
e 342.12597 485.71930 12
e 205.94401 409.21717 12
e 245.96153 463.89849 10
e 340.59514 454.88727 6
e 409.15577 183.87142 5
e 455.67174 663.06096 10
e 321.65168 790.85679 11
e 346.71665 491.25081 8
e 431.79903 618.85366 5
e 439.41470 670.28946 19
e 265.47897 292.95601 3
e 232.68778 699.99452 14
e 311.12496 641.86727 11
e 371.99152 466.33341 8
e 329.78225 709.63022 6
e 416.97126 311.50038 11
e 191.57557 662.11042 5
e 406.32951 345.53818 6
e 106.05772 258.08071 7
e 304.60909 116.65504 8
e 391.14414 481.94997 12
e 347.98074 333.09386 6
e 465.65392 241.58278 10
e 311.19226 538.93449 4
e 321.85943 432.68395 8
e 294.38224 599.95974 11
e 321.51651 642.23745 13
e 232.24888 223.98312 16
e 285.97290 480.23876 14
e 351.71031 706.45032 8
e 494.68048 305.25014 12
e 208.04876 353.35942 10
e 368.61995 632.18976 8
e 240.80391 449.22068 12
e 358.99404 490.68900 6
e 412.97406 668.13579 6
e 417.19696 841.14973 9
e 250.40853 449.65591 10
e 453.83262 558.57186 8
e 463.07449 559.11900 7
e 241.19881 560.85775 6
e 181.40428 250.44199 7
e 306.95245 614.69941 5
e 223.08276 612.28838 10
e 508.24721 464.50687 13
e 322.31049 391.92834 7
e 325.61796 539.49418 6
e 377.19043 622.17068 8
e 382.29569 426.36405 7
e 134.63385 427.51512 14
e 285.88272 277.40962 6
e 207.75133 418.49983 9
e 355.12915 384.43719 9
e 472.13569 356.31157 14
e 582.96041 315.45728 10
e 541.47045 314.37193 11
e 228.91989 521.17433 9
e 503.88220 524.10791 10
e 280.93145 478.26843 7
e 516.83049 628.90787 4
e 389.94170 599.03549 6
e 537.00254 283.51523 8
e 304.49182 300.41494 11
e 277.34011 336.27268 6
e 367.60209 273.85064 9
e 352.25376 618.72285 11
e 368.83605 568.93005 7
e 482.73916 597.46913 9
e 369.56651 431.84654 7
e 438.58321 388.10822 10
e 384.80258 360.77731 6
e 392.29836 484.47003 9
e 337.88349 65.73198 6
e 250.74780 629.78287 7
e 499.69330 823.34666 6
e 192.78030 362.49626 4
e 409.47284 332.70455 7
e 360.60703 359.75026 9
e 292.59461 539.57626 10
e 267.91509 383.94727 9
e 308.25735 407.63653 8
e 318.91907 488.63780 9
e 398.85633 533.46616 3
e 309.29172 780.46645 12
e 491.57927 268.10396 9
e 381.21350 628.07298 13
e 296.79947 641.21664 12
e 370.44823 695.89548 10
e 462.84460 441.16339 10
e 447.14661 525.32339 12
e 443.89487 536.17117 12
e 356.59003 434.42147 7
e 412.53337 466.18572 9
e 214.89889 266.18394 11
e 493.50413 496.88625 14
e 400.92146 730.59982 8
e 369.70414 468.70719 7
e 102.76881 341.45797 7
e 389.08404 446.39350 5
e 329.41481 159.63186 10
e 257.50333 289.51847 11
e 191.64678 731.46340 10
e 437.23216 542.18326 6
e 302.73304 781.16163 7
e 181.07736 222.54983 8
e 223.43110 414.89076 4
e 285.33157 398.91251 8
e 418.38557 180.49091 9
e 369.43515 628.64540 5
e 408.06055 409.55557 7
e 432.78331 253.22967 6
e 268.72198 202.12183 11
e 239.34373 549.82745 9
e 443.50427 598.04280 12
e 280.23480 633.93270 11
e 368.95672 439.65005 5
e 305.60704 569.62595 9
e 306.16373 450.50975 13
e 404.09822 577.88948 4
e 248.45575 850.63124 10
e 296.27759 288.00483 8
e 396.26499 171.81858 7
e 379.07271 497.11128 11
e 425.40040 223.37909 12
e 263.27997 678.55975 13
e 278.92872 517.90309 13
e 296.59368 439.07039 7
e 468.26249 288.47265 11
e 245.21100 428.72328 7
e 413.86112 541.85381 9
e 271.87340 815.97155 7
e 285.14773 404.44291 13
e 358.68345 266.12526 14
e 482.57827 756.13536 7
e 403.83390 948.57525 9
e 342.39093 645.88901 13
e 273.63523 506.24570 6
e 618.15921 663.17627 21
e 339.37701 512.85757 9
e 334.43448 704.35670 8
e 381.07393 641.12675 11
e 357.17467 371.30254 10
e 411.94638 416.59577 6
e 419.32317 416.96166 13
e 172.30338 586.45507 5
e 481.48510 421.75104 12
e 341.25174 231.87014 12
e 418.05476 788.78076 13
e 425.53623 522.92981 8
e 455.70189 644.35229 12
e 349.51927 406.50697 9
e 454.31658 488.37399 8
e 274.86452 642.26503 8
e 235.19853 208.58154 9
e 455.62437 361.78659 15
e 341.59493 421.52403 12
e 276.59585 415.21787 9
e 429.82447 388.39131 9
e 307.98123 448.35378 11
e 344.72174 578.68038 13
e 541.85384 410.15184 12
e 339.34317 349.61793 5
e 207.28647 411.57059 8
e 250.30318 544.82503 10
e 431.12248 623.57039 7
e 432.29654 345.65542 13
e 526.84125 131.58783 10
e 486.12650 506.12102 8
e 359.20728 162.24383 14
e 236.29195 242.57169 12
e 254.46402 501.53855 8
e 385.13731 410.35390 4
e 379.79350 180.46865 9
e 314.83698 575.50880 5
e 331.22005 600.18017 10
e 279.98805 532.61109 9
e 447.00567 369.08019 8
e 343.93329 535.48510 11
e 353.47670 461.27475 7
e 499.44753 253.69136 11
e 408.94558 456.52670 8
e 288.82971 439.62812 10
e 335.47807 538.60389 8
e 338.00925 706.00478 12
e 399.18685 469.31323 10
e 365.21759 574.18713 8
e 216.53344 651.41555 18
e 477.84532 636.78615 8
e 470.87107 448.75227 10
e 556.16865 420.70306 9
e 232.53592 518.48510 8
e 287.54603 498.70752 13
e 356.29941 474.45905 7
e 348.16129 699.92347 8
e 330.16631 465.10659 3
e 381.37023 186.93590 13
e 302.92288 369.51923 14
e 368.49625 233.04241 10
e 388.77095 756.23042 9
e 530.71188 387.47577 10
e 183.78182 372.95598 11
e 324.84954 341.81008 4
e 436.47563 204.63398 7
e 385.52937 598.66106 5
e 332.09550 629.44026 8
e 418.19855 297.29303 6
e 262.34955 524.31772 10
e 298.23549 755.42091 21
e 449.59520 364.16884 7
e 333.63780 492.34378 12
e 496.44677 553.52790 16
e 356.13423 390.65657 10
e 388.23591 348.34915 15
e 416.77921 648.51179 11
e 380.66872 506.76312 7
e 406.99457 477.01830 8
e 262.99225 536.91242 7
e 466.88163 338.39702 7
e 359.06636 395.60837 13
e 424.48517 384.26552 13
e 311.58707 449.22684 13
e 441.24081 542.94055 11
e 173.15404 306.66654 7
e 373.18230 597.54802 20
e 381.00662 179.52390 4
e 380.57933 600.67990 8
e 343.50788 275.91085 9
e 202.96090 335.40681 11
e 341.83861 515.17355 11
e 348.21964 152.05237 9
e 240.58956 217.06862 9
e 242.29594 373.50104 12
e 434.58366 512.68404 10
e 141.90703 623.03008 13
e 375.46394 112.36119 7
e 209.44997 829.20396 13
e 431.80316 403.14132 7
e 409.34370 315.83640 9
e 354.63353 481.52619 10
e 369.70851 694.86743 11
e 227.81779 270.41925 13
e 244.68741 708.79755 8
e 555.50411 390.74265 9
e 338.83788 379.41635 7
e 213.72440 672.75959 11
e 293.07226 8.78491 6
e 334.30222 536.77007 11
e 261.79339 112.73114 9
e 450.78419 408.14673 9
e 300.98502 516.41571 15
e 469.27178 384.19589 12
e 382.20344 628.00247 9
e 382.83605 420.32552 7
e 166.20849 397.99670 8
e 270.28740 486.25889 10
e 449.56375 365.55282 10
e 297.81771 564.04325 6
e 326.91373 597.38726 7
e 320.81723 635.20420 9
e 417.48172 507.52583 9
e 296.64955 470.48404 13
e 441.53491 397.43101 9
e 222.25765 631.24185 8
e 293.19964 637.91722 3
e 314.55995 741.54778 9
e 527.67377 321.01664 10
e 293.83596 517.85405 9
e 421.70578 484.87391 9
e 277.16407 613.92447 10
e 332.48590 251.12731 5
e 376.96358 583.84713 9
e 347.52194 438.55691 6
e 437.04924 700.31251 10
e 433.34808 547.53454 5
e 375.15002 322.43096 7
e 274.56343 413.65558 8
e 354.67423 464.29281 7
e 383.96416 374.13515 9
e 424.43360 646.01766 13
e 335.16360 380.95433 9
e 429.37212 640.92353 5
e 341.74639 187.75595 12
e 378.90706 548.95004 10
e 251.56561 483.04906 15
e 504.82507 601.12368 16
e 489.13582 329.02803 5
e 367.47510 417.16671 13
e 391.65728 491.36726 9
e 449.72312 453.24042 5
e 482.98569 810.12733 8
e 466.01194 617.02355 11
e 321.48326 337.45747 6
e 245.65794 139.74425 8
e 475.95771 407.10042 8
e 249.73524 552.36946 8
e 298.08305 537.07512 12
e 340.73377 764.15625 5
e 222.77633 684.71545 9
e 368.46950 217.24418 8
e 345.62408 339.81067 12
e 306.09338 669.86474 8
e 347.86767 493.66471 5
e 348.42013 460.71331 12
e 486.67340 399.49994 4
e 365.89865 196.28228 10
e 388.46812 759.29733 8
e 569.44611 703.42127 8
e 236.90425 539.21580 5
e 474.13745 398.93448 8
e 318.97079 326.77223 15
e 235.37248 432.70621 10
e 552.48532 562.31651 11
e 475.17894 338.65599 15
e 346.94199 345.95430 9
e 406.21525 1024.18058 10
e 301.09064 681.93618 8
e 122.18012 438.06436 6
e 346.73068 675.58297 9
e 436.76492 811.79106 9
e 447.44870 403.17983 7
e 281.38484 186.94603 5
e 362.72950 384.82493 9
e 401.36453 607.50752 8
e 359.32863 694.00785 9
e 527.12826 299.15395 12
e 201.04000 455.26080 12
e 273.94715 214.16734 6
e 393.07628 709.64159 9
e 348.96706 757.59137 7
e 329.93068 477.98065 14
e 347.88771 430.66978 10
e 470.11069 408.56612 10
e 563.85502 382.71786 8
e 365.96951 496.09014 10
e 454.78220 439.11965 5
e 345.27470 403.98052 7
e 444.71081 128.26210 7
e 366.62293 327.30872 5
e 452.78368 300.62181 11
e 469.37970 736.36913 7
e 359.65456 714.23707 10
e 506.68763 689.02305 10
e 344.30545 73.44635 9
e 416.17078 439.50102 8
e 386.71413 348.01193 10
e 215.26487 874.61111 3
e 231.22139 596.99991 10
e 295.88277 760.77176 8
e 302.61434 658.02246 9
e 304.04744 494.01556 9
e 217.05114 627.14134 6
e 289.99170 503.51603 6
e 438.53596 558.75079 10
e 369.48284 675.98492 13
e 344.47880 459.14692 8
e 236.42383 704.28038 5
e 398.22552 237.32915 6
e 325.16543 410.59761 13
e 480.60492 343.37474 14
e 572.20333 487.77611 10
e 346.75397 382.70482 16
e 319.37245 548.14063 6
e 479.31175 387.14669 8
e 430.47620 654.87347 8
e 418.77312 390.12461 4
e 405.93143 424.78261 13
e 176.79731 297.50809 7
e 320.78249 421.24435 10
e 282.08448 498.68990 14
e 507.52552 398.48974 14
e 172.11001 408.02650 5
e 199.55887 180.92380 9
e 414.39865 270.99755 8
e 259.73269 758.56148 8
e 438.23183 316.66461 12
e 326.43450 349.52520 6
e 242.22463 532.44400 13
e 279.73892 368.06610 8
e 430.97517 573.10143 10
e 328.63657 248.02029 9
e 220.35374 756.55902 12
e 279.11873 421.83302 6
e 573.90752 525.44545 11
e 473.10792 248.24535 10
e 511.97687 394.56669 10
e 218.56651 477.33883 9
e 411.05825 707.17311 8
e 611.22656 817.36921 8
e 457.05481 656.68464 12
e 521.58527 284.82963 15
e 247.22993 186.50983 7
e 265.14981 290.74915 7
e 335.55596 441.59576 8
e 387.92566 533.87755 10
e 463.92631 801.99264 12
e 271.82819 559.84252 8
e 387.99742 515.18806 7
e 328.30621 654.10286 14
e 488.26226 242.63614 8
e 472.78920 313.88290 13
e 388.27101 440.48712 14
e 432.59646 824.68584 4
e 459.99692 585.44472 10
e 371.46299 680.46588 8
e 356.01492 241.39322 12
e 282.87992 463.40133 8
e 447.10205 578.00350 9
e 277.84972 587.75638 14
e 302.91840 556.07012 10
e 464.61879 389.03168 9
e 407.75230 407.99727 17
e 493.62292 355.20470 7
e 508.46850 182.92026 5
e 336.96105 183.52273 9
e 397.10400 637.66954 7
e 372.42757 237.67751 15
e 495.17416 591.17119 13
e 461.07933 109.06201 8
e 243.52963 346.00817 6
e 410.45705 554.74845 5
e 357.08000 329.45164 9
e 408.84446 517.69505 12
e 282.47404 282.36055 14
e 324.23450 555.32777 7
e 397.94226 589.20256 6
e 304.01622 392.87194 10
e 471.43285 370.98740 9
e 510.71536 692.75615 9
e 231.52921 276.26281 11
e 547.23847 426.75359 16
e 345.44209 222.52568 10
e 423.87690 613.83788 11
e 380.90580 501.39286 15
e 264.59624 344.41509 12
e 377.45804 414.41671 11
e 348.09317 286.17124 14
e 265.88768 602.78014 14
e 379.84350 411.87823 10
e 389.92793 363.59220 6
e 487.86070 687.62572 9
e 378.46470 484.53778 8
e 392.61893 536.62061 11
e 72.92270 595.17849 8
e 361.91451 505.10684 7
e 366.95230 342.84493 12
e 395.80269 449.60549 14
e 298.95714 421.12832 8
e 323.75622 611.97609 11
e 409.60976 637.21389 13
e 237.17553 240.89265 7
e 418.57681 325.91165 7
e 515.21328 391.60930 13
e 360.26382 467.87248 10
e 330.95287 738.23092 9
e 511.33126 520.67732 9
e 277.52101 568.06119 12
e 420.22298 377.08801 9
e 324.72480 323.57057 6
e 285.25642 425.35558 8
e 484.60886 402.70523 11
e 349.11000 275.45388 11
e 343.52465 568.56538 7
e 329.13683 637.73437 7
e 485.89731 457.94567 8
e 436.93982 494.06625 7
e 258.80232 456.49926 6
e 307.53521 570.62527 6
e 316.54274 400.34899 6
e 217.47157 457.09127 13
e 572.82790 363.00245 15
e 316.12972 551.52226 7
e 327.71115 426.17304 7
e 393.89330 525.87910 6
e 409.79403 670.26911 9
e 420.83744 636.51033 8
e 378.61738 759.37734 11
e 464.22179 550.92169 11
e 538.29659 624.37278 13
e 345.63272 219.08722 12
e 435.97364 525.52503 11
e 558.95467 462.23528 13
e 334.35936 463.50503 7
e 420.50872 588.32630 10
e 287.42117 603.37264 12
e 405.35523 313.73432 9
e 521.98529 243.76060 14
e 446.07846 562.49478 4
e 350.93625 863.06634 7
e 177.82885 530.84086 9
e 362.70100 506.14393 6
e 447.88788 600.87751 13
e 313.16249 524.57465 8
e 377.15999 423.36812 12
e 539.88292 369.27748 12
e 399.86355 535.69399 7
e 377.37802 309.23248 8
e 458.36214 497.20780 7
e 357.25079 708.98529 9
e 263.03631 488.33238 12
e 305.35296 640.97350 10
e 361.79568 470.32806 8
e 374.29523 451.87592 7
e 506.28367 450.42444 11
e 306.85454 624.52275 12
e 440.69275 594.66829 12
e 409.80845 361.83339 19
e 349.94564 308.91923 7
e 461.47652 319.72307 4
e 315.53118 887.46297 5
e 469.38332 689.04075 7
e 377.74889 625.89919 11
e 249.03368 506.41446 9
e 408.53147 690.99314 16
e 221.62104 710.36934 7
e 267.37688 610.82199 7
e 455.66827 395.64810 10
e 365.67867 586.16931 7
e 244.12206 942.44947 4
e 353.00883 424.13061 6
e 305.13068 586.33791 9
e 469.34689 601.50275 11
e 368.24120 278.95440 6
e 443.13606 390.44410 4
e 333.29918 354.36923 9
e 137.41393 442.16402 4
e 350.95538 447.61782 10
e 412.31796 282.96691 8
e 510.71050 346.64076 8
e 258.90792 576.12037 8
e 244.31080 628.95605 6
e 413.22952 799.58191 6
e 354.17389 536.15949 14
e 404.14921 267.86075 6
e 232.88259 393.74124 7
e 289.80452 214.02921 12
e 370.11872 575.20472 9
e 348.80662 549.61907 6
e 409.83881 456.66548 11
e 457.55100 352.36554 9
e 349.47677 458.39239 8
e 267.76704 347.23822 12
e 424.04548 747.92575 7
e 350.38291 573.92687 7
e 396.43638 447.70706 14
e 149.67398 358.60213 12
e 403.08005 536.59403 11
e 315.76192 349.74480 10
e 358.94566 362.07283 5
e 342.87510 318.98822 8
e 335.87212 592.60299 10
e 455.46066 666.00600 6
e 397.82886 509.91831 8
e 298.90756 453.64279 8
e 220.70728 625.38529 11
e 329.92447 824.41924 7
e 419.58768 329.18253 5
e 404.74956 343.00343 9
e 360.11264 441.24173 12
e 302.84952 475.54382 5
e 276.19949 532.08637 8
e 373.44548 423.53874 14
e 301.65930 475.26206 12
e 331.54865 802.00428 8
e 199.92231 729.09471 5
e 363.58655 410.68683 13
e 533.72808 356.84283 5
e 318.16008 559.59207 14
e 465.91027 421.35723 4
e 458.73649 647.58135 18
e 424.85748 452.94798 9
e 293.13781 432.58171 4
e 277.19789 525.10286 12
e 378.71079 715.50770 11
e 318.73018 444.82758 4
e 427.71278 578.54859 9
e 502.28809 531.61175 4
e 302.69099 411.48110 10
e 349.32549 621.46998 12
e 286.15700 491.70572 10
e 254.16338 551.36280 15
e 330.56954 155.70492 12
e 547.41723 427.09595 8
e 333.29072 569.15188 11
e 303.80285 600.20226 4
e 370.85251 482.90130 7
e 319.48608 201.20515 7
e 420.88311 647.06716 11
e 396.43237 350.66100 4
e 292.27314 368.71240 10
e 286.60791 214.45503 5
e 348.06782 369.95954 5
e 381.42591 750.34710 10
e 299.19560 619.82884 4
e 383.73771 296.67632 8
e 474.06924 733.77498 11
e 289.23660 475.31910 13
e 408.96490 408.77016 7
e 453.95550 468.73979 5
e 391.22446 328.20484 11
e 289.54015 581.78890 10
e 402.40166 202.19151 5
e 382.85152 174.77433 11
e 503.64143 762.29683 16
e 430.26996 433.56718 6
e 365.35733 617.90135 11
e 464.16335 743.82063 9
e 403.06199 179.69852 11
e 342.08858 502.90201 7
e 439.45346 320.45811 9
e 211.59624 388.81420 7
e 251.23087 406.16331 9
e 453.76309 466.05892 13
e 373.78461 240.79776 6
e 561.96205 597.17729 9
e 335.18991 545.89088 9
e 329.09756 388.06880 4
e 435.75604 526.87845 8
e 443.16321 763.89250 9
e 426.91578 455.30909 12
e 367.52538 518.22225 5
e 376.76526 454.21462 7
e 319.37098 536.75012 5
e 302.22301 567.57084 9
e 500.58423 522.23229 10
e 499.61524 264.89210 7
e 356.79707 561.82549 7
e 358.59466 320.25426 11
e 284.57999 528.61001 9
e 361.10844 175.10997 6
e 263.07357 444.13999 8
e 388.96842 630.29416 8
e 372.09698 292.89444 13
e 538.20923 513.57583 12
e 411.67028 401.94869 4
e 320.35353 355.85950 7
e 605.29456 719.66370 8
e 308.04407 604.37123 12
e 266.80132 173.57342 7
e 403.89598 639.80723 7
e 250.59444 538.02070 10
e 466.81263 311.02061 10
e 342.72677 593.50467 6
e 360.95057 495.96029 2
e 278.84885 656.86042 14
e 395.32264 600.57943 11
e 451.65644 142.42308 7
e 384.25402 144.21297 9
e 317.83280 595.18124 8
e 409.59087 413.07887 6
e 286.42772 540.48264 7
e 416.49317 512.91645 10
e 440.87247 428.02279 4
e 321.78330 984.13389 7
e 390.22330 590.53171 6
e 398.31873 646.47028 7
e 273.29738 586.07229 18
e 464.78190 470.78735 8
e 533.43267 341.55390 10
e 274.44560 390.66038 7
e 267.55211 263.96670 8
e 261.68643 272.51952 5
e 422.06551 191.80447 10
e 253.54660 289.30042 10
e 354.64393 562.86325 9
e 349.22842 255.98309 7
e 442.26613 584.46771 7
e 438.44022 365.73338 8
e 410.11671 261.54387 6
e 496.58583 427.77716 11
e 273.92932 355.46238 8
e 315.81633 354.86959 9
e 373.70057 723.72411 12
e 379.83437 421.28199 7
e 446.36296 268.65301 6
e 352.54913 404.60582 8
e 297.90370 306.60981 15
e 341.13382 629.98721 11
e 442.29298 365.44098 6
e 384.70235 488.33008 11
e 402.07773 491.30719 8
e 387.94723 458.46711 8
e 365.26024 301.70944 8
e 315.33230 627.73390 13
e 292.86032 778.87821 14
e 237.94237 542.25444 11
e 454.63795 326.68040 11
e 353.45043 587.19957 16
e 271.90401 155.30964 10
e 320.70031 764.79894 9
e 368.69855 247.79275 13
e 311.93374 515.38942 8
e 316.67980 312.14802 7
e 419.89597 358.31935 7
e 387.29859 628.23776 10
e 332.29439 786.30566 5
e 458.61155 607.89245 11
e 447.36663 361.97067 6
e 350.36955 214.10021 9
e 282.42282 216.36172 8
e 297.46936 525.23819 13
e 297.78393 308.66081 12
e 234.37892 497.54831 11
e 135.13670 694.82553 17
e 431.19736 475.41274 8
e 232.42396 394.23460 11
e 278.32302 224.82401 9
e 378.48768 552.66549 8
e 315.87256 336.07883 8
e 252.23431 681.87761 7
e 181.17905 470.56170 9
e 315.21433 381.40613 9
e 570.64019 807.51429 10
e 308.63953 609.12552 5
e 522.64083 415.65884 12
e 401.09015 721.65159 13
e 507.42070 473.33794 17
e 437.13717 463.56185 10
e 335.69105 377.10159 3
e 210.96761 405.25540 8
e 278.63893 783.29166 17
e 408.82691 138.19804 14
e 590.82071 667.64824 7
e 150.12811 669.11560 9
e 281.81902 666.71553 8
e 399.85314 671.85830 10
e 348.29211 536.37307 2
e 469.12772 339.41305 5
e 309.89968 664.51108 8
e 323.81971 440.90866 9
e 332.39288 369.07051 10
e 403.54101 521.43819 11
e 325.23463 435.47484 12
e 282.58291 463.79351 7
e 371.34299 483.05312 7
e 384.27090 660.66023 5
e 355.39674 542.18409 5
e 278.81553 288.93500 9
e 492.41670 586.28259 5
e 360.48522 215.39981 8
e 290.99989 379.46741 10
e 498.94266 354.13846 13
e 231.76527 566.93666 9
e 290.84570 471.35335 12
e 173.01655 581.77562 5
e 413.03694 566.96812 9
e 315.95006 489.54867 9
e 283.24304 552.47183 6
e 440.31646 508.01550 6
e 499.26907 425.67124 12
e 266.09644 465.35733 10
e 499.35360 266.37763 8
e 351.90588 375.72551 8
e 319.22107 453.35628 6
e 325.55621 512.71262 9
e 403.05956 223.59508 11
e 279.14901 536.29128 12
e 369.10926 530.62773 13
e 285.16768 415.41607 8
e 314.32069 418.37101 8
e 459.46267 308.69512 8
e 314.72512 363.29867 7
e 252.96540 644.20562 8
e 464.11586 506.01031 10
e 360.12015 586.55923 11
e 274.69963 511.68593 9
e 330.85503 490.98834 7
e 317.62393 372.51806 10
e 373.67987 320.91978 13
e 278.89517 339.84209 10
e 398.67533 477.55203 7
e 415.76397 398.92744 21
e 208.11234 455.29513 9
e 343.34388 213.15595 5
e 341.87902 535.75123 10
e 405.29413 415.96468 10
e 510.63479 570.94991 10
e 403.27470 424.23149 4
e 294.30656 613.12384 6
e 364.66179 319.85550 10
e 559.72126 494.16177 11
e 514.22856 448.97201 8
e 399.87898 567.68403 12
e 372.80237 783.19194 11
e 388.79230 282.98935 14
e 223.11185 673.26796 11
e 253.48873 448.85516 5
e 493.95939 622.45496 11
e 333.70991 449.42510 7
e 301.51247 641.74133 7
e 323.55563 148.91069 11
e 404.88162 238.01260 12
e 417.92003 538.33719 10
e 430.61295 461.07775 7
e 325.69416 479.40392 6
e 365.96160 255.81677 8
e 293.21281 460.75449 9
e 303.31536 443.71744 8
e 386.30582 224.04181 7
e 401.73859 495.22150 11
e 209.04268 561.63840 10
e 259.91324 302.65456 11
e 389.87949 654.69888 9
e 246.66750 442.51919 6
e 254.07275 621.68035 12
e 396.69854 567.05108 11
e 423.78434 272.12744 7
e 246.99165 298.24958 13
e 209.38197 601.38330 10
e 453.42701 402.46146 12
e 362.04661 621.38066 6
e 463.43486 574.65685 8
e 345.38294 518.73398 10
e 523.17626 164.39115 11
e 307.94528 577.50907 12
e 318.81531 332.35435 8
e 283.20213 450.76258 5
e 492.44687 608.57068 9
e 400.49094 635.95896 11
e 340.41694 417.33437 8
e 427.56531 742.45698 11
e 482.65197 227.26954 7
e 403.50157 677.24753 13
e 336.15220 540.24413 9
e 428.87066 384.86396 7
e 353.15193 454.76133 4
e 297.84898 627.74981 8
e 397.54864 761.13670 13
e 364.15439 354.46803 8
e 345.33455 658.10202 12
e 356.63766 490.93522 15
e 360.14778 483.65319 4
e 266.36314 394.45425 14
e 276.29922 420.59835 4
e 407.46765 688.44585 15
e 253.49253 337.63548 10
e 433.67934 403.09455 8
e 375.53445 694.15664 10
e 329.45425 447.25777 12
e 235.77556 515.71723 16
e 232.91180 711.73596 9
e 367.21822 758.30111 10
e 401.79031 626.00975 8
e 443.27007 511.44480 11
e 415.69008 609.19192 5
e 266.10038 475.16164 10
e 428.31404 574.83192 12
e 390.97372 683.23073 8
e 316.09368 181.06580 8
e 465.93235 418.12636 7
e 431.41324 530.14612 9
e 352.72630 664.17256 9
e 380.13100 395.26409 5
e 396.11034 454.20479 12
e 240.32065 414.68382 13
e 454.26253 375.44697 11
e 446.55189 495.35060 13
e 460.80404 270.50539 7
e 445.37059 491.94310 10
e 529.44943 262.75799 7
e 179.44228 553.98602 7
e 443.01590 304.33004 5
e 342.25931 603.70390 8
e 324.32819 332.92348 9
e 317.13306 364.39151 9
e 391.31428 501.85309 6
e 381.81382 545.48836 10
e 407.15939 536.34754 11
e 399.69627 297.37172 11
e 237.05395 498.28728 9
e 290.39046 528.75077 10
e 417.49509 639.11143 10
e 398.90486 516.70215 7
e 275.59589 681.01574 7
e 375.16176 312.90699 9
e 518.28650 307.69389 4
e 394.45399 552.34475 8
e 345.11282 363.44719 10
e 260.24087 453.43586 7
e 352.49780 491.80356 12
e 408.33633 464.80133 8
e 275.74802 560.95728 7
e 518.55358 492.31917 9
e 333.21923 471.15961 14
e 363.07352 349.17966 8
e 560.23496 336.36926 8
e 232.04144 385.35689 13
e 392.79721 508.83068 6
e 450.94536 369.71221 9
e 441.45177 507.19924 6
e 307.46267 346.23450 12
e 405.29236 417.77947 12
e 432.89495 529.46995 6
e 355.47557 750.58342 11
e 334.43362 605.84083 8
e 407.97657 362.16632 6
e 451.55174 543.33777 11
e 356.13999 459.20466 12
e 388.02689 603.85207 9
e 336.42956 489.98201 7
e 272.04057 748.33518 9
e 266.37124 490.25312 12
e 470.16843 835.90113 16
e 364.12032 516.64852 15
e 236.83526 198.49672 9
e 372.22320 337.99503 11
e 392.84258 226.61584 13
e 469.08320 658.14530 7
e 441.72602 454.54368 11
e 519.01902 414.79027 7
e 334.28797 518.08500 4
e 415.77737 370.50899 10
e 337.68106 274.03258 9
e 319.45613 218.55297 6
e 428.74602 642.00602 9
e 449.98716 582.87690 4
e 515.86474 617.07207 8
e 440.15107 380.19738 11
e 289.56515 443.38888 11
e 333.78428 578.33686 7
e 265.90513 269.91096 10
e 342.94384 315.26333 11
e 351.58894 511.37396 11
e 378.72423 636.52104 11
e 516.83447 572.39184 10
e 278.67497 589.12369 10
e 454.38526 627.11055 18
e 420.74193 611.70404 8
e 558.91001 539.98281 14
e 159.44647 661.41322 9
e 362.29106 679.02579 12
e 428.04086 185.28675 4
e 273.65775 282.43468 6
e 304.69703 581.33561 7
e 385.33345 645.33253 7
e 339.77994 785.28764 10
e 268.27563 531.17441 6
e 383.81377 50.10076 8
e 518.79885 629.82811 10
e 631.76127 706.48134 7
e 344.87022 333.33897 11
e 300.32418 565.73231 9
e 455.20859 441.55043 14
e 293.21388 669.67147 15
e 291.05235 358.78416 7
e 257.77442 455.89323 8
e 253.03068 156.25502 11
e 636.26053 606.02767 14
e 396.89890 623.42564 4
e 267.28743 592.59762 11
e 258.52891 590.18123 9
e 323.85308 615.17367 9
e 360.54564 591.88515 13
e 449.71926 462.91247 13
e 257.48085 683.81650 12
e 331.06509 746.83171 12
e 296.53606 380.91912 10
e 455.88691 349.92333 8
e 302.84703 531.25425 9
e 386.18259 687.77220 12
e 433.04080 847.10938 10
e 373.64701 474.18956 12
e 289.98806 452.00000 6
e 245.81825 603.09762 8
e 336.45688 445.92513 9
e 335.15653 317.68727 11
e 353.03144 483.41439 7
e 354.71045 332.34355 7
e 398.31957 402.95074 12
e 371.18700 748.32284 10
e 344.08894 482.47722 9
e 343.43049 571.20185 10
e 456.66669 591.42027 13
e 370.67415 579.75226 12
e 342.62619 564.40472 15
e 383.71136 292.95562 9
e 437.69044 248.69083 9
e 455.54840 240.92575 12
e 454.51926 705.14493 10
e 462.98214 396.58314 10
e 640.57700 598.99585 11
e 277.60152 535.50275 6
e 365.64056 344.72828 8
e 381.38922 684.31677 8
e 281.76893 600.14666 3
e 244.63915 713.96228 11
e 215.65993 395.45048 3
e 323.43520 218.59849 20
e 461.72961 448.14630 13
e 190.20115 448.07010 11
e 516.99271 217.31826 11
e 305.42447 371.31191 9
e 241.60995 448.33041 11
e 369.00563 608.66840 9
e 301.71808 504.05103 7
e 333.66962 352.14667 14
e 290.32885 725.58095 8
e 302.00146 315.19414 12
e 461.97648 421.32985 7
e 386.41415 505.91426 6
e 396.92565 468.35446 7
e 318.53226 366.28750 9
e 301.83469 521.73505 9
e 526.09352 375.83238 10
e 371.32098 411.09813 11
e 311.61867 512.41187 10
e 335.52904 485.19255 7
e 426.95648 620.42612 7
e 369.58641 602.97733 8
e 418.66404 329.64124 7
e 423.44589 195.22289 10
e 390.71887 564.82183 13
e 369.80027 517.10864 9
e 529.37851 690.73521 9
e 381.58892 378.06838 10
e 349.06179 638.30884 5
e 429.02586 396.53730 8
e 383.59971 344.79721 10
e 256.90752 394.76013 12
e 301.39079 142.29631 12
e 368.21897 653.22499 5
e 387.31513 890.95682 8
e 310.25755 454.05649 10
e 306.57554 307.19379 7
e 283.31412 464.81111 12
e 434.05893 468.57387 6
e 472.39472 484.41944 15
e 376.41540 443.42095 6
e 379.84907 477.62046 10
e 304.21430 446.62782 8
e 431.61162 448.88063 11
e 523.39080 329.66268 9
e 534.45916 693.61836 12
e 200.27313 267.86951 7
e 420.44462 470.70687 11
e 362.63259 382.05007 12
e 447.64635 343.19229 10
e 416.32987 383.16030 10
e 349.15414 906.85674 6
e 547.76605 392.01246 17
e 410.95196 600.76821 13
e 466.37092 737.93320 8
e 505.18887 551.20273 8
e 296.50955 592.21174 8
e 479.60545 566.23984 11
e 451.82993 647.30453 13
e 355.76555 514.55138 11
e 321.75917 322.53257 9
e 357.94625 427.21284 5
e 258.20953 418.52295 4
e 486.57124 669.88248 6
e 362.28306 338.18359 15
e 375.54513 454.22430 12
e 324.04767 391.57508 6
e 270.59469 359.68450 6
e 277.41532 363.55533 8
e 372.20293 495.14175 6
e 461.26126 378.54278 4
e 338.91582 600.83294 9
e 613.75873 430.37296 10
e 364.11757 775.29022 11
e 364.57244 618.04292 11
e 363.50664 474.36529 8
e 345.45362 638.64793 9
e 405.73340 478.58833 9
e 374.52305 319.70859 5
e 413.16681 507.81775 7
e 491.05243 496.37364 7
e 327.59236 559.24030 11
e 197.68748 532.00043 14
e 416.57311 514.15367 4
e 414.46809 310.70841 11
e 511.52863 238.78151 8
e 354.84079 319.23841 12
e 370.27202 668.94586 16
e 516.94465 660.30434 14
e 360.34274 362.74900 5
e 441.87778 596.44668 12
e 145.11674 380.18660 14
e 219.73851 475.64684 11
e 368.51779 503.42576 10
e 365.16722 795.45182 11
e 391.41095 240.18421 10
e 254.22124 398.94754 10
e 447.64961 297.66845 10
e 291.41063 637.37069 8
e 387.15353 484.03953 7
e 283.56630 280.56340 7
e 501.14153 165.54658 10
e 340.60538 530.79151 10
e 273.07913 238.29688 14
e 247.82663 762.30189 10
e 270.40615 266.87805 7
e 518.28610 547.57192 9
e 396.51541 325.50624 9
e 362.43056 518.83245 10
e 282.49290 362.13189 7
e 440.72228 621.63366 9
e 385.37505 374.57018 9
e 446.05159 445.68232 5
e 316.21799 848.36716 13
e 473.05598 770.89652 10
e 355.40787 446.18811 6
e 422.71232 207.33553 8
e 473.29954 198.58261 8
e 305.22288 809.23818 9
e 238.01739 627.21994 12
e 334.71898 465.95121 6
e 340.31324 413.30299 11
e 416.10674 554.62092 10
e 414.85452 478.94809 12
e 323.60510 795.78264 9
e 406.68057 687.39253 12
e 413.29615 589.69522 14
e 267.43437 478.63409 9
e 150.13210 401.94951 7
e 229.98604 628.65937 7
e 261.54665 469.28901 15
e 91.12515 386.92356 8
e 384.43897 123.63649 9
e 281.02151 378.32275 11
e 460.10190 472.47046 7
e 396.49053 562.47614 14
e 434.72656 350.18528 10
e 470.85213 495.42143 11
e 345.52992 297.52902 6
e 352.37057 550.22878 8
e 440.61258 359.74135 7
e 357.03860 651.65836 10
e 403.22592 339.27343 10
e 220.23232 553.95159 9
e 375.63614 422.71776 9
e 253.25766 117.32421 13
e 235.98984 344.41247 9
e 350.72918 646.83290 9
e 309.87509 453.49907 8
e 173.16297 436.82394 8
e 437.80277 368.33005 10
e 397.04417 304.71989 18
e 335.26270 731.98384 9
e 302.45630 840.51316 9
e 360.11463 440.39884 9
e 508.02517 469.21995 9
e 270.47729 642.40777 11
e 481.86545 548.88735 4
e 423.51160 249.40868 12
e 189.67475 357.41704 7
e 228.67630 319.08108 12
e 412.52775 661.95756 9
e 462.17348 294.15878 8
e 328.75753 381.98040 10
e 313.37333 678.69278 9
e 484.18005 659.48994 11
e 385.80034 683.32257 8
e 387.73840 219.99954 10
e 448.06397 406.07542 17
e 370.27072 299.18606 4
e 259.89748 409.19408 13
e 290.30206 522.82736 8
e 324.11681 422.07281 7
e 355.20628 297.19788 14
e 370.38959 339.15477 8
e 502.78584 215.26158 3
e 170.40210 350.19911 17
e 263.83448 451.27522 16
e 412.34444 459.51729 5
e 292.69533 359.62171 8
e 410.61481 441.20746 7
e 503.88261 184.65035 4
e 283.18926 282.06785 12
e 415.76594 628.04033 12
e 342.82900 503.68777 10
e 479.01795 364.53583 4
e 347.11219 598.62933 11
e 385.56726 494.25316 8
e 440.84575 427.66548 20
e 459.53396 502.44195 8
e 350.93349 484.44335 7
e 378.69291 603.68105 6
e 384.05153 390.35077 12
e 287.10322 667.61313 8
e 338.28142 362.73158 6
e 328.40249 862.15832 14
e 481.85308 550.97159 6
e 437.25147 529.22158 9
e 463.24701 41.27280 20
e 416.15395 292.31890 6
e 377.50741 778.21755 8
e 331.99603 291.62036 5
e 490.70523 154.84533 13
e 414.23976 552.72686 14
e 528.44760 507.91692 5
e 408.06503 274.17904 6
e 236.55164 324.56723 10
e 426.10978 607.29124 7
e 481.30563 813.34955 11
e 434.54276 513.62218 9
e 464.26595 755.97138 14
e 450.23014 238.50445 8
e 339.82225 415.68087 8
e 349.41423 459.47066 8
e 353.74297 308.56635 9
e 188.23722 410.75389 5
e 531.82783 690.95815 7
e 268.59531 826.31426 12
e 324.32194 460.79516 11
e 301.51341 351.28952 10
e 309.68753 591.25596 8
e 298.98677 505.77743 9
e 290.31504 702.50450 9
e 204.27805 437.49375 10
e 428.82120 466.70343 8
e 318.92430 613.53835 7
e 269.88642 423.03804 9
e 480.71752 547.69107 11
e 390.94969 457.49512 9
e 444.47938 558.25325 4
e 332.97628 227.09331 10
e 395.26712 411.72697 8
e 208.10312 392.81825 5
e 406.19251 484.59822 12
e 427.42009 600.12513 12
e 362.68207 516.26286 7
e 490.62366 532.59322 12
e 321.62036 447.44603 12
e 212.50167 229.19826 8
e 312.94663 329.81067 6
e 332.54443 776.52082 10
e 268.82364 198.93573 16
e 349.12792 714.58080 7
e 293.81492 339.88831 13
e 413.37127 421.14317 11
e 436.61110 479.05001 9
e 357.88830 454.00158 13
e 379.99307 688.33869 9
e 310.37843 665.99637 9
e 380.56829 518.09866 8
e 402.17470 285.17304 9
e 637.61157 472.09355 7
e 378.89342 245.17845 9
e 260.11528 335.80254 10
e 159.77340 722.31206 9
e 483.58346 612.13878 7
e 310.23976 478.97855 7
e 360.44019 270.99859 9
e 335.59951 544.20730 13
e 481.43207 310.50869 11
e 290.58615 261.92694 9
e 323.80575 395.29103 6
e 326.51280 345.89879 12
e 341.28094 496.02052 12
e 396.35983 367.17371 16
e 700.57776 758.60478 11
e 617.82531 766.02881 6
e 664.46677 560.55873 4
e 694.56776 428.14020 15
e 594.26107 549.64600 9
e 454.29156 617.20947 13
e 712.38753 953.99839 7
e 710.54582 814.29771 8
e 615.81167 479.77089 10
e 680.53122 847.71417 10
e 551.53255 783.17225 9
e 638.67600 906.35836 12
e 614.59021 547.37361 9
e 534.19505 602.70888 9
e 596.82760 548.97126 7
e 559.18696 713.67636 12
e 553.99896 712.63403 9
e 653.41780 825.73090 11
e 595.51228 470.71625 9
e 640.44497 720.12689 9
e 649.03109 435.14753 15
e 561.10831 432.04569 10
e 685.32525 506.56487 13
e 640.32661 503.54642 9
e 682.46183 416.13368 12
e 718.19672 515.12904 5
e 560.93101 693.47211 18
e 541.57368 409.07495 14
e 563.34528 705.62645 9
e 550.23127 594.36794 13
e 670.50164 730.78131 11
e 447.86482 347.27407 9
e 557.17740 679.79911 10
e 547.78167 512.29226 6
e 504.59436 670.92492 9
e 528.40524 809.07048 10
e 557.82821 549.38047 12
e 618.66414 459.32160 8
e 590.91838 876.67813 10
e 467.84990 449.54659 6
e 631.42265 783.97732 9
e 520.94934 788.62739 5
e 671.89710 473.69306 10
e 661.52734 604.24584 9
e 625.36028 612.72850 14
e 539.92769 559.49132 8
e 639.58814 689.72026 12
e 716.47558 658.12422 10
e 681.13251 848.23498 8
e 527.81711 392.46697 10
e 652.15493 458.53732 13
e 616.60446 482.75197 7
e 664.49848 613.22358 7
e 711.87422 548.97219 4
e 576.90276 759.03384 9
e 631.76025 393.72798 12
e 505.94438 486.46902 16
e 526.31983 692.22931 7
e 662.39949 624.47618 11
e 465.94044 472.99224 9
e 522.04079 838.63898 10
e 600.11205 659.19581 12
e 669.87656 456.91420 9
e 465.48702 574.14439 7
e 592.53081 682.46261 13
e 561.63884 643.91757 7
e 498.20521 678.86234 7
e 587.29794 985.93146 9
e 622.17560 498.60891 11
e 694.84151 1008.42888 9
e 637.49289 620.47780 6
e 459.66282 711.78051 6
e 689.43285 608.28509 12
e 553.38599 599.57057 6
e 605.60723 811.91295 9
e 578.67783 666.47539 5
e 625.69960 460.72835 9
e 705.21689 800.41782 7
e 627.56415 479.82236 9
e 714.18143 497.28064 11
e 595.84416 444.11514 8
e 711.24816 666.99012 9
e 566.87247 868.46464 11
e 664.45105 728.90548 4
e 619.50540 638.28112 9
e 701.09111 451.11485 10
e 661.59843 627.94127 8
e 450.34058 430.58453 10
e 593.25140 788.13546 7
e 424.20306 283.20139 8
e 573.68786 483.99922 8
e 564.50744 717.53677 4
e 639.70223 351.21144 9
e 677.80971 461.02171 7
e 653.77728 765.51309 6
e 663.88006 482.88689 11
e 704.85915 664.43108 7
e 605.10836 531.40443 8
e 588.95856 625.21621 6
e 685.18374 229.57558 10
e 650.40408 505.79165 10
e 657.80040 716.17321 9
e 651.71132 499.59429 17
e 593.86797 555.75004 9
e 698.76439 691.20791 9
e 712.27538 797.88840 8
e 678.81861 719.49349 8
e 658.85811 619.34302 11
e 615.29615 801.80738 12
e 457.73479 382.26929 7
e 535.85685 974.73418 11
e 674.57126 565.27919 7
e 582.21465 758.78365 11
e 513.20478 400.17348 12
e 584.14500 609.84736 11
e 658.70967 695.15437 12
e 658.29724 612.35702 13
e 663.67678 657.45657 11
e 705.49165 536.17802 10
e 567.28396 330.69517 9
e 668.36611 302.65134 6
e 548.18562 796.17726 8
e 510.42429 731.26750 7
e 569.74128 508.13743 11
e 589.37231 880.82963 8
e 579.39933 534.19326 11
e 623.26858 539.25905 9
e 557.88391 409.24226 13
e 543.48291 669.65682 8
e 440.56355 746.28138 11
e 594.08458 458.71085 7
e 648.69711 748.57579 12
e 669.38561 235.83223 8
e 612.47889 643.18177 11
e 450.62837 411.65383 11
e 530.14285 456.43166 18
e 687.48780 663.29444 12
e 417.66342 560.60431 8
e 497.57942 542.56705 13
e 576.53483 765.96034 10
e 636.62291 759.36481 7
e 644.05311 701.36369 16
e 634.23407 639.45738 14
e 584.55936 363.69478 8
e 539.93128 307.26098 15
e 542.92196 622.31245 10
e 642.89521 512.06697 9
e 640.83743 513.65949 9
e 615.39133 456.74525 11
e 705.26564 762.12630 17
e 611.23976 835.67796 7
e 641.56437 551.08695 9
e 573.67908 437.11324 8
e 539.42534 713.64962 11
e 709.10341 424.53928 14
e 565.10224 244.33023 5
e 565.46063 496.83472 8
e 699.94639 810.16497 13
e 638.09178 562.73609 16
e 609.79337 609.02328 7
e 644.13302 490.69949 14
e 627.93811 456.83305 13
e 718.72364 780.36689 10
e 557.51390 421.14430 8
e 570.56453 759.13098 7
e 568.18217 620.79531 9
e 653.79618 407.26293 9
e 550.58761 276.47839 8
e 683.08452 675.84807 11
e 630.11542 810.57559 10
e 690.76424 673.25296 14
e 526.65179 630.30492 4
e 683.54581 666.61775 5
e 544.05108 639.47140 8
e 585.22086 691.01008 3
e 719.57609 536.05805 7
e 703.50024 388.00115 9
e 616.10619 656.53258 9
e 661.75167 796.76539 5
e 518.09963 477.98906 10
e 565.22418 493.81950 5
e 671.06131 691.48743 8
e 609.89474 813.56309 9
e 578.38271 417.45520 6
e 639.58393 468.91172 8
e 589.94759 444.03513 13
e 648.28731 768.45381 16
e 472.76784 531.76801 6
e 598.99185 384.27333 12
e 580.44530 576.78099 5
e 706.24811 472.69965 6
e 705.72877 622.70636 7
e 601.42503 699.30561 7
e 714.23182 728.99926 8
e 616.13314 217.48369 5
e 678.12821 593.69425 7
e 484.68631 726.58097 8
e 649.54025 530.37572 7
e 484.68466 563.36188 8
e 712.06603 909.17314 6
e 647.40187 447.15103 12
e 432.11500 574.73270 8
e 702.89460 874.27289 13
e 522.46228 503.30419 7
e 705.27110 530.53839 6
e 702.90629 471.64712 11
e 630.87225 849.39242 12
e 608.39379 606.99590 9
e 687.42639 650.91994 4
e 599.53712 600.91035 8
e 574.56208 929.60974 12
e 548.23829 553.12758 7
e 698.50950 615.82815 9
e 618.53476 583.17433 9
e 549.20485 693.10833 7
e 697.02532 516.83774 4
e 574.58610 733.02696 14
e 671.38278 766.11280 11
e 492.70673 683.22568 7
e 588.72548 546.42380 6
e 513.75907 719.87128 6
e 637.51353 659.47200 7
e 584.60922 884.77069 8
e 602.63706 803.28752 9
e 467.95984 714.72692 8
e 591.12495 1051.48866 8
e 643.53896 717.97003 10
e 611.74017 887.54078 10
e 667.41312 761.39702 9
e 668.89908 460.48130 11
e 472.26963 654.68170 6
e 662.99995 502.78669 13
e 695.87022 376.62688 10
e 704.67540 481.04405 7
e 714.87657 791.76367 14
e 567.53653 804.43251 15
e 604.60729 814.84439 10
e 673.98351 557.99070 6
e 543.58129 430.77333 10
e 640.63643 604.39714 10
e 649.18910 402.78988 7
e 675.77697 632.54691 10
e 659.42325 720.13180 11
e 642.76473 841.34177 7
e 700.80099 621.22571 14
e 611.67660 715.99742 13
e 620.70432 852.45242 6
e 547.64859 599.09719 14
e 587.85534 709.34455 8
e 578.29681 428.53849 8
e 665.42145 659.39004 17
e 577.14858 574.45676 9
e 567.66669 726.04721 15
e 659.52332 518.71297 8
e 661.58364 536.70383 11
e 694.27659 820.97874 11
e 645.36399 701.74229 11
e 706.10822 739.90367 8
e 599.89319 696.71915 7
e 583.98576 527.89794 9
e 616.12968 826.90900 11
e 618.05350 873.79307 9
e 603.53126 296.80266 8
e 679.17638 451.59445 9
e 648.46768 569.78464 9
e 627.50525 525.24432 10
e 648.06817 520.43686 9
e 666.83603 525.33052 9
e 671.24635 663.95510 10
e 626.50197 832.10813 12
e 518.12088 855.96910 11
e 525.98368 566.40537 10
e 545.72323 617.44357 10
e 603.18957 671.10954 6
e 668.72976 892.19549 9
e 627.55125 741.20207 11
e 553.00573 520.37360 11
e 719.43513 598.58950 11
e 571.06378 767.62590 9
e 623.01526 393.86695 12
e 578.42395 797.74504 9
e 591.64790 519.92713 11
e 583.25308 733.57140 11
e 536.60863 439.93402 6
e 514.02361 513.60511 19
e 510.92872 674.10306 6
e 654.77112 869.32197 6
e 708.00580 798.24341 10
e 622.98893 381.18791 12
e 587.93683 721.44694 9
e 564.08170 502.40777 7
e 601.61949 730.45350 4
e 501.91451 591.22993 10
e 707.04729 835.79226 12
e 507.15769 594.53175 8
e 602.47747 634.07188 7
e 469.57721 780.32782 12
e 648.20112 523.62962 13
e 567.29070 633.20516 9
e 592.26528 586.28922 11
e 507.48458 751.98500 9
e 671.78586 486.76116 9
e 659.63245 611.17238 9
e 564.77486 571.46954 10
e 673.90944 843.26895 14
e 682.00978 711.59243 9
e 577.65421 685.47273 8
e 560.48647 692.14725 14
e 529.21741 712.57683 12
e 700.45464 452.28322 10
e 605.38239 553.27883 10
e 596.88338 497.13655 8
e 613.74941 453.62092 6
e 577.13630 319.44130 9
e 571.23648 704.39268 13
e 629.21662 836.13994 16
e 570.58184 878.18838 11
e 617.27832 719.73692 6
e 712.37829 519.11528 17
e 639.37420 855.72679 12
e 684.79736 671.45195 8
e 627.94688 841.18520 11
e 543.33855 469.66604 12
e 651.73797 715.44704 9
e 684.08123 689.46271 8
e 669.81282 358.48148 9
e 690.29082 346.95094 16
e 661.42255 298.67322 9
e 659.89847 479.00117 16
e 565.81637 815.87183 6
e 542.10978 511.10375 8
e 676.99191 503.47040 9
e 701.37130 787.08001 13
e 632.86111 471.38933 9
e 514.89598 328.13629 11
e 698.31102 617.12773 5
e 385.69474 562.20383 9
e 662.43006 475.41948 8
e 661.71317 594.52427 8
e 585.92098 595.91297 4
e 719.42148 578.42032 13
e 582.03315 603.76842 13
e 698.15336 453.26859 6
e 538.22244 711.34565 7
e 647.27481 601.85281 12
e 538.31502 827.55437 9
e 613.71199 438.61541 10
e 572.83786 739.85025 10
e 627.17479 469.27453 6
e 698.22311 359.43590 5
e 655.93606 729.15047 6
e 527.06902 358.05223 12
e 570.82762 606.45734 7
e 687.29662 637.94074 16
e 681.62706 651.12237 8
e 586.49944 672.62052 8
e 539.76133 665.79361 9
e 718.22693 450.10591 11
e 678.36108 840.15008 11
e 702.11267 670.42277 13
e 559.76180 596.57213 7
e 410.42788 686.02586 7
e 633.38770 629.75308 10
e 560.28157 507.32577 4
e 651.68927 784.79624 6
e 484.79910 579.89150 12
e 633.29052 774.53077 6
e 518.72414 703.49455 12
e 626.38961 816.54433 9
e 644.56343 742.03236 4
e 638.07469 993.19409 9
e 574.87631 762.61448 7
e 576.73490 603.83485 8
e 597.32260 535.13698 8
e 651.24394 523.76351 3
e 625.19607 499.21963 9
e 620.22897 755.49915 12
e 636.80881 706.69209 5
e 601.91137 517.50788 3
e 635.80937 483.80934 5
e 601.10738 746.73622 7
e 676.90444 647.98132 11
e 517.13584 493.32884 10
e 695.12895 578.88700 11
e 473.53812 818.69717 11
e 627.11181 514.15633 13
e 582.97252 604.66535 10
e 663.31039 552.67133 8
e 691.40810 649.50504 8
e 644.62762 750.45015 8
e 620.28435 502.16585 10
e 629.28713 1027.27027 9
e 562.82513 457.29852 10
e 661.15331 748.74326 10
e 593.81577 685.40811 8
e 561.37536 443.77723 10
e 559.97652 654.15805 9
e 693.75399 555.18007 14
e 660.28497 827.96403 12
e 588.20204 756.03813 7
e 534.02838 765.78787 10
e 638.29006 611.86742 7
e 682.47364 536.64565 11
e 547.64159 250.40418 13
e 585.92838 754.39709 6
e 718.49530 391.51737 12
e 501.24150 549.60668 9
e 695.45854 676.85409 11
e 714.60548 580.11484 11
e 603.80002 428.20733 11
e 676.34804 434.22484 11
e 569.52758 694.76768 10
e 674.28733 457.40529 11
e 598.31419 621.02675 5
e 522.46385 504.46278 5
e 454.25861 742.27119 8
e 610.97945 496.74310 8
e 633.12997 834.32172 14
e 569.07388 462.93546 11
e 666.98143 451.46970 11
e 703.86282 623.71583 8
e 630.55193 613.52446 6
e 576.14757 601.83399 7
e 570.23961 759.57074 10
e 444.56436 549.31046 5
e 655.48893 494.38399 8
e 626.52533 401.39697 10
e 519.38988 430.74109 10
e 447.53259 678.44313 8
e 512.14683 816.08368 11
e 618.52051 529.04861 9
e 664.69406 612.49440 8
e 602.18219 408.28682 8
e 640.29807 716.78367 8
e 613.20451 729.21635 5
e 606.38600 629.93160 7
e 472.87611 713.87994 9
e 714.21098 554.49876 9
e 629.43063 629.96643 7
e 627.62690 505.80378 8
e 654.40334 730.41044 9
e 656.57772 781.78821 12
e 620.40285 764.80317 13
e 710.97152 670.68190 14
e 556.12474 743.12654 10
e 486.49411 604.46417 9
e 603.51971 622.27696 11
e 517.31045 355.20865 10
e 528.81691 583.97262 8
e 623.35393 409.09209 7
e 457.49069 754.66051 5
e 499.50359 647.87630 10
e 599.22550 688.85667 13
e 639.26729 735.12289 7
e 631.47511 516.73847 11
e 637.44831 739.45062 8
e 544.43055 610.66262 7
e 644.83502 880.69973 13
e 686.06979 696.48011 13
e 681.39493 506.08887 4
e 659.98557 532.45663 8
e 672.42222 657.03484 7
e 654.27853 719.53734 10
e 455.68420 866.56191 12
e 609.43748 832.74187 11
e 616.23380 664.10202 15
e 698.46488 786.54180 11
e 586.75160 581.27052 11
e 558.03884 695.65340 7
e 542.46527 432.97185 12
e 535.29690 749.34298 3
e 614.79285 705.35117 11
e 552.57833 679.81961 8
e 557.49861 631.70596 8
e 561.39230 870.67963 9
e 689.16333 567.77806 6
e 673.92725 773.62116 10
e 534.60646 558.94213 10
e 656.52728 733.35641 11
e 541.59815 562.66744 8
e 626.09344 526.01802 6
e 581.59063 451.30693 9
e 678.68889 564.76973 9
e 541.67798 561.15503 11
e 624.55517 563.82135 11
e 546.10733 569.82350 13
e 697.08641 515.37192 12
e 688.91771 426.77693 9
e 658.57609 824.19485 5
e 530.18186 477.23462 13
e 593.90798 466.84174 12
e 711.89240 525.37019 7
e 717.25303 838.32988 9
e 627.96952 463.93954 9
e 553.15215 785.21875 6
e 459.92332 453.12551 9
e 678.96980 658.09454 5
e 583.47861 675.45892 11
e 564.79601 626.19228 12
e 707.20178 662.11166 19
e 619.61805 699.84932 8
e 611.98770 525.69571 9
e 674.84469 603.64108 10
e 685.71380 534.24043 9
e 550.15113 673.90430 13
e 540.25865 315.25381 9
e 511.41270 649.52354 7
e 639.59986 638.11732 9
e 667.72073 778.86278 7
e 666.31646 516.47611 7
e 604.45674 413.68440 9
e 691.18739 219.81805 12
e 519.34011 976.77972 8
e 666.38132 450.44601 4
e 485.88478 534.81151 4
e 627.79716 649.40408 13
e 528.16027 625.63608 8
e 636.76385 744.39667 7
e 515.80640 523.73595 7
e 471.46392 513.38303 7
e 495.77119 827.04231 8
e 642.11498 541.69089 16
e 686.19910 825.97578 10
e 581.60104 602.25331 10
e 544.02177 571.86848 6
e 634.45162 617.33808 7
e 623.98647 505.85708 9
e 676.90403 652.21723 7
e 558.75905 732.35789 6
e 481.75990 579.76493 13
e 508.20410 665.60455 6
e 615.83122 583.68556 8
e 609.96310 497.88374 13
e 529.44922 535.93699 5
e 647.02318 728.86427 11
e 719.42899 426.98276 7
e 675.85554 422.94116 16
e 634.50912 690.54188 12
e 515.70616 939.40705 12
e 710.42139 680.24308 6
e 547.96788 722.67536 12
e 526.69197 771.09742 8
e 709.13853 687.18640 13
e 651.50253 836.07287 5
e 675.97211 559.52355 9
e 462.95846 873.43275 14
e 600.14770 822.39647 7
e 548.00010 867.42824 9
e 675.61172 525.27470 3
e 586.01360 359.98504 9
e 671.71540 688.32775 8
e 672.32090 760.44574 9
e 711.49176 393.66012 11
e 635.55609 668.30601 11
e 619.12672 631.79310 7
e 577.52151 771.09765 10
e 700.54944 749.94923 8
e 630.26381 611.98964 7
e 643.02398 493.25500 11
e 613.71089 515.62567 8
e 683.26416 529.60736 9
e 597.08421 352.31995 7
e 632.90590 418.46377 12
e 501.26437 698.80687 12
e 624.66714 616.89249 9
e 616.10197 597.56776 7
e 690.49790 858.56183 12
e 612.31842 652.45342 6
e 647.01470 753.42128 9
e 653.42877 522.29068 16
e 606.25230 640.70467 13
e 670.91971 514.23770 16
e 577.42920 888.88334 4
e 507.36608 552.57226 6
e 622.94365 651.20983 12
e 627.18705 460.39594 8
e 627.21128 697.67012 11
e 650.12954 358.27888 10
e 519.69525 672.44198 12
e 598.44203 498.04622 5
e 594.57581 836.96763 10
e 639.25343 685.43195 5
e 507.29929 548.30948 11
e 595.64488 648.45510 15
e 665.93554 452.45303 14
e 553.03393 657.19784 10
e 705.34085 637.95103 7
e 561.89235 260.74858 8
e 646.80626 555.79030 9
e 634.74599 283.50366 10
e 687.68831 727.80485 12
e 709.19409 624.06763 8
e 671.21566 558.60540 9
e 556.84664 562.15366 11
e 690.77754 502.51596 8
e 535.15367 665.24386 10
e 611.57900 585.13671 13
e 597.20046 682.54403 12
e 624.19831 517.55203 13
e 462.97693 556.74566 9
e 708.67404 816.75955 12
e 583.79488 972.93938 8
e 549.16759 578.83236 7
e 704.78832 433.64523 15
e 658.61141 499.32325 7
e 576.50024 680.91607 5
e 618.25957 569.97108 16
e 613.49979 715.84701 11
e 507.98617 711.60341 10
e 642.24971 586.72000 7
e 651.08547 759.76264 7
e 665.87213 698.45325 10
e 431.65382 552.81427 10
e 684.08225 558.02777 6
e 676.85531 699.63799 10
e 602.47707 537.94348 13
e 592.91437 705.75043 7
e 621.96458 807.72545 4
e 714.15687 727.89776 14
e 609.68837 402.68209 11
e 673.07454 1054.01918 8
e 636.52482 540.81382 11
e 608.52944 714.40787 10
e 532.80716 615.59399 8
e 593.54669 823.13735 6
e 644.05907 493.86724 8
e 659.92318 765.10560 6
e 608.18828 764.46331 3
e 670.65428 347.47257 7
e 546.39409 563.74246 9
e 567.58589 352.94153 7
e 641.15429 637.07182 8
e 550.93675 669.20373 10
e 675.40882 936.13955 11
e 631.07962 450.82214 9
e 602.31124 841.47043 11
e 583.48896 544.45858 12
e 541.65976 558.72938 8
e 453.19269 477.94926 14
e 579.03666 666.27361 5
e 620.59012 196.44286 7
e 534.81596 654.20190 10
e 665.55328 845.35283 11
e 712.95918 287.57869 9
e 675.86056 883.75744 9
e 574.28045 872.95867 8
e 621.54863 532.80186 8
e 510.40915 450.38313 15
e 543.84712 761.42444 10
e 536.41400 436.37830 12
e 672.38586 528.86089 7
e 677.43036 628.74812 10
e 632.90001 628.50900 11
e 508.11500 775.20532 9
e 610.94441 910.98935 8
e 663.25505 437.55256 12
e 628.88740 455.73216 9
e 641.66310 609.40559 5
e 698.58065 530.25190 8
e 599.41133 723.51596 12
e 616.96901 616.38903 3
e 516.04630 859.83603 9
e 649.19047 713.25982 6
e 637.44031 491.46401 9
e 589.27912 642.74958 12
e 659.35257 554.40454 10
e 636.05929 452.65963 7
e 527.27339 461.38520 10
e 626.08326 708.89558 10
e 580.78445 676.48274 10
e 583.03311 621.61848 10
e 713.35978 510.40341 8
e 535.38756 826.59627 12
e 504.56801 513.99367 13
e 452.07275 680.68402 7
e 548.84281 878.06001 7
e 566.02376 727.58140 11
e 643.10597 1045.81056 4
e 689.35364 601.68128 8
e 675.93765 439.49674 5
e 589.56595 561.23191 7
e 553.84445 701.68922 7
e 636.09568 541.68865 13
e 556.62708 690.27632 6
e 577.15679 704.58021 10
e 646.67404 988.38436 13
e 670.15683 719.53307 8
e 575.28808 350.31551 10
e 524.10292 478.84596 2
e 587.75662 821.20421 8
e 508.49801 559.86834 13
e 591.56506 589.63022 5
e 495.77676 446.28967 10
e 662.51310 618.14905 7
e 594.33337 467.02338 15
e 714.72744 459.43696 7
e 464.83455 539.29992 6
e 690.58236 643.59175 8
e 671.19333 577.15067 11
e 676.16979 416.46476 5
e 670.82275 567.77905 10
e 537.06425 489.31494 11
e 530.23310 786.06189 6
e 658.05783 568.61996 8
e 478.70034 517.92310 8
e 542.30394 489.07080 13
e 709.79090 443.01502 8
e 607.21548 718.00087 9
e 604.07853 1006.33739 7
e 685.44721 326.03291 9
e 522.23205 653.53866 8
e 520.68627 521.62128 10
e 702.80212 534.81343 5
e 705.54293 429.93571 8
e 689.32500 323.89372 5
e 668.18133 835.41178 6
e 636.66759 914.07618 10
e 507.51098 537.11574 9
e 673.40671 434.88592 9
e 638.30166 886.21207 8
e 643.10011 613.84852 7
e 672.85563 686.05283 7
e 593.91327 684.80190 10
e 601.42340 683.92475 8
e 646.97228 698.35597 10
e 619.57352 712.21335 12
e 584.44255 769.33155 8
e 450.64934 761.94580 13
e 704.47475 475.16072 11
e 626.28417 707.55495 7
e 626.28578 617.27426 11
e 639.41919 660.22480 6
e 474.49041 790.19316 11
e 682.09875 670.89706 12
e 521.08209 670.93547 10
e 550.57540 614.00328 10
e 615.65875 780.88753 8
e 602.81526 962.20611 7
e 538.94447 424.40851 11
e 602.06932 182.15724 7
e 571.55918 695.10865 9
e 538.41182 561.25400 15
e 658.15854 486.09408 9
e 566.30417 635.18687 10
e 549.24214 681.92991 10
e 512.83112 573.95998 9
e 658.47023 313.39555 8
e 567.91232 524.57941 13
e 677.39118 333.62955 9
e 546.24847 937.10008 12
e 583.48613 788.87843 9
e 618.35321 317.25956 7
e 634.32422 762.40844 10
e 641.52301 767.92982 7
e 652.66094 949.32548 14
e 618.20680 543.65067 7
e 632.27682 769.92196 8
e 595.63482 824.07921 10
e 613.42435 526.78025 6
e 640.34031 776.09158 7
e 709.58927 620.60218 14
e 587.59406 783.54921 9
e 431.19660 931.25757 5
e 492.68689 557.90125 7
e 662.32249 743.75946 11
e 644.14445 818.93422 16
e 703.11758 768.99699 7
e 558.75275 818.75877 12
e 530.67449 697.84593 12
e 434.67103 616.36918 10
e 705.93785 455.95332 8
e 598.88124 592.89055 7
e 578.57928 676.11066 7
e 557.08722 768.23761 8
e 602.21344 542.53349 8
e 578.48854 609.86070 10
e 599.67056 395.39879 10
e 547.42576 750.97039 10
e 650.93101 535.19978 8
e 612.59488 608.03998 11
e 538.24489 860.83619 13
e 485.44440 785.10997 7
e 550.45064 754.19087 10
e 532.27164 658.26090 9
e 529.81752 487.05173 10
e 716.21322 687.78233 12
e 615.87239 813.87015 10
e 585.13216 515.12087 9
e 708.92530 681.60420 10
e 519.60150 923.61842 4
e 705.79138 611.27173 11
e 491.08043 505.59739 9
e 717.82497 791.60171 13
e 521.89649 831.38324 11
e 513.86277 511.79620 9
e 692.94875 442.66877 11
e 632.87223 625.94098 11
e 603.37241 683.59902 9
e 635.23086 514.51007 7
e 608.54843 187.07193 11
e 713.18306 685.77895 4
e 717.28991 601.43297 8
e 679.53952 880.63911 16
e 601.60049 1056.76035 4
e 585.32837 972.23719 13
e 662.14108 623.09610 9
e 509.70050 924.88794 16
e 690.87134 381.94857 7
e 670.15929 910.25979 9
e 627.52537 793.73282 10
e 645.53744 676.19265 11
e 606.58823 615.19917 14
e 671.16784 671.34026 7
e 600.51497 851.66688 5
e 656.38853 762.75351 8
e 634.51623 922.05932 10
e 647.79476 715.48072 8
e 684.52977 894.33104 7
e 616.16018 620.51598 6
e 651.86808 545.97424 9
e 624.27770 669.66041 10
e 629.99596 784.66874 10
e 631.56564 857.41393 13
e 574.18484 667.47378 6
e 653.72394 940.42691 8
e 632.18173 746.01968 12
e 554.55332 769.57750 13
e 632.64148 784.00085 13
e 575.66228 891.79089 12
e 675.83776 721.00186 7
e 646.64687 730.72789 7
e 716.74353 841.64039 7
e 640.60659 700.15357 9
e 685.55465 549.49163 10
e 665.96330 707.82311 11
e 527.21983 668.76120 8
e 682.06716 927.78931 13
e 653.51153 593.35253 8
e 709.04224 725.20188 16
e 616.64537 872.20418 14
e 622.23863 573.50714 8
e 719.26981 837.99081 15
e 626.19927 818.11181 11
e 653.54026 843.30324 8
e 620.47914 927.04514 8
e 642.36917 319.88641 6
e 681.39133 642.93287 12
e 685.40781 636.00819 6
e 695.58583 819.06452 9
e 677.10517 856.69786 6
e 694.60693 536.65074 10
e 719.00777 617.10036 6
e 688.91254 937.69137 13
e 708.63636 800.21312 11
e 646.29269 847.14969 9
e 694.76587 557.62913 11
e 719.53530 728.09864 7
e 692.26990 571.66974 11
e 590.86069 636.26972 9
e 602.73705 774.68883 10
e 659.39416 700.53035 15
e 641.63822 949.18253 8
e 609.38981 717.65098 9
e 655.15686 616.78572 6
e 633.91062 622.36838 17
e 622.64897 921.31454 7
e 636.96296 764.47318 9
e 647.13561 696.73641 7
e 592.19233 923.21644 13
e 642.72373 776.57256 10
e 677.19097 529.95675 14
e 657.69716 791.70184 11
e 681.62275 928.00711 12
e 638.74072 622.58794 8
e 676.49759 631.92791 13
e 669.08698 916.15501 7
e 583.38725 828.40921 9
e 534.16412 706.44656 14
e 646.30709 786.65525 8
e 676.41600 779.62694 15
e 673.05332 908.66335 14
e 717.82797 893.85635 15
e 697.99602 506.04257 5
e 656.94822 806.47897 5
e 700.84700 657.69417 5
e 714.71967 507.14639 19
e 666.04131 661.10949 8
e 671.86146 756.56949 14
e 714.33241 886.29648 11
e 652.74988 845.47711 8
e 691.52638 663.26920 11
e 479.42619 855.18801 11
e 702.77323 871.07393 10
e 611.37194 1038.64985 7
e 643.82669 719.04101 7
e 611.60342 661.14300 12
e 634.48679 997.17136 10
e 496.29473 787.52263 7
e 529.64661 916.93092 5
e 487.78835 639.82631 13
e 654.88819 892.25950 9
e 618.26019 612.32858 4
e 625.37583 683.60151 11
e 651.95503 1016.94490 9
e 551.10922 775.50170 10
e 689.36651 485.19466 15
e 718.91038 698.46340 7
e 665.83432 786.05909 9
e 618.86789 892.50054 12
e 583.46087 771.74927 10
e 558.62422 647.80037 8
e 718.95742 586.78812 6
e 657.46670 689.61442 8
e 675.62423 519.58918 10
e 686.10785 771.78664 7
e 709.50363 700.14051 7
e 618.28984 991.92426 11
e 679.71126 744.01192 13
e 623.49817 947.83615 6
e 709.43859 921.42090 11
e 696.35319 553.80892 10
e 672.37033 791.30317 12
e 689.83744 886.57530 4
e 701.28100 791.61541 7
e 647.96212 656.85929 9
e 694.82988 940.14921 8
e 636.16195 919.17339 9
e 709.63213 867.69481 6
e 602.50413 959.99538 8
e 688.98856 868.47330 8
e 597.07445 664.72329 8
e 688.33645 858.66677 8
e 676.99323 342.42065 9
e 632.72584 698.53874 10
e 632.62166 881.65478 9
e 670.49055 631.94969 10
e 661.32136 651.41704 5
e 602.09443 1021.37882 7
e 581.09553 996.31452 7
e 672.00963 805.35473 8
e 539.38313 851.18705 8
e 597.02204 731.90433 9
e 564.04416 573.48555 9
e 659.42781 1050.30809 9
e 630.54930 872.00636 8
e 569.07838 893.38810 14
e 686.11646 379.77059 10
e 704.34678 870.22237 7
e 628.11604 713.84832 7
e 705.70426 630.95066 10
e 603.28009 992.99335 11
e 712.13077 766.68982 8
e 694.75353 496.97779 10
e 658.30281 768.59120 15
e 711.98829 722.22502 18
e 603.91049 831.20489 6
e 638.22341 790.24686 7
e 650.40339 631.39717 9
e 626.33370 658.51886 7
e 673.94559 1012.96070 9
e 685.93469 675.96194 8
e 626.24252 602.74873 11
e 696.40520 818.78995 7
e 441.60896 737.50518 10
e 643.50172 1012.86241 12
e 693.26370 888.38000 19
e 672.23172 899.06725 13
e 422.76641 596.12983 10
e 550.76894 707.66122 6
e 706.50224 804.27555 16
e 680.84380 602.77399 6
e 607.89849 706.67268 18
e 569.01418 475.91520 10
e 703.31350 696.90412 12
e 593.73553 691.26394 7
e 682.23058 801.26359 8
e 699.78689 786.91365 11
e 622.41002 848.47529 9
e 664.86921 633.02298 12
e 673.87463 831.89564 10
e 543.20707 977.29593 10
e 644.56829 741.46497 6
e 523.29434 687.54794 13
e 576.66050 641.59408 6
e 657.07059 867.87115 12
e 542.81590 948.27423 9
e 606.23508 773.47997 5
e 644.11875 781.16582 7
e 711.15741 691.73021 7
e 525.81491 749.78234 11
e 648.18389 920.58003 8
e 665.34821 821.53429 8
e 669.43427 590.67259 9
e 660.98802 720.38100 10
e 694.60371 888.13789 7
e 619.13028 661.17057 10
e 631.55300 511.26693 12
e 630.52460 561.50060 8
e 719.02204 759.50012 7
e 588.01396 881.90817 8
e 706.97693 626.91231 14
e 517.95914 624.66967 14
e 706.32224 757.44584 4
e 675.95752 827.98840 11
e 650.51618 584.14541 8
e 597.40706 703.09630 14
e 577.13008 722.48860 8
e 691.79718 991.74649 6
e 509.59599 792.25658 5
e 657.29940 803.87635 10
e 706.59505 734.11962 15
e 595.46972 767.08994 4
e 601.90776 769.36873 7
e 462.78333 709.46848 8
e 659.67859 655.12485 12
e 638.47346 399.03893 15
e 717.88829 992.18866 8
e 681.23164 793.31248 6
e 597.52105 745.30050 7
e 708.89374 844.88500 13
e 614.64782 903.78978 10
e 664.71981 963.09420 7
e 669.42199 896.77085 7
e 628.92220 787.19715 9
e 661.99546 812.83454 18
e 718.50840 904.89183 9
e 607.18862 609.37301 9
e 715.91447 800.46696 4
e 690.57043 987.71365 8
e 533.16711 964.41343 11
e 619.51077 768.44750 9
e 663.80614 761.21668 7
e 587.68396 1006.82650 12
e 561.05025 1068.97605 6
e 584.64604 740.24251 8
e 689.19513 588.90164 7
e 572.78090 987.92565 9
e 672.52740 799.00125 10
e 581.01481 656.80008 12
e 669.51134 788.35258 12
e 616.23179 943.96387 10
e 668.31234 855.47884 7
e 703.75530 829.15025 8
e 593.57252 625.12116 5
e 643.02744 799.58908 7
e 675.42180 907.72107 8
e 652.05895 1077.63726 9
e 622.74429 963.95165 7
e 684.42215 701.26703 13
e 667.73809 881.56608 10
e 681.51875 1053.92195 4
e 625.29073 605.38712 8
e 625.63801 910.55511 7
e 711.01715 752.86030 9
e 713.98362 679.81284 9
e 684.62850 700.11665 8
e 555.49789 653.10925 8
e 602.11618 923.50249 13
e 706.49526 555.70661 10
e 615.26207 813.08951 9
e 656.47621 840.19598 9
e 606.91850 776.50647 6
e 689.51878 802.22784 12
e 661.74293 584.83467 12
e 624.10528 557.69074 13
e 607.47825 946.53781 10
e 660.13353 970.51858 8
e 692.85412 539.08526 8
e 708.54751 744.84931 9
e 716.13261 720.81031 8
e 678.88847 728.56911 6
e 511.70337 815.17111 8
e 651.19021 885.83397 6
e 693.06707 804.52694 9
e 699.42349 785.68138 4
e 500.72604 972.93193 5
e 660.88720 589.94020 10
e 669.85922 912.33588 11
e 571.00429 956.76148 11
e 633.07486 672.67544 10
e 684.87093 797.86756 9
e 539.46982 629.92156 7
e 633.20245 906.02087 10
e 607.48658 929.21570 4
e 683.89565 617.59366 11
e 649.24165 626.75514 14
e 637.97734 775.40476 9
e 666.49043 805.58468 14
e 712.38969 818.08345 12
e 641.24600 926.54923 10
e 696.52718 839.63344 9
e 662.68753 586.09385 4
e 653.53803 809.73520 10
e 585.27980 662.14394 6
e 667.62496 423.45532 11
e 708.47115 902.34140 19
e 537.45731 857.66982 7
e 686.50545 864.31302 10
e 611.79671 815.66279 9
e 649.93572 814.61014 5
e 640.77764 873.63652 11
e 583.30760 795.88860 5
e 627.26337 924.51837 4
e 714.22123 777.82191 8
e 676.86015 1051.39547 11
e 555.85979 1032.64305 9
e 537.33851 845.77442 10
e 622.12531 631.10553 6
e 682.03118 594.21956 9
e 660.67275 913.78738 3
e 515.24873 523.42519 5
e 465.13006 934.01555 10
e 716.65006 968.94826 14
e 664.76637 771.05861 14
e 662.49709 761.33987 6
e 558.01513 581.48597 7
e 705.90954 981.46039 11
e 617.68410 738.20300 8
e 538.96620 764.75702 8
e 571.29963 1062.22435 10
e 714.74845 813.89884 7
e 526.78204 820.73586 7
e 694.01752 742.26488 11
e 666.62062 693.82997 11
e 580.59251 900.81540 6
e 618.14323 715.74270 11
e 569.71303 700.84970 8
e 591.18328 749.69765 7
e 686.55461 691.88529 8
e 701.51872 808.07437 9
e 690.75044 731.22058 8
e 528.84853 601.83152 14
e 683.74992 651.60193 11
e 686.20742 701.07595 9
e 613.30224 723.63318 9
e 624.10555 952.93679 10
e 711.30345 868.40832 8
e 641.51013 647.63311 11
e 683.09725 744.56589 9
e 696.83809 1017.34650 7
e 682.66491 686.32998 10
e 708.79440 950.41826 12
e 625.93028 977.45627 10
e 685.33372 763.57294 11
e 512.85293 588.40766 11
e 501.29968 636.40343 14
e 631.08463 714.10799 7
e 650.26438 904.70158 10
e 576.83642 558.92964 12
e 664.62773 795.68015 8
e 711.74239 696.28520 10
e 664.64378 881.47625 7
e 674.31207 842.58195 10
e 636.66973 335.10906 9
e 630.78251 758.47045 11
e 518.57188 760.46729 8
e 667.37699 688.35380 8
e 715.80564 699.76776 9
e 513.61934 699.39367 14
e 717.04506 808.99232 7
e 686.40833 891.52647 12
e 587.41009 635.45812 11
e 697.08415 819.49289 6
e 665.40205 644.70497 12
e 675.38343 654.15345 4
e 663.89213 725.14466 14
e 704.77569 711.57510 9
e 623.85464 838.96835 7
e 647.56506 526.87939 5
e 673.39576 649.84987 10
e 641.16759 745.69496 7
e 591.07509 688.33613 13
e 664.67068 610.73865 7
e 719.32798 721.73166 12
e 576.92397 703.05489 12
e 690.34628 795.17524 9
e 550.72304 990.29281 5
e 613.59292 560.22315 10
e 698.83578 819.37920 10
e 477.28230 545.89519 8
e 599.25451 836.86865 15
e 710.19890 442.83473 10
e 619.97543 690.24334 13
e 674.38300 599.38010 6
e 704.82285 1011.25729 13
e 699.24943 827.60595 7
e 635.25949 743.98322 12
e 692.14244 671.55693 6
e 558.21886 748.34509 9
e 624.59442 665.99785 10
e 688.18740 650.68969 7
e 696.13578 707.79786 9
e 680.95962 830.97216 14
e 711.39731 582.16304 7
e 719.35540 796.31953 9
e 655.53756 906.66871 7
e 665.44917 781.79171 6
e 655.91342 609.86340 6
e 683.50559 837.74989 5
e 663.65649 762.22495 7
