c ./output/rectangle/gaussian/gaussian-rectangle-3-2000
p rectangle 2000 720.00000 1080.00000
e 236.61306 315.52065 6
e 358.41058 280.32712 8
e 276.63661 317.47881 8
e 247.09261 219.55319 11
e 173.03977 489.80175 10
e 241.65555 231.47248 9
e 374.70100 431.29276 7
e 232.02262 398.60483 13
e 378.02856 255.75109 15
e 118.43431 707.15438 9
e 245.60949 308.70062 14
e 425.65233 228.61362 11
e 327.71742 357.43082 7
e 233.18387 331.96053 6
e 309.07301 269.75825 6
e 319.24076 563.18447 5
e 296.19925 222.37556 16
e 279.18648 364.65239 6
e 190.17752 491.21941 8
e 216.20718 272.92143 11
e 322.60414 334.52684 7
e 239.40403 508.90001 11
e 274.71219 373.05018 4
e 367.00885 141.80248 9
e 246.16659 860.96607 7
e 217.06710 381.44516 11
e 181.41139 331.81484 9
e 185.68446 722.54013 9
e 239.74288 80.55887 8
e 239.26204 491.51598 9
e 157.83967 479.93174 10
e 111.34124 408.65967 10
e 250.16637 484.55512 10
e 429.67439 415.65945 9
e 169.48165 483.10159 7
e 285.97267 188.32130 10
e 227.92340 599.46331 12
e 227.80014 397.78798 8
e 103.35371 606.24915 14
e 343.07876 477.85808 4
e 447.83417 349.22536 8
e 192.47255 345.77969 7
e 207.73397 546.45576 8
e 370.85661 190.29149 10
e 327.30113 318.39363 8
e 278.53807 363.72018 13
e 124.08525 412.72939 6
e 267.31933 406.18588 10
e 335.74565 490.67921 8
e 188.69043 156.36622 13
e 226.35460 514.37257 7
e 201.38880 220.73768 9
e 354.71562 321.48392 10
e 517.65327 306.85533 8
e 262.05914 244.33420 7
e 313.00422 478.48951 4
e 143.25793 348.55474 6
e 274.40016 461.71718 10
e 299.27205 462.02587 10
e 80.78809 331.02216 7
e 323.04754 303.08031 8
e 328.82946 7.36918 9
e 343.08092 697.88452 5
e 357.98714 212.13218 7
e 301.22595 472.73985 7
e 269.63820 484.05500 12
e 378.06787 427.43613 8
e 192.13059 197.84144 10
e 390.25989 340.39169 13
e 345.77424 424.70724 8
e 208.77868 257.04773 12
e 111.38042 465.18073 10
e 252.29894 331.94696 10
e 323.56854 573.13466 10
e 259.56088 184.78322 12
e 297.82079 409.53922 2
e 274.69655 575.99368 13
e 292.21497 403.58312 7
e 238.36994 160.48697 15
e 207.76962 570.23357 8
e 284.65274 417.46499 17
e 431.84016 304.21310 7
e 249.82796 527.72466 6
e 132.60602 121.39768 6
e 261.01573 568.39454 7
e 134.34478 210.38150 8
e 205.29506 508.55602 6
e 232.50533 65.33104 10
e 147.36362 285.43690 4
e 318.35253 439.02016 7
e 319.07595 245.67456 14
e 384.01494 397.74544 11
e 291.40045 93.62476 8
e 280.31524 266.27279 8
e 240.28686 505.79662 15
e 364.76929 441.29496 9
e 242.57355 634.38131 8
e 180.37991 312.88771 8
e 261.44749 580.68192 10
e 405.13671 539.22582 7
e 238.33171 504.14526 9
e 107.91137 553.43828 9
e 189.84992 418.43284 8
e 450.13299 516.02481 10
e 262.68322 472.98308 10
e 353.31362 331.83977 10
e 152.35975 603.90029 11
e 384.75477 384.32558 7
e 292.83996 484.63585 12
e 246.91868 691.69888 9
e 126.84557 380.43510 7
e 239.45983 512.36893 11
e 355.87525 133.10985 11
e 266.41982 298.15522 11
e 132.59259 411.08678 10
e 146.22594 589.09754 7
e 317.44793 541.16012 10
e 231.66989 312.20472 9
e 399.04760 535.89046 11
e 427.70458 356.39835 10
e 184.41753 562.10384 9
e 357.31917 320.79468 12
e 195.59108 222.54065 6
e 165.37378 350.41505 19
e 204.08870 226.63930 9
e 172.99461 521.05118 8
e 322.30429 182.06609 11
e 226.42907 466.98884 8
e 289.86766 460.40102 17
e 479.53019 324.84134 9
e 257.47614 471.83881 6
e 473.76902 231.94618 7
e 200.28020 364.30503 13
e 239.72464 419.44099 11
e 175.12062 404.71349 14
e 272.87398 91.67815 11
e 180.88087 293.05111 7
e 366.55933 295.54754 15
e 247.62862 432.55491 6
e 214.63931 612.57638 9
e 294.19194 398.02947 7
e 255.46268 232.13742 8
e 347.02869 451.13391 9
e 408.18471 278.24438 10
e 260.43583 599.90236 7
e 286.81836 367.32851 9
e 212.23166 66.73756 6
e 251.11368 615.29568 12
e 393.67978 227.12480 10
e 226.85241 345.17164 10
e 232.89642 249.80447 10
e 439.24020 362.38121 12
e 374.89812 376.39304 8
e 400.71310 489.32622 11
e 268.26913 373.80762 7
e 179.33545 260.12873 10
e 234.43248 510.47676 6
e 329.55245 324.15772 4
e 212.34234 240.45094 8
e 344.87828 450.86588 5
e 180.37017 644.88881 9
e 370.90961 472.15580 8
e 246.36496 494.89777 13
e 326.74516 341.30766 10
e 236.37013 399.08190 8
e 99.81861 511.11577 8
e 240.90083 564.85362 7
e 309.41083 739.03243 7
e 143.20651 187.82176 6
e 264.85259 229.79621 10
e 277.25651 251.20526 9
e 237.65245 134.49765 11
e 346.44134 352.30794 7
e 320.85834 297.22202 8
e 332.35864 517.91525 10
e 245.40318 483.80842 4
e 155.42907 272.54058 5
e 151.28200 423.25049 6
e 9.50902 116.28056 8
e 286.57598 517.48945 11
e 270.70036 203.13678 7
e 201.86358 466.50466 10
e 340.39450 485.63755 6
e 286.42591 570.74988 12
e 282.20321 655.97190 11
e 300.46213 363.60683 16
e 366.94397 460.26793 17
e 103.62644 334.85694 12
e 393.90128 753.14870 10
e 315.26185 752.83923 9
e 380.31606 52.53685 12
e 257.67879 198.89025 7
e 483.35770 543.78959 7
e 410.62987 321.07724 7
e 297.89906 536.33816 10
e 417.04146 411.20067 7
e 223.43522 248.64611 6
e 240.18816 417.72452 7
e 149.59861 582.74533 6
e 108.98556 171.28777 11
e 277.92340 706.55894 12
e 217.42921 213.96753 9
e 207.47588 459.61299 8
e 156.19317 394.85083 11
e 233.24599 185.38983 8
e 172.24059 601.56874 8
e 257.22688 248.26616 12
e 433.64655 387.83686 5
e 167.02663 628.11826 11
e 184.27767 470.88022 15
e 268.86075 374.76541 7
e 239.26535 286.71665 7
e 294.81830 304.35528 13
e 189.44314 502.76716 8
e 329.39138 179.79126 7
e 220.99587 255.95529 7
e 202.52941 395.96088 9
e 192.50268 555.11633 7
e 279.64450 203.04333 8
e 363.18373 265.14172 11
e 256.64811 391.31240 7
e 203.40110 673.34329 5
e 178.90766 180.96719 7
e 330.39073 322.69922 12
e 320.86558 525.62311 6
e 535.26804 542.47867 9
e 402.36821 535.99236 12
e 143.45248 593.28357 11
e 170.89864 537.42735 5
e 350.87767 268.55284 7
e 100.74181 628.26237 7
e 175.81975 458.14503 4
e 355.42337 429.65761 10
e 114.50187 573.26239 8
e 277.71185 437.79249 8
e 304.66627 702.55607 4
e 238.98079 607.25321 8
e 156.92674 160.52845 15
e 195.31818 594.27837 13
e 291.02897 467.19518 5
e 137.23270 414.70222 8
e 328.63788 649.38313 9
e 308.56140 645.22624 10
e 202.51486 209.83456 11
e 297.78920 519.73443 8
e 128.07147 782.18819 12
e 363.97079 325.59924 7
e 297.39474 402.24731 10
e 262.16756 188.76231 9
e 237.23249 516.53172 10
e 270.53794 257.67438 8
e 272.56186 657.32774 11
e 271.99475 465.76024 6
e 292.48035 473.93873 10
e 237.25250 254.84562 9
e 250.90351 344.82848 11
e 239.71404 328.65035 10
e 200.30771 414.72504 12
e 52.78645 530.32655 10
e 192.83782 321.57836 6
e 358.96470 598.57137 9
e 126.45916 603.04619 10
e 157.52694 423.08101 5
e 281.55930 235.43320 10
e 356.46468 696.95040 7
e 153.46697 380.68890 12
e 196.98903 379.42292 11
e 240.84422 241.03670 8
e 477.18022 237.35796 9
e 225.29636 549.98245 8
e 311.76037 426.89066 11
e 261.68946 780.43226 7
e 321.77100 679.57754 7
e 164.56545 452.91586 10
e 331.61516 527.07179 13
e 316.84340 207.07359 8
e 348.42528 478.76168 6
e 291.22069 305.32374 10
e 327.74346 66.51253 8
e 237.43979 356.35196 8
e 327.49333 308.10129 7
e 121.07049 460.31149 15
e 204.61733 474.77608 11
e 377.65598 537.12466 8
e 178.52416 367.26407 7
e 257.90403 463.85068 12
e 178.80044 685.38246 9
e 309.76674 382.26388 11
e 155.41154 94.71688 6
e 347.93888 376.77400 14
e 264.88549 162.11420 8
e 331.57722 320.56025 11
e 218.66557 324.24396 8
e 191.28421 557.80661 15
e 164.04170 359.58571 11
e 329.76676 547.33622 10
e 160.11334 324.02192 8
e 185.36248 519.34063 8
e 250.54469 227.79427 7
e 303.36943 332.11657 13
e 231.10485 223.88885 11
e 265.29168 525.58399 12
e 236.34324 451.19668 6
e 396.22017 469.11106 6
e 253.51450 260.65194 9
e 371.21791 262.79702 6
e 238.82411 299.84550 10
e 159.33266 343.72564 16
e 246.21871 543.55731 11
e 260.32987 403.23536 7
e 459.21102 388.60735 11
e 249.04616 367.71336 7
e 235.41560 194.83960 8
e 368.76566 240.53796 8
e 389.26461 606.47288 6
e 147.15361 247.07326 8
e 269.86433 289.24254 10
e 300.64258 342.18352 13
e 186.28424 97.10258 11
e 211.54442 561.87242 8
e 241.26990 231.09275 9
e 164.84823 438.95332 13
e 266.90553 496.60867 9
e 103.97959 361.00339 9
e 334.82036 7.29063 4
e 324.24698 647.31636 12
e 341.01834 249.54240 8
e 302.19236 366.84342 11
e 225.99884 244.16476 8
e 361.99957 205.44548 7
e 257.22130 516.33769 12
e 215.91835 416.64888 8
e 347.54077 436.00681 7
e 345.65431 385.41782 11
e 209.36859 414.14868 13
e 186.67624 298.53547 5
e 399.64329 430.70826 14
e 177.41957 150.76767 5
e 341.45356 329.48584 6
e 387.88279 610.79545 11
e 429.39862 638.52506 7
e 142.06211 556.64076 9
e 263.38256 619.07838 10
e 419.49626 593.71432 9
e 177.37888 390.72537 7
e 217.91535 129.20181 12
e 381.28205 147.64582 10
e 263.25922 310.62398 10
e 426.05541 206.67421 11
e 230.84070 200.94226 10
e 229.44096 340.79161 9
e 346.14374 378.58655 7
e 388.81015 401.95059 7
e 66.91596 631.23724 7
e 233.61222 452.59265 9
e 360.92921 185.58837 16
e 197.15469 273.20008 6
e 326.27078 148.70391 9
e 198.84568 505.71727 7
e 260.90538 802.93488 10
e 302.12005 391.94910 10
e 164.83623 256.69868 5
e 189.96016 266.57385 7
e 228.66750 482.64661 10
e 140.37337 515.94083 10
e 269.24243 454.22726 8
e 316.33434 387.16481 11
e 297.31619 613.24053 7
e 65.94681 353.02212 8
e 296.26049 499.42938 9
e 327.29606 558.08058 9
e 145.18881 257.05605 9
e 327.07857 495.21937 10
e 322.09788 285.36660 10
e 314.38836 658.64042 13
e 309.58092 448.01705 8
e 303.49850 595.57037 9
e 248.29506 422.03650 14
e 148.60190 461.13118 9
e 334.53468 625.85881 7
e 362.08656 276.63948 16
e 256.99457 417.17282 7
e 187.94222 243.72584 9
e 294.63066 672.72508 12
e 236.33303 567.43011 9
e 155.70794 486.38290 9
e 275.51522 442.36878 7
e 268.32014 492.45881 10
e 184.51943 416.91007 10
e 213.24754 383.26533 6
e 282.82492 449.15022 9
e 271.92135 528.78838 10
e 244.85675 294.17506 13
e 340.79028 413.11374 10
e 245.41259 370.74457 4
e 207.35017 728.21852 11
e 492.77582 627.72364 5
e 351.50348 314.13055 9
e 108.68162 294.89580 10
e 264.31861 506.21705 12
e 105.62732 386.20341 12
e 155.63849 384.24042 10
e 366.89349 360.93362 6
e 278.00774 443.86617 8
e 416.19194 457.71023 5
e 250.94314 331.62588 6
e 132.47467 108.68795 8
e 328.18156 123.03925 7
e 219.21925 349.02811 14
e 167.71242 216.70249 11
e 115.61284 171.15970 14
e 173.48900 126.39507 10
e 280.35233 457.96990 12
e 399.14518 103.20418 9
e 277.22603 496.52066 13
e 294.10973 423.59832 9
e 353.94601 733.12459 13
e 267.46098 462.01898 10
e 106.53673 349.98250 10
e 127.91935 112.57728 18
e 441.43557 182.41142 7
e 234.33939 488.67613 10
e 75.39336 235.96401 10
e 210.11898 551.96594 7
e 47.28009 283.95208 9
e 396.92789 280.40479 8
e 204.49730 366.87082 5
e 305.33459 55.81474 8
e 200.94525 457.19446 8
e 249.64006 640.28938 10
e 270.69957 281.13894 5
e 461.84991 182.03930 7
e 225.42797 390.90458 7
e 361.48414 530.56627 9
e 292.27293 230.35972 9
e 163.59396 513.69624 8
e 198.24399 553.56345 10
e 380.19586 411.66603 8
e 372.93065 602.12614 9
e 373.95068 445.60893 3
e 241.47814 604.17672 15
e 385.67606 222.05377 13
e 350.85916 405.64525 9
e 206.07098 398.95642 9
e 266.02642 536.68752 9
e 282.71355 645.53127 14
e 470.67028 423.15255 6
e 284.35958 586.30696 12
e 336.51688 586.23220 8
e 255.86561 389.80580 9
e 255.31222 531.91112 3
e 363.46739 603.03235 6
e 317.30525 503.36281 6
e 224.73797 396.14498 7
e 407.88963 282.50294 13
e 217.06280 439.71188 6
e 287.05062 493.98010 7
e 261.26391 552.30430 11
e 114.07943 260.58266 12
e 186.07740 492.47984 10
e 296.15997 647.75352 10
e 336.44718 95.14375 7
e 183.24928 453.26276 8
e 200.26682 586.92865 4
e 64.83471 366.82970 9
e 258.95047 201.98774 9
e 244.14578 572.01045 15
e 308.09427 284.55460 9
e 117.07367 232.75417 7
e 196.26875 438.10024 8
e 251.76097 133.35614 10
e 171.17439 611.88366 9
e 274.78816 245.96254 9
e 177.77853 587.29993 12
e 370.14800 420.64272 4
e 231.67959 341.28481 6
e 231.48450 374.81561 12
e 136.80963 260.14006 6
e 259.55717 475.22903 6
e 55.47012 691.02789 9
e 272.16766 353.51230 15
e 354.17870 499.85723 11
e 303.58417 309.16364 9
e 275.93219 578.15010 9
e 242.34637 428.80293 4
e 117.03138 528.27908 6
e 153.33661 397.65941 12
e 7.19560 242.52627 7
e 394.80244 495.41670 6
e 429.22339 304.27212 7
e 322.91517 404.56227 8
e 290.82248 320.90571 9
e 360.59574 231.60588 7
e 345.86008 450.19526 17
e 281.80656 419.45038 6
e 174.44945 461.05218 6
e 200.43893 340.18070 9
e 229.78905 494.18849 7
e 367.69507 559.24413 9
e 244.22736 608.51228 9
e 195.33314 438.18254 11
e 58.61938 373.79389 6
e 255.61281 360.10500 7
e 256.00413 189.05459 13
e 300.55058 608.77074 11
e 358.62772 196.91205 6
e 314.18250 166.42040 10
e 131.11622 596.87604 11
e 372.44697 328.50446 7
e 279.36777 693.33962 5
e 266.23297 459.90823 5
e 280.87391 582.60676 7
e 201.76191 348.92930 9
e 194.51141 535.24899 10
e 321.38438 291.72208 11
e 139.20464 312.14762 7
e 332.76971 592.22659 9
e 239.08512 266.10477 7
e 334.53405 233.10385 6
e 178.61937 763.91278 11
e 339.88891 332.61698 9
e 208.72979 230.93201 9
e 184.81055 433.71949 9
e 326.62528 150.15773 10
e 344.76521 397.00181 6
e 156.98122 440.28077 12
e 267.56243 393.30016 9
e 208.45305 638.54759 9
e 281.53200 593.63964 11
e 151.73701 237.91984 12
e 233.55737 195.10429 13
e 345.69365 537.52312 7
e 449.46073 433.55106 10
e 389.50911 578.07188 9
e 343.48201 409.20770 18
e 286.01983 553.03928 12
e 301.36326 516.18428 8
e 262.06738 555.70253 9
e 69.41000 509.12962 12
e 150.41714 369.07786 5
e 418.54256 343.87350 16
e 182.66286 166.20207 7
e 448.29437 624.48299 7
e 241.54958 59.86100 8
e 196.75576 304.34356 9
e 316.53470 566.27691 12
e 191.77421 199.91887 5
e 111.43949 172.34757 6
e 185.55359 146.73141 11
e 229.41019 495.71402 9
e 231.64134 433.36760 6
e 220.48827 113.00323 9
e 218.15515 185.89825 11
e 404.10919 92.10178 10
e 326.14119 285.34144 12
e 209.93084 170.51526 9
e 317.16059 454.30939 8
e 159.00671 136.74308 6
e 222.94390 406.64364 8
e 236.77537 262.86052 7
e 213.97027 391.90793 12
e 229.06524 191.07775 9
e 243.46807 439.34958 6
e 280.73389 248.73413 11
e 227.75106 592.59748 5
e 196.25945 348.54596 6
e 261.78196 643.94411 9
e 332.13254 554.78991 14
e 269.90058 513.62632 9
e 226.43705 519.81728 12
e 319.06681 486.51461 15
e 82.34503 293.79606 19
e 289.73173 456.13670 9
e 241.88030 576.75426 6
e 168.52643 133.11766 12
e 315.38766 458.95858 14
e 224.31009 333.58408 7
e 233.44002 412.32261 3
e 356.60807 345.38725 6
e 232.90781 56.58314 13
e 388.02307 690.42531 8
e 408.37581 621.62756 11
e 346.46566 450.69572 6
e 310.18240 185.81548 6
e 260.91456 503.17308 13
e 308.20738 427.24377 13
e 224.11449 415.57630 12
e 219.54044 138.67431 7
e 48.04047 642.73615 10
e 346.39316 471.97850 7
e 161.91560 244.36324 13
e 159.41311 336.77572 6
e 268.53026 328.95681 14
e 424.25647 191.17623 17
e 222.26846 462.57723 13
e 329.47416 509.54164 6
e 339.76893 470.44994 5
e 374.84107 269.07651 7
e 271.96873 336.26747 10
e 277.12498 530.32870 9
e 221.60582 549.69462 6
e 245.72118 357.48124 9
e 221.80631 311.72743 8
e 282.13089 558.80364 6
e 222.06701 343.94853 19
e 113.60514 384.51287 6
e 410.66237 407.28551 7
e 349.19878 246.04465 10
e 383.26384 215.68967 7
e 333.93630 457.79805 9
e 143.27343 222.96957 7
e 217.97952 322.25414 7
e 309.56041 247.81472 6
e 443.39107 358.79383 13
e 231.09319 533.58007 10
e 157.27492 531.95152 10
e 334.40497 464.04952 12
e 288.27773 204.47953 7
e 327.68211 549.86691 9
e 202.84149 378.77622 5
e 179.87887 455.72169 10
e 198.41792 550.84896 7
e 121.83642 336.46325 8
e 193.93396 403.03500 7
e 473.37113 362.37922 11
e 344.33002 341.93670 8
e 195.79872 678.04913 11
e 370.34364 647.21909 6
e 22.97677 228.38458 8
e 206.57265 291.72148 6
e 378.31979 149.15715 14
e 313.64893 308.26855 8
e 71.93135 372.39266 8
e 100.21733 386.47927 8
e 306.43238 139.31300 9
e 252.18739 495.69659 7
e 270.49747 35.55470 6
e 283.21770 315.59343 14
e 259.92137 474.48102 10
e 340.95749 431.22803 8
e 279.54407 243.76379 9
e 238.36100 317.51734 7
e 176.13133 646.26601 6
e 140.36751 199.21572 11
e 173.50906 509.91570 9
e 284.22600 267.10620 5
e 366.29736 166.74717 8
e 285.99331 434.44112 9
e 343.21245 325.44355 7
e 317.67971 228.85584 8
e 230.84461 443.82574 10
e 111.09702 366.14068 13
e 222.33847 437.34609 8
e 319.79528 302.49129 7
e 242.29330 553.97817 13
e 307.14628 392.94740 7
e 203.72279 384.69154 10
e 434.13405 214.73684 8
e 228.25359 545.66459 9
e 313.61629 627.73586 7
e 336.64131 489.74352 9
e 163.82961 356.39617 6
e 413.05890 427.72856 10
e 300.51031 302.96573 7
e 120.19391 234.79461 12
e 122.29605 267.74855 10
e 114.12032 180.75599 9
e 307.08903 450.66571 9
e 294.48533 613.57972 10
e 328.74188 513.40984 9
e 279.43603 187.58889 11
e 151.82024 402.35562 9
e 308.47154 391.67412 11
e 243.67563 417.99298 9
e 221.02169 160.41625 7
e 249.30155 386.73297 9
e 353.64031 389.94466 5
e 355.67017 402.70108 13
e 405.70294 510.43572 5
e 404.43580 470.61668 7
e 273.98711 33.45771 6
e 367.35485 383.33073 4
e 330.83319 487.42346 9
e 333.91448 616.40350 9
e 213.59216 301.30011 9
e 383.30963 426.61444 10
e 158.70705 237.66941 14
e 54.62593 636.22576 13
e 200.50434 480.95067 9
e 350.42062 455.39274 9
e 337.51782 583.36181 11
e 200.35207 460.30872 9
e 226.74437 127.47348 9
e 211.88808 263.33261 13
e 309.01895 319.78639 9
e 208.00631 345.14483 9
e 297.84416 424.23602 8
e 317.97361 649.10708 8
e 187.99202 403.40152 7
e 288.98581 445.26858 15
e 390.32064 399.70577 14
e 280.28537 665.30147 13
e 275.73237 331.70323 7
e 169.86054 325.16827 12
e 402.22963 656.94591 6
e 253.95446 567.30367 9
e 124.73863 326.63135 20
e 233.12938 334.53060 10
e 328.32609 462.10748 5
e 205.73118 593.75456 7
e 257.81291 662.75242 9
e 410.38183 484.07846 8
e 329.99884 337.45110 14
e 276.53019 442.14530 10
e 320.25868 251.40628 7
e 107.41641 562.25490 7
e 296.88190 538.65730 12
e 170.38904 282.95676 9
e 119.71970 146.23219 8
e 176.15061 428.15941 5
e 407.65675 590.75333 15
e 156.47601 532.87001 10
e 280.89337 410.73125 7
e 159.82801 472.14612 9
e 225.44300 260.94717 12
e 274.49806 122.16456 11
e 285.10412 516.31065 12
e 50.78800 354.43850 10
e 319.67578 210.31139 8
e 267.80048 292.88689 14
e 205.71595 189.98381 6
e 274.10594 495.65645 10
e 359.96856 395.68196 11
e 407.78975 369.32583 8
e 332.17104 261.19087 12
e 316.59983 483.02738 12
e 215.31238 324.47811 11
e 267.16928 103.31671 12
e 365.15496 221.80095 9
e 266.30570 197.86113 9
e 85.50358 358.78062 12
e 198.10934 310.86384 9
e 343.05019 489.51852 10
e 289.56507 591.24303 7
e 242.66064 317.19667 7
e 332.10703 325.96010 13
e 300.92594 339.77095 19
e 250.96590 386.65433 12
e 380.98679 270.86391 6
e 301.40806 11.61496 8
e 170.20381 486.28696 8
e 189.94216 287.17383 9
e 382.86166 367.12459 10
e 160.79096 565.34237 8
e 286.65644 458.84526 6
e 226.98048 36.36305 12
e 443.23673 553.95706 6
e 371.04220 433.83462 14
e 238.13237 471.93434 8
e 241.45121 284.01701 7
e 141.03070 377.13841 9
e 100.37944 358.67780 8
e 280.64705 308.42615 10
e 251.22952 161.23569 7
e 83.55771 225.46103 4
e 207.68791 477.06144 12
e 400.95517 482.22069 8
e 423.43736 263.81962 5
e 432.86979 204.40014 6
e 251.77341 634.10881 3
e 318.87919 265.27053 6
e 370.95603 526.72009 4
e 265.49655 321.00991 9
e 84.55118 239.35840 6
e 452.20143 411.04561 14
e 262.29638 546.48245 13
e 196.56438 586.09228 10
e 247.69165 763.97203 10
e 202.65684 477.66692 12
e 337.57407 292.42811 17
e 355.94748 278.26635 8
e 171.06814 501.43344 12
e 146.58106 356.87153 9
e 359.07960 386.01189 7
e 140.10839 376.74235 11
e 221.28587 337.61891 8
e 330.74774 340.59617 5
e 251.43681 151.34769 11
e 275.12921 831.39411 11
e 168.62407 390.52710 9
e 105.72325 420.83103 10
e 275.20772 340.52886 4
e 84.73456 663.62194 7
e 177.93469 270.47988 13
e 245.68076 565.96480 9
e 180.59418 363.00818 10
e 396.69656 497.12811 8
e 333.40123 478.48194 8
e 303.37681 464.05713 2
e 185.22239 519.33743 10
e 492.93798 611.60320 7
e 394.58331 482.46586 8
e 332.98819 203.03242 11
e 397.29443 518.31247 10
e 243.66457 259.15367 12
e 143.88958 464.33709 11
e 211.93783 441.16853 7
e 104.79491 244.22733 7
e 207.90463 303.78258 4
e 206.74098 198.98368 9
e 277.77046 281.00807 8
e 196.11572 460.97142 6
e 221.67489 478.31761 12
e 232.04001 532.28481 9
e 170.60030 410.22952 9
e 237.03643 439.46329 8
e 460.31741 552.35147 9
e 203.06531 396.89229 8
e 251.05227 281.76209 10
e 277.86353 242.71889 8
e 323.23737 648.13760 5
e 150.72506 337.62044 9
e 257.60930 340.85367 11
e 108.17804 455.84629 14
e 114.16084 588.94501 11
e 251.54480 362.94395 10
e 245.84065 524.40468 6
e 324.88406 656.31215 13
e 249.02303 68.62899 6
e 405.89435 236.38347 9
e 197.00381 307.13428 14
e 152.60430 94.64833 12
e 318.81779 406.22835 10
e 123.52476 369.91033 13
e 403.08703 586.51355 12
e 341.38891 502.16938 10
e 221.30473 438.82289 7
e 353.67778 352.05709 11
e 258.48570 258.14630 9
e 299.79538 624.09194 11
e 149.90549 190.78436 7
e 256.11073 189.07595 6
e 136.48130 200.72033 2
e 326.12432 509.53873 10
e 347.09480 571.99838 6
e 271.56627 257.42272 13
e 329.60853 422.81346 9
e 231.80630 374.07751 13
e 156.96644 447.45062 6
e 220.21378 514.10816 10
e 151.26184 517.62260 15
e 308.86933 441.02158 11
e 243.54946 399.26259 7
e 407.57438 717.32836 15
e 305.63641 353.75524 7
e 323.62518 538.83171 6
e 287.87754 252.86089 9
e 233.41128 338.04577 6
e 199.05479 329.78518 7
e 408.56016 346.56360 8
e 204.39390 151.97583 10
e 292.81519 686.36784 11
e 323.97506 183.14199 5
e 287.33164 209.54899 9
e 178.48546 510.74851 10
e 301.72083 61.99199 6
e 159.23512 529.76430 12
e 235.32798 359.60588 12
e 270.62484 504.60679 5
e 255.25867 445.61323 8
e 463.14859 711.79796 12
e 166.79887 367.71994 13
e 110.74745 392.23603 8
e 394.65666 530.17782 8
e 320.77057 326.18384 7
e 166.94939 494.11277 6
e 307.14838 326.68185 8
e 311.73762 227.30968 6
e 176.85585 428.71478 13
e 276.73893 503.75401 14
e 128.44605 252.40580 8
e 336.85039 692.10651 7
e 243.89231 448.26556 7
e 328.62049 320.46860 12
e 147.65735 411.11855 13
e 257.96649 385.14956 10
e 383.39584 214.59882 13
e 269.33835 565.59710 8
e 261.72933 465.68562 6
e 225.72834 466.38721 6
e 49.38852 291.11865 11
e 235.71662 344.27168 4
e 188.70118 468.83316 10
e 86.63858 497.89690 12
e 368.30801 110.28181 12
e 90.27718 410.44265 12
e 311.29866 397.09749 11
e 348.75969 453.90795 7
e 316.82938 273.13199 7
e 127.93773 551.87518 5
e 170.33005 121.50018 10
e 288.95256 412.58761 9
e 267.63094 458.36304 11
e 367.61346 124.21473 14
e 192.67498 492.23045 13
e 147.01602 374.64223 15
e 200.28369 168.04942 5
e 102.63275 569.51028 7
e 378.81395 428.64144 9
e 110.50146 407.72694 16
e 275.94183 526.94106 8
e 162.76097 624.16844 9
e 219.12542 340.57944 12
e 250.57354 405.75899 9
e 76.08917 14.51858 6
e 296.42525 341.70907 6
e 363.56149 392.06028 9
e 125.23856 307.95224 10
e 243.55252 388.86903 7
e 292.48155 658.54110 6
e 198.61663 599.72955 7
e 283.39603 112.14075 10
e 287.21124 186.15842 10
e 288.33731 683.92168 19
e 309.72219 459.96046 9
e 264.87448 428.04235 11
e 286.89998 427.21793 5
e 329.34019 265.61280 11
e 229.64293 253.22729 11
e 390.91702 431.91815 11
e 163.29771 582.25016 10
e 384.25343 434.72522 7
e 298.46881 67.90916 8
e 226.12309 371.83765 6
e 330.65201 177.84053 7
e 260.97777 250.15104 8
e 299.90492 350.91167 5
e 314.71743 482.85529 12
e 119.72259 427.51931 7
e 77.87947 387.49151 8
e 294.29264 306.63744 11
e 335.10643 475.41454 11
e 126.37728 155.20379 7
e 313.17568 256.71587 11
e 422.29617 221.62861 10
e 85.99775 468.73437 10
e 55.18685 179.04899 11
e 235.35692 541.32915 7
e 215.32094 258.75697 11
e 283.81635 228.09486 8
e 181.24794 407.93887 10
e 316.83364 436.03224 10
e 433.57185 178.75931 5
e 261.08262 210.49297 7
e 291.25165 366.22766 6
e 245.59358 21.46072 7
e 290.58573 348.48429 7
e 201.09322 197.26587 8
e 286.28485 308.42946 13
e 168.32873 723.97802 4
e 311.76380 535.57411 8
e 166.73891 255.44233 12
e 251.89557 364.57132 11
e 360.98369 199.31869 5
e 350.10032 291.48944 10
e 378.19206 444.30510 10
e 336.61957 359.12303 15
e 336.21720 179.94099 13
e 216.78922 682.04618 7
e 278.49177 228.23844 12
e 179.44745 638.88006 8
e 276.18836 396.26801 6
e 252.01150 578.31730 10
e 254.09042 336.25022 8
e 303.30462 592.83457 12
e 266.54619 333.40367 8
e 318.67789 435.13979 9
e 161.08840 613.59406 5
e 129.63185 444.45634 12
e 208.86377 273.67665 8
e 348.12318 339.72780 7
e 295.44057 574.07713 8
e 117.22251 443.19303 13
e 178.22613 447.87506 10
e 387.90439 426.08266 10
e 194.62467 211.09597 5
e 96.36526 533.93119 8
e 129.44942 349.68716 7
e 293.70837 526.08252 11
e 231.39965 411.40868 14
e 130.59181 433.11562 11
e 390.54039 624.69297 10
e 264.06557 219.06003 5
e 172.14891 360.64072 4
e 61.52477 497.02815 10
e 360.85449 170.57274 6
e 173.46607 399.26077 12
e 223.05765 645.31162 8
e 280.89497 332.82318 14
e 303.64603 399.79903 11
e 146.10053 371.62739 13
e 161.26141 493.81157 8
e 388.28507 260.90990 5
e 364.46384 472.63697 8
e 273.03637 434.01273 4
e 17.07967 331.49241 8
e 379.31202 563.14277 8
e 227.17323 130.58220 7
e 466.21671 323.38973 8
e 155.19621 542.91440 11
e 243.70583 490.47590 9
e 212.92641 662.05501 12
e 295.43014 231.90299 12
e 238.64409 377.10728 5
e 262.42333 552.72906 12
e 371.57255 691.82213 5
e 322.19690 481.73870 10
e 315.38794 208.47088 12
e 278.73709 650.48587 15
e 257.83195 298.57306 7
e 147.90000 296.99769 10
e 250.95357 189.71363 7
e 115.48473 419.35684 10
e 261.61746 492.72500 13
e 381.26035 301.49969 8
e 318.77982 415.27671 11
e 203.19367 416.47799 8
e 378.14605 329.92182 8
e 226.08601 85.70791 9
e 76.22833 276.44020 10
e 293.32376 440.78342 8
e 152.58974 809.32019 12
e 252.46799 655.17233 8
e 258.25291 462.97740 6
e 206.88983 499.47746 5
e 37.69679 296.56864 8
e 246.40788 329.81370 4
e 182.59854 312.85397 12
e 238.48333 290.11934 12
e 240.51062 426.71322 9
e 337.57595 270.82613 14
e 348.37137 590.44559 9
e 263.63182 440.40218 14
e 214.22929 251.13063 14
e 317.39193 441.69740 7
e 227.42523 688.03862 6
e 350.91242 614.88763 10
e 313.90362 462.64074 3
e 360.23864 548.15884 8
e 267.77795 229.43960 9
e 455.36562 182.05926 14
e 160.65909 719.15836 6
e 150.23348 488.75670 7
e 286.85220 196.80182 5
e 171.21871 376.75368 9
e 231.66617 373.14101 7
e 243.15351 241.87553 9
e 298.54384 280.35807 11
e 266.33608 274.77012 10
e 217.46184 410.22791 8
e 341.52497 430.97298 7
e 299.60061 497.55824 10
e 157.99249 303.27629 7
e 106.39494 390.38048 9
e 216.49033 447.55824 6
e 313.54310 466.12580 9
e 306.25607 212.36651 14
e 197.25715 509.28612 9
e 203.24934 135.69419 14
e 221.08248 204.71110 12
e 222.39269 427.35984 10
e 369.75487 281.81772 8
e 402.48278 338.46994 5
e 233.65194 370.12631 8
e 251.07667 482.72985 10
e 89.65382 673.88766 14
e 206.58817 512.60178 6
e 242.87006 420.80039 10
e 112.48489 312.36257 6
e 126.40024 286.21727 12
e 91.72013 470.70103 8
e 181.94552 156.02734 6
e 207.62799 648.16739 11
e 279.50276 686.33649 7
e 169.14801 251.93758 7
e 273.74794 103.48292 8
e 202.96661 547.78791 10
e 159.43048 740.81701 5
e 285.24003 9.59924 4
e 187.60365 215.14940 2
e 220.92345 403.41974 10
e 366.25883 446.19102 14
e 187.01874 680.30084 13
e 259.61103 437.21346 12
e 294.53255 574.07888 9
e 355.61250 383.76101 11
e 62.14670 523.98797 8
e 293.26120 296.69991 14
e 164.87682 623.24246 12
e 102.26539 196.41206 8
e 452.75400 482.08087 10
e 181.83870 348.19652 10
e 103.15479 563.07868 7
e 143.46682 753.36432 11
e 161.32744 571.17640 5
e 352.50472 414.38787 9
e 322.44250 503.61924 7
e 413.99089 307.51496 10
e 391.43234 442.67289 11
e 265.35211 588.33534 7
e 161.60100 365.27943 10
e 362.37189 257.15400 11
e 227.43399 532.18766 6
e 177.51024 719.46428 12
e 204.27066 450.75626 7
e 300.92696 318.30312 10
e 249.26921 459.96004 6
e 338.91780 306.37407 8
e 80.15895 406.61380 12
e 171.92609 377.32772 11
e 190.85180 455.43375 8
e 299.46363 373.21424 13
e 243.64894 490.37736 10
e 303.35990 823.09584 5
e 247.84153 161.37632 15
e 217.63448 457.51011 8
e 162.87792 458.15965 9
e 369.12547 393.45014 12
e 171.42573 431.77390 6
e 284.30842 556.05164 11
e 224.86786 501.58626 13
e 329.13424 509.91200 10
e 153.92853 362.32954 10
e 394.51217 547.53308 5
e 347.90284 417.85562 6
e 327.68755 185.11992 10
e 130.53383 382.47295 9
e 286.83872 235.71378 5
e 225.48029 334.66738 11
e 283.48828 473.67639 11
e 193.46693 496.70114 4
e 383.94219 456.81105 4
e 206.77224 261.20467 6
e 222.23003 549.52698 4
e 248.97013 453.08809 9
e 167.18153 455.56107 9
e 291.66609 339.02288 13
e 176.46016 443.42057 7
e 434.36851 423.23158 12
e 314.04672 232.38063 12
e 269.69757 300.24743 15
e 319.08553 410.74027 8
e 338.29268 418.17177 8
e 356.51695 389.69044 6
e 78.69516 168.02871 11
e 429.25152 626.72495 15
e 307.32618 539.94716 9
e 217.56793 635.50600 13
e 250.94453 237.12505 12
e 271.59504 402.40305 9
e 237.57240 497.39829 11
e 223.09359 69.66757 4
e 182.52238 346.63872 8
e 249.28389 477.43354 10
e 185.41374 431.82667 7
e 299.30975 220.31017 13
e 288.22793 629.36717 10
e 253.96714 567.37777 13
e 175.90015 421.56672 9
e 450.10531 401.76603 7
e 136.50529 403.58780 8
e 191.02486 257.14192 6
e 295.44334 500.22810 14
e 306.17573 237.07219 14
e 302.77024 218.22088 7
e 328.44394 233.25341 7
e 332.16458 500.33275 4
e 249.79756 304.23470 4
e 245.94101 329.11288 7
e 298.05748 481.49831 8
e 354.82221 662.74240 7
e 247.58198 529.15256 9
e 363.07453 456.66465 5
e 315.19125 518.26884 11
e 250.87150 283.42833 9
e 109.36112 178.69258 6
e 341.84343 451.58037 8
e 328.31770 235.14961 9
e 330.31791 527.16530 5
e 267.70919 461.64332 15
e 164.35404 309.95881 5
e 260.49166 393.63171 11
e 117.56356 435.95032 8
e 167.40431 334.57062 11
e 143.50172 271.51122 9
e 295.27535 361.69711 6
e 229.88015 294.37691 6
e 154.08162 308.48069 4
e 268.72021 442.40532 9
e 324.39050 547.31040 11
e 358.83191 527.31986 7
e 223.34440 499.52040 10
e 285.63814 332.50213 10
e 312.10165 161.52277 11
e 264.17836 415.73524 13
e 194.66552 573.14334 9
e 267.66532 516.92394 9
e 281.28742 363.58387 11
e 233.61719 280.15012 8
e 251.05149 703.40549 12
e 283.48351 476.34797 12
e 172.52874 391.62702 11
e 121.76311 530.65346 6
e 269.76099 376.13688 7
e 231.74103 458.77835 6
e 127.05838 381.85856 12
e 338.20153 280.73778 11
e 245.19948 397.98812 8
e 258.33027 596.71203 10
e 178.60606 305.19745 10
e 136.52036 354.76993 6
e 230.20688 175.76000 7
e 287.48650 722.39628 11
e 104.05306 370.86819 8
e 171.39069 403.87599 17
e 224.16694 445.98059 6
e 220.67073 43.80692 12
e 266.68343 569.74422 10
e 412.76881 305.57149 9
e 458.34493 259.04400 8
e 240.89667 418.33475 7
e 292.25722 220.83475 11
e 209.31446 355.30318 12
e 315.49205 240.45306 8
e 190.70179 423.87702 8
e 389.42240 372.98657 11
e 258.27712 201.29938 10
e 316.87047 352.79200 10
e 19.09092 475.98325 13
e 424.42246 546.13841 9
e 285.37101 286.43451 12
e 255.39915 154.05840 9
e 337.45897 417.29457 9
e 80.55661 455.44295 11
e 203.92635 192.97946 8
e 298.35161 423.04036 8
e 196.52953 676.56560 12
e 259.74446 407.52911 11
e 3.50609 485.96284 6
e 378.90822 383.27634 9
e 210.28295 563.81147 10
e 428.81388 708.11729 15
e 216.69045 406.40394 5
e 109.17391 491.13796 12
e 99.60438 499.35156 7
e 305.36409 335.19015 14
e 226.91492 266.42095 9
e 145.16681 88.51747 9
e 305.57110 423.67599 6
e 363.40155 806.67846 7
e 278.97368 239.67091 10
e 158.44413 213.49080 8
e 170.76939 501.79402 10
e 182.25047 314.88274 11
e 183.89832 309.17944 10
e 159.79062 512.30031 14
e 324.21446 350.85044 11
e 251.12117 66.33613 4
e 242.48186 408.94354 10
e 270.34987 437.22370 8
e 396.98777 208.55785 13
e 320.20272 266.61481 10
e 248.14160 493.47733 13
e 194.12394 451.99664 7
e 89.72262 295.42692 8
e 229.34240 447.83948 8
e 404.85088 426.44442 14
e 241.02277 289.65670 9
e 261.63736 367.58119 9
e 115.35796 505.42631 11
e 245.85293 787.24680 8
e 309.98663 426.79922 10
e 100.38483 390.47269 10
e 322.97866 390.26641 8
e 491.84072 494.39255 7
e 172.77671 151.61268 16
e 120.69399 530.36668 7
e 220.44773 493.81138 13
e 314.16708 351.76829 6
e 258.62246 202.21846 15
e 263.56646 270.23968 10
e 174.16871 182.73406 5
e 224.49156 365.55410 13
e 265.81595 620.85442 11
e 338.34474 330.81788 7
e 313.37495 544.83319 9
e 264.64354 616.68122 11
e 222.81252 369.42774 9
e 327.30125 293.49267 12
e 177.96153 413.11640 10
e 338.99751 565.55376 15
e 282.42193 427.98020 4
e 433.91915 437.26971 9
e 215.96822 293.74130 8
e 201.78614 578.93542 9
e 160.21300 57.80884 9
e 392.65120 266.56948 10
e 247.31506 179.64250 6
e 266.29347 441.50395 6
e 117.53332 509.20026 10
e 280.10169 568.10173 13
e 266.33754 287.86634 11
e 270.12387 399.19814 6
e 191.27339 641.10157 10
e 233.98884 498.40809 12
e 141.22546 218.95126 8
e 278.97422 461.74667 4
e 361.35680 426.16554 6
e 158.96851 188.23381 7
e 242.84422 202.42496 12
e 289.95475 550.70143 13
e 295.56652 595.23402 8
e 286.88119 459.45398 15
e 191.41576 636.33177 6
e 218.04255 276.77314 8
e 29.48257 389.02690 8
e 314.19485 242.04544 12
e 209.40012 372.41593 14
e 131.65905 258.14535 8
e 310.62709 455.67655 11
e 205.44450 338.96434 16
e 402.49484 344.63348 11
e 429.01508 657.89314 10
e 284.40365 278.34185 7
e 71.87828 246.78207 8
e 233.11327 241.99366 13
e 328.59010 209.27662 13
e 297.28215 332.10522 9
e 305.85490 773.34674 4
e 380.64968 623.72308 11
e 496.22842 416.83439 9
e 351.79235 124.60138 12
e 342.31749 256.42266 4
e 149.67958 525.35238 13
e 339.76352 446.79039 8
e 268.87537 666.43255 8
e 236.31338 74.43377 3
e 225.42039 474.30631 10
e 227.14757 520.43928 9
e 254.65234 411.70547 7
e 192.66363 489.85906 14
e 288.16230 126.76811 14
e 308.54774 563.55952 9
e 304.40928 140.45396 9
e 239.10684 270.87188 6
e 235.31871 183.20452 13
e 279.55112 378.17124 6
e 318.20904 257.05752 9
e 299.46214 266.13316 11
e 246.62096 354.70263 8
e 308.02051 176.85889 10
e 377.00559 393.43775 10
e 174.59411 498.73959 10
e 173.78289 163.42419 17
e 255.35461 377.47343 7
e 161.14741 478.13465 5
e 40.94904 638.59524 8
e 143.85017 392.35791 12
e 400.48126 278.28847 6
e 133.38347 601.36142 7
e 447.23752 523.96588 7
e 272.51870 199.84950 10
e 221.03724 240.88461 6
e 240.48784 703.80063 7
e 334.66842 427.85379 10
e 355.16673 345.94257 8
e 449.22205 360.48832 6
e 120.14249 278.84988 7
e 192.57807 127.55370 11
e 311.86259 672.17706 10
e 108.20293 465.53049 5
e 317.60971 202.19141 8
e 181.84198 235.74075 10
e 188.82327 496.91368 10
e 271.17395 384.55579 10
e 359.99921 140.20866 9
e 219.22342 311.46096 7
e 124.59054 239.09841 7
e 231.66940 612.88005 9
e 358.08859 298.81134 10
e 252.08682 533.67977 7
e 157.78321 139.36050 11
e 395.48174 699.61791 8
e 366.49449 618.01473 7
e 250.42729 752.25046 7
e 330.77758 204.42028 11
e 267.23407 584.59182 9
e 311.77281 342.49208 11
e 249.37001 473.70781 8
e 264.52008 416.37255 8
e 412.83598 389.82805 8
e 616.10163 482.50127 8
e 456.35706 455.73387 12
e 664.79107 332.83317 16
e 564.49561 126.02755 7
e 331.62956 71.35943 7
e 504.02573 246.20562 6
e 302.05647 551.73732 6
e 496.92690 399.84009 13
e 584.41038 418.60915 10
e 409.91970 559.33542 7
e 467.86758 180.34001 12
e 442.63971 346.30838 9
e 509.44323 314.40553 13
e 509.75786 587.99534 4
e 548.63856 196.28040 10
e 646.54398 262.35021 11
e 439.22443 337.01932 4
e 689.61772 365.56078 6
e 462.82408 498.29140 13
e 547.30264 308.92110 10
e 647.92778 356.14546 10
e 498.14467 230.30800 11
e 547.77628 485.28493 10
e 542.82930 84.45887 7
e 472.43215 234.87301 8
e 439.40411 270.83802 9
e 677.21284 275.39509 9
e 508.17331 217.11842 7
e 544.88169 81.95429 8
e 540.93366 395.69622 6
e 403.18895 347.26387 12
e 431.50472 252.21025 6
e 669.49222 220.19733 11
e 509.40354 629.49394 7
e 551.29911 452.73398 13
e 558.97464 540.99318 6
e 477.26224 456.74291 8
e 467.70804 380.64251 8
e 536.19991 488.93123 7
e 500.66196 556.95056 10
e 554.23947 634.57247 8
e 512.02090 277.27535 6
e 635.26508 188.94390 4
e 486.64993 360.38230 10
e 453.74661 387.95632 6
e 604.64509 167.57623 13
e 417.19525 504.08627 13
e 535.22484 433.94966 4
e 330.15290 280.65404 9
e 518.74151 442.11024 11
e 607.10053 87.33716 13
e 463.96551 593.56081 11
e 486.50588 504.83763 8
e 432.30874 582.32546 7
e 568.75548 368.65683 6
e 631.53880 446.12293 10
e 665.67161 234.10898 12
e 502.41491 365.84631 9
e 364.15176 499.45383 8
e 533.52021 276.42337 10
e 405.65555 351.20251 4
e 628.64281 164.63697 8
e 389.03871 82.38512 10
e 591.17181 495.46275 11
e 446.09784 356.64496 12
e 470.92483 383.85053 13
e 685.40682 219.59571 10
e 430.50804 147.29952 6
e 626.93073 343.10235 6
e 489.21649 212.65477 7
e 426.24505 320.71619 9
e 580.27902 191.78053 10
e 491.09175 516.61027 5
e 541.42584 41.77680 15
e 551.78355 297.49811 5
e 494.46512 309.00553 14
e 403.21999 347.77721 11
e 547.03133 337.87897 5
e 600.59825 40.35024 8
e 397.09073 369.41736 11
e 705.95249 276.06503 10
e 575.60587 446.93824 5
e 501.13085 349.44489 6
e 541.74719 529.12810 13
e 678.26949 538.96835 5
e 432.94181 219.19089 14
e 425.61305 359.06819 13
e 581.82640 421.88924 8
e 521.52232 324.82002 11
e 567.47342 573.03746 9
e 418.03689 130.45365 11
e 552.76255 443.11460 8
e 507.40855 261.02022 8
e 458.39469 284.16463 14
e 660.25350 398.93418 7
e 589.28933 171.37506 13
e 508.35530 268.93899 6
e 518.70824 198.95796 6
e 613.82603 217.22824 13
e 476.68500 282.57699 9
e 688.84979 589.50327 14
e 500.57647 505.93232 11
e 673.07436 278.95300 7
e 445.44775 287.30580 8
e 578.87284 311.68540 13
e 667.69277 555.12781 9
e 528.91805 354.12762 11
e 522.83379 337.49095 10
e 442.06069 343.48038 11
e 534.18503 235.79655 8
e 696.71613 123.57126 12
e 691.30544 739.82178 10
e 598.39064 175.80405 13
e 533.57874 236.54639 15
e 500.20826 254.27190 8
e 528.16104 437.06071 7
e 478.88086 361.90865 7
e 361.50576 531.44619 13
e 407.14138 252.76329 8
e 553.85033 471.12615 5
e 481.88700 328.04866 12
e 544.64766 303.41855 12
e 497.74846 77.79614 10
e 430.56222 611.37036 7
e 485.12152 409.69253 8
e 479.44272 317.41913 8
e 521.63601 308.56891 4
e 428.35477 282.71088 8
e 532.42405 318.00634 10
e 571.44318 104.64214 9
e 477.17111 101.90503 8
e 518.61767 542.72407 7
e 538.66387 297.50820 11
e 512.30520 368.92054 8
e 554.15948 40.77528 17
e 577.74586 126.00400 10
e 354.43035 210.45092 6
e 551.88589 329.79395 7
e 473.35417 122.04488 7
e 523.04882 408.16629 8
e 497.74489 106.09026 12
e 395.92919 312.18693 12
e 538.57756 423.45581 8
e 562.74136 533.36928 10
e 570.58466 325.79468 9
e 603.41077 346.43111 9
e 536.84995 203.06341 8
e 609.61489 223.46117 11
e 556.70748 501.41399 8
e 537.59349 438.61006 6
e 467.63590 215.25785 7
e 450.27277 352.51944 8
e 589.97637 360.43161 4
e 543.24859 458.20053 15
e 606.58804 298.89936 8
e 467.62718 358.33306 8
e 508.54235 125.82712 7
e 541.90469 414.44554 8
e 498.18450 489.92794 6
e 499.32172 634.63970 9
e 503.11364 281.12355 13
e 640.29554 489.87557 9
e 531.16211 170.73066 11
e 508.89500 681.28747 12
e 467.59136 468.72507 6
e 475.18444 624.42471 11
e 492.15346 311.17906 8
e 589.12640 375.12546 11
e 610.54953 496.59373 7
e 520.25780 387.03695 8
e 557.11826 333.51845 10
e 364.57659 392.55426 12
e 635.82481 210.68038 14
e 385.32041 531.17447 14
e 554.44461 247.06748 7
e 331.60749 51.14166 8
e 510.14807 34.54745 7
e 402.87644 176.08355 11
e 572.25171 236.87371 13
e 521.99718 246.35217 8
e 558.79307 318.24090 10
e 562.94609 438.39521 9
e 398.62169 600.13017 7
e 437.17385 218.74707 14
e 648.69480 155.96277 14
e 464.86649 458.49452 5
e 584.39655 244.71467 7
e 595.26834 288.27737 6
e 562.08479 189.50166 10
e 636.76253 43.13630 10
e 565.34743 177.13558 17
e 485.66056 564.57453 8
e 537.80212 396.79384 7
e 516.30105 161.43698 5
e 447.03726 299.29812 5
e 418.49214 248.94068 6
e 473.82134 263.26341 8
e 514.73179 335.10967 10
e 383.65960 238.63507 6
e 643.87087 136.81203 10
e 457.11035 573.79216 7
e 610.70961 138.82158 8
e 673.81689 448.48714 12
e 564.83321 494.33168 8
e 606.15362 444.80468 11
e 503.46963 523.29967 13
e 541.44631 603.20883 6
e 704.02902 318.96760 8
e 672.73558 434.70758 11
e 409.20141 224.23160 7
e 559.89760 731.71652 11
e 522.79079 479.84980 10
e 494.70876 467.35515 7
e 572.34969 394.39026 12
e 496.36435 344.53054 14
e 489.20765 483.08725 10
e 550.68055 394.05383 9
e 428.58822 699.96928 7
e 496.49301 168.28632 5
e 487.68001 65.16785 6
e 508.62131 474.84792 7
e 443.01231 719.44316 11
e 505.14979 122.94570 7
e 409.82549 697.28621 11
e 631.97964 369.77211 10
e 622.26214 420.36673 12
e 432.37171 247.93831 4
e 617.07526 437.47061 9
e 426.64933 505.80562 6
e 285.90802 274.13283 10
e 510.62665 390.92038 7
e 515.74334 529.71345 6
e 582.50969 113.42296 6
e 592.81812 717.14309 11
e 505.80795 197.35935 11
e 365.95569 458.28814 10
e 447.99445 325.11683 7
e 560.25314 439.79635 15
e 528.33908 557.52421 11
e 512.02048 48.71791 5
e 462.40334 316.15363 7
e 426.99125 230.51778 7
e 597.74683 613.21529 9
e 489.62815 377.66002 6
e 441.10772 399.42640 11
e 585.56454 369.58896 8
e 658.29261 540.13338 3
e 591.46888 398.59362 7
e 456.04691 351.63042 7
e 530.63830 234.59361 5
e 559.71433 365.17858 9
e 436.08177 660.36760 7
e 532.23310 292.27603 13
e 526.23323 421.65267 10
e 557.16215 334.02585 13
e 650.46516 396.49402 15
e 479.72096 201.16822 13
e 519.90194 422.38910 6
e 533.46426 455.25654 12
e 595.26202 121.79159 9
e 498.00100 472.97240 10
e 530.32142 181.46409 7
e 505.14781 268.37669 7
e 515.23059 215.69093 9
e 446.52819 311.68474 13
e 444.76179 546.03534 5
e 369.08781 368.35455 4
e 502.06526 146.52956 7
e 620.80323 107.57593 16
e 502.62918 351.29449 10
e 559.80202 521.82164 8
e 540.71266 35.71028 10
e 546.66279 482.84086 5
e 487.29340 371.09776 10
e 707.59897 352.02481 15
e 625.91891 428.92853 17
e 512.82180 271.98799 13
e 610.37525 403.00664 10
e 476.28455 539.51182 8
e 478.07240 411.74636 11
e 641.99736 402.45941 7
e 594.35367 204.58737 14
e 409.60918 246.76302 8
e 584.85941 501.39843 10
e 388.08405 417.79825 14
e 497.84293 340.58092 10
e 412.78990 434.74986 13
e 521.38096 695.43162 9
e 472.86756 298.52760 7
e 380.14251 230.13190 11
e 619.94037 458.53355 14
e 540.21209 369.99207 12
e 475.44820 380.76210 10
e 521.97159 303.85745 12
e 537.49895 447.77064 12
e 527.25281 518.85879 10
e 717.33634 308.94695 13
e 328.51076 512.66207 10
e 454.59852 47.25267 7
e 549.69048 698.61533 6
e 485.58541 101.06912 8
e 659.63588 478.70098 12
e 511.61859 384.00915 12
e 521.88416 46.70103 15
e 588.57667 337.87226 6
e 539.08981 583.04237 16
e 569.02522 338.73190 16
e 610.99001 534.25776 5
e 632.59024 363.41118 16
e 506.35687 405.84764 9
e 384.50045 539.61679 11
e 551.88757 138.01897 5
e 473.94074 386.57387 5
e 600.90093 382.21407 5
e 514.46023 346.72911 10
e 601.01396 244.43752 9
e 405.98401 90.88238 9
e 430.97293 615.87516 8
e 586.49354 511.80262 11
e 533.03356 296.05718 8
e 555.47262 353.82584 9
e 584.53412 502.91015 7
e 504.21535 352.02544 11
e 570.37504 789.51950 11
e 491.65299 24.37660 8
e 406.53082 387.69562 7
e 452.10322 241.93542 16
e 553.44407 337.27317 8
e 657.48544 488.97319 13
e 403.37658 420.14339 10
e 647.83889 68.37758 6
e 637.39663 487.09786 5
e 545.42842 440.39541 7
e 416.76765 283.05314 12
e 589.70463 472.97996 12
e 559.68553 325.62429 7
e 440.23246 232.90619 11
e 495.40471 350.72934 11
e 508.51418 223.96959 5
e 638.16307 518.70835 12
e 486.36304 582.38432 10
e 380.64688 387.30902 8
e 640.39901 228.43124 9
e 540.29376 248.69099 12
e 471.02601 373.41505 5
e 459.05124 337.09146 9
e 469.92631 366.34167 14
e 419.73220 237.66977 7
e 570.55743 220.97414 7
e 618.01143 251.04701 11
e 513.86579 331.41458 7
e 547.36525 516.24665 10
e 455.45797 518.10855 6
e 573.68612 319.94012 11
e 645.89406 430.44329 15
e 534.55518 296.45162 12
e 579.66606 223.56660 9
e 544.08991 310.71112 7
e 566.59926 589.13894 11
e 523.47785 464.26201 18
e 655.99074 451.94180 5
e 583.59683 512.48703 4
e 596.05701 236.87496 8
e 505.95607 628.39263 7
e 431.73221 175.81520 6
e 516.83867 165.54439 9
e 588.13736 98.41473 7
e 305.64776 210.37113 8
e 619.68447 325.96451 7
e 590.15704 172.34194 5
e 623.80368 456.24917 6
e 566.42065 239.12539 8
e 452.38917 352.17402 9
e 506.14632 197.42181 10
e 525.33445 430.88874 10
e 544.45496 487.12346 9
e 587.16523 319.74724 13
e 430.86630 448.92383 7
e 569.70632 296.79144 11
e 422.79713 140.87701 13
e 375.35350 364.41501 13
e 338.40254 801.01649 6
e 647.57057 269.65462 9
e 472.72168 458.77426 8
e 545.90185 136.97623 7
e 543.82028 548.79523 11
e 494.28821 148.79532 10
e 609.98197 594.75084 6
e 530.26393 76.00555 8
e 575.42279 262.93419 9
e 561.02402 308.84007 6
e 525.14891 381.81123 6
e 566.58149 371.77596 11
e 549.85230 406.24892 8
e 313.93460 447.21175 14
e 628.75910 275.81763 12
e 430.42233 516.27909 11
e 558.39736 294.15895 7
e 549.54738 312.25982 11
e 419.31592 698.54770 9
e 491.61366 478.58877 8
e 608.56470 728.82710 12
e 404.32585 206.99464 10
e 665.16276 834.68386 9
e 404.03581 598.54177 11
e 527.92629 388.45972 6
e 460.76154 452.84811 7
e 503.91815 649.75437 7
e 660.74338 477.88569 11
e 474.66997 483.17573 10
e 553.61604 531.81770 7
e 414.06700 589.54544 10
e 394.73790 315.63660 11
e 579.39716 505.90379 10
e 526.82308 657.93287 7
e 510.78810 450.74158 4
e 429.13922 797.97540 5
e 640.51796 486.18975 14
e 555.88818 230.33538 11
e 538.56987 533.82962 6
e 672.27458 528.51306 13
e 614.06477 524.07205 13
e 643.86021 499.54316 9
e 483.79746 331.48598 7
e 623.48445 377.32150 11
e 542.41339 507.79102 6
e 540.15972 405.93037 4
e 425.87427 469.33015 9
e 636.76284 315.94485 12
e 306.08137 327.11971 7
e 469.15429 403.02115 10
e 464.40052 511.61191 8
e 442.87906 400.39980 5
e 471.95942 284.16378 8
e 604.17961 303.52456 12
e 327.79539 514.46350 7
e 662.12224 195.63850 11
e 390.93359 569.19816 11
e 626.53596 484.68348 7
e 378.35740 800.51466 8
e 484.72666 234.06301 9
e 571.39615 396.40275 4
e 521.53528 678.14969 8
e 437.72994 404.38149 11
e 475.72103 537.09901 7
e 502.63458 690.14339 12
e 517.38976 643.20943 9
e 443.92100 422.30551 8
e 630.72870 353.37798 13
e 502.70288 568.74089 6
e 541.44115 499.60504 9
e 653.28007 544.74114 9
e 497.75132 699.68310 7
e 570.60397 354.07113 4
e 538.47957 594.78891 12
e 544.12356 476.60836 10
e 551.39340 530.33712 9
e 519.43625 540.69044 14
e 559.18102 326.13902 11
e 366.06275 528.16391 9
e 541.46616 510.26167 7
e 560.23060 559.13321 8
e 650.63217 385.36920 15
e 637.75000 512.15618 9
e 380.84201 614.59733 10
e 702.52816 332.85757 10
e 574.61217 651.56205 5
e 441.02816 361.17791 15
e 494.66490 430.73700 11
e 700.77331 786.71485 14
e 517.24757 384.29150 9
e 456.55743 183.48223 8
e 592.51755 631.71202 10
e 462.87945 459.83776 10
e 422.90216 280.39951 6
e 486.91296 180.65904 9
e 687.19420 511.82579 8
e 680.13846 469.03324 8
e 480.53313 311.90272 13
e 712.99384 344.19524 11
e 575.44951 455.21220 7
e 427.42944 566.06754 7
e 547.71132 509.00598 10
e 559.11930 158.44105 14
e 467.83989 518.46673 4
e 446.85571 748.47301 12
e 486.30685 290.22940 10
e 490.52693 458.63988 7
e 674.50810 341.19112 9
e 521.14040 584.66513 3
e 303.84926 216.82562 11
e 554.88072 272.79707 15
e 580.15969 419.92476 14
e 391.15588 664.24721 10
e 634.47221 598.91070 5
e 472.83877 237.78068 15
e 499.08742 483.86942 10
e 374.89818 465.93340 9
e 634.65334 671.49701 5
e 667.89438 386.87042 13
e 474.32185 448.70520 5
e 550.64232 549.81673 13
e 410.23799 261.94527 5
e 569.45443 577.18571 9
e 602.77497 212.08959 16
e 563.17323 472.69592 5
e 568.69525 525.97279 9
e 531.92106 246.24408 4
e 612.54943 423.87474 9
e 585.44298 431.74935 6
e 589.67583 188.33424 10
e 477.68840 360.88598 8
e 502.47784 507.27597 13
e 544.35562 223.05864 12
e 552.59387 204.16557 12
e 554.74293 432.19137 7
e 430.78793 638.21593 12
e 499.08335 225.73308 4
e 469.17227 439.29243 8
e 465.35210 656.38114 13
e 612.81907 78.22189 9
e 552.13065 598.63560 11
e 396.98747 388.68472 9
e 479.29497 557.70088 10
e 328.48753 433.28724 11
e 662.14290 584.07525 7
e 615.71863 283.56493 8
e 462.94382 578.87184 11
e 506.66929 478.01940 11
e 609.71797 182.87292 8
e 502.14130 322.87926 10
e 531.56320 293.17927 10
e 475.91970 479.91098 6
e 594.74306 485.41859 6
e 457.96889 453.52986 11
e 508.26961 610.88274 10
e 676.83256 383.19378 8
e 631.31381 303.81592 9
e 519.15918 315.48423 14
e 456.16019 527.85212 13
e 572.88777 337.68070 12
e 567.58668 532.44576 12
e 398.62375 504.85222 10
e 641.15372 541.16679 10
e 453.63210 615.31486 5
e 456.51233 79.15284 8
e 604.15693 386.23032 9
e 575.65428 412.10142 9
e 428.69836 733.62047 10
e 524.47310 309.12383 7
e 525.63702 435.32872 15
e 266.61943 308.08655 10
e 431.04518 322.68282 11
e 517.58725 428.56630 12
e 591.31388 468.50120 9
e 719.39233 320.60960 12
e 479.84468 300.40492 11
e 557.46165 172.07770 10
e 513.39255 379.63188 7
e 618.85404 700.73049 5
e 642.45764 534.31231 11
e 561.64969 316.11904 8
e 521.00074 373.26940 7
e 617.35052 611.36704 8
e 540.29961 359.58259 8
e 503.18410 331.13522 11
e 624.86098 502.32543 11
e 492.12991 578.16967 7
e 455.81083 444.23679 10
e 545.62438 248.20495 8
e 593.31600 624.06775 11
e 507.27223 575.32627 13
e 394.84527 449.65982 10
e 414.38161 566.44813 8
e 631.13664 381.53647 7
e 533.07827 275.71055 5
e 493.74347 451.78265 7
e 485.57913 462.54346 15
e 559.11425 538.76884 4
e 562.96858 445.43939 11
e 591.94616 478.45702 8
e 462.40378 744.68027 15
e 403.37959 399.44608 10
e 433.59845 373.25001 5
e 488.15233 648.59100 10
e 634.82337 467.14051 8
e 581.28443 738.72368 7
e 526.95561 237.27361 10
e 569.32766 447.15021 7
e 608.29067 642.11380 11
e 668.87944 583.09934 6
e 464.67842 305.23708 7
e 463.50529 499.27212 11
e 492.27214 341.00243 11
e 529.55634 398.51140 8
e 580.24629 275.33666 9
e 607.69426 411.74000 10
e 574.15227 336.29303 6
e 572.04669 211.69283 11
