c ./output/rectangle/gaussian/gaussian-rectangle-0-2000
p rectangle 2000 720.00000 1080.00000
e 129.12322 457.53178 12
e 143.27977 328.76454 10
e 71.73611 827.54102 8
e 98.76990 499.97306 7
e 36.98863 631.20568 12
e 272.55430 510.30458 8
e 144.33486 479.68009 8
e 87.07328 403.04714 8
e 247.81436 764.78630 6
e 22.30702 539.13888 9
e 201.78231 541.34945 9
e 193.70862 567.88352 11
e 103.53240 594.55583 9
e 177.64364 553.00347 6
e 72.19735 459.04572 7
e 253.28644 636.30744 7
e 98.93039 401.78258 8
e 183.68030 628.27271 7
e 109.40117 433.18035 13
e 90.16423 640.30187 10
e 73.12191 312.43555 6
e 96.53136 490.98885 10
e 130.71521 232.22502 8
e 198.44737 843.64803 10
e 53.62502 514.13662 5
e 188.83433 575.60563 15
e 184.66973 586.70047 10
e 197.08363 440.97131 10
e 62.34507 341.36757 9
e 95.93216 378.70827 8
e 145.49180 605.91412 8
e 177.72323 446.19060 14
e 51.49567 289.09178 4
e 62.66704 532.11553 10
e 203.30859 1066.39582 13
e 139.92072 536.34072 5
e 172.52593 243.09579 4
e 90.27331 481.34946 16
e 140.88003 320.96147 9
e 73.42391 443.52283 13
e 189.42575 753.82362 7
e 61.11057 423.70637 12
e 77.45352 456.24079 13
e 142.74916 704.65825 5
e 27.04594 187.21576 4
e 221.46661 672.85145 10
e 179.09505 572.89055 7
e 175.41888 483.95161 9
e 121.84396 602.91015 8
e 231.62785 200.55409 9
e 196.40399 728.19798 7
e 175.51092 505.53745 11
e 79.37435 673.18184 13
e 67.52786 607.13946 13
e 143.60487 416.93045 9
e 172.82322 640.40683 6
e 57.20583 483.62549 8
e 155.61415 593.50898 7
e 201.78683 64.65899 15
e 95.44258 484.31310 10
e 3.83431 278.84174 7
e 154.88674 682.95370 10
e 88.44590 581.88502 9
e 36.72917 638.01742 7
e 150.43703 187.39227 11
e 148.48245 502.96683 6
e 48.00861 348.33486 8
e 244.13443 462.41864 5
e 196.80293 694.03335 8
e 122.60274 348.00062 6
e 134.04093 555.62612 16
e 22.44490 555.83341 9
e 133.43040 425.92434 6
e 108.32918 549.55431 9
e 114.52528 598.65376 13
e 209.17324 523.66462 9
e 86.98807 522.08535 11
e 100.48212 485.81586 8
e 44.23852 670.27329 5
e 31.55264 364.74387 8
e 152.25863 463.45809 5
e 107.90722 217.14427 4
e 79.57397 444.78218 11
e 233.73210 465.11093 11
e 59.40267 626.66604 9
e 167.00595 596.23486 7
e 64.51028 610.22712 9
e 184.41917 618.12291 14
e 129.63231 521.93918 10
e 166.41757 418.07551 9
e 112.44177 574.45292 11
e 32.00608 550.91648 7
e 221.62796 631.58189 12
e 153.12203 542.88529 15
e 158.12032 520.25237 7
e 112.84882 621.90632 7
e 154.37831 269.98710 9
e 187.88852 723.58343 10
e 266.37849 746.88486 5
e 115.68114 405.53999 13
e 14.34393 396.10918 10
e 301.88009 559.56098 12
e 112.15206 16.11511 9
e 73.28003 516.50285 10
e 137.39815 465.74931 9
e 177.55972 677.87097 13
e 164.33949 268.63580 7
e 181.42763 548.58935 13
e 188.37132 589.20627 8
e 80.43371 647.66818 2
e 84.19309 579.08289 8
e 149.81428 506.97082 10
e 101.61553 566.19915 9
e 26.33606 562.22012 7
e 94.49862 465.89657 8
e 52.27888 480.98887 9
e 209.92530 282.77333 6
e 130.46206 380.94010 10
e 17.88442 635.44817 7
e 244.02566 456.90963 11
e 132.83844 423.23283 7
e 111.01516 538.06596 11
e 277.84508 516.59251 12
e 63.45044 558.13364 6
e 143.56693 598.37165 11
e 28.48366 425.91746 11
e 165.60594 655.24470 7
e 148.08831 422.99095 11
e 34.84063 568.83724 7
e 12.96115 204.13870 10
e 139.29126 408.95906 9
e 61.11562 604.41540 12
e 97.01948 583.32844 11
e 21.04602 590.35882 9
e 22.83666 276.33885 11
e 96.97523 306.22944 7
e 190.98713 632.58415 13
e 42.48365 612.30791 11
e 77.90581 571.68817 11
e 107.38975 604.00833 12
e 188.41647 664.72253 11
e 127.74288 353.31882 12
e 42.88443 653.84883 16
e 131.09695 269.76333 3
e 147.75712 310.61570 8
e 364.49515 725.30778 8
e 152.55030 306.18083 6
e 195.64549 288.69518 8
e 43.17341 651.26187 8
e 49.11454 530.11735 8
e 237.34815 585.47659 8
e 70.28393 273.16530 11
e 42.59741 625.56129 8
e 234.38836 287.74126 4
e 90.82782 507.64207 8
e 172.54453 686.00642 7
e 123.87537 619.99340 12
e 73.19740 398.10346 11
e 83.66550 328.18018 8
e 167.44310 772.10103 7
e 192.69119 528.56441 9
e 154.04419 337.43380 9
e 85.44132 599.45442 9
e 246.90229 493.01987 9
e 182.71754 548.96002 9
e 44.67276 705.76080 10
e 105.20919 357.19771 12
e 391.71664 847.45423 7
e 235.12188 535.44389 4
e 218.80852 416.47603 6
e 120.39223 492.59735 14
e 135.58658 468.51069 9
e 200.29583 417.20479 13
e 33.81287 778.28663 8
e 196.45272 460.96608 9
e 14.06460 754.17969 9
e 178.84175 583.42492 6
e 94.89948 413.67882 9
e 144.24882 338.26781 6
e 84.44838 525.43504 6
e 151.91035 297.02209 6
e 133.43431 594.62347 5
e 99.49105 568.56211 13
e 132.65508 706.58545 8
e 138.06915 421.74595 10
e 176.94861 797.35599 4
e 9.34144 777.35540 11
e 33.02396 495.39040 8
e 88.10416 535.99821 9
e 93.14653 453.31937 9
e 218.60956 693.07332 10
e 76.87840 708.85419 6
e 107.42770 561.39373 6
e 81.70718 749.02914 10
e 110.35189 722.87596 14
e 32.95684 704.46020 11
e 205.87730 447.16466 8
e 192.05292 400.31653 9
e 52.53968 728.92313 9
e 238.22669 371.71619 9
e 137.62026 395.77975 10
e 228.02230 633.41534 6
e 52.83612 724.53807 6
e 230.65410 583.50750 12
e 150.16765 453.14329 9
e 158.03622 556.33670 9
e 133.58903 490.32902 10
e 150.39499 403.62171 8
e 107.59457 474.58623 16
e 236.20566 393.04700 8
e 71.25157 598.81802 8
e 101.47432 646.33257 12
e 120.77808 867.26612 8
e 104.61084 489.91178 12
e 236.00931 590.74779 10
e 120.93850 536.13152 10
e 125.34243 723.43525 12
e 173.53264 624.35379 8
e 235.77399 799.82104 11
e 199.51545 430.36999 15
e 135.96418 767.95481 8
e 81.56081 232.94733 9
e 214.72064 534.17699 7
e 214.32029 505.11725 10
e 57.52116 747.07406 6
e 255.21673 481.32527 7
e 80.10247 565.58734 13
e 27.53016 593.99845 8
e 59.62793 351.55527 6
e 71.61248 823.95972 6
e 166.30904 577.12909 8
e 138.98913 854.35518 11
e 114.82834 651.91708 8
e 146.12393 461.73533 8
e 309.25801 345.76196 9
e 75.27382 300.43729 9
e 175.19511 382.94729 8
e 265.68717 793.62381 6
e 151.35862 175.64901 11
e 135.15307 378.40761 10
e 168.22895 298.55061 9
e 151.60533 275.33064 8
e 87.23272 500.46288 15
e 60.69534 580.74004 4
e 162.14456 956.30907 6
e 126.10920 563.20571 7
e 106.95612 599.56476 15
e 253.60963 655.20095 15
e 102.24062 351.47942 13
e 213.69255 638.23539 7
e 105.35979 597.63433 4
e 136.22062 584.23048 8
e 259.31880 513.68534 6
e 120.28935 376.02659 8
e 127.67746 281.03673 9
e 15.66119 891.92797 8
e 64.68006 429.99607 14
e 69.25883 584.08373 10
e 6.53200 621.52475 9
e 230.19288 734.05306 6
e 98.26295 496.33966 10
e 156.72889 563.69782 9
e 182.57497 412.32146 9
e 38.21649 694.63006 9
e 97.51806 449.65633 8
e 30.79499 270.81713 4
e 125.90949 753.23489 10
e 105.52409 796.42804 7
e 203.96292 592.54195 11
e 37.39399 288.16287 7
e 232.44249 755.79577 15
e 280.84413 307.41687 13
e 98.12217 676.87976 9
e 70.97782 702.46786 10
e 192.84669 599.33872 13
e 113.14424 624.85143 17
e 181.32557 400.20409 12
e 88.28278 770.15822 12
e 46.22700 620.58206 13
e 160.28177 699.55125 8
e 72.99619 497.29441 9
e 155.17263 577.97411 8
e 164.76039 116.64362 6
e 191.81270 405.71178 7
e 185.40634 806.99975 6
e 43.30277 529.40663 8
e 201.38221 631.28869 9
e 36.31741 459.88871 10
e 143.54856 593.06103 7
e 221.69072 406.22947 6
e 208.53221 510.79188 10
e 155.56276 606.40414 13
e 163.45495 565.78070 9
e 94.31053 397.31113 9
e 223.14183 281.22781 9
e 164.41533 433.02766 11
e 136.61900 799.66413 8
e 147.52829 390.14761 10
e 127.20894 516.75426 3
e 7.30416 318.67527 10
e 153.91764 351.98099 7
e 178.44552 55.17487 8
e 105.30879 671.20220 10
e 263.55946 597.49650 9
e 72.87901 514.36943 10
e 113.96572 518.38498 10
e 162.02427 265.77342 10
e 56.53018 479.59730 12
e 134.62793 566.78038 5
e 113.70574 826.05974 9
e 240.71598 396.38760 10
e 71.27293 924.33657 9
e 111.43817 613.49904 6
e 210.18143 539.50194 5
e 110.35795 741.78335 4
e 117.27125 607.54315 7
e 152.89497 589.72205 7
e 133.63659 965.29670 8
e 127.26185 387.45170 14
e 84.28440 474.37593 5
e 13.08890 607.92426 13
e 42.28187 351.36863 7
e 105.79085 474.37158 7
e 37.52010 637.95313 4
e 100.67334 462.39297 10
e 208.10355 410.59206 6
e 132.39199 707.14187 13
e 56.05510 455.47856 9
e 198.16514 519.92585 9
e 147.78090 781.52178 6
e 23.65031 112.80604 9
e 68.52856 497.81106 7
e 49.67594 861.52657 6
e 165.91223 458.30938 8
e 18.46630 567.43190 4
e 50.16257 416.20884 10
e 137.65973 562.31948 13
e 86.09618 554.22219 8
e 217.79930 613.39642 12
e 165.81969 665.37964 7
e 75.19296 410.63068 9
e 158.09944 766.11486 9
e 197.75151 756.13861 10
e 82.67848 408.47867 13
e 6.93920 387.32916 13
e 12.69730 323.98587 14
e 82.33424 580.62223 11
e 150.90964 613.82182 8
e 78.36188 550.72722 11
e 155.39698 560.56035 10
e 90.24595 447.28871 9
e 76.20657 647.61636 4
e 35.88934 549.58239 6
e 266.30911 460.42332 7
e 164.87010 608.38067 5
e 109.88198 408.62399 13
e 88.09540 479.91306 8
e 191.01710 228.80190 8
e 33.41929 453.64913 5
e 155.89247 529.91677 8
e 127.08849 606.26156 8
e 81.22509 368.89445 12
e 122.56361 557.52973 7
e 157.05130 483.08453 10
e 29.40146 493.09636 10
e 137.08479 690.93779 9
e 190.74678 418.89376 7
e 55.22433 196.17082 6
e 86.45089 491.77360 8
e 43.17593 735.43055 10
e 89.53454 558.84277 10
e 105.88365 659.81787 7
e 13.77155 453.65972 15
e 35.82557 300.30525 8
e 40.42709 653.52785 12
e 122.00967 567.64815 8
e 33.84521 528.93668 11
e 181.26110 466.10894 8
e 39.72202 723.04813 16
e 139.06264 322.75159 10
e 127.37760 324.75862 10
e 148.60201 347.19084 11
e 191.36090 486.42257 8
e 9.05873 386.47663 5
e 20.61226 309.06885 7
e 184.20567 720.66159 11
e 46.76440 567.48673 11
e 167.68848 312.64143 7
e 204.11548 388.19971 9
e 71.70851 550.31817 15
e 108.41336 315.58478 5
e 247.43621 490.45649 15
e 127.49326 417.57598 7
e 8.16138 481.99085 8
e 253.00858 779.93855 8
e 208.27883 599.22935 14
e 123.16336 439.96800 10
e 333.33684 817.67419 14
e 102.21546 426.72172 7
e 147.63345 888.07016 4
e 136.95213 830.86198 10
e 166.46808 562.49025 10
e 191.20567 347.09695 9
e 197.66630 695.38187 10
e 146.53524 310.30648 10
e 31.91114 676.18636 6
e 78.02994 534.78464 5
e 202.51855 299.20764 10
e 61.18099 543.16885 11
e 67.67529 536.64341 6
e 23.19630 444.81013 5
e 135.99334 512.27689 8
e 188.06128 299.99655 10
e 90.76475 719.57861 6
e 50.90249 292.36403 11
e 112.61455 868.20122 12
e 281.67600 463.64219 4
e 197.58568 593.28764 5
e 128.34682 567.69464 11
e 33.18103 327.91096 9
e 133.39271 305.55498 10
e 66.90285 378.43984 10
e 144.54762 740.64968 10
e 123.56839 774.35383 11
e 213.88441 398.07355 15
e 198.44374 629.80073 6
e 17.73083 518.97828 5
e 178.92438 475.89460 12
e 10.21883 722.79787 6
e 136.07988 416.85351 7
e 140.32321 384.11983 10
e 134.59911 412.42275 9
e 72.98820 601.25500 7
e 217.06108 350.97616 10
e 298.12105 614.51455 8
e 16.66557 370.62536 10
e 71.67625 550.27826 7
e 222.70531 614.81880 7
e 75.10764 788.41493 16
e 143.51621 421.28885 7
e 141.86309 632.19617 8
e 283.33973 470.97396 10
e 290.78123 264.63846 15
e 36.75115 461.44136 19
e 64.14349 592.84348 5
e 171.51864 601.30401 9
e 149.78766 558.42663 6
e 155.30130 393.86854 14
e 217.72506 538.74328 8
e 38.99795 112.27685 10
e 89.21210 604.26060 7
e 203.56110 517.33691 7
e 90.28049 485.40112 14
e 133.82191 891.74975 11
e 118.01530 599.06076 11
e 62.29941 600.99918 6
e 192.04730 665.37900 11
e 46.33012 351.95789 8
e 103.19106 260.81138 10
e 111.42590 361.69486 9
e 42.07606 522.39051 5
e 93.25633 578.34251 10
e 155.92231 508.19504 7
e 72.50445 584.82383 11
e 129.44771 371.95423 10
e 80.26818 355.99611 11
e 15.29849 627.34187 11
e 116.59711 795.95557 14
e 14.79619 246.43557 6
e 42.95645 656.28695 12
e 339.50321 747.25396 7
e 41.70877 395.53379 16
e 149.85943 145.77136 8
e 195.82751 814.52638 11
e 149.25494 652.84037 8
e 97.16626 315.76304 13
e 169.83411 691.46484 9
e 68.24944 319.35192 10
e 36.22324 647.96793 10
e 119.94649 453.26627 6
e 167.15396 429.95095 9
e 43.42103 376.00975 6
e 10.35093 524.85698 9
e 220.23863 201.86664 7
e 178.99571 631.08861 8
e 259.46237 288.16829 9
e 150.79785 311.32987 11
e 132.32850 373.75889 5
e 96.54386 786.46574 11
e 121.48520 677.53131 4
e 45.97312 680.73875 11
e 228.38324 988.70991 11
e 120.91821 459.15421 10
e 108.70605 606.20819 8
e 89.42180 339.36552 4
e 204.05486 762.37360 12
e 127.12693 644.13802 7
e 177.74866 513.03084 5
e 209.45204 694.56839 10
e 347.74462 396.23800 13
e 32.80091 637.00204 14
e 174.44555 347.71111 10
e 88.79849 440.77100 6
e 14.55045 662.18766 6
e 163.95909 564.68107 9
e 124.01329 347.36671 11
e 62.52437 634.79539 11
e 178.21168 805.46943 20
e 152.93534 821.06182 7
e 30.57660 722.09313 11
e 44.16024 600.62048 7
e 174.59374 352.54286 14
e 252.59387 591.86810 13
e 59.01494 440.60706 6
e 135.29330 451.50127 7
e 82.53776 327.58296 10
e 28.10300 599.49125 9
e 90.10810 336.08384 13
e 265.42004 872.36796 13
e 117.75626 414.03308 9
e 132.72877 598.39686 8
e 159.86042 504.76886 7
e 286.51368 485.63139 9
e 46.62182 600.36237 8
e 178.41342 595.60895 4
e 87.48622 400.68639 8
e 242.78174 515.18783 9
e 101.67808 423.44230 14
e 75.89684 263.20172 9
e 31.34022 726.91494 7
e 92.10392 611.11559 9
e 39.13183 453.79158 12
e 174.89770 482.12935 13
e 33.43699 632.38667 10
e 123.15729 562.73608 13
e 120.67476 770.85215 7
e 110.85976 235.38829 6
e 184.01507 682.30600 11
e 123.88781 532.35374 11
e 54.57435 523.81859 8
e 51.93807 488.43810 7
e 106.14260 526.23825 10
e 2.35000 412.37067 8
e 89.38412 606.71055 7
e 250.11234 407.47371 11
e 117.04555 430.82047 5
e 2.33859 419.34138 8
e 81.84779 485.48606 11
e 91.38785 704.67627 6
e 31.18040 324.52378 7
e 171.14491 456.74346 6
e 156.55412 603.91141 11
e 110.57288 468.27888 15
e 30.32662 409.02237 9
e 229.87827 636.18717 13
e 22.01408 461.51068 8
e 161.80190 533.41004 11
e 72.89300 192.82944 16
e 33.66681 559.51235 7
e 54.69472 501.61644 16
e 152.33300 604.89340 7
e 206.12448 805.75611 5
e 148.27395 380.36763 12
e 153.53960 504.79567 8
e 275.48020 777.33539 10
e 262.21213 485.64834 6
e 9.08723 602.45461 10
e 137.44264 569.26594 7
e 283.28270 478.37160 8
e 222.25299 658.64246 14
e 302.95180 793.92732 9
e 248.89821 699.41839 7
e 300.84388 600.49321 7
e 154.26077 708.78818 11
e 109.75518 539.82763 8
e 126.98129 327.37816 10
e 62.59892 605.11275 14
e 195.74105 490.34443 17
e 152.64900 701.89835 3
e 184.66348 499.10639 13
e 48.76527 435.95718 10
e 194.65226 453.41723 5
e 149.26000 775.42738 11
e 102.44761 373.78828 8
e 84.59815 486.16338 9
e 89.38624 745.53424 10
e 28.17363 321.61775 11
e 66.85550 616.47596 10
e 26.34467 664.00408 11
e 174.81098 413.23767 7
e 232.28639 401.22388 13
e 150.66892 494.43965 12
e 68.13502 554.58696 7
e 60.61360 734.37760 11
e 195.46066 415.24668 10
e 41.44400 301.95927 12
e 65.17816 352.03449 10
e 119.07693 862.85084 10
e 146.31053 431.92558 6
e 71.79811 597.15623 11
e 148.64463 671.18576 10
e 107.02851 486.84416 8
e 100.90146 643.62959 10
e 219.56474 430.63102 10
e 178.73525 404.66733 4
e 182.57172 663.87776 4
e 166.51466 583.09246 11
e 63.61337 675.17589 13
e 123.25207 668.76706 5
e 40.77000 533.33283 9
e 237.56152 371.47486 9
e 85.59046 567.27882 16
e 77.29480 457.55944 9
e 178.69447 592.03169 13
e 99.34062 259.10405 11
e 141.59629 628.08354 6
e 169.04713 526.23230 10
e 76.27986 347.52859 8
e 29.81631 258.83869 8
e 20.60586 325.70145 9
e 90.10804 724.85820 10
e 158.72930 402.87560 8
e 115.51499 924.77388 16
e 133.41237 506.89660 7
e 158.19878 435.64527 14
e 293.25244 668.05982 17
e 163.80396 587.44887 5
e 69.14622 640.68288 13
e 167.64091 261.96359 7
e 131.63935 358.83438 7
e 52.53689 647.75024 9
e 43.37450 250.83600 10
e 150.26054 499.26725 10
e 142.74922 535.42581 8
e 119.72271 459.55060 13
e 125.69107 621.63271 6
e 139.23910 688.91964 7
e 167.66955 432.79435 6
e 42.48260 318.64583 9
e 126.66951 843.90472 7
e 172.60624 593.71944 13
e 15.14536 324.62613 6
e 149.04388 213.40268 14
e 156.23126 462.96157 8
e 21.78674 734.71227 8
e 75.28405 547.15661 8
e 86.62079 628.67327 10
e 55.47036 375.77517 15
e 9.92095 806.56916 13
e 53.02835 317.07372 10
e 71.06796 470.39913 6
e 253.69049 561.41418 7
e 30.56835 322.27065 7
e 122.16649 351.05347 10
e 246.82912 431.69642 9
e 275.56229 738.92214 9
e 37.91921 734.63198 7
e 144.26381 297.29976 11
e 102.24775 446.61994 9
e 208.91051 274.71887 8
e 278.48385 531.18145 16
e 170.66861 474.48577 7
e 132.88100 197.99164 10
e 171.78625 439.27361 7
e 39.86137 857.64999 11
e 123.92362 663.72534 5
e 34.63434 790.57997 7
e 188.93731 552.34174 9
e 83.97935 618.66356 14
e 170.67862 381.28771 7
e 196.66842 594.82286 5
e 126.95450 511.80141 9
e 162.55654 501.63527 9
e 156.98171 325.38364 2
e 50.51011 388.43699 12
e 106.68727 809.05038 11
e 170.17009 670.69323 10
e 82.78809 786.65027 11
e 129.55618 708.30453 6
e 133.07462 524.11401 6
e 90.23445 496.94154 11
e 109.23216 418.79861 13
e 94.54001 640.75805 11
e 142.27646 401.87493 11
e 46.22337 520.43931 11
e 262.56226 755.68694 12
e 282.17227 431.89654 12
e 31.93609 327.31859 4
e 159.75198 656.23672 13
e 49.02205 401.63347 5
e 18.37944 179.56919 8
e 171.56836 625.92686 9
e 311.70876 590.20989 9
e 144.54087 404.16410 10
e 301.16153 399.58231 5
e 294.51762 789.19836 7
e 66.93305 711.38342 10
e 8.78590 604.62612 8
e 263.14073 395.87093 10
e 98.63300 613.74783 8
e 261.07085 511.79838 4
e 187.56698 468.13461 13
e 131.85279 336.71195 6
e 9.82646 384.66271 6
e 46.29826 243.93882 15
e 178.12297 526.92476 7
e 189.45165 885.31504 9
e 107.93379 437.80892 21
e 185.53284 418.23653 6
e 173.07068 694.05588 7
e 280.21644 542.61233 12
e 81.57537 631.40251 15
e 127.53719 517.23737 8
e 86.84756 664.04949 11
e 362.47548 837.92016 6
e 219.82941 472.31775 10
e 49.49092 607.78524 9
e 43.83837 483.74143 13
e 54.40188 371.57989 7
e 54.68809 705.38389 8
e 202.32533 732.25744 8
e 22.11510 469.17375 8
e 34.36654 592.92948 7
e 119.78002 546.02464 5
e 38.69834 678.73485 10
e 134.30281 556.87285 5
e 167.85810 609.49550 5
e 90.41748 602.91757 14
e 15.71474 682.61366 6
e 73.35194 879.80326 7
e 275.37924 631.38605 13
e 26.84815 748.59695 8
e 19.67160 252.05245 15
e 98.98923 385.23481 11
e 121.03972 373.66975 8
e 172.63493 671.05346 6
e 130.31088 478.83592 8
e 68.72729 419.34166 6
e 93.71351 647.93282 7
e 150.24818 457.93750 10
e 192.10614 709.23167 11
e 152.95670 506.89810 8
e 13.45454 342.07239 9
e 123.84149 566.62365 7
e 151.74113 693.74418 17
e 196.08032 497.08361 7
e 176.43439 481.06574 8
e 119.15664 482.69489 6
e 154.84984 342.55679 6
e 239.26379 517.98275 8
e 149.49841 479.03980 8
e 27.00029 897.39491 6
e 57.10734 792.02165 11
e 80.26899 507.11683 9
e 92.52240 431.46044 10
e 130.32489 631.12521 12
e 38.94783 903.63628 7
e 120.89710 733.01986 9
e 190.74731 482.08127 12
e 65.19350 704.71677 11
e 7.84522 469.37314 9
e 128.03476 718.36234 7
e 145.90242 545.69712 11
e 78.07633 542.81710 11
e 176.30447 441.27920 6
e 99.21947 398.42312 10
e 73.05252 507.45444 11
e 230.12251 508.03636 8
e 51.44747 551.87885 9
e 51.92700 425.77260 9
e 45.14832 527.35465 8
e 70.87934 391.51589 9
e 215.21901 605.48392 11
e 141.42623 611.36097 10
e 166.23206 398.91241 10
e 192.03960 704.24084 12
e 41.42450 514.80962 7
e 145.25214 483.58633 16
e 128.57971 346.31580 6
e 207.93797 753.93275 8
e 103.07534 581.47409 4
e 339.12226 563.34044 9
e 142.82239 528.84797 8
e 222.80975 408.22569 10
e 160.52035 362.27391 9
e 57.02462 726.40458 8
e 182.61982 424.27514 9
e 80.69611 415.51195 5
e 0.33851 119.43732 11
e 154.70163 609.43441 11
e 141.16927 373.87226 8
e 151.86923 427.22911 12
e 185.48412 335.14077 7
e 104.51999 705.74958 10
e 157.29849 990.65934 10
e 0.69688 346.51144 8
e 204.52391 626.77360 10
e 121.76697 429.81085 7
e 66.49133 726.15963 12
e 92.92883 622.20023 8
e 71.56058 302.81113 9
e 92.44082 454.86071 8
e 198.93433 477.76850 10
e 203.90518 550.46539 11
e 55.68728 387.38077 11
e 113.73128 522.26306 9
e 1.91500 668.79031 8
e 187.73873 392.48477 11
e 175.50509 629.14047 6
e 153.01499 707.83763 7
e 36.91683 381.11676 10
e 35.88205 394.60313 7
e 50.16134 397.59447 12
e 183.02582 336.14632 4
e 63.00609 384.64736 10
e 56.42749 521.52158 7
e 88.90688 511.88683 10
e 87.59942 557.63046 8
e 137.94454 452.59066 5
e 112.18460 573.92865 5
e 52.89953 370.61076 14
e 140.26797 543.13399 6
e 42.26683 343.75249 9
e 81.27850 625.54915 10
e 154.73182 521.31874 16
e 104.68510 274.30310 11
e 56.29956 274.08709 10
e 121.61660 640.48365 7
e 192.01048 708.91676 12
e 193.38637 584.38071 8
e 62.54487 560.85394 13
e 44.64072 709.69097 9
e 174.18650 685.27944 10
e 50.95949 423.90104 12
e 189.78901 527.17678 14
e 179.32154 446.85086 12
e 230.37571 629.60958 11
e 261.03443 606.42705 10
e 82.78101 697.41711 5
e 155.71882 527.90484 8
e 189.83838 476.55721 5
e 263.10808 792.04221 8
e 187.76463 516.11308 9
e 278.87323 729.52359 5
e 53.91764 565.10118 10
e 25.48986 674.02188 10
e 111.79875 316.29304 11
e 68.28393 621.56704 6
e 147.64703 644.16160 9
e 151.60624 756.42256 7
e 218.37807 534.32390 11
e 87.40026 791.59063 4
e 64.50245 353.31736 12
e 167.28447 556.10335 14
e 212.76933 642.00052 8
e 220.85852 701.58135 8
e 175.71301 557.56411 8
e 281.73534 607.42069 9
e 61.55285 348.20449 8
e 92.92166 413.20369 9
e 127.00271 535.74142 14
e 92.49657 528.12587 13
e 44.44524 603.08216 7
e 154.23547 617.35369 12
e 98.62010 558.72768 8
e 199.06009 449.59046 8
e 160.50730 496.58846 8
e 122.70081 240.96363 5
e 217.27239 548.80198 6
e 202.98315 328.08113 10
e 170.89463 378.46225 5
e 48.56115 278.54150 11
e 201.93305 488.66747 10
e 44.72664 822.93076 9
e 158.39498 551.36904 4
e 56.48519 348.74414 9
e 73.95270 794.39595 10
e 173.50455 526.22532 9
e 134.30910 354.31266 10
e 193.02324 355.90109 8
e 32.75277 518.24447 4
e 180.29887 401.94884 10
e 36.93051 768.38696 10
e 151.51969 372.10698 7
e 117.11010 454.52549 10
e 294.69298 741.07086 11
e 67.52590 486.86096 8
e 140.49715 646.95451 8
e 159.92889 745.26244 8
e 148.86878 655.96661 10
e 102.98038 201.15319 8
e 47.47728 357.39106 11
e 187.52765 478.08915 10
e 267.27600 577.98424 6
e 142.34021 658.98315 10
e 30.65731 501.15473 13
e 24.77423 479.63278 15
e 106.67589 246.76713 12
e 183.41401 619.36106 14
e 40.22601 659.70161 10
e 75.27997 557.22466 10
e 128.93259 674.64206 11
e 185.59644 531.85219 9
e 37.66305 417.75927 7
e 93.70135 854.40699 16
e 139.40606 489.17062 7
e 33.26169 582.42876 12
e 61.39761 579.48335 15
e 114.57034 640.10343 10
e 95.38379 403.79613 7
e 123.20853 284.11645 7
e 88.23373 786.60036 5
e 91.27090 788.81357 7
e 146.78744 390.28652 9
e 27.43867 691.74031 9
e 34.32232 818.91145 13
e 105.39871 668.70795 9
e 130.97248 538.76832 5
e 67.73230 493.74704 8
e 19.97487 533.08690 12
e 61.95201 256.09861 4
e 37.38760 396.49607 8
e 131.06215 343.53738 10
e 210.57599 212.38665 10
e 14.42244 220.56084 7
e 106.66439 480.70981 17
e 138.31994 495.28565 6
e 98.32779 495.74019 9
e 142.56897 640.54239 9
e 222.58707 108.69886 6
e 199.31744 699.67990 5
e 191.51155 630.41125 5
e 212.21691 395.75868 9
e 88.82958 606.47900 10
e 165.90992 533.93476 16
e 72.39164 647.56039 13
e 90.17034 850.10345 8
e 168.90262 541.96794 10
e 99.73666 544.02174 11
e 7.36377 564.66024 11
e 108.69553 521.80389 6
e 69.72091 265.75655 10
e 6.19722 370.55458 8
e 33.20799 526.84717 6
e 129.32620 349.31462 6
e 66.43094 634.54501 13
e 118.36807 583.36502 9
e 88.70646 532.73230 12
e 195.22907 704.84993 12
e 127.77227 596.75088 12
e 120.94258 424.16551 7
e 85.98265 283.01210 15
e 62.90156 450.22256 7
e 76.42200 732.30981 8
e 156.01711 525.28116 8
e 210.47138 366.36958 11
e 109.27916 587.93663 7
e 79.79027 653.00652 14
e 0.17869 871.44166 6
e 210.55110 461.32472 13
e 31.22643 502.78717 5
e 192.55495 716.96468 9
e 205.79941 611.34293 11
e 122.54833 586.14346 10
e 90.42999 653.39475 10
e 184.86485 632.64022 11
e 82.08936 655.23761 7
e 119.86631 839.45287 10
e 160.41698 733.16015 7
e 61.27991 538.31328 10
e 71.78508 646.78545 8
e 135.26322 717.31054 6
e 51.48401 369.98816 7
e 67.40494 497.73776 7
e 39.67705 675.85049 14
e 45.38048 737.83305 10
e 93.20555 616.46383 6
e 195.51807 553.50489 6
e 173.03445 443.61341 10
e 65.27927 422.15312 8
e 187.19545 648.72508 8
e 235.85995 339.89870 9
e 276.90501 649.16027 11
e 196.29999 340.79247 10
e 106.25010 559.94621 11
e 45.40200 530.95449 8
e 126.22537 223.94973 15
e 172.06096 488.04576 16
e 299.60027 574.42644 12
e 279.03795 482.70343 12
e 7.25256 626.30039 12
e 83.84107 500.31973 13
e 152.94745 432.48575 9
e 28.80688 956.45368 9
e 89.95445 528.23578 10
e 47.84374 517.51315 12
e 154.74135 490.44314 14
e 205.17398 442.65020 6
e 147.11858 747.08255 6
e 161.66997 584.30547 8
e 117.76149 252.45768 8
e 37.57117 724.19591 5
e 20.49608 163.84222 12
e 35.21230 451.28621 7
e 85.67983 165.58965 10
e 69.64535 864.60808 7
e 67.94461 407.53689 9
e 195.51705 683.64193 10
e 104.02494 547.13021 11
e 183.36970 754.20471 6
e 43.02075 529.67878 6
e 241.65112 469.43623 10
e 97.36724 319.49626 6
e 251.81563 647.38429 11
e 113.14856 360.54836 10
e 26.37828 454.44169 10
e 89.62625 200.62167 9
e 48.39859 434.77220 10
e 128.43958 254.16829 4
e 32.20629 590.14680 9
e 28.61371 419.20573 11
e 216.92146 544.71671 11
e 185.51582 495.29647 7
e 178.56640 665.71563 7
e 93.41519 622.13731 8
e 54.19860 346.03474 13
e 94.03112 500.49360 15
e 44.21103 618.13190 6
e 213.92999 503.59093 15
e 96.25906 383.98654 6
e 87.14567 410.99919 9
e 68.51627 360.86803 11
e 77.75018 582.98355 7
e 62.73133 505.88917 12
e 89.08347 820.96285 11
e 25.31877 761.77786 5
e 104.62630 430.96049 7
e 163.34580 416.47823 6
e 76.77812 720.20553 9
e 40.37618 498.18268 6
e 130.62579 500.41014 9
e 62.25924 620.61588 9
e 95.70302 479.80828 7
e 9.84298 880.81743 10
e 209.62512 575.36620 10
e 174.77663 495.42132 7
e 195.21517 622.62926 8
e 54.07323 744.38055 10
e 77.22840 582.83893 9
e 205.33036 592.60140 11
e 73.66419 668.40057 7
e 135.69709 341.04084 8
e 174.64051 523.42557 9
e 136.01600 774.82233 6
e 141.69691 466.81380 10
e 243.93003 594.19674 9
e 146.11221 522.48418 7
e 223.34435 537.66941 15
e 126.46315 644.81796 5
e 224.35779 674.40977 10
e 65.93971 654.46224 5
e 197.98322 434.09587 5
e 66.24200 583.39130 10
e 87.50313 783.61639 13
e 181.78107 557.11303 11
e 72.40823 761.02868 12
e 56.88472 560.13329 8
e 108.30336 730.32350 8
e 180.75696 733.44161 2
e 27.54541 535.94916 10
e 248.78441 307.70509 9
e 112.61241 302.20082 9
e 210.86436 670.16900 10
e 138.93821 214.50518 4
e 160.12513 595.91282 8
e 93.80723 559.81508 15
e 97.84529 709.89431 6
e 211.39217 551.67318 16
e 185.63809 602.30563 11
e 123.79540 355.15853 9
e 221.81608 448.24855 7
e 71.58015 567.31101 11
e 173.37214 503.04757 10
e 113.85600 686.97694 14
e 151.36517 361.01297 10
e 346.35311 727.22845 9
e 168.41008 985.63233 10
e 16.28263 414.40983 10
e 144.32531 618.61361 9
e 123.54404 378.67485 14
e 144.74276 501.30128 8
e 25.77022 599.83934 8
e 110.65990 626.01730 7
e 112.55842 592.65234 9
e 41.67225 513.35195 8
e 101.48295 620.61890 12
e 122.02291 392.52926 12
e 91.30707 510.19360 10
e 22.47427 650.82235 11
e 89.97980 357.06137 10
e 57.62821 566.13490 11
e 140.25046 561.43760 9
e 45.25860 505.65791 15
e 77.29290 171.77920 9
e 50.94949 800.72541 10
e 127.72708 403.87206 7
e 126.60802 697.25763 13
e 71.19519 151.38858 6
e 117.64459 978.78830 9
e 196.86503 431.33730 9
e 116.76647 391.01809 13
e 41.78636 509.88048 8
e 42.62108 422.88564 6
e 324.50170 542.74698 14
e 148.84188 291.47546 7
e 230.22565 782.68493 6
e 46.82178 581.76025 14
e 138.70293 186.37200 15
e 256.99663 645.24512 8
e 186.03092 624.28464 10
e 166.84142 386.04938 9
e 182.59287 611.35782 8
e 151.09490 596.92826 12
e 287.18263 852.31878 9
e 52.40207 511.01386 10
e 172.94735 701.66819 12
e 126.05589 601.89484 15
e 180.26355 729.51391 5
e 51.99480 675.64410 15
e 103.12915 511.18565 7
e 223.24917 808.87689 11
e 51.18032 391.53144 5
e 18.47142 589.13208 9
e 39.40844 453.92057 11
e 318.71228 420.85730 13
e 153.18691 594.42361 8
e 57.15928 471.91535 11
e 49.11222 654.26409 11
e 35.87814 533.83092 14
e 176.19623 447.18133 9
e 107.99526 586.95242 7
e 114.00718 710.31072 11
e 111.13920 724.51812 5
e 182.17771 649.93014 8
e 151.53746 677.75767 10
e 276.98080 879.15093 7
e 170.58562 641.19888 8
e 167.71430 653.15500 14
e 200.18824 542.27677 7
e 70.44941 458.69064 7
e 218.03464 573.49150 11
e 132.23892 620.15342 11
e 197.62653 446.74948 6
e 262.65689 388.76154 12
e 143.98774 538.37769 15
e 93.08789 726.90522 7
e 37.32989 709.16700 8
e 194.33939 396.93155 14
e 225.33245 325.13932 9
e 182.51769 444.19359 5
e 80.81419 757.57061 12
e 144.37207 704.27797 9
e 191.85971 592.51855 6
e 129.87747 625.79985 11
e 163.01601 290.51852 9
e 148.28490 678.93555 5
e 219.79207 533.42043 6
e 156.19491 276.55544 17
e 98.29677 485.87640 11
e 143.01446 718.30454 8
e 108.26406 473.36277 11
e 118.02130 637.09765 9
e 129.46140 601.91906 6
e 94.69440 488.63572 10
e 129.34550 653.02157 6
e 5.71484 295.14663 9
e 12.53086 546.76086 11
e 199.29054 419.44311 6
e 177.01261 541.82054 18
e 120.32788 740.46239 11
e 87.82296 611.45581 11
e 105.79147 283.24381 8
e 89.27598 515.95646 15
e 48.90834 651.16071 9
e 118.39118 280.95903 4
e 247.62632 338.04074 9
e 50.59022 340.74929 16
e 118.11390 270.35331 9
e 231.14965 529.99145 7
e 156.67396 377.28328 10
e 81.90842 473.10799 9
e 74.57718 531.18381 7
e 32.01554 468.76304 9
e 153.56035 530.72051 9
e 217.96365 420.98568 6
e 157.82917 381.94242 11
e 262.10661 474.70620 7
e 35.85432 562.14619 13
e 86.25603 571.65025 12
e 183.12023 796.89970 8
e 90.11571 553.46824 11
e 14.45132 576.47151 13
e 39.25370 523.41573 7
e 193.74622 482.43311 6
e 155.11714 762.00120 4
e 196.75326 672.67756 6
e 222.47602 331.35365 7
e 213.16011 481.54324 6
e 267.45194 499.16323 13
e 103.83203 701.06253 7
e 58.45353 741.06988 16
e 99.70129 515.71669 12
e 66.13820 403.44917 9
e 127.33943 874.64910 11
e 325.27062 733.09502 7
e 160.77313 208.84401 14
e 164.29022 735.85641 11
e 20.54655 663.25236 12
e 195.35155 693.65597 13
e 166.19239 387.05699 16
e 204.32280 286.56472 14
e 99.18764 559.55552 10
e 193.56694 677.31768 8
e 105.56506 432.63205 10
e 204.52289 579.13993 6
e 89.23490 575.13535 11
e 191.80967 328.54820 7
e 268.37142 648.11993 9
e 73.63953 662.26013 11
e 253.66360 688.05722 12
e 132.95829 556.20850 6
e 186.62466 557.40098 10
e 211.05948 495.43273 11
e 138.46337 586.40870 9
e 57.90606 494.35671 16
e 153.45449 541.83718 9
e 135.81190 490.16821 4
e 254.76729 693.37167 10
e 205.47226 431.22358 5
e 145.50204 486.87913 9
e 111.55104 546.45169 13
e 348.51452 326.21761 6
e 200.67410 547.36387 14
e 306.64065 517.60781 8
e 54.78785 670.69669 8
e 153.39153 755.89754 6
e 79.49439 661.51641 14
e 267.67468 612.36030 4
e 64.31895 713.88172 7
e 37.25516 519.06373 10
e 4.28247 600.39590 11
e 116.72015 743.06499 8
e 193.72695 855.27817 12
e 196.25990 542.39434 6
e 202.62453 742.92000 6
e 39.24158 488.78423 6
e 109.50253 358.30562 13
e 90.86602 174.21220 9
e 96.28411 477.87471 7
e 339.81931 706.86358 9
e 52.52691 471.58069 12
e 107.91832 946.77408 7
e 177.23337 569.88652 8
e 231.36471 639.32422 6
e 265.43222 380.15627 9
e 224.23509 727.88367 8
e 267.96698 618.90121 8
e 77.68880 561.57248 15
e 106.50076 631.68942 10
e 42.07097 723.10355 9
e 153.39713 522.37369 10
e 116.53018 500.43459 9
e 189.28571 574.58073 8
e 14.05659 519.88704 10
e 108.30655 381.42575 8
e 269.18641 603.58746 8
e 253.21139 738.36265 5
e 101.94992 664.73461 13
e 127.65938 748.94122 8
e 56.48211 618.31561 15
e 62.38133 551.37888 8
e 31.29309 625.99519 7
e 60.15916 494.43367 9
e 51.20886 587.17565 8
e 111.84221 457.82963 9
e 105.55638 660.32120 10
e 98.68837 516.11780 6
e 102.59328 196.97921 8
e 15.78021 326.99557 9
e 215.71789 649.41921 15
e 101.54187 688.46396 10
e 133.64845 576.32375 9
e 123.36664 710.49496 6
e 189.57069 660.14750 9
e 105.15713 367.98551 10
e 160.79936 569.61288 6
e 252.24711 623.89820 8
e 117.44450 836.07456 11
e 197.11338 369.49330 11
e 147.61995 335.63756 7
e 58.79178 520.88062 13
e 249.84405 426.89713 14
e 357.50780 612.16275 12
e 204.15984 84.47214 13
e 95.57568 721.06046 8
e 160.62575 715.22118 6
e 116.80883 539.41915 9
e 19.53628 491.89234 13
e 9.36523 590.70644 4
e 15.12090 462.79707 4
e 41.37104 740.27778 9
e 158.41203 603.11119 12
e 206.00657 567.97881 12
e 132.36311 483.29142 9
e 23.51876 692.27030 10
e 137.11197 569.17695 8
e 30.40640 571.05448 8
e 128.34172 639.38089 10
e 191.10153 318.00667 13
e 75.94455 211.96093 10
e 150.82857 591.15212 10
e 98.31668 593.14769 5
e 163.61502 516.68143 6
e 153.15420 323.51059 8
e 157.75459 610.85794 9
e 199.41242 425.72711 9
e 111.45612 348.53600 4
e 327.94120 685.97652 14
e 236.41184 551.93432 7
e 209.02445 146.16345 8
e 126.02115 711.92439 8
e 63.38676 596.29704 9
e 53.28581 232.89178 10
e 210.87700 503.86076 11
e 136.11637 840.12252 6
e 154.26517 429.73936 5
e 75.59417 833.71085 14
e 158.90592 662.87734 11
e 323.79007 673.54232 6
e 184.82987 465.30288 9
e 207.82274 690.81456 9
e 205.49034 518.90322 6
e 142.30131 681.03130 5
e 33.72258 565.94501 4
e 152.90749 777.03188 12
e 45.82961 496.69084 8
e 8.65858 923.70043 4
e 100.63585 547.46042 7
e 63.27901 582.04034 6
e 15.61893 734.28477 8
e 26.93967 500.99262 16
e 231.67839 372.24514 9
e 55.90488 510.26117 9
e 87.51224 548.83356 10
e 131.31505 477.10007 11
e 78.78782 519.69395 6
e 148.89706 592.78038 8
e 25.63045 449.38970 12
e 98.38828 793.48347 9
e 13.05972 880.98885 10
e 56.36568 269.57190 12
e 133.16992 476.11281 12
e 132.59482 726.22722 7
e 123.35306 316.97175 6
e 98.30706 615.28954 15
e 38.42326 303.53358 7
e 129.09975 681.87925 8
e 4.84816 734.86478 16
e 272.52804 437.03192 10
e 49.90117 681.50692 14
e 150.50337 480.25663 9
e 73.90968 334.46284 11
e 53.44317 709.44326 7
e 259.87728 423.80914 12
e 237.06181 426.59563 10
e 130.75007 634.23507 14
e 100.10124 481.11356 10
e 287.80888 613.46461 8
e 31.67669 724.49659 6
e 65.49612 664.58906 4
e 64.58713 614.43483 8
e 48.02866 675.90563 15
e 94.06104 331.23262 12
e 176.81976 363.75009 7
e 193.72031 613.27701 13
e 142.28497 667.28968 7
e 99.53988 717.70467 8
e 152.84106 542.98405 6
e 127.00635 693.84381 9
e 139.86812 261.52139 17
e 119.15601 476.57493 9
e 191.28734 374.37059 9
e 103.66378 576.71604 13
e 60.48414 516.05185 8
e 66.81540 262.44399 7
e 98.07606 418.38775 8
e 167.69040 367.69259 7
e 234.85035 359.82115 6
e 140.13395 295.46048 9
e 9.72004 594.68556 12
e 453.28836 678.96694 9
e 309.19346 1048.12412 11
e 455.52537 731.53148 6
e 630.72571 979.83856 12
e 290.94692 756.90309 10
e 508.84341 740.67537 11
e 443.19736 914.89176 7
e 277.75067 1064.87915 9
e 348.78981 873.49015 15
e 385.20769 933.45823 11
e 405.23813 916.42197 8
e 448.73548 1053.06962 11
e 405.87625 892.90875 9
e 524.64594 817.28879 9
e 462.36646 803.05106 9
e 448.59321 982.37957 9
e 561.03372 851.95216 5
e 539.72897 989.44706 13
e 565.97157 1030.78266 9
e 314.56197 989.59390 11
e 404.35612 981.87489 5
e 686.73835 843.81913 11
e 483.25367 806.56884 7
e 563.77156 1047.15391 9
e 509.85118 970.63860 13
e 460.34394 899.33216 4
e 449.53909 1038.67079 12
e 406.96133 971.06093 15
e 427.07711 1076.02755 4
e 396.67476 909.12081 8
e 536.43737 794.78124 6
e 601.77776 1001.35856 7
e 422.24003 775.56986 10
e 339.48164 910.12235 7
e 387.04381 1003.89040 10
e 420.56087 805.49468 13
e 591.42369 930.34311 7
e 472.09125 799.29293 6
e 303.17566 1059.92558 9
e 503.34684 981.48889 10
e 363.99456 1066.10620 8
e 428.15944 865.12455 12
e 289.01781 798.45810 6
e 518.65393 836.61110 8
e 519.04848 1066.85058 10
e 512.17964 1047.79905 15
e 363.89254 1079.45855 12
e 321.83374 1021.71418 10
e 507.16292 952.95327 8
e 555.10591 852.44007 9
e 337.78525 1012.32299 9
e 456.34821 1064.53835 9
e 523.74152 1012.66418 10
e 476.46901 1077.57783 5
e 577.92290 810.22191 10
e 591.34189 1067.09487 10
e 364.26310 786.78211 13
e 537.80751 1037.71997 5
e 506.26898 851.98715 14
e 370.24017 920.52481 10
e 443.88964 791.14945 6
e 399.14765 934.54570 7
e 458.73962 986.85393 7
e 568.04973 928.90461 7
e 457.45577 854.69494 7
e 459.30807 870.83253 9
e 340.96253 599.99201 8
e 504.73695 626.87616 8
e 444.35591 1014.83862 11
e 321.78615 785.39537 9
e 356.81995 865.16568 7
e 585.27166 975.62692 9
e 497.08524 885.52221 9
e 465.62806 1058.62789 10
e 559.47127 1013.12595 10
e 466.01009 794.56244 9
e 382.50741 899.36288 11
e 522.84840 766.78285 7
e 439.89204 932.79544 15
e 499.93299 699.22191 5
e 552.90539 845.86913 10
e 325.30790 1009.86369 11
e 457.26690 936.97619 6
e 465.54945 1015.84715 11
e 437.65218 954.39867 12
e 477.60159 613.57708 9
e 306.48509 986.68969 9
e 696.01271 931.00249 8
e 449.08835 946.49830 6
e 459.36041 889.77071 6
e 441.02713 936.36673 8
e 412.95461 895.37774 9
e 444.18389 936.99297 13
e 480.29740 957.69201 9
e 430.22081 794.84523 9
e 519.99794 1041.88370 12
e 523.41466 951.31198 10
e 399.11416 988.79300 12
e 454.75092 778.78184 12
e 524.08809 924.19698 10
e 630.39217 816.64899 15
e 474.63904 876.05114 9
e 355.32207 918.39069 10
e 326.79883 1024.28943 6
e 559.27163 923.18326 7
e 374.83040 1025.93140 8
e 511.22843 996.98216 11
e 301.61721 1052.97790 6
e 507.63408 634.74789 4
e 488.40227 1007.14804 8
e 404.64173 997.07419 9
e 381.74393 850.35793 4
e 509.03206 934.46908 7
e 401.77296 988.54542 11
e 255.25884 962.42050 5
e 478.93108 986.38380 8
e 616.05031 943.17730 9
e 308.60234 720.22885 11
e 637.11224 1055.46163 13
e 514.41991 848.00929 6
e 418.98689 886.61813 5
e 649.80744 962.32194 5
e 433.08821 1057.44561 10
e 431.14446 640.52023 12
e 530.88602 682.10978 10
e 533.30035 783.53620 12
e 488.81291 888.95211 15
e 447.83266 1062.97032 10
e 512.99211 831.97957 7
e 460.90437 726.52337 13
e 279.18250 1011.96043 15
e 546.96996 940.96035 7
e 430.51335 1064.02307 5
e 467.92305 962.15091 5
e 434.41714 722.04474 6
e 397.81524 948.53360 8
e 531.69597 1046.31042 14
e 404.74091 858.41966 11
e 449.49756 983.23441 14
e 601.06120 861.09575 9
e 430.16492 1017.79211 9
e 519.90821 1073.87063 9
e 513.83262 851.51040 10
e 374.30694 776.49246 9
e 637.98996 1008.62459 7
e 499.19183 938.95577 6
e 437.75832 706.27750 6
e 378.50691 1032.82816 9
e 444.58265 795.57915 10
e 408.73207 947.83320 5
e 539.79177 753.73757 12
e 320.89813 1006.78875 8
e 414.43851 1016.05610 9
e 419.10914 1071.38889 8
e 451.09881 1022.90193 11
e 476.91284 1033.25809 9
e 343.45092 829.36024 11
e 527.69280 994.10206 8
e 522.69488 933.66811 9
e 416.78387 810.67704 7
e 409.08848 661.86118 8
e 511.61088 924.51388 11
e 504.39078 1074.08747 8
e 488.34869 1070.68001 14
e 367.04318 861.54498 9
e 426.59968 1069.08710 6
e 310.42241 842.39866 15
e 523.01356 927.53490 11
e 417.18085 543.81148 4
e 572.01125 983.89793 8
e 488.19121 843.58785 6
e 461.09530 931.03990 9
e 404.32112 948.38539 11
e 557.39512 927.83240 5
e 452.10470 916.66661 8
e 469.32661 1037.18712 7
e 462.34767 1047.75661 10
e 496.19548 1054.16360 11
e 526.49938 970.57378 8
e 522.78090 945.21210 10
e 410.28685 815.80207 8
e 327.42480 963.64460 8
e 527.07367 904.47955 6
e 453.48786 1035.48850 9
e 483.86653 945.34044 11
e 397.69020 860.35430 8
e 410.71221 1058.32459 12
e 536.46390 942.59837 9
e 460.77850 982.26056 7
e 407.35938 729.70662 8
e 545.24589 945.16919 9
e 417.07451 887.89639 8
e 487.92711 826.13904 13
e 562.84532 1043.35107 10
e 456.64813 740.79594 9
e 563.75322 812.46368 11
e 599.90255 958.61894 10
e 518.33343 927.03607 12
e 376.43670 884.00705 8
e 410.47815 688.08291 8
e 589.25669 904.31462 6
e 554.52242 838.74220 9
e 452.61574 899.30157 6
e 559.46013 1003.52249 8
e 389.26442 853.14888 15
e 331.92318 1051.54024 5
e 367.45112 1030.20104 9
e 400.77071 1067.49334 8
e 368.47913 703.39033 11
e 441.81423 950.88583 5
e 484.51801 807.00030 15
e 468.40911 857.93513 5
e 547.37682 988.46958 4
e 573.80792 925.68983 9
e 490.96481 942.44949 8
e 470.26999 1035.44270 9
e 512.35285 1064.62612 21
e 605.93473 723.32205 6
e 451.27423 989.53737 9
e 456.66832 963.48075 13
e 390.16111 973.23764 7
e 506.05017 895.34639 10
e 585.74709 813.42482 11
e 466.01780 801.75999 10
e 609.87717 1041.47546 7
e 432.05811 1066.43952 9
e 169.50115 1004.33014 12
e 471.52406 1019.17357 4
e 578.57341 931.75661 7
e 492.11916 1017.30106 7
e 451.15809 1041.37446 7
e 566.36415 916.14683 9
e 468.36561 957.06205 13
e 463.54409 866.27415 6
e 475.36085 950.79660 5
e 438.86941 691.93046 9
e 478.55156 889.28404 11
e 503.61553 900.30533 9
e 437.99979 1067.58315 9
e 479.79819 957.16739 6
e 579.70051 857.09301 6
e 493.36018 1029.49845 11
e 509.68191 995.78890 10
e 401.98650 864.84055 5
e 421.50750 921.67749 13
e 456.06822 1043.81687 14
e 516.93404 1062.29125 12
e 349.93002 1013.29794 4
e 550.44877 844.85551 7
e 512.29195 826.95609 10
e 418.37575 967.17757 15
e 553.29436 692.83304 9
e 491.59263 938.05875 12
e 449.39750 1004.75952 12
e 261.59688 943.99379 13
e 455.34830 685.19856 11
e 485.42632 975.19742 10
e 407.91060 793.49498 7
e 383.35589 977.92869 12
e 337.23767 861.76117 8
e 430.23847 907.14639 11
e 441.26545 952.38292 13
e 353.95245 911.50448 7
e 506.60632 865.91335 12
e 392.13264 728.99822 13
e 340.57722 928.19808 5
e 335.53264 585.12921 12
e 298.64329 997.70645 10
e 278.40786 906.55266 8
e 474.25375 1028.57381 5
e 601.64861 918.19658 14
e 349.33517 962.27860 6
e 287.20065 989.79459 8
e 458.13667 1043.18542 8
e 387.53854 1031.04334 7
e 543.00293 1010.21365 3
e 562.40556 717.50907 12
e 470.65676 761.58891 10
e 451.92334 926.09269 8
e 565.10622 865.69360 5
e 476.49692 1024.18341 8
e 641.62861 937.95787 10
e 532.07149 951.28029 13
e 449.07906 871.47408 12
e 487.56646 1031.12407 15
e 466.77626 941.89708 13
e 528.04311 949.67034 10
e 428.20063 909.93531 11
e 412.61710 993.36185 9
e 327.96268 960.94063 11
e 597.64138 746.73288 10
e 515.86892 920.10632 12
e 519.53737 901.19416 6
e 388.25285 997.03954 8
e 482.63398 947.55460 15
e 466.36599 902.82383 5
e 544.72119 879.84997 11
e 422.22951 1011.65554 11
e 643.09059 776.59349 13
e 453.24549 872.17786 7
e 559.85988 1048.78147 11
e 477.28906 955.88273 9
e 498.83127 989.01549 10
e 345.41335 768.30458 7
e 509.26616 998.45198 7
e 486.05246 836.40541 9
e 463.54765 636.47468 10
e 544.73329 859.56596 7
e 588.98358 986.10164 4
e 369.09190 1051.35175 11
e 445.37212 894.28188 10
e 397.12530 1032.51436 14
e 529.99583 662.98366 9
e 459.32370 1068.19625 6
e 374.19239 975.96672 8
e 327.95295 877.09757 10
e 418.45035 704.55031 14
e 423.78131 1012.60649 4
e 558.03668 974.25072 8
e 600.48248 873.88154 7
e 377.99229 840.48949 7
e 231.79265 898.96680 9
e 298.49631 1049.10857 8
e 372.48605 843.20625 6
e 538.96003 889.90322 7
e 443.35465 607.00891 9
e 449.56806 949.21465 9
e 517.76880 888.13010 12
e 429.28502 1050.67875 11
e 383.67095 923.91292 11
e 369.35686 712.17129 13
e 585.10616 818.07706 15
e 505.91661 816.47703 14
e 482.40427 961.69184 14
e 423.11435 1070.21597 14
e 341.57424 1044.26999 4
e 509.06590 985.87468 12
e 489.28128 1071.16248 5
e 459.98211 816.97933 9
e 478.58703 910.40246 8
e 537.96955 838.66568 7
e 589.51920 870.97656 6
e 570.22903 848.52701 5
e 253.35098 920.31341 12
e 349.11145 916.35024 11
e 375.85780 932.99955 8
e 546.08130 1022.89532 15
e 431.07859 1032.50897 15
e 579.75617 980.97007 5
e 436.57396 648.71289 12
e 405.51058 896.97702 9
e 250.24805 904.35235 10
e 338.78726 984.68104 14
e 526.72132 973.68116 10
e 653.10200 1071.13885 11
e 630.89031 877.16266 7
e 519.55407 899.28946 11
e 453.85313 1059.80628 14
e 406.94550 1076.83508 9
e 542.90619 902.99905 7
e 541.72670 951.95598 11
e 549.67568 968.04264 8
e 619.37956 986.01422 11
e 364.00398 944.66962 7
e 441.52944 820.35958 7
e 358.22218 891.83195 14
e 633.66104 978.70831 7
e 319.47772 1021.64977 8
e 427.24944 956.12096 11
e 439.78811 1019.65011 7
e 428.22214 836.43009 9
e 310.40964 1046.25227 12
e 526.89015 1069.64808 8
e 487.71308 652.14360 5
e 501.30168 853.33144 11
e 418.45658 963.03881 10
e 293.57384 1011.75304 9
e 496.19371 693.74083 7
e 616.56984 995.48673 14
e 447.45171 908.54661 7
e 466.91374 838.67348 12
e 388.75390 1008.91913 5
e 379.32312 1038.04690 13
e 481.12298 938.33654 11
e 388.58382 969.09871 8
e 552.23411 763.32698 12
e 504.25817 1044.10604 8
e 475.56594 989.40677 9
e 375.22517 932.29018 4
e 539.11054 962.26246 14
e 577.94647 977.62711 10
e 358.06322 830.37358 6
e 394.78316 877.55724 10
e 528.38459 554.09136 13
e 311.50067 701.44481 11
e 427.81264 918.90619 5
e 550.45271 840.54149 9
e 479.38974 884.84359 9
e 438.65797 872.10424 10
e 614.26108 955.55541 11
e 601.10803 800.44382 6
e 673.06748 660.13190 12
e 481.27750 595.15677 10
e 678.69676 553.60962 12
e 663.32110 764.47433 7
e 622.94682 607.37678 6
e 523.71772 736.40335 8
e 640.68536 541.77596 9
e 695.67459 1015.83718 8
e 617.24567 825.51352 7
e 609.34368 973.81028 7
e 577.29817 745.38298 7
e 639.04655 859.40537 15
e 681.09428 635.45024 5
e 718.04869 748.86336 4
e 556.16794 589.30277 7
e 617.15721 852.58764 11
e 636.03054 725.69184 5
e 613.06352 857.01568 15
e 648.23073 768.08679 7
e 691.26798 599.42911 9
e 627.87844 875.40064 13
e 506.12551 832.15678 4
e 602.23809 745.78857 7
e 638.36137 619.86834 7
e 642.90110 585.28901 9
e 628.57718 645.90251 6
e 511.94151 707.58017 13
e 386.16078 580.21913 9
e 692.28108 821.93925 11
e 701.44413 773.64745 7
e 705.66439 827.64827 11
e 675.72656 820.47881 10
e 625.81466 888.67822 8
e 607.64377 757.92390 5
e 710.43722 824.15416 4
e 536.26641 515.82779 9
e 503.45664 854.17667 10
e 620.77869 933.88778 10
e 560.50720 757.51211 12
e 538.99346 719.41871 8
e 687.94431 855.75847 12
e 618.82590 767.50202 9
e 629.33281 858.43990 9
e 667.29452 631.58745 7
e 655.84899 671.44830 7
e 665.63710 705.21771 9
e 623.56082 745.37581 12
e 693.61801 638.55811 8
e 614.06573 1022.84615 17
e 673.21622 554.85885 8
e 626.52709 929.03571 11
e 557.46302 826.87506 6
e 659.93150 813.66305 9
e 683.61155 784.69004 6
e 563.97701 794.75755 8
e 692.47649 808.42288 9
e 609.53924 675.45445 7
e 627.82120 505.62505 8
e 595.77104 900.61402 8
e 663.04397 713.81193 8
e 671.05131 808.75764 5
e 661.92857 589.42550 6
e 631.74813 890.40835 10
e 618.11985 597.48854 13
e 604.24135 490.45546 8
e 607.63610 647.27847 9
e 647.63014 634.37586 11
e 522.45823 717.76439 14
e 657.88076 654.49259 13
e 609.19437 1024.24379 14
e 648.91787 444.37674 7
e 552.83063 785.41133 12
e 681.76991 938.33017 11
e 613.43797 529.46861 10
e 638.88251 800.47511 6
e 521.62415 571.59071 8
e 668.10591 895.80145 5
e 563.94299 526.50282 15
e 589.43849 708.34638 15
e 553.28324 625.92077 7
e 629.85137 909.33405 8
e 528.41051 435.43115 8
e 691.46881 836.97795 10
e 654.04554 737.31166 15
e 683.14498 592.69116 10
e 712.57660 826.70236 7
e 569.82877 571.25960 13
e 611.09937 916.08140 4
e 513.06123 609.55384 10
e 685.97380 800.78344 10
e 642.67634 798.78919 7
e 536.85168 1063.96582 12
e 679.05912 938.87056 4
e 651.97177 986.89472 10
e 562.99902 952.66740 9
e 599.60735 812.02845 12
e 580.49707 607.95457 6
e 705.17731 550.90137 15
e 612.50445 756.58251 10
e 590.43220 782.76229 10
e 633.18919 483.43919 10
e 713.09209 868.20506 11
e 615.17794 978.12692 6
e 657.12278 709.49432 12
e 555.16092 817.68048 9
e 669.30401 932.67793 8
e 522.40059 759.39702 10
e 711.23508 881.79823 11
e 375.86638 773.83612 6
e 617.41845 820.85608 5
e 712.29720 367.52717 16
e 616.82555 468.93082 8
e 647.30224 812.92114 9
e 665.77056 982.86843 18
e 715.60255 950.99238 10
e 560.41328 1036.69625 7
e 594.35489 860.15921 16
e 660.80044 478.77290 9
e 655.25585 441.51896 10
e 565.87252 380.24233 9
e 670.45829 579.82194 8
e 680.72613 890.68640 10
e 628.70876 590.99534 7
e 598.16039 934.54549 9
e 481.93702 703.17161 10
e 567.03161 839.64898 8
e 703.97811 674.66872 4
e 598.14155 835.37299 8
e 538.66824 738.22442 7
e 572.04616 602.61362 7
e 558.88145 662.61157 7
e 692.87388 737.35383 9
e 546.78936 411.08561 10
e 451.87915 602.04715 9
e 516.59727 557.45065 12
e 608.72592 727.83302 9
e 558.10583 468.02192 12
e 648.71084 1007.06133 9
e 596.29918 499.62586 10
e 609.04163 777.22962 15
e 647.47444 945.39611 8
e 669.38461 758.55737 11
e 528.60205 353.08392 8
e 670.45664 883.20829 5
e 584.20540 836.31383 6
e 403.88643 703.32211 9
e 698.56429 690.43137 10
e 608.71511 749.38581 5
e 515.64708 760.24077 10
e 578.66645 626.67424 10
e 660.51980 739.68202 8
e 625.93263 696.04850 8
e 603.51992 612.67985 11
e 538.17510 1037.09513 13
e 616.18174 886.86561 3
e 632.91789 753.13867 11
e 575.87855 454.87691 12
e 641.43086 841.04187 10
e 705.13942 791.76184 10
e 581.86292 587.34682 12
e 582.28979 718.65977 13
e 627.67127 761.33371 7
e 664.25517 682.44708 10
e 633.56003 932.19334 7
e 699.75702 553.91554 12
e 650.60915 838.00691 8
e 582.80177 594.01050 9
e 631.57358 870.11364 11
e 512.65255 849.34382 8
e 570.21575 779.19722 10
e 662.48889 680.52426 7
e 599.26266 712.74186 10
e 609.49020 684.72066 6
e 642.89305 1061.72611 6
e 560.73865 865.85152 10
e 627.95125 805.60570 11
e 561.81055 894.07259 7
e 626.59371 520.93668 10
e 674.01572 534.86975 9
e 651.45336 466.71902 12
e 701.10106 543.30723 6
e 707.13811 799.91150 9
e 494.57723 635.45415 11
e 709.69608 789.55952 9
e 698.57219 716.43312 14
e 563.77032 853.88251 10
e 618.00622 664.04266 12
e 649.22605 1052.05127 16
e 549.94054 629.89379 12
e 620.34736 751.52062 7
e 575.47852 567.91585 5
e 625.18475 1020.48169 10
e 684.86709 767.59432 9
e 561.37682 752.96679 9
e 508.08269 767.94370 10
e 637.97997 511.41883 11
e 626.07244 866.98463 9
e 659.36961 489.43863 9
e 537.73365 609.79418 5
