c ./output/rectangle/gaussian/gaussian-rectangle-4-2000
p rectangle 2000 720.00000 1080.00000
e 43.85140 639.11207 8
e 154.01806 949.11427 11
e 169.60256 839.82470 10
e 146.55315 480.61842 12
e 77.91475 828.40632 7
e 10.43550 737.19778 9
e 99.89987 753.60637 8
e 64.65699 667.21425 8
e 215.29874 886.71024 8
e 9.32326 659.26174 8
e 14.68830 982.41362 7
e 43.10780 729.89550 12
e 94.70461 736.75536 7
e 119.77472 582.84079 13
e 150.73175 670.75207 9
e 119.16362 678.28088 6
e 6.56681 558.36562 12
e 180.11677 722.16228 16
e 240.23480 936.85123 6
e 106.74270 752.20635 7
e 73.80569 727.57173 11
e 31.30230 612.22387 11
e 245.38657 597.99381 7
e 100.98496 909.37876 10
e 22.95045 638.69851 11
e 34.57712 636.23827 10
e 45.41905 767.02820 8
e 86.62361 903.08643 10
e 147.72876 684.51218 21
e 117.77924 345.35224 11
e 59.57822 683.28615 12
e 132.20104 748.19479 11
e 40.98800 672.08386 10
e 155.12724 721.69270 11
e 252.36870 900.82619 10
e 57.24509 554.40900 5
e 37.12521 871.96299 7
e 86.06225 410.46660 11
e 88.27961 773.13027 7
e 59.13163 609.14312 11
e 61.84600 775.20447 12
e 67.66941 494.71011 5
e 143.52489 756.01540 10
e 31.10480 609.76181 6
e 23.00019 869.82035 8
e 82.20793 781.24992 14
e 187.36004 777.44791 8
e 73.50161 677.44124 7
e 48.40520 375.68651 9
e 8.66737 440.74735 9
e 26.86077 566.08533 9
e 45.26511 444.73297 15
e 83.87258 774.79679 12
e 99.80436 1031.84577 10
e 173.37694 807.29001 6
e 58.65763 786.18818 12
e 186.89924 861.01606 12
e 64.63782 743.76105 11
e 42.45919 850.59590 9
e 42.32836 763.10135 4
e 83.03274 938.23385 9
e 16.77513 837.26583 12
e 66.22067 437.65258 13
e 37.57061 546.54323 15
e 72.43954 821.34806 8
e 21.03759 679.71436 9
e 34.52480 614.41797 7
e 62.74757 847.88932 10
e 85.59739 941.08526 10
e 9.68792 715.27728 11
e 177.10549 458.90735 9
e 147.71021 649.88380 12
e 180.15677 701.46860 9
e 61.17219 590.80505 8
e 220.50195 956.72416 6
e 134.70154 705.23096 6
e 51.30637 820.44172 7
e 13.92228 440.42462 12
e 43.47888 489.73681 5
e 80.88083 909.16182 6
e 108.38326 736.38414 7
e 181.43114 384.83996 10
e 86.09062 682.42150 8
e 206.08394 818.91897 9
e 160.46121 457.24165 11
e 5.66577 541.40203 6
e 148.38036 652.88017 8
e 145.60767 807.59219 14
e 57.95090 778.43077 13
e 8.98941 930.10470 8
e 249.96928 428.45098 8
e 69.30376 573.59951 10
e 83.54488 770.12335 12
e 269.73809 622.67532 8
e 222.15015 779.53887 8
e 166.24722 751.40559 7
e 72.40287 1012.97970 6
e 131.40383 856.56777 11
e 69.06458 418.10960 9
e 119.43513 739.78834 14
e 7.90288 774.85010 9
e 133.25701 753.36849 7
e 221.68667 595.10280 12
e 96.50509 804.42136 9
e 48.31185 949.33013 8
e 25.21336 821.47873 6
e 67.50876 549.43443 12
e 21.54727 683.37604 6
e 114.78666 826.15008 4
e 52.31365 980.61318 11
e 91.22226 452.29868 13
e 159.85702 798.74499 9
e 126.03705 537.59437 4
e 69.88687 517.21120 14
e 63.39655 737.10382 8
e 172.65951 645.53888 7
e 46.49270 521.42720 10
e 204.52105 790.55959 7
e 228.89206 856.20393 7
e 64.06770 595.77417 7
e 43.62147 495.73319 14
e 197.98797 720.88247 10
e 198.99616 826.53506 8
e 87.74596 917.78656 8
e 124.55719 843.76612 7
e 118.75591 638.50150 13
e 22.01479 633.80687 10
e 140.99852 586.05416 8
e 130.70390 728.06761 6
e 90.70122 813.47825 13
e 70.59150 533.03412 8
e 222.43915 532.97777 15
e 174.20161 711.38669 7
e 187.82009 809.88470 8
e 109.85945 610.33128 9
e 16.51017 853.11405 6
e 29.59238 512.13407 10
e 221.15349 516.04584 9
e 103.63037 696.67282 9
e 15.75483 884.41701 8
e 79.35443 667.29950 11
e 33.36720 819.98603 8
e 181.10574 766.83887 6
e 140.39754 794.22203 9
e 49.67000 831.34531 7
e 4.50498 596.00074 15
e 57.82552 416.93549 10
e 142.00403 714.81310 7
e 55.10696 733.01034 7
e 198.94122 761.54094 14
e 184.04308 579.32840 8
e 76.98488 873.91185 10
e 3.57034 705.29498 13
e 60.98460 609.05898 10
e 112.18780 673.11717 5
e 173.76333 637.51599 9
e 39.45200 688.37897 4
e 41.54870 645.11679 11
e 128.85402 632.29116 10
e 52.14025 817.95220 4
e 145.23766 899.72095 12
e 198.66227 844.78158 7
e 69.90373 711.83269 12
e 108.21029 779.02050 8
e 35.57078 793.99215 5
e 2.22904 707.16130 9
e 46.26148 763.18139 8
e 1.50286 1061.15036 12
e 60.75770 414.25286 5
e 56.50492 513.66677 7
e 59.15392 876.69133 7
e 113.34749 604.40411 8
e 59.92580 890.40103 11
e 206.59494 909.25248 11
e 106.55667 607.25611 8
e 101.24299 703.92681 7
e 97.24559 593.28657 10
e 108.33234 606.17290 9
e 55.29687 591.68424 13
e 233.37251 662.58769 6
e 27.58077 640.23085 4
e 84.55926 701.66346 12
e 84.51569 741.28245 13
e 107.92384 957.97515 11
e 118.22868 766.89898 11
e 169.80662 654.66627 12
e 20.56127 713.12547 4
e 132.26212 755.13169 8
e 70.80967 735.16052 7
e 81.13428 902.35826 5
e 16.71760 717.01051 10
e 154.44494 855.11745 8
e 179.00988 1018.65914 16
e 28.12241 854.19502 5
e 124.64705 703.62510 10
e 107.01044 837.77407 10
e 53.40901 607.65015 7
e 102.63433 767.99783 10
e 107.57991 941.14596 10
e 37.21567 796.34180 10
e 42.14738 871.44764 9
e 107.70405 865.14854 10
e 117.47033 701.89352 13
e 137.55510 561.49164 11
e 13.02891 508.85958 5
e 56.88609 451.10079 10
e 111.86661 932.20317 9
e 3.41791 1012.75804 8
e 38.82880 838.61663 8
e 112.49127 864.30496 10
e 167.79399 953.94296 18
e 38.03947 460.39042 8
e 133.58705 762.67686 8
e 132.73663 658.70004 13
e 1.25519 722.26901 6
e 177.16077 634.86346 11
e 101.27124 695.42172 11
e 113.35647 494.52722 12
e 100.12065 818.89885 6
e 58.61192 824.24870 4
e 67.26320 695.80841 8
e 202.23004 663.68825 12
e 81.89584 620.12096 7
e 189.73300 711.16362 12
e 39.89725 691.83206 16
e 99.73809 835.66562 8
e 90.67350 726.36403 7
e 60.32275 761.26885 8
e 175.77402 756.44300 8
e 118.07335 736.88474 11
e 80.61271 631.79939 11
e 50.85852 859.86087 20
e 27.09769 958.82700 5
e 17.56601 738.27108 4
e 124.33801 784.60840 5
e 68.48251 571.20255 8
e 244.52436 744.09271 10
e 183.72284 647.94196 10
e 187.05844 868.38773 15
e 28.73769 644.82905 7
e 13.67275 823.92959 9
e 209.47312 665.23649 15
e 108.25156 758.78477 11
e 143.42028 621.15838 6
e 181.09788 774.51793 8
e 18.83062 572.21522 6
e 107.29310 711.84419 10
e 64.50145 930.27501 7
e 11.68200 887.94120 9
e 20.26223 600.88575 9
e 168.36150 687.48052 13
e 29.07080 764.69073 9
e 15.50416 887.14591 6
e 122.97890 841.51358 13
e 81.97706 587.80035 13
e 73.13960 576.14381 4
e 51.01077 808.90366 6
e 67.91798 545.58529 15
e 87.27208 741.44315 14
e 194.28149 518.04901 8
e 186.49186 981.77166 11
e 168.43835 844.00976 10
e 104.80200 629.80624 11
e 137.59181 590.50151 10
e 172.52109 778.10883 10
e 7.66772 608.55463 8
e 241.01310 849.91006 6
e 48.48234 663.95580 4
e 98.83342 1007.26209 8
e 104.80216 857.63139 8
e 120.52467 777.53230 5
e 202.38282 700.55253 8
e 44.02493 773.48605 7
e 125.31234 827.46704 3
e 37.77522 738.83877 5
e 25.32897 823.17179 9
e 172.42435 607.01841 11
e 86.08616 574.52447 12
e 54.10698 190.26596 6
e 18.80294 864.83092 7
e 18.52887 588.98457 6
e 183.70161 920.81865 12
e 113.68909 805.96481 7
e 199.79726 863.49064 10
e 81.72737 690.77173 9
e 84.74857 663.72630 5
e 90.21396 564.48187 17
e 94.58599 836.39613 10
e 268.36867 743.40097 11
e 228.15373 592.35789 9
e 11.09625 803.99092 8
e 103.82587 771.59746 15
e 65.87649 488.40908 9
e 14.14190 962.58526 19
e 59.56881 832.96485 9
e 152.16997 862.37335 7
e 97.98628 594.18304 11
e 63.48462 1004.69437 10
e 143.33665 762.02545 7
e 30.60205 497.86403 13
e 118.49943 629.08097 12
e 277.96618 838.47700 16
e 2.61205 952.03252 8
e 30.21056 777.58415 9
e 90.94598 613.22623 7
e 130.99493 496.49749 13
e 80.63542 751.79028 5
e 72.00163 547.28625 8
e 34.62602 469.29617 7
e 80.89395 719.77063 10
e 192.91821 634.56254 7
e 96.90337 796.63769 11
e 26.27341 745.50270 9
e 10.43784 1028.15819 9
e 112.13935 834.23452 7
e 51.46888 611.01107 9
e 53.74255 875.62227 13
e 271.56068 805.94637 7
e 45.46072 853.33082 9
e 112.08469 1016.95920 13
e 148.26217 839.71185 10
e 167.35049 557.52748 11
e 234.71789 888.29922 10
e 111.66021 495.29084 10
e 200.36914 826.20024 7
e 142.27396 572.55569 6
e 55.70002 775.81864 11
e 227.43777 721.64492 8
e 96.20654 1006.83571 14
e 84.62485 631.30407 6
e 144.89476 1041.08726 9
e 30.92801 446.90920 5
e 81.99801 716.03065 6
e 96.60059 773.69617 12
e 7.85237 782.81637 6
e 82.24724 942.84283 12
e 31.69839 834.75170 7
e 31.55597 470.84901 6
e 11.49856 497.36813 11
e 51.06418 470.47621 11
e 109.95420 845.14189 10
e 217.29010 839.32513 4
e 68.36624 650.70319 8
e 97.62077 998.58706 6
e 3.38569 675.87458 7
e 198.39343 742.49102 11
e 130.47372 770.98230 9
e 34.23072 767.12865 5
e 29.56674 686.36441 9
e 58.92664 894.78988 8
e 225.94909 723.92532 8
e 115.51668 661.87020 7
e 44.47301 1006.90082 13
e 125.16789 798.23536 13
e 32.42291 465.95634 6
e 23.11073 657.78664 13
e 215.41559 759.36175 11
e 18.71334 702.75568 10
e 38.24673 785.66965 4
e 96.80482 601.60800 8
e 100.90905 917.12008 7
e 23.70436 572.17647 14
e 130.69363 593.07185 11
e 119.40935 586.55318 5
e 6.13377 504.58709 8
e 109.05837 811.68360 9
e 72.98518 686.06018 6
e 227.99735 783.72270 9
e 317.79196 540.64848 6
e 21.37183 789.96204 9
e 225.25362 621.26190 9
e 137.57979 603.14295 9
e 22.78295 847.35333 12
e 112.09056 799.03401 9
e 11.52987 754.56800 7
e 105.54081 703.79192 10
e 84.69575 783.11156 12
e 29.21566 841.66418 6
e 100.42303 661.89213 8
e 145.32623 635.91210 11
e 36.71645 602.49092 7
e 54.58689 776.27085 10
e 122.85824 817.24095 6
e 113.86498 766.69651 10
e 49.71529 808.42885 8
e 67.85177 1060.54692 7
e 87.10222 941.61015 14
e 20.42875 757.84310 10
e 30.75398 714.11111 9
e 110.83633 636.15301 9
e 204.49969 812.71595 8
e 11.67811 666.21739 11
e 92.04320 737.61591 11
e 194.48186 898.53230 11
e 105.66477 412.60566 12
e 32.70232 811.90614 6
e 154.27502 602.82153 2
e 27.83904 661.35521 3
e 100.75753 406.84670 13
e 101.98041 801.52358 7
e 169.38935 506.97840 12
e 117.74498 617.88004 6
e 181.36234 466.66400 10
e 55.24906 634.71793 9
e 113.65679 807.09067 9
e 149.79129 782.21152 11
e 40.74084 561.15654 11
e 30.36361 637.06230 10
e 99.17215 716.48954 7
e 188.32318 684.09629 12
e 120.35059 1027.71765 14
e 94.12611 738.53342 9
e 137.06395 825.86211 8
e 4.36341 609.88350 5
e 156.54173 774.45209 14
e 95.10114 804.26183 8
e 168.71143 936.47421 8
e 19.16709 906.11023 7
e 95.19349 502.23864 12
e 22.03618 737.25322 7
e 169.52768 646.17697 4
e 11.72029 659.66488 8
e 130.92388 567.50137 14
e 77.56927 714.07277 16
e 8.82554 648.39720 9
e 174.56686 626.43682 6
e 81.88529 775.55886 9
e 204.85955 867.59967 6
e 86.02511 678.74334 13
e 162.60273 616.61763 5
e 35.44589 525.45699 10
e 76.18640 753.24329 17
e 10.83227 776.03954 16
e 208.28265 898.27805 17
e 54.52282 617.27396 5
e 30.68596 555.25636 7
e 100.97084 830.85828 9
e 14.68227 634.32386 11
e 196.36236 428.09642 15
e 21.52783 835.30930 8
e 106.53674 630.39685 5
e 233.04726 699.89910 10
e 37.82787 701.72656 7
e 195.17131 449.85613 7
e 28.65679 996.31183 14
e 187.50585 705.84582 12
e 98.26907 663.74615 10
e 88.26915 721.16188 9
e 10.30085 700.11131 13
e 96.24079 664.25808 6
e 50.25477 887.20697 10
e 48.83241 797.29939 4
e 137.64717 905.94720 9
e 182.26702 610.65662 6
e 48.77534 859.73438 12
e 111.59788 1052.07352 7
e 102.06638 888.94492 4
e 36.37087 934.74395 8
e 55.69061 638.87616 10
e 170.94402 641.60236 12
e 75.38955 943.40853 10
e 34.22786 680.30336 11
e 26.19809 669.41799 13
e 20.15946 351.00766 10
e 133.65696 962.56218 16
e 47.57244 777.65679 4
e 82.60438 706.39436 17
e 140.34480 573.93291 9
e 224.08932 734.38930 8
e 98.89663 769.51146 9
e 98.99048 827.07751 11
e 32.22186 970.22229 12
e 164.14859 768.46774 11
e 60.20877 661.43143 9
e 76.23463 700.86336 5
e 47.54542 1064.10281 15
e 4.84942 833.90193 11
e 153.97587 820.76579 12
e 228.79034 818.63123 6
e 256.00273 726.04930 11
e 165.54410 762.84378 8
e 92.18235 923.72348 6
e 47.40603 851.89896 13
e 100.95890 626.11748 5
e 135.36313 872.68755 10
e 117.39059 840.29679 6
e 73.21984 951.46551 5
e 223.33476 729.51131 9
e 84.38746 761.09716 6
e 105.45167 1056.94327 11
e 8.04214 842.43066 11
e 29.85993 842.80651 14
e 212.63181 572.57472 7
e 41.15671 775.41800 11
e 27.51530 607.41396 7
e 162.51276 926.26663 14
e 35.22511 962.27638 9
e 125.23154 641.92651 15
e 66.20694 983.47356 6
e 6.72036 824.37830 13
e 96.89422 936.08002 15
e 93.00010 526.26927 7
e 25.14564 488.17094 9
e 69.90593 839.42681 9
e 14.43202 791.34225 8
e 15.74861 939.45673 10
e 69.85787 793.05878 7
e 62.78056 548.25355 13
e 115.26921 774.83230 9
e 11.17653 518.50281 13
e 68.62017 695.85218 5
e 0.47372 765.81901 4
e 0.38313 745.90261 5
e 165.44794 994.02696 6
e 96.39834 660.20520 10
e 69.61853 855.97786 7
e 57.74743 994.13758 13
e 142.61359 546.65182 5
e 111.04623 808.49346 3
e 10.27772 995.95694 10
e 239.33891 666.43228 11
e 78.78300 795.39337 13
e 35.60190 571.89135 8
e 208.42003 585.35007 13
e 88.18099 558.74953 11
e 32.56311 786.62887 12
e 110.34576 931.57196 10
e 2.20061 772.77102 10
e 39.62398 709.25125 13
e 207.95971 970.89852 8
e 40.28779 496.85491 11
e 118.66447 645.12530 10
e 185.32769 951.31084 10
e 80.87029 862.10081 7
e 199.26394 637.55237 18
e 134.68769 567.01693 7
e 74.08600 788.86938 7
e 5.64424 1031.74104 9
e 39.21047 756.92220 7
e 164.18343 814.42379 11
e 105.17922 624.83841 7
e 123.88277 829.54409 8
e 96.28615 780.93719 12
e 26.44227 705.18104 8
e 32.60439 809.79513 10
e 104.84252 953.08405 11
e 94.41814 616.92147 8
e 213.66193 631.80948 6
e 70.96091 728.14828 6
e 225.35592 635.84697 6
e 155.29710 1030.85248 8
e 156.38519 452.72290 11
e 146.82607 497.63502 6
e 231.79859 479.69494 11
e 78.30852 767.39320 8
e 120.84136 785.11498 9
e 46.20601 768.68812 11
e 67.52863 739.37394 13
e 107.93889 541.05518 9
e 158.49412 762.23531 8
e 131.82140 593.29233 6
e 49.68385 760.95442 8
e 120.84879 709.30348 6
e 101.13922 801.84359 9
e 197.08926 740.74574 7
e 41.40673 594.04427 7
e 23.14874 555.86643 9
e 317.77522 807.91098 12
e 298.64533 1002.92307 12
e 146.66479 663.74167 7
e 19.26157 963.02808 7
e 7.35434 810.49459 16
e 100.77290 835.93653 11
e 94.44499 389.78652 9
e 3.38826 982.66335 6
e 83.76541 949.75267 6
e 96.66702 700.22913 14
e 180.93105 840.74295 21
e 50.46147 816.81161 10
e 30.92795 695.26966 11
e 125.59228 908.22136 8
e 148.05233 983.89934 15
e 76.96634 586.39723 15
e 64.36766 942.30944 10
e 2.29831 814.26950 9
e 66.61375 462.24869 8
e 187.93399 620.96370 7
e 64.15607 737.47256 6
e 245.61905 844.84280 8
e 211.09252 964.52806 8
e 150.44392 901.57563 10
e 11.51720 756.59887 19
e 96.46907 742.68621 12
e 20.32952 784.61350 11
e 71.07637 794.07117 12
e 53.70997 892.46727 14
e 65.63592 948.51458 9
e 119.75591 765.77592 15
e 122.97476 626.42590 10
e 61.01803 595.33604 10
e 44.88156 642.76401 8
e 113.00487 650.52554 11
e 31.60012 996.33332 12
e 31.39073 835.85445 7
e 35.82300 523.72573 10
e 12.43731 905.94772 5
e 15.16739 519.18242 7
e 111.04656 684.86562 7
e 26.18068 892.70603 7
e 50.47061 857.10594 8
e 53.69746 931.54324 9
e 72.65867 711.48601 17
e 120.51111 687.21944 5
e 25.99225 799.85752 7
e 172.70173 486.95750 7
e 107.54828 875.46737 8
e 185.85527 598.19659 7
e 138.70562 1073.93772 6
e 76.39084 836.77148 7
e 10.57499 986.84843 13
e 133.11876 698.84292 10
e 162.21934 764.50304 9
e 214.29419 717.65727 7
e 128.82228 503.56749 7
e 193.46477 644.70909 6
e 98.13576 606.09205 11
e 156.48811 475.71680 7
e 58.28840 790.24544 7
e 102.33095 912.78468 7
e 27.44303 554.30917 9
e 78.29721 845.67223 14
e 20.30842 493.24808 10
e 92.00363 736.84069 13
e 92.95797 418.66138 6
e 83.22152 729.13123 8
e 72.46049 741.24057 5
e 40.48608 698.96484 11
e 68.86023 895.42906 4
e 10.75125 823.16322 13
e 63.85336 691.47933 10
e 102.46513 612.10684 9
e 159.53104 1040.56743 10
e 72.43128 462.20741 13
e 322.02381 727.92786 6
e 63.81994 916.29259 13
e 14.67911 410.49545 5
e 41.88275 868.59546 9
e 33.86827 457.84604 6
e 194.34308 846.61929 4
e 92.97427 495.56487 8
e 255.88789 531.30459 10
e 49.56606 699.00571 6
e 158.13626 785.86232 6
e 140.91652 522.58389 5
e 215.35952 687.45389 7
e 73.25507 526.52451 10
e 22.17975 637.31994 11
e 175.19955 549.44216 9
e 59.86110 541.89888 11
e 57.31150 959.43400 21
e 82.94336 739.44811 7
e 77.20439 413.58620 5
e 28.26949 769.12901 9
e 1.36557 881.16798 10
e 41.47435 756.89369 13
e 64.45890 1029.98978 9
e 110.41094 680.21970 8
e 113.63079 652.92771 6
e 51.79571 675.82351 7
e 162.63496 672.13804 9
e 162.42292 742.77985 7
e 167.07577 720.15466 7
e 71.71648 500.65971 10
e 72.70190 757.03346 14
e 116.38603 1049.17327 13
e 54.64933 607.55104 7
e 14.12826 847.75553 6
e 37.31003 570.27196 8
e 101.65795 687.43502 8
e 88.02984 798.06283 7
e 197.52739 900.99349 7
e 152.79243 835.66355 4
e 180.67054 622.37683 7
e 22.99811 872.77545 11
e 50.69452 788.52662 13
e 61.21404 854.45240 14
e 161.93936 461.58454 9
e 122.99456 820.73772 8
e 74.05143 444.76832 8
e 58.35154 884.48806 10
e 95.62227 701.40284 4
e 205.17164 899.12497 8
e 207.78973 872.89957 6
e 108.50256 708.32583 12
e 5.68829 703.43488 4
e 108.96177 518.27727 9
e 28.93069 777.30731 8
e 96.15034 757.25821 8
e 81.72922 438.59706 6
e 250.30415 846.70951 7
e 158.21250 880.25047 8
e 114.52597 619.31133 7
e 142.29315 798.23844 8
e 28.96889 924.40718 10
e 31.04792 737.93883 11
e 67.05860 921.67551 8
e 57.98892 377.33508 13
e 112.41590 707.93899 8
e 86.80993 559.81741 8
e 102.15833 626.26943 9
e 93.37749 661.52849 14
e 38.83462 1077.06836 8
e 77.51014 702.59044 7
e 50.92408 725.35096 12
e 176.36829 948.60192 11
e 212.47107 657.16248 5
e 174.12158 726.71393 11
e 167.36739 465.62929 11
e 49.38460 780.73078 12
e 135.59717 460.61015 8
e 64.08604 418.40385 5
e 116.97656 1054.81257 12
e 155.18612 524.49818 14
e 48.89902 910.49634 15
e 60.91146 1022.52270 7
e 29.52286 952.66562 7
e 140.93032 899.59860 10
e 114.33621 826.83482 8
e 195.89142 722.30996 8
e 123.88227 728.20454 11
e 151.84756 881.40977 8
e 279.30507 958.25594 13
e 222.37849 608.47680 5
e 77.19311 474.40571 12
e 93.11049 869.28567 7
e 50.52687 820.28881 8
e 88.90614 1041.08773 10
e 126.23401 447.13282 14
e 244.56560 721.15492 9
e 160.78175 672.09748 12
e 111.00893 803.03611 5
e 67.72813 853.08132 11
e 79.26475 701.75805 8
e 56.01421 721.08108 11
e 283.21258 768.58014 10
e 56.85571 550.31699 7
e 60.83555 899.56642 4
e 24.53652 951.47205 11
e 44.04357 682.08817 3
e 70.50674 816.47312 11
e 193.29311 727.61165 8
e 22.93577 893.87726 5
e 67.83993 610.97602 13
e 105.94052 711.88171 9
e 103.45913 828.90148 8
e 253.83934 859.87475 4
e 83.82632 819.02737 7
e 110.63613 594.75921 8
e 100.72618 652.23404 12
e 134.81665 857.36012 9
e 128.97410 969.23839 10
e 8.96721 408.24820 10
e 11.56239 516.44733 10
e 116.67580 495.28101 10
e 9.52147 927.35539 8
e 115.40416 806.03335 8
e 148.79794 712.40339 6
e 135.40360 687.44960 9
e 192.09479 534.67787 8
e 44.76979 893.00388 10
e 92.41268 967.14973 12
e 15.99108 640.89304 13
e 176.24885 504.35527 9
e 63.25168 934.67985 9
e 8.42988 808.90821 11
e 124.79278 789.79160 13
e 124.57817 570.45650 8
e 323.93143 769.28912 4
e 130.70570 631.29240 8
e 253.44442 837.87609 12
e 142.95877 823.23257 8
e 56.82535 660.72179 13
e 99.79839 694.65750 8
e 29.31583 648.96739 4
e 193.30307 818.99846 7
e 72.99138 852.42723 6
e 151.82965 973.91734 7
e 88.86839 816.76659 9
e 28.59942 822.60392 9
e 128.67223 378.86716 9
e 28.33508 611.02860 8
e 131.36980 843.46692 10
e 113.37796 960.72332 9
e 78.83933 771.76567 5
e 97.40491 505.78828 5
e 81.99001 870.58140 8
e 52.03226 730.41224 8
e 98.89115 689.04423 14
e 86.45224 807.82899 8
e 119.97518 938.75062 7
e 53.17350 932.71188 12
e 42.18334 753.48859 9
e 30.18460 997.28725 12
e 56.39172 769.85476 11
e 145.98606 701.82899 11
e 32.59359 587.58200 13
e 34.01191 703.82537 10
e 154.47231 598.33002 8
e 138.15952 615.82346 9
e 52.16239 431.98788 5
e 33.04684 863.64985 12
e 62.84657 812.20110 9
e 33.98774 656.59216 10
e 293.65257 549.41050 6
e 139.90027 988.93821 11
e 142.42266 673.03833 8
e 65.53245 882.78512 6
e 54.62057 769.37970 9
e 116.61606 667.50595 4
e 123.88256 945.41782 9
e 109.80172 692.95469 5
e 176.81400 867.49087 7
e 142.90790 701.68880 3
e 162.37321 721.44496 7
e 14.09485 391.49249 12
e 141.25105 348.57355 13
e 229.56910 948.15078 8
e 41.15164 821.69354 8
e 12.54227 938.37768 9
e 74.26358 662.92166 11
e 237.93151 746.70606 8
e 67.75072 578.94074 7
e 140.27466 616.88230 4
e 159.52409 724.74229 7
e 334.08524 873.83635 9
e 128.07148 882.30639 5
e 52.13184 682.10051 6
e 122.39062 761.70129 10
e 193.56573 928.62596 11
e 52.61039 657.84603 5
e 95.17283 779.77204 6
e 109.96351 794.77896 9
e 132.89486 726.24400 5
e 80.19539 1044.89354 5
e 172.51666 915.91301 12
e 12.23912 685.11584 10
e 53.16100 819.94581 9
e 143.34771 722.89785 9
e 113.74899 875.89367 12
e 20.28975 686.35938 9
e 120.11495 629.28165 8
e 254.80925 710.31058 7
e 87.48937 688.56536 11
e 43.45077 758.14416 15
e 138.19855 902.04079 8
e 46.09986 541.43243 7
e 62.16328 950.82178 10
e 96.31967 973.81861 12
e 57.71826 801.18394 10
e 73.45521 734.02054 14
e 66.97150 760.83542 9
e 31.69547 731.99953 9
e 10.29426 779.32069 8
e 189.02750 861.73098 9
e 9.39220 734.00788 4
e 121.06843 739.78661 10
e 194.44180 494.00476 7
e 158.19311 784.85252 8
e 55.67864 651.36830 11
e 108.26819 528.23044 7
e 116.34282 789.15270 10
e 83.04805 819.52141 13
e 115.20342 460.10230 7
e 98.50997 419.77625 7
e 265.83108 1071.80708 10
e 203.07441 694.57738 12
e 6.36548 597.57464 13
e 29.33158 687.10168 13
e 274.77039 699.66892 16
e 161.09182 855.66535 8
e 122.96408 779.44978 8
e 47.01885 566.84768 11
e 12.81599 663.54574 7
e 190.73505 775.82224 12
e 168.18552 544.57295 10
e 142.20932 901.38755 13
e 66.63840 633.92749 7
e 68.55598 561.53916 7
e 0.77725 702.21193 13
e 29.13290 908.24878 9
e 122.93604 821.44176 10
e 180.95581 650.54662 13
e 6.65547 725.59234 11
e 29.21096 690.50074 9
e 52.04330 666.32958 12
e 147.06005 915.49128 6
e 69.93784 694.46413 8
e 219.17762 1078.59045 7
e 156.55056 500.75400 6
e 63.22181 941.43716 9
e 121.58377 934.59470 12
e 145.26675 802.29674 11
e 59.50768 510.36448 5
e 30.86317 401.48960 11
e 31.43920 692.99866 5
e 84.18268 612.11865 7
e 81.24594 718.20613 12
e 31.35467 625.14478 12
e 64.88133 536.87623 12
e 58.40126 729.79124 5
e 48.81053 1000.66677 14
e 50.85956 764.89474 9
e 240.99124 1062.44530 12
e 247.36242 599.08352 3
e 89.93436 723.90231 10
e 42.88698 586.31940 14
e 136.49812 741.69002 5
e 232.11533 651.28080 4
e 298.13706 771.15648 5
e 166.97047 876.63321 12
e 135.43022 832.85685 9
e 117.11767 946.56493 14
e 102.76442 1034.71220 10
e 46.91344 745.18547 13
e 3.28467 917.81721 11
e 150.97414 859.23455 8
e 66.70600 858.72130 10
e 40.27117 592.47708 10
e 56.64990 1012.47472 10
e 105.46479 686.07233 8
e 197.63932 656.58757 10
e 196.09223 790.67618 9
e 67.63182 857.47373 9
e 18.28515 578.58131 15
e 115.26249 968.39661 8
e 101.48868 561.43392 8
e 105.67233 857.74116 8
e 162.07452 744.56126 9
e 132.40522 985.95683 9
e 90.78967 898.13966 5
e 300.69014 520.11703 13
e 158.46948 539.68889 9
e 22.93664 705.64545 11
e 163.96340 669.32628 9
e 143.82981 838.27867 13
e 12.70964 1011.31770 6
e 20.65770 837.43241 6
e 48.50007 779.92315 7
e 138.78948 618.22099 8
e 50.59762 848.70958 9
e 147.82338 943.66993 9
e 25.27752 618.90139 6
e 207.95744 751.16628 14
e 132.70213 880.76896 7
e 85.80165 986.77074 5
e 55.79178 651.63207 9
e 117.52610 580.91393 16
e 4.82467 656.40170 5
e 141.87930 611.06694 6
e 80.71840 642.97812 13
e 124.49310 803.16988 17
e 80.74055 607.05640 7
e 64.18296 676.99460 9
e 68.86673 365.32075 8
e 111.02146 529.25968 11
e 130.58141 477.31259 8
e 124.30156 591.98576 14
e 69.32970 728.11458 20
e 123.94565 698.61998 11
e 24.42433 684.75559 10
e 99.21199 557.62379 15
e 19.48647 684.12669 7
e 84.54069 842.56689 10
e 23.84353 602.40391 8
e 139.72214 877.71971 4
e 3.31259 715.81786 6
e 16.48143 591.43301 13
e 56.42453 819.80822 8
e 65.37460 587.20408 9
e 66.14600 949.20101 11
e 63.16792 554.17546 8
e 41.16473 903.27683 5
e 64.11097 940.62980 10
e 158.50068 670.15049 7
e 58.94946 902.46290 4
e 74.57218 927.44522 7
e 99.97759 781.91626 8
e 188.34916 1001.89175 4
e 1.61115 909.51716 11
e 1.63175 491.49482 8
e 22.36268 840.44898 5
e 33.93560 443.91877 13
e 97.04660 810.23558 9
e 62.34820 848.28872 6
e 9.58509 623.90270 15
e 219.89270 731.14385 9
e 152.93859 513.04532 10
e 117.27714 741.70637 9
e 102.19640 837.79978 6
e 96.34929 739.42947 9
e 134.13862 735.96142 7
e 201.03035 909.48020 8
e 47.42382 888.14398 10
e 103.71776 945.92074 4
e 59.07364 681.02938 6
e 154.21382 857.24955 7
e 70.82242 690.29666 6
e 242.20963 759.87935 10
e 15.45893 700.43810 7
e 3.86198 660.64637 7
e 86.14463 910.44127 7
e 109.06463 532.54104 5
e 151.85314 1012.93815 8
e 232.38088 913.52759 10
e 174.14375 792.43882 9
e 88.51395 721.38263 5
e 42.74099 496.76740 13
e 203.28823 950.19162 15
e 158.62405 695.26840 13
e 86.99325 893.92271 8
e 124.13275 759.50407 9
e 172.23525 959.69437 12
e 44.44648 827.54448 10
e 42.56223 519.04265 8
e 53.04489 811.86478 9
e 146.79230 783.65149 10
e 304.14068 738.14521 10
e 70.46294 512.50225 13
e 125.71110 931.24695 17
e 161.86628 673.98412 12
e 176.54045 891.31330 8
e 55.29316 667.42785 14
e 161.38258 720.65860 8
e 65.22369 1007.92062 5
e 186.72635 511.93437 10
e 18.30096 652.59331 8
e 64.72375 964.70643 11
e 85.73149 662.17602 12
e 103.75234 400.40115 11
e 116.98234 742.72047 13
e 154.16117 608.54073 6
e 109.27323 660.98894 8
e 198.03978 679.35589 9
e 104.46091 713.92095 7
e 170.92535 724.02808 6
e 32.73233 424.15269 8
e 38.45097 828.91845 14
e 32.08766 673.94528 13
e 130.88860 699.79689 6
e 36.30228 570.46613 8
e 151.14519 815.47671 9
e 73.04622 789.81554 8
e 78.40796 906.55216 13
e 61.83950 863.71258 12
e 34.15491 707.87090 9
e 122.70363 708.01155 7
e 115.45128 851.45068 6
e 12.02131 474.54129 7
e 30.34107 559.75456 15
e 222.36335 680.46271 7
e 39.61450 471.41301 4
e 67.90640 586.91525 17
e 40.35886 963.58310 14
e 84.86398 647.16378 14
e 165.33142 757.93925 18
e 154.56660 773.79523 7
e 127.16588 610.68237 7
e 6.83468 667.91792 6
e 24.18713 788.64144 14
e 39.56454 566.32268 11
e 75.78054 840.83861 6
e 270.94970 785.88134 9
e 22.14646 727.48796 8
e 119.67147 720.18032 6
e 102.31392 763.77830 8
e 76.73271 783.25162 12
e 208.41190 722.70142 10
e 17.17916 462.56868 8
e 2.56542 624.17019 7
e 56.36751 842.25368 10
e 187.25360 1005.94169 7
e 84.29789 398.24851 4
e 57.82624 524.51859 15
e 36.18780 627.54696 11
e 6.65796 724.60715 14
e 88.20132 718.42172 9
e 74.61057 523.90031 8
e 49.32686 940.20114 9
e 256.00029 361.97942 9
e 78.32265 741.95429 6
e 22.46627 732.15167 10
e 41.43890 997.39403 10
e 21.31213 819.09776 10
e 57.28383 781.46698 9
e 45.66290 753.46480 6
e 2.36063 620.61915 6
e 200.44162 514.53557 5
e 185.20429 483.73411 12
e 199.13740 856.49840 10
e 36.49552 947.00298 11
e 124.40178 634.80962 7
e 55.33121 689.70368 8
e 111.39131 692.36400 8
e 53.52625 878.85568 6
e 177.19385 560.75689 10
e 170.13915 428.96821 10
e 244.79586 759.10471 8
e 115.70623 1070.29431 11
e 79.91451 632.42811 12
e 24.27599 728.26736 8
e 88.30246 704.21477 6
e 13.65949 792.23448 7
e 16.62788 697.39017 12
e 201.98328 955.78235 11
e 98.74045 666.08837 10
e 144.19394 866.91757 8
e 102.97353 768.16171 14
e 124.11273 755.55923 7
e 256.04118 673.06808 8
e 86.79387 937.46460 7
e 25.21973 821.72314 9
e 135.22429 699.27041 9
e 140.19564 775.29151 15
e 35.64987 754.09242 6
e 103.95732 854.80275 9
e 16.54555 578.24772 10
e 140.64685 921.78965 13
e 1.91121 536.28695 10
e 110.62056 829.95566 15
e 141.03419 820.11123 9
e 185.40241 467.35791 8
e 126.65122 577.57359 12
e 30.85591 699.35601 11
e 120.52756 602.79674 9
e 156.06574 571.28803 11
e 142.75377 518.63452 9
e 43.02478 598.89152 8
e 120.17704 689.12018 13
e 103.90348 877.45448 8
e 46.84136 725.46396 9
e 147.98181 681.56318 12
e 166.14742 853.03979 8
e 1.10728 826.93631 12
e 178.74794 669.28251 9
e 65.11655 814.20795 8
e 74.29996 989.53213 7
e 392.81425 687.93693 14
e 118.52292 460.89019 11
e 61.14813 580.17605 9
e 27.35135 727.72484 11
e 221.42063 767.90281 10
e 107.99010 705.67663 9
e 65.64793 916.38858 11
e 172.20163 694.52176 9
e 41.00365 812.17573 5
e 131.90826 505.69516 9
e 112.19992 662.63081 10
e 97.21807 461.38356 8
e 210.10396 861.45177 13
e 16.67405 647.80789 7
e 146.75378 630.81129 9
e 39.29114 476.60722 9
e 145.48238 671.63818 10
e 93.50540 564.37939 16
e 51.89858 656.46990 9
e 36.03546 794.71590 11
e 87.63764 448.01751 5
e 165.98781 643.09330 11
e 155.46449 848.72532 10
e 195.81613 1015.71582 10
e 18.46906 786.10703 11
e 122.93526 735.76139 11
e 121.69876 919.66748 7
e 48.55165 775.73058 6
e 46.32082 585.77202 8
e 311.98531 765.78389 4
e 111.87331 645.85413 3
e 18.78572 566.11446 6
e 51.29698 849.72601 6
e 4.28682 623.82466 9
e 47.00791 761.85924 8
e 85.25207 716.06983 6
e 108.58090 642.08258 10
e 22.99828 623.01520 14
e 119.24233 663.64918 6
e 127.79262 721.69820 3
e 130.78749 633.28063 8
e 94.04699 483.71113 9
e 69.67070 752.75369 10
e 133.70637 735.75230 10
e 109.50723 799.09257 9
e 158.01704 562.23545 12
e 33.84825 740.68317 14
e 75.48185 683.65760 10
e 13.89835 1029.43360 8
e 124.53835 806.83495 8
e 24.26979 697.07419 4
e 200.24872 496.09325 5
e 5.20541 643.22858 14
e 30.96276 674.03526 9
e 7.06563 590.62092 7
e 191.50437 810.37201 7
e 251.30241 894.73124 8
e 38.00537 778.44343 8
e 128.86028 429.20994 11
e 220.67746 648.19617 11
e 105.32567 604.00487 14
e 67.85357 1032.16537 13
e 161.84307 688.27400 7
e 13.01058 871.31515 6
e 85.20929 751.92564 8
e 88.02534 829.36810 8
e 79.50062 731.54633 8
e 131.68319 766.46535 10
e 53.63122 531.02130 10
e 47.98690 684.01764 7
e 88.49936 942.32901 6
e 42.64441 364.75586 12
e 25.39830 661.55854 7
e 70.74333 658.35360 10
e 119.46790 352.37917 5
e 112.60352 811.87053 12
e 100.37607 710.72421 5
e 50.89818 554.66967 8
e 98.53591 723.70334 6
e 9.90333 941.49578 11
e 58.19696 723.76335 7
e 27.55519 809.30609 4
e 44.21187 546.00943 5
e 121.05941 561.90060 8
e 94.37906 864.71123 10
e 46.09447 762.88723 7
e 56.70121 597.92846 9
e 183.23333 536.47456 9
e 115.60244 809.30167 10
e 51.78439 746.59168 7
e 32.60748 1033.79394 6
e 46.52193 884.03543 6
e 103.14185 396.28591 17
e 45.21275 725.39560 10
e 87.70154 924.62036 8
e 130.58049 440.34711 7
e 145.83635 706.92612 12
e 28.51440 660.79981 16
e 135.34792 897.35647 8
e 96.80693 570.60538 4
e 97.48463 772.04995 7
e 0.70528 712.65973 7
e 24.43472 757.48981 7
e 82.95998 490.68397 7
e 62.38527 1048.11446 10
e 73.06101 931.95166 9
e 101.70151 596.34571 9
e 95.24016 448.01449 12
e 57.06456 659.59420 10
e 281.61871 823.56153 9
e 133.69531 864.67137 8
e 108.40324 816.70259 12
e 87.62193 725.60078 4
e 262.85030 584.51091 9
e 15.59586 606.46426 5
e 144.41469 641.51704 12
e 237.57502 569.11231 7
e 10.65819 946.76929 7
e 39.93554 722.24807 8
e 163.09144 666.25503 7
e 127.84600 636.40476 5
e 93.59803 958.97181 7
e 63.91541 921.04601 11
e 116.05259 552.65500 15
e 97.56787 488.92922 6
e 166.63412 536.90011 13
e 65.66483 598.94799 14
e 156.08483 436.01954 8
e 177.36936 679.41042 14
e 72.48668 740.98865 8
e 68.56993 820.11238 7
e 41.37152 776.35990 11
e 97.90917 710.80581 10
e 63.76369 961.97126 11
e 99.24640 607.01106 7
e 83.73520 538.64611 10
e 45.57284 705.94419 10
e 131.00903 657.13205 8
e 157.13068 566.27200 7
e 148.22740 909.92270 14
e 56.32784 937.09872 9
e 34.50854 720.20284 11
e 25.93288 818.31766 7
e 212.59686 688.08622 7
e 53.16919 794.15063 8
e 165.65435 799.92191 8
e 50.43810 759.08033 7
e 130.36291 622.66086 7
e 58.87916 609.74595 8
e 13.68169 546.46733 7
e 287.90679 1032.94073 10
e 155.59735 789.14015 7
e 144.29872 522.45850 9
e 146.23553 728.96205 7
e 11.70045 662.72052 10
e 95.87783 742.74642 10
e 41.24497 659.70822 8
e 135.32874 920.65764 12
e 58.58367 721.50231 10
e 152.00950 795.21949 8
e 27.82724 598.37563 5
e 138.75977 801.35349 5
e 131.34254 980.47807 6
e 35.79879 927.82488 11
e 161.76653 601.22364 12
e 22.80338 311.28704 13
e 22.31147 992.07561 11
e 69.82637 789.66837 8
e 173.27939 726.50888 7
e 61.82034 707.88573 7
e 35.39368 615.95627 8
e 147.53725 682.97571 6
e 61.05926 626.84647 10
e 158.61578 661.89943 9
e 47.23617 624.35091 11
e 65.59225 710.31082 15
e 45.41010 959.32935 5
e 12.18409 667.97586 8
e 15.46728 855.72712 7
e 159.05901 664.78866 9
e 118.03369 949.29281 7
e 19.78563 759.86091 3
e 81.70973 449.90639 12
e 219.66155 685.55191 7
e 134.11175 695.68383 11
e 194.62913 556.08736 15
e 225.86434 875.96183 10
e 160.78434 461.37111 4
e 92.08120 484.40043 16
e 25.95652 757.57401 9
e 222.64748 379.79109 9
e 156.14649 525.14812 14
e 120.34953 816.59628 7
e 162.58353 872.29756 13
e 136.89770 870.26681 10
e 184.29151 530.42753 11
e 135.82855 756.50923 6
e 22.15098 597.75683 9
e 215.18920 882.46502 7
e 116.27197 668.32456 12
e 86.40919 828.36940 9
e 112.69223 535.26182 9
e 59.30896 517.85292 9
e 144.27334 672.76228 6
e 149.90051 648.18096 8
e 244.39042 887.96731 9
e 115.40330 1016.88015 16
e 346.69431 771.39325 13
e 194.14797 649.49775 12
e 56.96210 571.82363 12
e 73.91515 553.23693 9
e 249.90185 724.27766 10
e 34.75120 698.95410 9
e 45.86818 585.37493 12
e 44.47403 930.47107 9
e 85.68439 527.90220 3
e 10.74979 847.71818 5
e 275.55434 731.00206 8
e 64.86070 715.94225 9
e 66.54657 948.85855 8
e 73.44412 629.01145 12
e 218.45149 517.04266 9
e 64.50604 813.57759 9
e 81.59385 983.94203 8
e 144.35749 794.38222 12
e 280.57470 573.03164 8
e 142.75447 1054.75889 9
e 204.15883 779.07276 5
e 89.21427 921.64050 10
e 89.93082 548.33790 7
e 6.44280 657.58578 5
e 135.78041 635.47534 8
e 167.26059 673.69587 9
e 12.10569 800.32996 14
e 89.49479 749.39389 15
e 73.24740 766.60851 9
e 143.42346 597.91974 7
e 120.71750 426.78406 9
e 101.89722 572.44490 11
e 58.21048 784.67779 11
e 87.74305 974.82857 11
e 84.60425 572.62975 10
e 1.22600 759.84573 9
e 51.21615 787.46337 8
e 19.69088 577.94486 8
e 233.05446 603.95743 3
e 187.89256 746.05410 9
e 130.88154 806.29084 11
e 228.79739 564.81027 9
e 84.51345 1057.93015 10
e 65.77772 667.14913 4
e 65.97275 717.15317 6
e 175.78879 979.60713 7
e 54.64198 601.35060 6
e 485.33188 705.18892 12
e 321.11169 665.39579 12
e 351.28588 1078.37410 8
e 438.31816 992.10076 8
e 382.19551 741.36215 11
e 606.64145 834.02214 5
e 398.91249 850.26776 12
e 404.50167 851.91135 8
e 412.46096 1036.55274 6
e 320.18081 833.66968 14
e 403.02233 1072.50080 10
e 441.04149 809.94469 9
e 277.53893 819.51753 6
e 480.60765 913.04396 9
e 493.92954 818.57213 13
e 462.67572 684.71009 12
e 471.17235 837.31604 7
e 470.72112 973.62513 11
e 436.30484 844.33368 8
e 421.02174 745.45606 7
e 422.56119 968.16951 8
e 389.98631 951.91064 10
e 525.32314 913.96724 15
e 370.45988 747.78411 11
e 459.10141 1023.95334 8
e 512.20879 975.95859 10
e 408.69199 1004.14095 9
e 431.50170 1063.49166 11
e 482.01390 908.51387 8
e 507.72509 749.16889 9
e 582.85649 793.47624 7
e 262.99487 618.81263 9
e 525.11064 652.92468 11
e 477.48031 1068.10294 8
e 449.20142 640.18354 9
e 492.15573 953.06162 6
e 442.01996 861.53973 10
e 396.28287 712.21149 13
e 382.08087 725.20630 9
e 374.66512 1029.46144 9
e 457.47257 892.30653 7
e 518.59997 1073.97237 3
e 572.83198 1075.50595 7
e 523.60225 859.54683 11
e 538.76400 969.28514 14
e 389.28509 795.97642 19
e 430.12642 954.21638 6
e 446.13633 779.41614 13
e 515.88297 657.28495 16
e 428.55804 897.88375 10
e 369.51446 947.22940 11
e 544.45881 1007.15019 9
e 520.16517 754.02350 14
e 325.63134 942.51638 6
e 395.47499 524.53116 11
e 511.47991 962.63050 8
e 355.44812 840.26287 9
e 515.46847 897.55602 5
e 371.52544 783.86194 8
e 443.44849 1063.31359 6
e 509.48658 928.50732 9
e 460.60908 951.64522 6
e 631.92811 807.76598 10
e 556.23006 881.77152 10
e 468.25140 935.85669 8
e 513.75670 1022.10388 8
e 499.27601 938.87553 6
e 384.68946 1059.38415 5
e 529.25064 942.17341 11
e 488.51871 851.12342 7
e 357.64294 710.45018 9
e 442.13050 996.50973 9
e 538.28282 966.55992 8
e 298.85662 935.44908 7
e 482.16731 1015.36752 9
e 310.80712 719.80357 9
e 456.24393 723.04378 15
e 506.89380 829.26740 12
e 586.60769 1012.53664 5
e 459.80211 846.56640 9
e 519.01192 769.22125 7
e 361.61509 1004.60351 6
e 411.96013 865.33282 8
e 412.16031 801.29278 9
e 455.81755 1043.21955 9
e 488.48864 700.55554 11
e 321.42302 999.13202 7
e 406.91388 1061.28578 7
e 295.82021 927.72577 9
e 556.71174 892.11889 9
e 464.38114 826.51538 11
e 497.60287 875.76132 20
e 605.11077 885.87808 8
e 466.05186 1019.93304 7
e 571.28615 1016.04545 10
e 597.66259 931.26912 13
e 339.30582 921.21562 11
e 330.57272 805.14450 12
e 415.97793 826.87550 7
e 417.86878 816.93683 10
e 271.34655 1026.02852 10
e 488.89157 1018.69236 13
e 479.46630 956.91462 12
e 519.30174 943.38724 9
e 398.95641 846.11472 7
e 604.54287 1030.72227 11
e 664.58720 883.08672 10
e 502.00884 918.31095 7
e 575.60301 970.44715 7
e 501.26851 990.20578 11
e 487.11591 827.64970 8
e 428.20330 605.50064 8
e 461.65927 729.22476 9
e 402.21947 865.62921 11
e 541.55153 789.21699 8
e 510.50022 1063.00449 10
e 541.55708 795.97733 7
e 517.90032 976.49255 9
e 326.14131 1016.86397 7
e 509.88293 634.28821 9
e 534.64201 632.18704 6
e 493.86058 888.40478 6
e 369.00019 979.24792 13
e 710.80147 942.65161 15
e 366.06405 591.22253 10
e 438.22142 690.39333 4
e 437.99544 877.14526 10
e 497.91445 990.85787 7
e 446.10581 900.27812 10
e 389.44550 806.30486 15
e 442.67644 944.12991 10
e 439.54591 971.38399 10
e 549.40762 978.16443 7
e 506.78940 796.80661 10
e 396.21146 760.22714 8
e 498.52322 732.29366 4
e 414.89867 1073.94056 13
e 317.23471 913.34347 10
e 534.85982 989.90964 13
e 389.38220 792.53893 8
e 313.09351 719.88841 9
e 640.64672 918.03207 13
e 545.95250 936.00745 4
e 418.91200 815.34278 4
e 555.94567 879.98940 16
e 373.24861 994.63620 9
e 225.30100 1044.20396 8
e 568.24419 871.83766 6
e 438.99037 1031.08860 6
e 592.30149 933.11339 14
e 574.22341 1068.02912 9
e 406.05097 900.44251 9
e 494.89111 997.99564 11
e 417.97124 916.67219 6
e 349.49048 1052.03647 10
e 639.90102 707.22945 15
e 355.99845 719.07130 11
e 360.73587 961.03427 13
e 481.73727 795.53219 15
e 624.07996 755.54511 10
e 486.30051 783.92682 9
e 283.21152 1000.95765 11
e 463.92419 823.78174 13
e 474.35498 916.21136 8
e 467.42031 918.19071 6
e 403.42174 928.96802 13
e 448.67352 722.62600 12
e 265.55085 996.66412 13
e 490.30241 1048.55662 16
e 465.11019 1016.87526 13
e 542.12830 1078.49154 14
e 407.15936 1031.84522 7
e 443.73273 991.95938 7
e 493.07715 799.55762 9
e 480.65255 817.38309 16
e 356.12905 888.74554 16
e 427.87898 653.31506 10
e 353.54119 552.67323 11
e 452.78155 1002.94680 11
e 495.94389 891.25290 5
e 511.69737 805.23690 15
e 430.12268 983.72405 10
e 588.81718 839.44564 8
e 550.75798 765.47493 11
e 455.91253 1017.37735 12
e 412.06655 743.60718 10
e 379.73401 887.36551 12
e 559.07744 899.88397 10
e 409.93151 866.78023 11
e 506.12104 938.22871 9
e 433.23892 956.38644 10
e 509.43898 985.14229 12
e 424.34908 1066.63081 13
e 507.20434 671.72110 6
e 275.81606 1015.62127 7
e 498.17774 927.73124 7
e 492.16040 766.22698 15
e 435.76667 975.50310 7
e 585.20514 767.79452 8
e 447.01423 716.67862 11
e 448.75071 1078.03157 9
e 520.99954 1068.49435 6
e 468.49566 869.78056 5
e 408.96072 1014.41907 12
e 448.27672 925.94276 3
e 467.72099 817.04097 7
e 689.75196 761.40567 7
e 431.21900 933.36194 10
e 537.19336 977.75712 14
e 391.85030 938.49724 5
e 334.42575 632.54127 9
e 308.88549 900.70764 7
e 439.43274 969.90987 9
e 407.40177 1079.98126 4
e 296.89470 768.61857 9
e 396.86163 815.33982 13
e 451.92387 1010.40125 6
e 538.16130 1016.78893 7
e 368.60240 516.99830 12
e 456.50895 918.53927 6
e 497.21648 994.60738 16
e 649.50166 821.97287 7
e 457.01065 840.26676 8
e 315.76477 892.22750 8
e 375.84530 985.32949 11
e 298.28837 755.37215 10
e 489.29840 810.96317 8
e 447.69610 666.18454 10
e 608.80599 821.52705 4
e 539.81199 722.91760 10
e 571.55741 701.84458 10
e 610.93214 969.70886 6
e 545.93407 1066.69951 4
e 312.57596 702.20720 10
e 363.16142 1073.92946 5
e 504.01092 685.63165 7
e 407.86772 1034.39385 9
e 485.26222 1058.59216 4
e 624.67778 916.86860 10
e 381.34072 882.27404 10
e 663.28289 911.26242 14
e 448.85994 886.76631 8
e 367.19444 723.50369 15
e 391.79877 758.22068 12
e 506.88582 764.51343 12
e 545.52743 918.28616 7
e 440.56557 815.94298 8
e 428.16335 909.83748 7
e 438.73961 961.48936 9
e 687.83743 735.76597 7
e 607.70658 928.45182 6
e 438.98002 865.68243 11
e 275.94289 1001.64596 9
e 505.64583 928.75185 6
e 454.40060 774.32753 9
e 408.24036 1069.13532 6
e 370.40971 705.38486 9
e 344.43663 877.58556 5
e 405.25591 961.34840 15
e 466.14330 617.09086 7
e 497.12046 924.18350 5
e 436.15357 675.57385 8
e 463.97325 1006.13786 6
e 365.79480 916.95350 12
e 382.92527 893.05460 8
e 431.39490 796.73263 10
e 536.79937 688.93770 15
e 433.05968 907.17461 11
e 389.40934 851.55677 10
e 413.33377 817.15654 10
e 335.92572 904.46227 11
e 487.00067 964.65517 11
e 616.07982 767.61469 11
e 282.02673 1068.41519 10
e 505.37937 868.32383 6
e 507.21215 855.34750 11
e 493.66637 806.53415 5
e 319.40374 1051.26159 12
e 448.75355 1079.07249 9
e 343.73288 1073.43253 8
e 355.56673 1036.83056 6
e 338.81673 696.74528 11
e 376.07875 800.71261 10
e 683.01990 801.67734 9
e 343.76808 804.50683 7
e 480.44098 901.97598 8
e 466.69481 664.32383 8
e 507.70474 948.11276 7
e 336.77438 1029.53770 12
e 665.14026 626.28843 6
e 424.57790 663.33743 8
e 292.33739 899.02257 8
e 501.14206 1068.10290 12
e 437.26883 1005.63576 8
e 628.45377 899.79075 6
e 303.54597 590.55328 8
e 435.36047 1017.40755 12
e 483.49021 811.90478 10
e 350.89084 1071.40695 8
e 414.01552 720.40069 9
e 596.28343 933.11993 10
e 481.13187 807.65536 9
e 527.95666 904.27134 14
e 706.45099 696.46064 5
e 352.27500 693.38983 7
e 518.41779 684.47070 13
e 434.31915 951.83624 13
e 464.83589 754.63553 7
e 427.99791 1038.33628 9
e 426.25343 1065.71530 9
e 654.77821 925.17371 13
e 277.56911 634.07336 12
e 328.36201 664.17572 9
e 615.70310 989.29246 7
e 420.12648 840.63429 10
e 443.05532 879.62859 10
e 218.21564 1015.54014 8
e 366.85468 907.37408 10
e 584.49372 882.96004 11
e 304.12615 729.47549 12
e 613.18702 738.23410 12
e 377.85416 1044.43551 7
e 423.37738 910.10148 15
e 392.41966 870.13218 8
e 391.82780 999.01722 6
e 510.60822 904.63980 16
e 482.23654 937.56682 12
e 396.05548 774.28410 9
e 474.20477 799.47101 9
e 548.14694 759.44627 11
e 493.52505 863.52315 12
e 390.69115 975.97960 7
e 475.56056 952.50302 8
e 325.24192 1013.31774 8
e 426.18462 705.52247 9
e 391.77703 1002.23518 5
e 388.65921 999.35512 10
e 513.88160 858.36796 8
e 378.42295 961.54793 9
e 430.11975 735.76988 11
e 319.72180 891.49178 8
e 392.24504 1036.01997 12
e 563.96298 784.60598 17
e 348.73173 978.94851 8
e 211.49021 884.29638 7
e 459.20555 869.32455 4
e 334.02255 808.29297 8
e 454.74791 1025.96888 12
e 488.01836 973.31043 12
e 439.16699 933.98142 7
e 574.60111 892.20610 6
e 566.62330 661.70949 9
e 450.16894 736.85609 5
e 487.37492 1063.98831 9
e 542.37794 837.82692 14
e 486.22893 750.97770 9
e 410.58439 763.99065 5
e 277.37693 895.71012 7
e 522.88425 970.15520 12
e 507.14357 827.58260 7
e 425.80820 957.88200 14
e 388.69425 1000.86876 11
e 460.62308 872.30148 15
e 412.05630 895.66116 12
e 384.36903 550.69343 5
e 521.50447 969.13954 6
e 445.38515 969.54253 10
e 431.03952 1016.46826 11
e 571.17738 952.61315 8
e 356.76729 993.75465 14
e 356.00649 997.82402 13
e 428.61207 1057.72568 9
e 353.82638 899.09680 8
e 408.16357 942.84570 9
e 362.24808 1039.00235 10
e 574.25150 891.22066 4
e 275.43358 973.63430 6
e 347.16378 933.65921 10
e 533.51767 731.59252 9
e 378.46057 973.96114 9
e 486.77988 923.66692 7
e 325.17580 1004.35040 12
e 514.70287 597.25087 17
e 475.25998 943.12040 13
e 380.28119 1029.00228 8
e 433.18891 799.62443 8
e 509.54104 919.87263 12
e 438.72305 905.90167 9
e 449.89296 841.57402 7
e 420.21140 1038.64113 4
e 364.48986 990.20435 9
e 269.50851 759.62570 9
e 353.38438 822.84943 5
e 505.75102 781.31344 7
e 503.61939 863.40291 6
e 511.75370 847.96320 9
e 318.85640 666.06026 7
e 378.89208 1032.51636 12
e 501.41806 701.88216 4
e 537.18950 776.73768 9
e 405.42716 258.64365 10
e 684.44979 324.49831 7
e 683.13335 264.14080 10
e 447.60446 434.15177 10
e 415.32568 173.15166 8
e 406.50566 36.85360 9
e 333.54706 357.02721 7
e 366.55207 247.23069 12
e 592.10958 519.41832 10
e 552.72803 370.28627 11
e 497.78453 111.79022 8
e 496.18638 137.03678 8
e 497.68402 178.60474 10
e 664.66891 223.36373 9
e 401.50065 164.44096 7
e 419.23612 443.74791 5
e 516.53402 313.93937 19
e 426.41053 21.93345 12
e 523.76830 374.26271 8
e 226.05523 359.94984 7
e 596.53106 498.41910 11
e 517.44051 250.75227 7
e 446.29197 270.78070 6
e 402.16152 278.23660 4
e 451.96762 34.76613 10
e 311.61533 230.13308 9
e 559.29819 553.08612 10
e 499.05053 384.85125 15
e 450.29588 239.84896 13
e 521.62260 250.37672 14
e 601.97377 252.10950 7
e 405.18444 27.51454 10
e 414.16168 296.09500 9
e 403.68540 151.71221 9
e 536.03787 347.24467 7
e 584.44425 200.87850 10
e 654.49842 179.26997 11
e 275.13708 64.29216 7
e 459.78003 52.75249 11
e 500.92544 325.22063 9
e 528.41406 232.52822 11
e 529.64966 504.68081 14
e 413.58342 127.01283 5
e 439.29676 304.53412 10
e 460.85248 162.08536 10
e 494.58318 211.15718 12
e 642.81018 99.45377 8
e 503.56330 153.25330 9
e 538.12538 257.06468 7
e 362.22407 167.06975 6
e 517.65159 160.64862 9
e 593.61963 388.26516 15
e 459.35970 139.71025 13
e 495.16645 258.23204 12
e 596.47117 269.00122 6
e 467.75569 146.72476 9
e 424.09436 292.56251 12
e 532.51363 116.65021 10
e 554.12789 164.41663 15
e 613.35403 199.47802 7
e 543.33736 254.16344 7
e 482.33889 80.87667 6
e 482.03366 126.43897 9
e 563.46034 131.94652 9
e 550.94396 364.72250 5
e 485.72529 198.78424 10
e 390.94018 32.72976 10
e 447.48769 206.24692 7
e 551.05253 278.67586 9
e 440.65018 221.66307 8
e 555.89084 336.31906 9
e 604.74869 222.69416 10
e 566.90498 486.00006 10
e 535.62620 164.15473 8
e 651.20399 188.95178 8
e 399.42621 356.15111 7
e 391.39008 223.79794 11
e 604.67185 549.95336 6
e 556.79262 388.32376 8
e 640.50368 243.84337 10
e 573.39308 279.76716 8
e 433.54781 429.92708 8
e 541.62735 214.40230 6
e 557.50694 394.34984 15
e 601.14866 12.33313 4
e 433.37622 309.83164 9
e 524.70915 108.74907 7
e 667.38946 299.28771 12
e 490.10516 378.36573 10
e 380.71825 169.88915 10
e 425.84136 96.95999 10
e 590.61112 83.83423 9
e 526.23211 252.13191 12
e 594.20026 318.69448 7
e 356.53642 257.70546 13
e 387.32213 128.46861 11
e 297.40567 3.70573 13
e 517.99286 239.18339 17
e 361.71938 60.40051 5
e 625.40509 41.32802 9
e 423.87261 70.53778 11
e 645.27196 210.63932 13
e 616.37431 276.70359 12
e 350.23208 364.49106 10
e 591.49085 318.43577 9
e 634.48556 241.21088 8
e 471.71372 219.77080 4
e 604.73989 268.83856 8
e 382.99896 268.01547 7
e 509.65901 287.22630 10
e 540.76800 422.64288 9
e 527.52165 285.39472 8
e 438.78837 479.95550 10
e 553.89802 211.24970 3
e 502.50808 117.61175 6
e 537.88368 123.25804 9
e 524.28695 279.39567 6
e 379.61795 453.24882 7
e 509.58517 437.87669 5
e 484.56131 360.92214 9
e 398.49112 212.63051 8
e 512.77999 281.90370 9
e 495.50452 473.58324 14
e 508.94935 363.82167 11
e 511.78962 127.70183 15
e 623.11424 214.09546 14
e 474.68555 288.17509 13
e 352.91216 245.35729 14
e 433.75004 206.04513 7
e 479.96346 141.91005 9
e 486.84494 164.70947 7
e 328.79518 225.51926 13
e 440.70642 233.17421 10
e 527.85298 33.69912 9
e 576.66713 114.76079 15
e 421.64631 384.55440 7
e 533.28098 63.69470 9
e 514.61634 308.82575 14
e 590.59941 180.70687 21
e 432.11586 147.32604 9
e 631.34983 322.28800 13
e 469.84913 322.34809 10
e 435.44048 103.52463 12
e 558.63680 241.89045 9
e 418.96920 395.57000 10
e 595.43809 118.80624 15
e 693.76042 85.47677 8
e 395.86332 141.68449 11
e 616.66718 291.71550 7
e 524.04460 249.82082 11
e 422.75756 189.35640 6
e 415.95958 54.36649 15
e 565.90894 308.79378 8
e 475.78319 284.28941 9
e 392.69911 285.37349 13
e 594.82619 211.64450 9
e 478.48940 197.11146 7
e 574.17312 399.77868 5
e 309.98125 219.80969 12
e 266.70535 186.95148 8
e 531.36822 395.23210 12
e 569.40354 354.77868 5
e 556.39597 22.96502 13
e 454.84773 55.52328 4
e 491.77806 111.05710 8
e 357.58043 278.18076 11
e 625.69924 498.67523 6
e 464.58228 292.59636 9
e 573.13690 47.78649 9
e 550.26643 346.60723 8
e 565.26394 130.59066 16
e 555.86679 371.04824 9
e 341.89264 163.58639 9
e 433.07098 455.63292 17
e 691.08685 286.70126 6
e 425.22205 142.35129 8
e 566.24557 360.33930 10
e 453.99842 124.89875 10
e 639.76998 190.79890 11
e 577.63884 340.69259 11
e 477.66349 338.35643 8
e 257.49182 394.21177 14
e 264.71576 213.11321 13
e 339.25671 208.35331 7
e 481.63322 171.23873 9
e 573.19524 7.04987 8
e 627.86144 371.15151 4
e 477.21656 286.51340 6
e 577.96252 210.53914 13
e 456.26492 257.14573 11
e 308.83653 111.80061 10
e 679.97994 93.31395 10
e 537.03970 184.09352 14
e 506.23282 432.51679 7
e 463.74019 107.47019 8
e 539.43823 278.85262 13
e 460.97526 90.94725 11
e 477.34506 331.53225 4
e 448.65663 495.14902 21
e 604.06307 439.22327 7
