c ./output/rectangle/gaussian/gaussian-rectangle-4-4000
p rectangle 4000 720.00000 1080.00000
e 43.85140 639.11207 8
e 154.01806 949.11427 11
e 169.60256 839.82470 10
e 146.55315 480.61842 12
e 77.91475 828.40632 7
e 10.43550 737.19778 9
e 99.89987 753.60637 8
e 64.65699 667.21425 8
e 215.29874 886.71024 8
e 9.32326 659.26174 8
e 14.68830 982.41362 7
e 43.10780 729.89550 12
e 94.70461 736.75536 7
e 119.77472 582.84079 13
e 150.73175 670.75207 9
e 119.16362 678.28088 6
e 6.56681 558.36562 12
e 180.11677 722.16228 16
e 240.23480 936.85123 6
e 106.74270 752.20635 7
e 73.80569 727.57173 11
e 31.30230 612.22387 11
e 245.38657 597.99381 7
e 100.98496 909.37876 10
e 22.95045 638.69851 11
e 34.57712 636.23827 10
e 45.41905 767.02820 8
e 86.62361 903.08643 10
e 147.72876 684.51218 21
e 117.77924 345.35224 11
e 59.57822 683.28615 12
e 132.20104 748.19479 11
e 40.98800 672.08386 10
e 155.12724 721.69270 11
e 252.36870 900.82619 10
e 57.24509 554.40900 5
e 37.12521 871.96299 7
e 86.06225 410.46660 11
e 88.27961 773.13027 7
e 59.13163 609.14312 11
e 61.84600 775.20447 12
e 67.66941 494.71011 5
e 143.52489 756.01540 10
e 31.10480 609.76181 6
e 23.00019 869.82035 8
e 82.20793 781.24992 14
e 187.36004 777.44791 8
e 73.50161 677.44124 7
e 48.40520 375.68651 9
e 8.66737 440.74735 9
e 26.86077 566.08533 9
e 45.26511 444.73297 15
e 83.87258 774.79679 12
e 99.80436 1031.84577 10
e 173.37694 807.29001 6
e 58.65763 786.18818 12
e 186.89924 861.01606 12
e 64.63782 743.76105 11
e 42.45919 850.59590 9
e 42.32836 763.10135 4
e 83.03274 938.23385 9
e 16.77513 837.26583 12
e 66.22067 437.65258 13
e 37.57061 546.54323 15
e 72.43954 821.34806 8
e 21.03759 679.71436 9
e 34.52480 614.41797 7
e 62.74757 847.88932 10
e 85.59739 941.08526 10
e 9.68792 715.27728 11
e 177.10549 458.90735 9
e 147.71021 649.88380 12
e 180.15677 701.46860 9
e 61.17219 590.80505 8
e 220.50195 956.72416 6
e 134.70154 705.23096 6
e 51.30637 820.44172 7
e 13.92228 440.42462 12
e 43.47888 489.73681 5
e 80.88083 909.16182 6
e 108.38326 736.38414 7
e 181.43114 384.83996 10
e 86.09062 682.42150 8
e 206.08394 818.91897 9
e 160.46121 457.24165 11
e 5.66577 541.40203 6
e 148.38036 652.88017 8
e 145.60767 807.59219 14
e 57.95090 778.43077 13
e 8.98941 930.10470 8
e 249.96928 428.45098 8
e 69.30376 573.59951 10
e 83.54488 770.12335 12
e 269.73809 622.67532 8
e 222.15015 779.53887 8
e 166.24722 751.40559 7
e 72.40287 1012.97970 6
e 131.40383 856.56777 11
e 69.06458 418.10960 9
e 119.43513 739.78834 14
e 7.90288 774.85010 9
e 133.25701 753.36849 7
e 221.68667 595.10280 12
e 96.50509 804.42136 9
e 48.31185 949.33013 8
e 25.21336 821.47873 6
e 67.50876 549.43443 12
e 21.54727 683.37604 6
e 114.78666 826.15008 4
e 52.31365 980.61318 11
e 91.22226 452.29868 13
e 159.85702 798.74499 9
e 126.03705 537.59437 4
e 69.88687 517.21120 14
e 63.39655 737.10382 8
e 172.65951 645.53888 7
e 46.49270 521.42720 10
e 204.52105 790.55959 7
e 228.89206 856.20393 7
e 64.06770 595.77417 7
e 43.62147 495.73319 14
e 197.98797 720.88247 10
e 198.99616 826.53506 8
e 87.74596 917.78656 8
e 124.55719 843.76612 7
e 118.75591 638.50150 13
e 22.01479 633.80687 10
e 140.99852 586.05416 8
e 130.70390 728.06761 6
e 90.70122 813.47825 13
e 70.59150 533.03412 8
e 222.43915 532.97777 15
e 174.20161 711.38669 7
e 187.82009 809.88470 8
e 109.85945 610.33128 9
e 16.51017 853.11405 6
e 29.59238 512.13407 10
e 221.15349 516.04584 9
e 103.63037 696.67282 9
e 15.75483 884.41701 8
e 79.35443 667.29950 11
e 33.36720 819.98603 8
e 181.10574 766.83887 6
e 140.39754 794.22203 9
e 49.67000 831.34531 7
e 4.50498 596.00074 15
e 57.82552 416.93549 10
e 142.00403 714.81310 7
e 55.10696 733.01034 7
e 198.94122 761.54094 14
e 184.04308 579.32840 8
e 76.98488 873.91185 10
e 3.57034 705.29498 13
e 60.98460 609.05898 10
e 112.18780 673.11717 5
e 173.76333 637.51599 9
e 39.45200 688.37897 4
e 41.54870 645.11679 11
e 128.85402 632.29116 10
e 52.14025 817.95220 4
e 145.23766 899.72095 12
e 198.66227 844.78158 7
e 69.90373 711.83269 12
e 108.21029 779.02050 8
e 35.57078 793.99215 5
e 2.22904 707.16130 9
e 46.26148 763.18139 8
e 1.50286 1061.15036 12
e 60.75770 414.25286 5
e 56.50492 513.66677 7
e 59.15392 876.69133 7
e 113.34749 604.40411 8
e 59.92580 890.40103 11
e 206.59494 909.25248 11
e 106.55667 607.25611 8
e 101.24299 703.92681 7
e 97.24559 593.28657 10
e 108.33234 606.17290 9
e 55.29687 591.68424 13
e 233.37251 662.58769 6
e 27.58077 640.23085 4
e 84.55926 701.66346 12
e 84.51569 741.28245 13
e 107.92384 957.97515 11
e 118.22868 766.89898 11
e 169.80662 654.66627 12
e 20.56127 713.12547 4
e 132.26212 755.13169 8
e 70.80967 735.16052 7
e 81.13428 902.35826 5
e 16.71760 717.01051 10
e 154.44494 855.11745 8
e 179.00988 1018.65914 16
e 28.12241 854.19502 5
e 124.64705 703.62510 10
e 107.01044 837.77407 10
e 53.40901 607.65015 7
e 102.63433 767.99783 10
e 107.57991 941.14596 10
e 37.21567 796.34180 10
e 42.14738 871.44764 9
e 107.70405 865.14854 10
e 117.47033 701.89352 13
e 137.55510 561.49164 11
e 13.02891 508.85958 5
e 56.88609 451.10079 10
e 111.86661 932.20317 9
e 3.41791 1012.75804 8
e 38.82880 838.61663 8
e 112.49127 864.30496 10
e 167.79399 953.94296 18
e 38.03947 460.39042 8
e 133.58705 762.67686 8
e 132.73663 658.70004 13
e 1.25519 722.26901 6
e 177.16077 634.86346 11
e 101.27124 695.42172 11
e 113.35647 494.52722 12
e 100.12065 818.89885 6
e 58.61192 824.24870 4
e 67.26320 695.80841 8
e 202.23004 663.68825 12
e 81.89584 620.12096 7
e 189.73300 711.16362 12
e 39.89725 691.83206 16
e 99.73809 835.66562 8
e 90.67350 726.36403 7
e 60.32275 761.26885 8
e 175.77402 756.44300 8
e 118.07335 736.88474 11
e 80.61271 631.79939 11
e 50.85852 859.86087 20
e 27.09769 958.82700 5
e 17.56601 738.27108 4
e 124.33801 784.60840 5
e 68.48251 571.20255 8
e 244.52436 744.09271 10
e 183.72284 647.94196 10
e 187.05844 868.38773 15
e 28.73769 644.82905 7
e 13.67275 823.92959 9
e 209.47312 665.23649 15
e 108.25156 758.78477 11
e 143.42028 621.15838 6
e 181.09788 774.51793 8
e 18.83062 572.21522 6
e 107.29310 711.84419 10
e 64.50145 930.27501 7
e 11.68200 887.94120 9
e 20.26223 600.88575 9
e 168.36150 687.48052 13
e 29.07080 764.69073 9
e 15.50416 887.14591 6
e 122.97890 841.51358 13
e 81.97706 587.80035 13
e 73.13960 576.14381 4
e 51.01077 808.90366 6
e 67.91798 545.58529 15
e 87.27208 741.44315 14
e 194.28149 518.04901 8
e 186.49186 981.77166 11
e 168.43835 844.00976 10
e 104.80200 629.80624 11
e 137.59181 590.50151 10
e 172.52109 778.10883 10
e 7.66772 608.55463 8
e 241.01310 849.91006 6
e 48.48234 663.95580 4
e 98.83342 1007.26209 8
e 104.80216 857.63139 8
e 120.52467 777.53230 5
e 202.38282 700.55253 8
e 44.02493 773.48605 7
e 125.31234 827.46704 3
e 37.77522 738.83877 5
e 25.32897 823.17179 9
e 172.42435 607.01841 11
e 86.08616 574.52447 12
e 54.10698 190.26596 6
e 18.80294 864.83092 7
e 18.52887 588.98457 6
e 183.70161 920.81865 12
e 113.68909 805.96481 7
e 199.79726 863.49064 10
e 81.72737 690.77173 9
e 84.74857 663.72630 5
e 90.21396 564.48187 17
e 94.58599 836.39613 10
e 268.36867 743.40097 11
e 228.15373 592.35789 9
e 11.09625 803.99092 8
e 103.82587 771.59746 15
e 65.87649 488.40908 9
e 14.14190 962.58526 19
e 59.56881 832.96485 9
e 152.16997 862.37335 7
e 97.98628 594.18304 11
e 63.48462 1004.69437 10
e 143.33665 762.02545 7
e 30.60205 497.86403 13
e 118.49943 629.08097 12
e 277.96618 838.47700 16
e 2.61205 952.03252 8
e 30.21056 777.58415 9
e 90.94598 613.22623 7
e 130.99493 496.49749 13
e 80.63542 751.79028 5
e 72.00163 547.28625 8
e 34.62602 469.29617 7
e 80.89395 719.77063 10
e 192.91821 634.56254 7
e 96.90337 796.63769 11
e 26.27341 745.50270 9
e 10.43784 1028.15819 9
e 112.13935 834.23452 7
e 51.46888 611.01107 9
e 53.74255 875.62227 13
e 271.56068 805.94637 7
e 45.46072 853.33082 9
e 112.08469 1016.95920 13
e 148.26217 839.71185 10
e 167.35049 557.52748 11
e 234.71789 888.29922 10
e 111.66021 495.29084 10
e 200.36914 826.20024 7
e 142.27396 572.55569 6
e 55.70002 775.81864 11
e 227.43777 721.64492 8
e 96.20654 1006.83571 14
e 84.62485 631.30407 6
e 144.89476 1041.08726 9
e 30.92801 446.90920 5
e 81.99801 716.03065 6
e 96.60059 773.69617 12
e 7.85237 782.81637 6
e 82.24724 942.84283 12
e 31.69839 834.75170 7
e 31.55597 470.84901 6
e 11.49856 497.36813 11
e 51.06418 470.47621 11
e 109.95420 845.14189 10
e 217.29010 839.32513 4
e 68.36624 650.70319 8
e 97.62077 998.58706 6
e 3.38569 675.87458 7
e 198.39343 742.49102 11
e 130.47372 770.98230 9
e 34.23072 767.12865 5
e 29.56674 686.36441 9
e 58.92664 894.78988 8
e 225.94909 723.92532 8
e 115.51668 661.87020 7
e 44.47301 1006.90082 13
e 125.16789 798.23536 13
e 32.42291 465.95634 6
e 23.11073 657.78664 13
e 215.41559 759.36175 11
e 18.71334 702.75568 10
e 38.24673 785.66965 4
e 96.80482 601.60800 8
e 100.90905 917.12008 7
e 23.70436 572.17647 14
e 130.69363 593.07185 11
e 119.40935 586.55318 5
e 6.13377 504.58709 8
e 109.05837 811.68360 9
e 72.98518 686.06018 6
e 227.99735 783.72270 9
e 317.79196 540.64848 6
e 21.37183 789.96204 9
e 225.25362 621.26190 9
e 137.57979 603.14295 9
e 22.78295 847.35333 12
e 112.09056 799.03401 9
e 11.52987 754.56800 7
e 105.54081 703.79192 10
e 84.69575 783.11156 12
e 29.21566 841.66418 6
e 100.42303 661.89213 8
e 145.32623 635.91210 11
e 36.71645 602.49092 7
e 54.58689 776.27085 10
e 122.85824 817.24095 6
e 113.86498 766.69651 10
e 49.71529 808.42885 8
e 67.85177 1060.54692 7
e 87.10222 941.61015 14
e 20.42875 757.84310 10
e 30.75398 714.11111 9
e 110.83633 636.15301 9
e 204.49969 812.71595 8
e 11.67811 666.21739 11
e 92.04320 737.61591 11
e 194.48186 898.53230 11
e 105.66477 412.60566 12
e 32.70232 811.90614 6
e 154.27502 602.82153 2
e 27.83904 661.35521 3
e 100.75753 406.84670 13
e 101.98041 801.52358 7
e 169.38935 506.97840 12
e 117.74498 617.88004 6
e 181.36234 466.66400 10
e 55.24906 634.71793 9
e 113.65679 807.09067 9
e 149.79129 782.21152 11
e 40.74084 561.15654 11
e 30.36361 637.06230 10
e 99.17215 716.48954 7
e 188.32318 684.09629 12
e 120.35059 1027.71765 14
e 94.12611 738.53342 9
e 137.06395 825.86211 8
e 4.36341 609.88350 5
e 156.54173 774.45209 14
e 95.10114 804.26183 8
e 168.71143 936.47421 8
e 19.16709 906.11023 7
e 95.19349 502.23864 12
e 22.03618 737.25322 7
e 169.52768 646.17697 4
e 11.72029 659.66488 8
e 130.92388 567.50137 14
e 77.56927 714.07277 16
e 8.82554 648.39720 9
e 174.56686 626.43682 6
e 81.88529 775.55886 9
e 204.85955 867.59967 6
e 86.02511 678.74334 13
e 162.60273 616.61763 5
e 35.44589 525.45699 10
e 76.18640 753.24329 17
e 10.83227 776.03954 16
e 208.28265 898.27805 17
e 54.52282 617.27396 5
e 30.68596 555.25636 7
e 100.97084 830.85828 9
e 14.68227 634.32386 11
e 196.36236 428.09642 15
e 21.52783 835.30930 8
e 106.53674 630.39685 5
e 233.04726 699.89910 10
e 37.82787 701.72656 7
e 195.17131 449.85613 7
e 28.65679 996.31183 14
e 187.50585 705.84582 12
e 98.26907 663.74615 10
e 88.26915 721.16188 9
e 10.30085 700.11131 13
e 96.24079 664.25808 6
e 50.25477 887.20697 10
e 48.83241 797.29939 4
e 137.64717 905.94720 9
e 182.26702 610.65662 6
e 48.77534 859.73438 12
e 111.59788 1052.07352 7
e 102.06638 888.94492 4
e 36.37087 934.74395 8
e 55.69061 638.87616 10
e 170.94402 641.60236 12
e 75.38955 943.40853 10
e 34.22786 680.30336 11
e 26.19809 669.41799 13
e 20.15946 351.00766 10
e 133.65696 962.56218 16
e 47.57244 777.65679 4
e 82.60438 706.39436 17
e 140.34480 573.93291 9
e 224.08932 734.38930 8
e 98.89663 769.51146 9
e 98.99048 827.07751 11
e 32.22186 970.22229 12
e 164.14859 768.46774 11
e 60.20877 661.43143 9
e 76.23463 700.86336 5
e 47.54542 1064.10281 15
e 4.84942 833.90193 11
e 153.97587 820.76579 12
e 228.79034 818.63123 6
e 256.00273 726.04930 11
e 165.54410 762.84378 8
e 92.18235 923.72348 6
e 47.40603 851.89896 13
e 100.95890 626.11748 5
e 135.36313 872.68755 10
e 117.39059 840.29679 6
e 73.21984 951.46551 5
e 223.33476 729.51131 9
e 84.38746 761.09716 6
e 105.45167 1056.94327 11
e 8.04214 842.43066 11
e 29.85993 842.80651 14
e 212.63181 572.57472 7
e 41.15671 775.41800 11
e 27.51530 607.41396 7
e 162.51276 926.26663 14
e 35.22511 962.27638 9
e 125.23154 641.92651 15
e 66.20694 983.47356 6
e 6.72036 824.37830 13
e 96.89422 936.08002 15
e 93.00010 526.26927 7
e 25.14564 488.17094 9
e 69.90593 839.42681 9
e 14.43202 791.34225 8
e 15.74861 939.45673 10
e 69.85787 793.05878 7
e 62.78056 548.25355 13
e 115.26921 774.83230 9
e 11.17653 518.50281 13
e 68.62017 695.85218 5
e 0.47372 765.81901 4
e 0.38313 745.90261 5
e 165.44794 994.02696 6
e 96.39834 660.20520 10
e 69.61853 855.97786 7
e 57.74743 994.13758 13
e 142.61359 546.65182 5
e 111.04623 808.49346 3
e 10.27772 995.95694 10
e 239.33891 666.43228 11
e 78.78300 795.39337 13
e 35.60190 571.89135 8
e 208.42003 585.35007 13
e 88.18099 558.74953 11
e 32.56311 786.62887 12
e 110.34576 931.57196 10
e 2.20061 772.77102 10
e 39.62398 709.25125 13
e 207.95971 970.89852 8
e 40.28779 496.85491 11
e 118.66447 645.12530 10
e 185.32769 951.31084 10
e 80.87029 862.10081 7
e 199.26394 637.55237 18
e 134.68769 567.01693 7
e 74.08600 788.86938 7
e 5.64424 1031.74104 9
e 39.21047 756.92220 7
e 164.18343 814.42379 11
e 105.17922 624.83841 7
e 123.88277 829.54409 8
e 96.28615 780.93719 12
e 26.44227 705.18104 8
e 32.60439 809.79513 10
e 104.84252 953.08405 11
e 94.41814 616.92147 8
e 213.66193 631.80948 6
e 70.96091 728.14828 6
e 225.35592 635.84697 6
e 155.29710 1030.85248 8
e 156.38519 452.72290 11
e 146.82607 497.63502 6
e 231.79859 479.69494 11
e 78.30852 767.39320 8
e 120.84136 785.11498 9
e 46.20601 768.68812 11
e 67.52863 739.37394 13
e 107.93889 541.05518 9
e 158.49412 762.23531 8
e 131.82140 593.29233 6
e 49.68385 760.95442 8
e 120.84879 709.30348 6
e 101.13922 801.84359 9
e 197.08926 740.74574 7
e 41.40673 594.04427 7
e 23.14874 555.86643 9
e 317.77522 807.91098 12
e 298.64533 1002.92307 12
e 146.66479 663.74167 7
e 19.26157 963.02808 7
e 7.35434 810.49459 16
e 100.77290 835.93653 11
e 94.44499 389.78652 9
e 3.38826 982.66335 6
e 83.76541 949.75267 6
e 96.66702 700.22913 14
e 180.93105 840.74295 21
e 50.46147 816.81161 10
e 30.92795 695.26966 11
e 125.59228 908.22136 8
e 148.05233 983.89934 15
e 76.96634 586.39723 15
e 64.36766 942.30944 10
e 2.29831 814.26950 9
e 66.61375 462.24869 8
e 187.93399 620.96370 7
e 64.15607 737.47256 6
e 245.61905 844.84280 8
e 211.09252 964.52806 8
e 150.44392 901.57563 10
e 11.51720 756.59887 19
e 96.46907 742.68621 12
e 20.32952 784.61350 11
e 71.07637 794.07117 12
e 53.70997 892.46727 14
e 65.63592 948.51458 9
e 119.75591 765.77592 15
e 122.97476 626.42590 10
e 61.01803 595.33604 10
e 44.88156 642.76401 8
e 113.00487 650.52554 11
e 31.60012 996.33332 12
e 31.39073 835.85445 7
e 35.82300 523.72573 10
e 12.43731 905.94772 5
e 15.16739 519.18242 7
e 111.04656 684.86562 7
e 26.18068 892.70603 7
e 50.47061 857.10594 8
e 53.69746 931.54324 9
e 72.65867 711.48601 17
e 120.51111 687.21944 5
e 25.99225 799.85752 7
e 172.70173 486.95750 7
e 107.54828 875.46737 8
e 185.85527 598.19659 7
e 138.70562 1073.93772 6
e 76.39084 836.77148 7
e 10.57499 986.84843 13
e 133.11876 698.84292 10
e 162.21934 764.50304 9
e 214.29419 717.65727 7
e 128.82228 503.56749 7
e 193.46477 644.70909 6
e 98.13576 606.09205 11
e 156.48811 475.71680 7
e 58.28840 790.24544 7
e 102.33095 912.78468 7
e 27.44303 554.30917 9
e 78.29721 845.67223 14
e 20.30842 493.24808 10
e 92.00363 736.84069 13
e 92.95797 418.66138 6
e 83.22152 729.13123 8
e 72.46049 741.24057 5
e 40.48608 698.96484 11
e 68.86023 895.42906 4
e 10.75125 823.16322 13
e 63.85336 691.47933 10
e 102.46513 612.10684 9
e 159.53104 1040.56743 10
e 72.43128 462.20741 13
e 322.02381 727.92786 6
e 63.81994 916.29259 13
e 14.67911 410.49545 5
e 41.88275 868.59546 9
e 33.86827 457.84604 6
e 194.34308 846.61929 4
e 92.97427 495.56487 8
e 255.88789 531.30459 10
e 49.56606 699.00571 6
e 158.13626 785.86232 6
e 140.91652 522.58389 5
e 215.35952 687.45389 7
e 73.25507 526.52451 10
e 22.17975 637.31994 11
e 175.19955 549.44216 9
e 59.86110 541.89888 11
e 57.31150 959.43400 21
e 82.94336 739.44811 7
e 77.20439 413.58620 5
e 28.26949 769.12901 9
e 1.36557 881.16798 10
e 41.47435 756.89369 13
e 64.45890 1029.98978 9
e 110.41094 680.21970 8
e 113.63079 652.92771 6
e 51.79571 675.82351 7
e 162.63496 672.13804 9
e 162.42292 742.77985 7
e 167.07577 720.15466 7
e 71.71648 500.65971 10
e 72.70190 757.03346 14
e 116.38603 1049.17327 13
e 54.64933 607.55104 7
e 14.12826 847.75553 6
e 37.31003 570.27196 8
e 101.65795 687.43502 8
e 88.02984 798.06283 7
e 197.52739 900.99349 7
e 152.79243 835.66355 4
e 180.67054 622.37683 7
e 22.99811 872.77545 11
e 50.69452 788.52662 13
e 61.21404 854.45240 14
e 161.93936 461.58454 9
e 122.99456 820.73772 8
e 74.05143 444.76832 8
e 58.35154 884.48806 10
e 95.62227 701.40284 4
e 205.17164 899.12497 8
e 207.78973 872.89957 6
e 108.50256 708.32583 12
e 5.68829 703.43488 4
e 108.96177 518.27727 9
e 28.93069 777.30731 8
e 96.15034 757.25821 8
e 81.72922 438.59706 6
e 250.30415 846.70951 7
e 158.21250 880.25047 8
e 114.52597 619.31133 7
e 142.29315 798.23844 8
e 28.96889 924.40718 10
e 31.04792 737.93883 11
e 67.05860 921.67551 8
e 57.98892 377.33508 13
e 112.41590 707.93899 8
e 86.80993 559.81741 8
e 102.15833 626.26943 9
e 93.37749 661.52849 14
e 38.83462 1077.06836 8
e 77.51014 702.59044 7
e 50.92408 725.35096 12
e 176.36829 948.60192 11
e 212.47107 657.16248 5
e 174.12158 726.71393 11
e 167.36739 465.62929 11
e 49.38460 780.73078 12
e 135.59717 460.61015 8
e 64.08604 418.40385 5
e 116.97656 1054.81257 12
e 155.18612 524.49818 14
e 48.89902 910.49634 15
e 60.91146 1022.52270 7
e 29.52286 952.66562 7
e 140.93032 899.59860 10
e 114.33621 826.83482 8
e 195.89142 722.30996 8
e 123.88227 728.20454 11
e 151.84756 881.40977 8
e 279.30507 958.25594 13
e 222.37849 608.47680 5
e 77.19311 474.40571 12
e 93.11049 869.28567 7
e 50.52687 820.28881 8
e 88.90614 1041.08773 10
e 126.23401 447.13282 14
e 244.56560 721.15492 9
e 160.78175 672.09748 12
e 111.00893 803.03611 5
e 67.72813 853.08132 11
e 79.26475 701.75805 8
e 56.01421 721.08108 11
e 283.21258 768.58014 10
e 56.85571 550.31699 7
e 60.83555 899.56642 4
e 24.53652 951.47205 11
e 44.04357 682.08817 3
e 70.50674 816.47312 11
e 193.29311 727.61165 8
e 22.93577 893.87726 5
e 67.83993 610.97602 13
e 105.94052 711.88171 9
e 103.45913 828.90148 8
e 253.83934 859.87475 4
e 83.82632 819.02737 7
e 110.63613 594.75921 8
e 100.72618 652.23404 12
e 134.81665 857.36012 9
e 128.97410 969.23839 10
e 8.96721 408.24820 10
e 11.56239 516.44733 10
e 116.67580 495.28101 10
e 9.52147 927.35539 8
e 115.40416 806.03335 8
e 148.79794 712.40339 6
e 135.40360 687.44960 9
e 192.09479 534.67787 8
e 44.76979 893.00388 10
e 92.41268 967.14973 12
e 15.99108 640.89304 13
e 176.24885 504.35527 9
e 63.25168 934.67985 9
e 8.42988 808.90821 11
e 124.79278 789.79160 13
e 124.57817 570.45650 8
e 323.93143 769.28912 4
e 130.70570 631.29240 8
e 253.44442 837.87609 12
e 142.95877 823.23257 8
e 56.82535 660.72179 13
e 99.79839 694.65750 8
e 29.31583 648.96739 4
e 193.30307 818.99846 7
e 72.99138 852.42723 6
e 151.82965 973.91734 7
e 88.86839 816.76659 9
e 28.59942 822.60392 9
e 128.67223 378.86716 9
e 28.33508 611.02860 8
e 131.36980 843.46692 10
e 113.37796 960.72332 9
e 78.83933 771.76567 5
e 97.40491 505.78828 5
e 81.99001 870.58140 8
e 52.03226 730.41224 8
e 98.89115 689.04423 14
e 86.45224 807.82899 8
e 119.97518 938.75062 7
e 53.17350 932.71188 12
e 42.18334 753.48859 9
e 30.18460 997.28725 12
e 56.39172 769.85476 11
e 145.98606 701.82899 11
e 32.59359 587.58200 13
e 34.01191 703.82537 10
e 154.47231 598.33002 8
e 138.15952 615.82346 9
e 52.16239 431.98788 5
e 33.04684 863.64985 12
e 62.84657 812.20110 9
e 33.98774 656.59216 10
e 293.65257 549.41050 6
e 139.90027 988.93821 11
e 142.42266 673.03833 8
e 65.53245 882.78512 6
e 54.62057 769.37970 9
e 116.61606 667.50595 4
e 123.88256 945.41782 9
e 109.80172 692.95469 5
e 176.81400 867.49087 7
e 142.90790 701.68880 3
e 162.37321 721.44496 7
e 14.09485 391.49249 12
e 141.25105 348.57355 13
e 229.56910 948.15078 8
e 41.15164 821.69354 8
e 12.54227 938.37768 9
e 74.26358 662.92166 11
e 237.93151 746.70606 8
e 67.75072 578.94074 7
e 140.27466 616.88230 4
e 159.52409 724.74229 7
e 334.08524 873.83635 9
e 128.07148 882.30639 5
e 52.13184 682.10051 6
e 122.39062 761.70129 10
e 193.56573 928.62596 11
e 52.61039 657.84603 5
e 95.17283 779.77204 6
e 109.96351 794.77896 9
e 132.89486 726.24400 5
e 80.19539 1044.89354 5
e 172.51666 915.91301 12
e 12.23912 685.11584 10
e 53.16100 819.94581 9
e 143.34771 722.89785 9
e 113.74899 875.89367 12
e 20.28975 686.35938 9
e 120.11495 629.28165 8
e 254.80925 710.31058 7
e 87.48937 688.56536 11
e 43.45077 758.14416 15
e 138.19855 902.04079 8
e 46.09986 541.43243 7
e 62.16328 950.82178 10
e 96.31967 973.81861 12
e 57.71826 801.18394 10
e 73.45521 734.02054 14
e 66.97150 760.83542 9
e 31.69547 731.99953 9
e 10.29426 779.32069 8
e 189.02750 861.73098 9
e 9.39220 734.00788 4
e 121.06843 739.78661 10
e 194.44180 494.00476 7
e 158.19311 784.85252 8
e 55.67864 651.36830 11
e 108.26819 528.23044 7
e 116.34282 789.15270 10
e 83.04805 819.52141 13
e 115.20342 460.10230 7
e 98.50997 419.77625 7
e 265.83108 1071.80708 10
e 203.07441 694.57738 12
e 6.36548 597.57464 13
e 29.33158 687.10168 13
e 274.77039 699.66892 16
e 161.09182 855.66535 8
e 122.96408 779.44978 8
e 47.01885 566.84768 11
e 12.81599 663.54574 7
e 190.73505 775.82224 12
e 168.18552 544.57295 10
e 142.20932 901.38755 13
e 66.63840 633.92749 7
e 68.55598 561.53916 7
e 0.77725 702.21193 13
e 29.13290 908.24878 9
e 122.93604 821.44176 10
e 180.95581 650.54662 13
e 6.65547 725.59234 11
e 29.21096 690.50074 9
e 52.04330 666.32958 12
e 147.06005 915.49128 6
e 69.93784 694.46413 8
e 219.17762 1078.59045 7
e 156.55056 500.75400 6
e 63.22181 941.43716 9
e 121.58377 934.59470 12
e 145.26675 802.29674 11
e 59.50768 510.36448 5
e 30.86317 401.48960 11
e 31.43920 692.99866 5
e 84.18268 612.11865 7
e 81.24594 718.20613 12
e 31.35467 625.14478 12
e 64.88133 536.87623 12
e 58.40126 729.79124 5
e 48.81053 1000.66677 14
e 50.85956 764.89474 9
e 240.99124 1062.44530 12
e 247.36242 599.08352 3
e 89.93436 723.90231 10
e 42.88698 586.31940 14
e 136.49812 741.69002 5
e 232.11533 651.28080 4
e 298.13706 771.15648 5
e 166.97047 876.63321 12
e 135.43022 832.85685 9
e 117.11767 946.56493 14
e 102.76442 1034.71220 10
e 46.91344 745.18547 13
e 3.28467 917.81721 11
e 150.97414 859.23455 8
e 66.70600 858.72130 10
e 40.27117 592.47708 10
e 56.64990 1012.47472 10
e 105.46479 686.07233 8
e 197.63932 656.58757 10
e 196.09223 790.67618 9
e 67.63182 857.47373 9
e 18.28515 578.58131 15
e 115.26249 968.39661 8
e 101.48868 561.43392 8
e 105.67233 857.74116 8
e 162.07452 744.56126 9
e 132.40522 985.95683 9
e 90.78967 898.13966 5
e 300.69014 520.11703 13
e 158.46948 539.68889 9
e 22.93664 705.64545 11
e 163.96340 669.32628 9
e 143.82981 838.27867 13
e 12.70964 1011.31770 6
e 20.65770 837.43241 6
e 48.50007 779.92315 7
e 138.78948 618.22099 8
e 50.59762 848.70958 9
e 147.82338 943.66993 9
e 25.27752 618.90139 6
e 207.95744 751.16628 14
e 132.70213 880.76896 7
e 85.80165 986.77074 5
e 55.79178 651.63207 9
e 117.52610 580.91393 16
e 4.82467 656.40170 5
e 141.87930 611.06694 6
e 80.71840 642.97812 13
e 124.49310 803.16988 17
e 80.74055 607.05640 7
e 64.18296 676.99460 9
e 68.86673 365.32075 8
e 111.02146 529.25968 11
e 130.58141 477.31259 8
e 124.30156 591.98576 14
e 69.32970 728.11458 20
e 123.94565 698.61998 11
e 24.42433 684.75559 10
e 99.21199 557.62379 15
e 19.48647 684.12669 7
e 84.54069 842.56689 10
e 23.84353 602.40391 8
e 139.72214 877.71971 4
e 3.31259 715.81786 6
e 16.48143 591.43301 13
e 56.42453 819.80822 8
e 65.37460 587.20408 9
e 66.14600 949.20101 11
e 63.16792 554.17546 8
e 41.16473 903.27683 5
e 64.11097 940.62980 10
e 158.50068 670.15049 7
e 58.94946 902.46290 4
e 74.57218 927.44522 7
e 99.97759 781.91626 8
e 188.34916 1001.89175 4
e 1.61115 909.51716 11
e 1.63175 491.49482 8
e 22.36268 840.44898 5
e 33.93560 443.91877 13
e 97.04660 810.23558 9
e 62.34820 848.28872 6
e 9.58509 623.90270 15
e 219.89270 731.14385 9
e 152.93859 513.04532 10
e 117.27714 741.70637 9
e 102.19640 837.79978 6
e 96.34929 739.42947 9
e 134.13862 735.96142 7
e 201.03035 909.48020 8
e 47.42382 888.14398 10
e 103.71776 945.92074 4
e 59.07364 681.02938 6
e 154.21382 857.24955 7
e 70.82242 690.29666 6
e 242.20963 759.87935 10
e 15.45893 700.43810 7
e 3.86198 660.64637 7
e 86.14463 910.44127 7
e 109.06463 532.54104 5
e 151.85314 1012.93815 8
e 232.38088 913.52759 10
e 174.14375 792.43882 9
e 88.51395 721.38263 5
e 42.74099 496.76740 13
e 203.28823 950.19162 15
e 158.62405 695.26840 13
e 86.99325 893.92271 8
e 124.13275 759.50407 9
e 172.23525 959.69437 12
e 44.44648 827.54448 10
e 42.56223 519.04265 8
e 53.04489 811.86478 9
e 146.79230 783.65149 10
e 304.14068 738.14521 10
e 70.46294 512.50225 13
e 125.71110 931.24695 17
e 161.86628 673.98412 12
e 176.54045 891.31330 8
e 55.29316 667.42785 14
e 161.38258 720.65860 8
e 65.22369 1007.92062 5
e 186.72635 511.93437 10
e 18.30096 652.59331 8
e 64.72375 964.70643 11
e 85.73149 662.17602 12
e 103.75234 400.40115 11
e 116.98234 742.72047 13
e 154.16117 608.54073 6
e 109.27323 660.98894 8
e 198.03978 679.35589 9
e 104.46091 713.92095 7
e 170.92535 724.02808 6
e 32.73233 424.15269 8
e 38.45097 828.91845 14
e 32.08766 673.94528 13
e 130.88860 699.79689 6
e 36.30228 570.46613 8
e 151.14519 815.47671 9
e 73.04622 789.81554 8
e 78.40796 906.55216 13
e 61.83950 863.71258 12
e 34.15491 707.87090 9
e 122.70363 708.01155 7
e 115.45128 851.45068 6
e 12.02131 474.54129 7
e 30.34107 559.75456 15
e 222.36335 680.46271 7
e 39.61450 471.41301 4
e 67.90640 586.91525 17
e 40.35886 963.58310 14
e 84.86398 647.16378 14
e 165.33142 757.93925 18
e 154.56660 773.79523 7
e 127.16588 610.68237 7
e 6.83468 667.91792 6
e 24.18713 788.64144 14
e 39.56454 566.32268 11
e 75.78054 840.83861 6
e 270.94970 785.88134 9
e 22.14646 727.48796 8
e 119.67147 720.18032 6
e 102.31392 763.77830 8
e 76.73271 783.25162 12
e 208.41190 722.70142 10
e 17.17916 462.56868 8
e 2.56542 624.17019 7
e 56.36751 842.25368 10
e 187.25360 1005.94169 7
e 84.29789 398.24851 4
e 57.82624 524.51859 15
e 36.18780 627.54696 11
e 6.65796 724.60715 14
e 88.20132 718.42172 9
e 74.61057 523.90031 8
e 49.32686 940.20114 9
e 256.00029 361.97942 9
e 78.32265 741.95429 6
e 22.46627 732.15167 10
e 41.43890 997.39403 10
e 21.31213 819.09776 10
e 57.28383 781.46698 9
e 45.66290 753.46480 6
e 2.36063 620.61915 6
e 200.44162 514.53557 5
e 185.20429 483.73411 12
e 199.13740 856.49840 10
e 36.49552 947.00298 11
e 124.40178 634.80962 7
e 55.33121 689.70368 8
e 111.39131 692.36400 8
e 53.52625 878.85568 6
e 177.19385 560.75689 10
e 170.13915 428.96821 10
e 244.79586 759.10471 8
e 115.70623 1070.29431 11
e 79.91451 632.42811 12
e 24.27599 728.26736 8
e 88.30246 704.21477 6
e 13.65949 792.23448 7
e 16.62788 697.39017 12
e 201.98328 955.78235 11
e 98.74045 666.08837 10
e 144.19394 866.91757 8
e 102.97353 768.16171 14
e 124.11273 755.55923 7
e 256.04118 673.06808 8
e 86.79387 937.46460 7
e 25.21973 821.72314 9
e 135.22429 699.27041 9
e 140.19564 775.29151 15
e 35.64987 754.09242 6
e 103.95732 854.80275 9
e 16.54555 578.24772 10
e 140.64685 921.78965 13
e 1.91121 536.28695 10
e 110.62056 829.95566 15
e 141.03419 820.11123 9
e 185.40241 467.35791 8
e 126.65122 577.57359 12
e 30.85591 699.35601 11
e 120.52756 602.79674 9
e 156.06574 571.28803 11
e 142.75377 518.63452 9
e 43.02478 598.89152 8
e 120.17704 689.12018 13
e 103.90348 877.45448 8
e 46.84136 725.46396 9
e 147.98181 681.56318 12
e 166.14742 853.03979 8
e 1.10728 826.93631 12
e 178.74794 669.28251 9
e 65.11655 814.20795 8
e 74.29996 989.53213 7
e 392.81425 687.93693 14
e 118.52292 460.89019 11
e 61.14813 580.17605 9
e 27.35135 727.72484 11
e 221.42063 767.90281 10
e 107.99010 705.67663 9
e 65.64793 916.38858 11
e 172.20163 694.52176 9
e 41.00365 812.17573 5
e 131.90826 505.69516 9
e 112.19992 662.63081 10
e 97.21807 461.38356 8
e 210.10396 861.45177 13
e 16.67405 647.80789 7
e 146.75378 630.81129 9
e 39.29114 476.60722 9
e 145.48238 671.63818 10
e 93.50540 564.37939 16
e 51.89858 656.46990 9
e 36.03546 794.71590 11
e 87.63764 448.01751 5
e 165.98781 643.09330 11
e 155.46449 848.72532 10
e 195.81613 1015.71582 10
e 18.46906 786.10703 11
e 122.93526 735.76139 11
e 121.69876 919.66748 7
e 48.55165 775.73058 6
e 46.32082 585.77202 8
e 311.98531 765.78389 4
e 111.87331 645.85413 3
e 18.78572 566.11446 6
e 51.29698 849.72601 6
e 4.28682 623.82466 9
e 47.00791 761.85924 8
e 85.25207 716.06983 6
e 108.58090 642.08258 10
e 22.99828 623.01520 14
e 119.24233 663.64918 6
e 127.79262 721.69820 3
e 130.78749 633.28063 8
e 94.04699 483.71113 9
e 69.67070 752.75369 10
e 133.70637 735.75230 10
e 109.50723 799.09257 9
e 158.01704 562.23545 12
e 33.84825 740.68317 14
e 75.48185 683.65760 10
e 13.89835 1029.43360 8
e 124.53835 806.83495 8
e 24.26979 697.07419 4
e 200.24872 496.09325 5
e 5.20541 643.22858 14
e 30.96276 674.03526 9
e 7.06563 590.62092 7
e 191.50437 810.37201 7
e 251.30241 894.73124 8
e 38.00537 778.44343 8
e 128.86028 429.20994 11
e 220.67746 648.19617 11
e 105.32567 604.00487 14
e 67.85357 1032.16537 13
e 161.84307 688.27400 7
e 13.01058 871.31515 6
e 85.20929 751.92564 8
e 88.02534 829.36810 8
e 79.50062 731.54633 8
e 131.68319 766.46535 10
e 53.63122 531.02130 10
e 47.98690 684.01764 7
e 88.49936 942.32901 6
e 42.64441 364.75586 12
e 25.39830 661.55854 7
e 70.74333 658.35360 10
e 119.46790 352.37917 5
e 112.60352 811.87053 12
e 100.37607 710.72421 5
e 50.89818 554.66967 8
e 98.53591 723.70334 6
e 9.90333 941.49578 11
e 58.19696 723.76335 7
e 27.55519 809.30609 4
e 44.21187 546.00943 5
e 121.05941 561.90060 8
e 94.37906 864.71123 10
e 46.09447 762.88723 7
e 56.70121 597.92846 9
e 183.23333 536.47456 9
e 115.60244 809.30167 10
e 51.78439 746.59168 7
e 32.60748 1033.79394 6
e 46.52193 884.03543 6
e 103.14185 396.28591 17
e 45.21275 725.39560 10
e 87.70154 924.62036 8
e 130.58049 440.34711 7
e 145.83635 706.92612 12
e 28.51440 660.79981 16
e 135.34792 897.35647 8
e 96.80693 570.60538 4
e 97.48463 772.04995 7
e 0.70528 712.65973 7
e 24.43472 757.48981 7
e 82.95998 490.68397 7
e 62.38527 1048.11446 10
e 73.06101 931.95166 9
e 101.70151 596.34571 9
e 95.24016 448.01449 12
e 57.06456 659.59420 10
e 281.61871 823.56153 9
e 133.69531 864.67137 8
e 108.40324 816.70259 12
e 87.62193 725.60078 4
e 262.85030 584.51091 9
e 15.59586 606.46426 5
e 144.41469 641.51704 12
e 237.57502 569.11231 7
e 10.65819 946.76929 7
e 39.93554 722.24807 8
e 163.09144 666.25503 7
e 127.84600 636.40476 5
e 93.59803 958.97181 7
e 63.91541 921.04601 11
e 116.05259 552.65500 15
e 97.56787 488.92922 6
e 166.63412 536.90011 13
e 65.66483 598.94799 14
e 156.08483 436.01954 8
e 177.36936 679.41042 14
e 72.48668 740.98865 8
e 68.56993 820.11238 7
e 41.37152 776.35990 11
e 97.90917 710.80581 10
e 63.76369 961.97126 11
e 99.24640 607.01106 7
e 83.73520 538.64611 10
e 45.57284 705.94419 10
e 131.00903 657.13205 8
e 157.13068 566.27200 7
e 148.22740 909.92270 14
e 56.32784 937.09872 9
e 34.50854 720.20284 11
e 25.93288 818.31766 7
e 212.59686 688.08622 7
e 53.16919 794.15063 8
e 165.65435 799.92191 8
e 50.43810 759.08033 7
e 130.36291 622.66086 7
e 58.87916 609.74595 8
e 13.68169 546.46733 7
e 287.90679 1032.94073 10
e 155.59735 789.14015 7
e 144.29872 522.45850 9
e 146.23553 728.96205 7
e 11.70045 662.72052 10
e 95.87783 742.74642 10
e 41.24497 659.70822 8
e 135.32874 920.65764 12
e 58.58367 721.50231 10
e 152.00950 795.21949 8
e 27.82724 598.37563 5
e 138.75977 801.35349 5
e 131.34254 980.47807 6
e 35.79879 927.82488 11
e 161.76653 601.22364 12
e 22.80338 311.28704 13
e 22.31147 992.07561 11
e 69.82637 789.66837 8
e 173.27939 726.50888 7
e 61.82034 707.88573 7
e 35.39368 615.95627 8
e 147.53725 682.97571 6
e 61.05926 626.84647 10
e 158.61578 661.89943 9
e 47.23617 624.35091 11
e 65.59225 710.31082 15
e 45.41010 959.32935 5
e 12.18409 667.97586 8
e 15.46728 855.72712 7
e 159.05901 664.78866 9
e 118.03369 949.29281 7
e 19.78563 759.86091 3
e 81.70973 449.90639 12
e 219.66155 685.55191 7
e 134.11175 695.68383 11
e 194.62913 556.08736 15
e 225.86434 875.96183 10
e 160.78434 461.37111 4
e 92.08120 484.40043 16
e 25.95652 757.57401 9
e 222.64748 379.79109 9
e 156.14649 525.14812 14
e 120.34953 816.59628 7
e 162.58353 872.29756 13
e 136.89770 870.26681 10
e 184.29151 530.42753 11
e 135.82855 756.50923 6
e 22.15098 597.75683 9
e 215.18920 882.46502 7
e 116.27197 668.32456 12
e 86.40919 828.36940 9
e 112.69223 535.26182 9
e 59.30896 517.85292 9
e 144.27334 672.76228 6
e 149.90051 648.18096 8
e 244.39042 887.96731 9
e 115.40330 1016.88015 16
e 346.69431 771.39325 13
e 194.14797 649.49775 12
e 56.96210 571.82363 12
e 73.91515 553.23693 9
e 249.90185 724.27766 10
e 34.75120 698.95410 9
e 45.86818 585.37493 12
e 44.47403 930.47107 9
e 85.68439 527.90220 3
e 10.74979 847.71818 5
e 275.55434 731.00206 8
e 64.86070 715.94225 9
e 66.54657 948.85855 8
e 73.44412 629.01145 12
e 218.45149 517.04266 9
e 64.50604 813.57759 9
e 81.59385 983.94203 8
e 144.35749 794.38222 12
e 280.57470 573.03164 8
e 142.75447 1054.75889 9
e 204.15883 779.07276 5
e 89.21427 921.64050 10
e 89.93082 548.33790 7
e 6.44280 657.58578 5
e 135.78041 635.47534 8
e 167.26059 673.69587 9
e 12.10569 800.32996 14
e 89.49479 749.39389 15
e 73.24740 766.60851 9
e 143.42346 597.91974 7
e 120.71750 426.78406 9
e 101.89722 572.44490 11
e 58.21048 784.67779 11
e 87.74305 974.82857 11
e 84.60425 572.62975 10
e 1.22600 759.84573 9
e 51.21615 787.46337 8
e 19.69088 577.94486 8
e 233.05446 603.95743 3
e 187.89256 746.05410 9
e 130.88154 806.29084 11
e 228.79739 564.81027 9
e 84.51345 1057.93015 10
e 65.77772 667.14913 4
e 65.97275 717.15317 6
e 175.78879 979.60713 7
e 54.64198 601.35060 6
e 31.91743 832.25797 12
e 102.72799 786.59155 12
e 174.67627 596.23636 8
e 54.85409 629.04646 8
e 129.87761 606.74664 11
e 218.17632 645.93692 5
e 31.84474 566.40211 12
e 159.56640 1005.92901 8
e 93.82053 631.84334 6
e 182.89170 647.07899 14
e 151.75413 807.27930 10
e 298.44312 904.04529 9
e 19.06941 883.88177 6
e 139.20320 937.81683 9
e 99.44572 796.77268 13
e 4.44485 702.64501 12
e 22.29365 852.04758 7
e 162.36744 573.37414 11
e 62.51445 414.35443 8
e 37.24901 615.34003 7
e 85.81120 921.69558 8
e 280.21531 370.30520 10
e 108.51809 511.79023 15
e 67.13702 718.79607 11
e 8.58622 802.94676 8
e 31.97083 599.10028 10
e 39.16258 506.25897 9
e 313.53712 568.19245 11
e 126.28043 710.90737 8
e 58.84291 729.47137 9
e 21.44907 565.31973 7
e 2.57930 535.71443 9
e 122.82786 688.37658 11
e 29.60411 777.91718 8
e 22.41445 488.93619 9
e 99.64312 695.69927 6
e 87.13885 1019.38868 10
e 203.16951 811.26269 13
e 158.06496 712.24104 9
e 5.87337 751.49952 9
e 139.01779 626.64456 7
e 32.57795 592.84334 3
e 91.11016 582.08862 7
e 174.57512 1043.99607 11
e 9.72096 521.22191 14
e 62.60023 839.99252 19
e 212.59236 849.45853 6
e 79.49897 569.05602 13
e 146.80988 976.84461 16
e 1.83029 795.52756 10
e 195.85560 703.43736 11
e 85.19051 795.38336 9
e 89.07190 856.75419 14
e 171.37617 538.30835 6
e 80.86639 897.80272 11
e 23.13495 782.85924 8
e 137.99610 698.29034 9
e 15.63193 664.73472 5
e 13.96389 707.00559 8
e 84.66681 731.38067 6
e 192.89463 903.59549 9
e 15.17435 465.12663 6
e 14.05656 808.07353 10
e 21.40540 617.87953 10
e 39.59349 681.67043 8
e 211.70677 710.12592 8
e 52.32691 448.84470 6
e 183.65819 570.63537 5
e 48.40524 622.21208 11
e 67.91609 836.55849 7
e 60.69209 660.15915 9
e 240.68077 817.41111 9
e 42.79553 594.49935 8
e 76.56129 810.19836 7
e 184.87494 768.85265 9
e 199.71716 786.94167 9
e 81.28014 1032.76302 15
e 76.58367 742.31800 12
e 24.26463 675.91829 5
e 126.92828 943.63445 9
e 98.59531 877.01432 7
e 89.42149 703.43242 6
e 60.92161 942.50438 8
e 38.09940 740.37697 9
e 138.36098 799.13180 9
e 217.56260 785.44059 11
e 49.90367 588.55154 7
e 57.26219 575.58464 7
e 138.45587 675.13239 9
e 175.22501 772.11152 9
e 2.94145 788.36438 11
e 116.06756 588.40431 20
e 19.38065 662.04295 8
e 10.92461 848.93058 7
e 47.37729 495.15417 10
e 200.84030 913.48381 13
e 108.48458 701.38682 11
e 50.35601 702.93535 12
e 38.88642 931.55060 7
e 105.31106 874.26835 10
e 61.32077 840.15358 10
e 2.66620 733.69190 13
e 71.91766 928.31028 12
e 42.65965 733.35326 9
e 214.80360 853.46891 7
e 92.68178 808.27103 11
e 312.57667 805.82290 10
e 50.45280 751.82251 7
e 17.37809 731.44824 7
e 170.76459 750.70727 11
e 161.75280 759.98566 8
e 62.18259 671.06515 8
e 41.12114 817.79437 9
e 249.60118 606.31480 11
e 127.59269 967.11988 8
e 62.20628 815.26957 10
e 12.57363 953.54867 7
e 192.13756 604.17080 9
e 106.84232 696.72134 7
e 221.47217 716.02637 9
e 59.39754 544.35890 6
e 26.40116 471.20403 6
e 43.26910 821.63810 13
e 23.35889 811.32644 15
e 85.73519 804.20370 10
e 74.32166 702.66072 4
e 226.01813 894.79366 10
e 151.54012 698.49222 7
e 3.42109 961.97977 10
e 81.19950 692.01880 15
e 14.03847 928.74292 10
e 95.16118 670.22681 10
e 90.74951 735.52970 7
e 39.73021 769.22430 10
e 97.81957 672.85985 8
e 96.99927 636.96298 4
e 2.64898 676.05900 13
e 75.56946 659.07708 10
e 20.23414 507.01285 13
e 6.05089 998.70231 8
e 74.51855 528.50086 9
e 56.54293 751.03000 13
e 94.70826 675.94832 4
e 59.07912 1045.23487 4
e 282.45483 620.46333 16
e 69.59576 693.39029 9
e 23.56202 887.86299 8
e 49.01978 551.43241 6
e 149.25530 664.07046 6
e 173.46281 885.63633 14
e 64.82226 679.58172 9
e 20.81762 789.14795 9
e 111.01444 577.24002 11
e 78.33044 705.84241 6
e 164.07568 898.84488 10
e 142.29471 992.08779 15
e 192.50771 561.03036 11
e 2.04452 655.40458 13
e 32.81636 796.05671 15
e 96.58413 928.59877 10
e 257.17174 758.59388 9
e 36.47268 782.42521 11
e 61.84213 867.65284 13
e 169.79633 981.77679 8
e 7.21477 706.19461 6
e 55.22034 611.50969 13
e 23.07651 618.69080 12
e 95.54868 637.56652 13
e 139.39799 536.38158 16
e 34.38257 633.74648 13
e 173.27281 809.24825 14
e 117.99244 909.80840 7
e 107.11312 496.38058 7
e 107.53350 534.78841 9
e 119.30540 818.38091 16
e 128.18529 815.30142 16
e 49.96736 1022.19984 10
e 22.72969 655.43482 11
e 98.51053 997.21526 11
e 49.78436 809.89779 5
e 28.95323 701.75842 15
e 70.19848 806.62554 10
e 55.62378 854.74318 8
e 53.01491 965.37956 11
e 70.64176 759.64007 12
e 31.40464 858.21520 10
e 184.50005 991.83914 12
e 101.35355 567.12356 10
e 89.48647 594.45820 11
e 58.50313 826.93381 9
e 138.26953 677.02746 10
e 54.81343 420.37177 12
e 36.70800 642.04962 13
e 122.03050 986.58328 6
e 97.44214 927.29146 7
e 75.92027 964.13875 7
e 90.36647 899.23112 15
e 112.94662 964.19561 7
e 154.17025 625.28372 8
e 35.38129 890.27978 11
e 147.59204 864.08854 9
e 204.58500 610.11681 6
e 205.36841 457.21711 5
e 172.65578 980.48283 12
e 109.81405 824.54592 3
e 67.69828 745.34538 7
e 128.49422 617.01038 7
e 123.77523 481.79243 10
e 152.82810 662.19727 14
e 46.48578 705.82994 5
e 63.36182 1020.19315 9
e 313.64654 696.14717 7
e 121.97614 840.38327 9
e 53.48236 806.77204 4
e 19.25405 733.80935 9
e 59.14169 894.46224 13
e 51.22005 503.98590 6
e 237.29190 686.91778 7
e 61.64604 463.32941 12
e 66.35994 557.46844 6
e 18.38914 737.47387 16
e 55.37594 811.46623 7
e 175.13406 511.62361 8
e 52.30270 736.43896 8
e 195.11363 420.33503 11
e 70.17194 722.91327 10
e 60.11323 1062.94001 8
e 148.07091 393.59689 10
e 83.82683 563.41995 4
e 76.94376 963.23646 10
e 122.16554 624.69071 10
e 22.92724 807.05703 6
e 97.16479 814.44633 4
e 10.49684 733.33901 10
e 26.49385 780.25718 5
e 143.98141 652.59463 7
e 112.82619 929.49597 9
e 384.22552 972.23411 4
e 87.04418 780.72544 10
e 127.78630 775.30363 10
e 184.59169 739.07064 14
e 147.92903 767.68103 8
e 22.47548 763.33326 15
e 98.80066 909.34308 12
e 166.33867 649.69054 12
e 131.54227 878.18824 7
e 145.62173 808.18324 8
e 73.62424 689.77798 7
e 157.90170 596.45654 9
e 180.90600 370.91613 7
e 64.22689 599.18808 6
e 76.84887 905.66811 11
e 210.54236 826.63800 9
e 302.39994 775.17108 6
e 82.58716 900.84145 9
e 132.27003 742.89899 6
e 140.91252 640.71760 9
e 115.80358 814.16535 5
e 22.25722 673.87090 15
e 36.28335 451.69871 7
e 12.01865 554.81900 5
e 47.28528 1032.34660 8
e 122.41086 705.89290 6
e 49.45910 873.15028 12
e 72.65008 690.58315 8
e 152.91395 739.47144 10
e 67.69885 913.27151 15
e 114.58345 648.80737 11
e 200.15937 856.23407 10
e 108.84340 495.31402 10
e 113.46057 790.59336 11
e 57.46556 631.41832 11
e 56.29652 896.84427 11
e 41.46776 355.31801 10
e 15.25082 847.86253 6
e 10.29772 1001.98495 11
e 48.63565 663.14589 5
e 110.53552 696.78668 12
e 115.69721 992.52538 9
e 223.27116 799.15992 8
e 43.37440 592.70143 6
e 66.46189 633.89772 11
e 67.10007 786.93005 10
e 275.92689 349.37355 9
e 274.54414 733.44873 7
e 157.76994 466.82985 8
e 100.64413 773.02996 8
e 67.61530 394.56830 7
e 93.89123 556.72553 12
e 28.60322 950.14982 6
e 136.22429 850.73990 8
e 84.11873 481.52388 8
e 308.08848 632.79848 12
e 91.26172 878.37639 8
e 33.52868 537.64568 6
e 46.10656 566.88003 8
e 58.65749 958.30556 12
e 121.75362 992.98676 10
e 171.07335 562.91148 8
e 129.69549 745.33367 9
e 11.51724 913.80291 10
e 50.59113 802.87875 9
e 91.22215 584.23539 14
e 178.07590 555.60220 5
e 103.38808 818.73753 7
e 197.61856 821.19281 13
e 175.28620 905.34808 13
e 59.51717 574.71986 7
e 10.93636 706.91046 9
e 170.17088 842.96212 9
e 35.75494 390.29325 13
e 86.61103 817.91792 12
e 65.63068 628.61542 9
e 144.47965 772.24748 7
e 96.46539 714.68113 10
e 67.43751 1024.26040 10
e 139.54644 857.31203 8
e 39.94914 799.74994 10
e 77.10035 624.37879 11
e 117.59900 769.62324 12
e 57.68758 726.40548 12
e 73.68454 712.75334 7
e 280.83708 897.62837 15
e 17.79741 508.09547 8
e 83.19015 665.28021 6
e 180.59656 781.35146 16
e 97.25848 705.78290 12
e 155.95719 831.49666 9
e 106.62622 540.87379 9
e 89.49940 594.35788 11
e 50.28183 601.37740 12
e 44.81587 1017.76911 7
e 68.62617 1022.71388 8
e 203.02134 589.51952 8
e 141.24599 778.62266 9
e 161.88107 717.77009 5
e 109.58425 757.92315 10
e 103.39432 669.94578 8
e 98.57585 768.58244 9
e 94.24690 618.56605 11
e 181.47103 758.64467 8
e 160.88625 807.00289 12
e 183.19248 729.69172 17
e 78.65081 577.05613 8
e 23.66920 819.84498 7
e 31.08561 550.93738 4
e 152.09442 696.43293 8
e 82.48849 451.92090 12
e 185.55105 666.93640 12
e 93.49376 911.31204 7
e 122.82573 732.03748 6
e 42.59304 984.32277 9
e 30.64818 644.07494 5
e 108.99473 859.38972 9
e 125.73582 659.22136 14
e 72.56739 554.54033 9
e 22.71643 699.48477 5
e 63.75863 704.85366 7
e 15.91750 851.82233 12
e 136.66235 605.34177 7
e 202.41891 1008.99209 14
e 159.36270 1002.08472 11
e 75.71177 690.76352 15
e 5.81830 956.14242 12
e 4.61210 959.84119 5
e 182.35122 459.04241 6
e 2.55209 864.52728 10
e 87.44135 727.14566 11
e 51.42123 842.86257 8
e 132.15930 654.02424 14
e 125.35069 657.88049 13
e 113.68227 563.42227 9
e 3.03971 707.51050 8
e 30.25411 920.89970 9
e 41.70604 455.77272 10
e 183.34973 1054.44467 4
e 133.05493 481.74151 6
e 76.43494 566.45349 10
e 174.64161 737.74820 9
e 34.23105 808.57722 9
e 33.23053 759.04440 7
e 66.91946 686.00206 12
e 28.27808 529.19208 17
e 94.43191 774.32920 13
e 119.18882 431.26971 8
e 83.32311 789.94090 8
e 20.79266 839.49997 12
e 180.65561 853.64314 9
e 146.98841 676.83837 7
e 104.42241 621.63743 4
e 87.32772 446.43514 9
e 49.32871 690.56810 9
e 111.84421 431.70175 5
e 131.79604 680.99458 7
e 26.72723 838.11108 6
e 88.75299 662.45269 9
e 240.67970 621.57922 7
e 122.79076 717.20564 12
e 154.57920 986.24419 4
e 149.74844 764.73606 9
e 103.07998 670.55580 10
e 61.05826 668.86483 7
e 116.25422 889.71948 10
e 83.31280 443.48201 10
e 75.67181 689.24956 8
e 52.62067 959.36731 9
e 35.75874 764.76303 7
e 12.48958 518.57514 12
e 24.32727 799.19875 10
e 84.38711 805.37239 11
e 29.07779 809.39876 8
e 113.31475 849.45604 8
e 100.66274 310.44489 10
e 50.47669 841.43099 9
e 77.98366 898.67551 7
e 19.10885 1020.80384 5
e 76.46352 787.30152 19
e 87.86321 633.77509 12
e 74.08890 777.38950 8
e 165.34760 741.77041 7
e 91.64344 499.69470 11
e 165.86537 773.23247 7
e 109.27557 737.46668 6
e 24.19179 915.27352 4
e 37.13454 796.53705 10
e 96.26670 515.14260 9
e 73.48973 886.54624 10
e 168.49267 925.73578 15
e 12.47460 845.88332 13
e 119.05976 612.20877 14
e 131.66166 616.03294 7
e 72.30889 938.38164 10
e 76.02816 939.01036 9
e 51.61749 937.36657 9
e 46.20830 567.34812 7
e 133.70645 703.56223 10
e 209.80043 431.11744 11
e 257.06797 516.15137 7
e 92.61236 706.65604 11
e 117.51443 703.61833 9
e 146.86300 951.20582 11
e 62.72680 733.81360 14
e 7.72863 968.84084 5
e 115.43798 828.08829 10
e 165.81856 588.03115 10
e 89.09493 976.39223 12
e 75.73250 381.43097 8
e 40.10277 626.19797 9
e 87.82534 581.58984 7
e 125.75754 796.28233 6
e 70.47514 588.79609 9
e 104.00916 628.25650 15
e 248.56069 792.73786 13
e 224.69408 971.30323 12
e 149.31734 810.61113 6
e 146.41934 790.21658 9
e 54.76472 896.41877 12
e 198.14326 952.08862 10
e 45.23617 822.96630 15
e 63.66190 541.87941 7
e 11.27795 563.54814 7
e 130.93917 703.15043 6
e 24.10148 860.49945 9
e 157.50249 724.36648 9
e 114.58316 797.64285 5
e 200.83150 820.28667 10
e 105.90961 694.20171 10
e 152.41463 1041.46668 7
e 37.97832 769.99380 9
e 208.26107 725.95936 8
e 112.26804 631.57667 9
e 175.65708 635.68766 10
e 96.17452 848.35181 10
e 65.38749 711.29708 8
e 189.96679 613.72450 8
e 49.65882 479.63917 7
e 178.27838 849.54051 11
e 184.70544 682.07660 6
e 108.55485 700.65945 8
e 85.99643 497.74497 10
e 54.42123 678.72782 8
e 79.40777 747.19685 8
e 199.40118 700.91627 6
e 78.57865 629.88445 15
e 53.87086 570.46683 4
e 79.47748 596.47333 9
e 31.45540 619.34541 7
e 85.82150 455.60883 12
e 94.87917 588.34764 10
e 85.54064 643.48702 10
e 45.50859 739.68201 10
e 127.51891 675.50204 9
e 131.73755 505.63363 12
e 100.45589 679.32409 7
e 149.43083 740.11259 13
e 88.03123 593.25364 11
e 99.29225 787.78319 13
e 33.86687 499.04692 17
e 172.28185 685.54933 5
e 17.33535 653.26533 9
e 27.00277 597.92505 11
e 19.71083 991.25121 13
e 65.51510 744.79983 12
e 104.11508 610.54196 10
e 22.54393 819.47795 9
e 109.61677 942.95441 8
e 49.28630 643.26480 4
e 80.20579 828.30529 8
e 198.54065 435.52936 7
e 160.39547 870.44308 10
e 14.24889 863.00161 9
e 51.72135 1070.28721 8
e 255.22694 886.84549 10
e 85.16237 741.53570 3
e 40.26005 456.31698 6
e 211.67852 978.37104 9
e 23.61260 752.05665 6
e 148.10701 791.88309 7
e 125.34188 829.12070 5
e 158.33906 702.73873 9
e 131.04189 629.50653 8
e 6.63386 595.14045 9
e 35.90034 591.28507 14
e 117.82434 663.88349 11
e 242.42536 642.73279 15
e 1.42236 820.14236 14
e 40.49113 746.24880 13
e 90.30889 892.00735 14
e 13.76011 983.14075 7
e 152.84048 629.98644 9
e 163.28671 729.55251 7
e 48.43254 778.31361 13
e 163.97824 852.14698 10
e 66.37445 697.77080 9
e 147.31975 571.76540 15
e 116.65194 590.87130 7
e 233.54560 618.71694 9
e 36.61324 383.55691 14
e 179.96979 959.07621 21
e 16.07274 689.44312 9
e 200.98004 890.84474 13
e 43.76922 613.37913 10
e 68.57000 945.16545 12
e 122.74763 548.41821 9
e 139.69105 957.21845 10
e 84.77010 847.36012 15
e 33.32953 930.23191 8
e 98.78234 773.91858 11
e 80.24079 799.78573 7
e 149.50148 668.29164 11
e 142.34955 543.28896 6
e 60.32895 854.61383 15
e 100.89529 911.49561 8
e 171.09287 530.62325 9
e 187.91441 830.28891 13
e 57.46578 781.26324 9
e 53.77490 614.00408 7
e 69.95712 390.56768 5
e 5.38463 627.59451 12
e 210.46233 510.56151 8
e 164.06779 672.44052 12
e 25.98217 423.50143 5
e 52.21984 593.79530 13
e 247.68754 881.17969 4
e 73.26907 641.70909 8
e 4.36754 999.01327 11
e 163.50921 751.54623 6
e 83.03582 711.00735 9
e 119.46166 922.56502 9
e 127.95591 618.93394 8
e 174.17244 767.06226 16
e 62.73105 515.82170 9
e 99.48585 729.67880 9
e 207.46984 644.79289 17
e 51.79306 714.41922 6
e 165.31895 880.51696 8
e 112.83828 920.63946 10
e 202.17791 673.74104 10
e 234.61596 824.18380 11
e 13.52589 680.50149 11
e 9.22291 805.57204 8
e 193.29322 949.42688 14
e 182.47227 473.83831 13
e 33.34289 499.58887 7
e 107.63607 947.63660 9
e 103.05519 537.58239 8
e 303.16492 780.78707 4
e 53.96352 691.97579 6
e 109.61993 671.86197 13
e 119.63019 685.80085 11
e 72.65756 414.51697 10
e 76.14847 905.69868 10
e 0.82364 643.75945 14
e 147.19803 544.53166 7
e 88.18949 776.69649 8
e 37.93743 427.06644 13
e 232.33632 787.60513 11
e 55.24795 677.07333 4
e 313.89330 616.33385 21
e 60.14603 526.10277 7
e 7.11608 1027.90112 7
e 41.50871 952.50959 17
e 202.79487 718.16219 9
e 238.62801 673.94132 8
e 141.26916 787.58235 6
e 150.72065 722.20056 11
e 115.78173 657.89661 6
e 38.14861 690.69799 8
e 8.65845 938.91054 9
e 38.14776 545.77543 8
e 155.38353 640.31534 4
e 132.12022 1007.17261 14
e 136.64604 556.51829 7
e 137.45604 583.39870 12
e 161.79404 683.48684 9
e 106.59714 669.36258 13
e 24.87846 832.18253 5
e 226.85586 787.97741 8
e 90.29927 577.31454 10
e 55.74598 901.45702 10
e 114.71296 593.03321 8
e 78.16826 642.74423 10
e 196.32935 205.18427 6
e 80.21044 845.93040 8
e 51.39614 685.33418 17
e 153.92728 673.34831 11
e 3.69374 554.04917 11
e 108.11354 721.87327 7
e 17.87478 738.74244 6
e 11.25975 927.69330 12
e 170.97287 993.73417 11
e 68.74122 690.27399 5
e 208.26901 606.67931 7
e 152.54739 656.07018 12
e 195.78877 825.70048 10
e 104.08721 622.22835 8
e 91.47827 505.59807 8
e 79.86792 561.71121 9
e 152.70325 832.33483 8
e 91.58905 676.60253 6
e 183.26088 514.78920 6
e 24.43082 611.27343 21
e 231.78108 738.50424 8
e 341.92330 868.57221 11
e 74.62893 573.55164 7
e 153.36240 556.75541 12
e 31.87178 914.85258 9
e 35.93859 818.94125 14
e 138.00849 484.50913 8
e 35.34668 571.16189 6
e 90.55460 689.58000 12
e 84.29445 474.46547 7
e 132.41249 574.23874 4
e 151.71047 872.03662 11
e 161.61828 488.33968 7
e 43.55991 944.66322 16
e 58.73200 848.40964 14
e 132.00795 688.95826 10
e 214.33830 671.47325 11
e 57.34293 578.36092 9
e 93.76005 682.68492 8
e 200.75739 747.07961 5
e 55.80721 925.87972 12
e 137.51182 894.42230 6
e 153.72323 697.94097 9
e 93.87485 921.32047 8
e 45.89956 520.91565 7
e 32.60566 719.38398 15
e 77.33070 295.88504 11
e 152.29542 773.03409 5
e 136.56130 750.53564 16
e 162.12606 732.12854 8
e 111.33783 714.79176 11
e 59.94807 793.92655 7
e 28.00491 989.34748 6
e 87.10518 892.83439 10
e 6.14144 666.92100 7
e 133.25471 685.91361 5
e 219.15022 742.57950 10
e 294.65298 783.22213 12
e 123.02323 652.71280 6
e 244.75773 980.76995 8
e 68.52433 814.86429 8
e 84.22746 1051.50321 8
e 61.07152 651.60067 12
e 108.87673 772.29412 4
e 74.31983 551.29554 11
e 237.57760 652.08183 7
e 66.09206 770.93961 11
e 173.09818 757.51094 12
e 102.82186 813.90191 8
e 104.47761 816.06879 11
e 229.87109 823.09709 16
e 197.64112 808.00180 9
e 56.50880 798.52210 8
e 157.35561 710.17624 8
e 8.05967 812.70684 10
e 291.49256 740.96935 9
e 6.02116 789.87045 11
e 74.55426 778.44064 16
e 91.16667 298.60757 11
e 139.89162 776.00573 12
e 58.15390 863.09784 9
e 84.30357 758.00118 7
e 131.67380 768.73519 10
e 116.39076 763.08957 6
e 51.02892 896.40888 15
e 196.14372 872.45715 9
e 98.19648 1041.72099 12
e 101.93602 829.22611 11
e 19.01796 671.65184 12
e 128.83471 607.33151 11
e 233.82949 554.44969 10
e 148.94310 910.93245 7
e 210.83058 684.14385 8
e 187.23462 788.51348 10
e 86.14585 438.09313 10
e 50.88924 796.44310 7
e 29.98725 661.18706 7
e 53.02668 777.88010 13
e 143.54985 510.56261 9
e 136.49167 604.29678 6
e 34.80125 993.44143 10
e 230.33396 987.41298 11
e 91.30067 740.38924 7
e 96.84331 691.11651 5
e 61.78792 818.36659 15
e 98.90410 625.28092 7
e 138.73861 888.40637 8
e 76.60527 706.68471 9
e 29.76705 813.60320 8
e 60.23893 678.15593 8
e 88.76076 768.22097 13
e 92.47473 665.12686 8
e 43.86994 839.93914 14
e 18.20828 918.53771 9
e 195.45005 335.53910 8
e 58.78206 964.71482 8
e 22.80422 291.69339 7
e 140.34565 1034.10539 12
e 88.36561 803.14703 9
e 55.95213 669.25671 15
e 104.17950 858.26024 9
e 139.38973 675.39194 8
e 217.35435 764.89886 10
e 97.21237 775.59636 12
e 239.72879 573.88614 9
e 77.58679 777.56433 8
e 27.50593 565.34774 14
e 145.92095 745.25472 4
e 7.97092 936.05347 12
e 69.20759 693.04247 8
e 150.67014 513.18224 5
e 51.48047 867.39389 9
e 101.69589 722.08747 6
e 72.28601 847.50621 8
e 104.55760 782.06942 14
e 121.39050 628.41028 7
e 92.18014 457.85146 13
e 106.40220 704.56344 5
e 113.68058 752.63295 8
e 118.57436 782.48654 9
e 159.81447 388.36666 6
e 177.27281 400.19077 10
e 142.47865 785.59789 5
e 94.83374 612.12865 11
e 98.04521 1018.86632 8
e 65.58793 667.01722 10
e 148.19517 720.80295 16
e 214.22742 809.26179 9
e 201.09581 829.82836 15
e 51.95156 677.89164 10
e 149.31898 704.28047 15
e 85.52046 672.66909 7
e 63.02732 873.24496 7
e 9.17845 671.68126 8
e 74.35427 793.26660 7
e 108.22312 862.93081 8
e 175.38703 480.85418 10
e 60.60438 815.78103 10
e 38.27868 793.55772 6
e 36.21184 773.20771 8
e 77.33444 569.29586 9
e 226.44502 547.72697 6
e 102.07677 582.45180 7
e 140.25354 812.29048 20
e 132.06079 597.81705 4
e 97.29721 570.49283 16
e 160.77070 523.69820 8
e 148.44021 536.23529 8
e 142.21410 945.87646 7
e 50.42715 846.94975 16
e 30.68194 706.11465 15
e 74.36866 506.60802 10
e 75.55915 719.90299 6
e 133.16140 833.01774 17
e 96.90410 703.30718 5
e 150.78905 885.27354 13
e 52.67478 629.74594 5
e 55.27651 630.78502 14
e 87.96011 689.57366 16
e 67.19711 504.84098 9
e 55.70483 717.74660 12
e 107.43700 802.69796 6
e 17.01481 922.85741 6
e 178.97543 773.19616 9
e 86.16142 330.90344 8
e 12.02553 642.62376 8
e 39.69023 780.37415 8
e 77.49164 742.38284 13
e 58.82975 396.33953 11
e 169.30823 678.56044 8
e 8.24002 679.86604 9
e 186.07965 621.07976 5
e 38.50802 1029.51482 11
e 149.73865 692.66043 8
e 205.88685 700.44429 12
e 240.98001 807.88220 8
e 180.33967 846.03153 9
e 126.18450 399.46227 13
e 201.50682 754.59505 6
e 205.50734 675.69107 8
e 167.88904 931.41543 10
e 115.86790 680.33506 14
e 41.71754 655.29722 12
e 89.78869 941.21500 6
e 3.20254 792.83633 5
e 138.84426 859.17523 5
e 76.31973 739.07846 11
e 30.74228 928.88369 5
e 34.31284 882.96720 9
e 0.17839 946.07543 10
e 172.33054 610.94090 6
e 88.01219 812.65539 12
e 14.33079 722.82712 10
e 69.92677 668.88650 7
e 77.24183 690.66714 6
e 58.50241 698.95646 8
e 15.32347 948.37143 9
e 140.83150 692.18514 9
e 167.37508 626.33954 9
e 165.23924 740.16081 6
e 177.84877 806.61593 5
e 82.03496 703.52485 10
e 84.68234 577.44446 20
e 59.93063 606.86721 6
e 167.07399 605.92960 11
e 82.34622 787.61411 5
e 155.39312 514.40344 9
e 185.94656 549.83746 10
e 157.87190 756.94840 12
e 47.06188 641.32239 5
e 59.37516 678.58893 6
e 68.43406 785.51571 9
e 113.67363 438.97100 9
e 183.06519 668.63404 9
e 40.80371 691.52481 9
e 87.11890 502.84791 15
e 29.56481 652.82515 9
e 61.93086 691.54948 9
e 45.37370 669.15224 8
e 142.80607 525.45680 7
e 152.00537 800.70665 6
e 196.62791 628.70228 14
e 134.37017 937.13485 9
e 74.32748 752.39430 12
e 29.35324 874.26466 13
e 76.97508 582.87675 9
e 144.47839 891.99558 9
e 1.11219 704.61996 7
e 141.92134 747.77326 6
e 112.67518 567.12264 7
e 249.36634 855.47103 8
e 169.85478 780.23019 8
e 101.02820 845.21191 10
e 10.82255 649.71370 13
e 107.38474 684.79393 11
e 19.87749 659.81983 9
e 49.01395 507.54049 17
e 4.85129 468.82095 8
e 187.29365 403.47782 8
e 295.90985 959.17322 18
e 76.77427 759.62165 7
e 229.07570 938.55406 8
e 104.10848 878.40692 11
e 183.16570 593.26929 5
e 35.48919 1056.13153 7
e 85.41401 789.82766 9
e 6.66490 939.79304 10
e 116.14580 918.31000 9
e 57.30655 645.37163 9
e 19.34931 816.77443 11
e 78.60646 959.91389 9
e 44.58686 726.89452 11
e 58.87358 809.74885 3
e 85.86096 523.19480 13
e 80.54630 662.73949 14
e 146.00574 778.63252 8
e 98.93602 705.52259 7
e 119.90050 960.46000 11
e 147.54727 803.57033 10
e 11.56490 626.84299 10
e 153.97360 678.18219 10
e 172.40785 660.73577 13
e 212.35405 660.23273 8
e 231.68088 702.90754 8
e 34.83912 704.65928 6
e 49.06680 980.77593 10
e 123.78730 828.32139 10
e 1.75775 791.38895 7
e 204.41173 685.27989 10
e 40.91007 727.14693 10
e 78.07482 716.38978 10
e 27.78278 869.40910 7
e 118.83631 660.41730 8
e 7.15430 479.56888 8
e 19.88119 665.44658 17
e 67.96302 463.59317 10
e 15.98245 647.33649 11
e 76.15853 857.30552 7
e 210.68084 768.77070 11
e 28.73161 811.90922 9
e 58.05562 663.33721 5
e 51.93646 475.27664 8
e 61.03575 543.14998 10
e 6.11852 730.24313 16
e 97.46603 666.42779 6
e 37.60522 414.41925 6
e 170.56140 775.39228 3
e 156.89505 650.94086 6
e 74.81940 647.28574 8
e 78.79709 662.45291 10
e 212.30991 887.56642 12
e 109.69055 574.57763 12
e 132.14894 588.05021 9
e 128.55796 839.12415 5
e 42.79540 728.64300 11
e 92.61114 505.34542 11
e 200.38203 915.29145 4
e 7.46542 735.65482 8
e 162.43080 608.17231 11
e 141.42072 541.27116 5
e 149.40401 483.30598 11
e 156.17128 982.54563 13
e 60.26470 772.85010 5
e 113.05261 620.22491 9
e 22.70541 811.70530 6
e 26.18690 837.63848 13
e 125.41533 825.45769 10
e 23.01522 589.79206 10
e 174.07642 775.64537 14
e 195.53502 721.54910 12
e 19.53868 503.34735 12
e 66.99640 452.22480 9
e 118.28575 645.77908 9
e 137.16586 852.06374 7
e 83.07094 840.72861 14
e 223.40854 929.91444 12
e 1.75915 582.37336 13
e 116.33675 724.37050 6
e 58.62001 756.55067 9
e 121.61880 599.09015 10
e 46.28504 449.64779 11
e 32.14623 686.83076 7
e 47.56662 607.68218 13
e 222.46194 696.13444 4
e 54.03588 567.69961 7
e 86.92091 676.96233 8
e 239.96272 845.12044 11
e 1.91104 803.33583 12
e 44.51853 707.62764 10
e 2.98590 777.44420 10
e 50.81239 725.81828 6
e 4.71009 506.64619 10
e 92.36066 371.39445 8
e 16.03369 749.81320 11
e 163.83085 599.21029 17
e 150.84829 633.60039 6
e 12.88805 673.00917 7
e 64.76847 721.85407 15
e 104.19411 762.61497 10
e 43.85470 541.31391 10
e 195.88316 335.50576 15
e 116.75513 851.27439 6
e 205.89638 925.68830 6
e 80.86618 993.63498 10
e 74.72441 623.04565 12
e 167.93330 410.49867 9
e 131.03109 882.42280 4
e 167.62716 905.37295 15
e 80.61864 507.92256 11
e 253.04859 909.27712 5
e 60.71829 1039.31604 11
e 10.31230 832.08845 11
e 28.24191 664.49752 13
e 250.86125 833.90392 10
e 5.27718 769.79031 11
e 107.04802 731.35694 10
e 204.08283 559.51188 11
e 166.03567 899.03618 7
e 174.17404 549.65653 9
e 40.68565 678.83582 7
e 184.30884 978.50212 4
e 82.62985 899.36564 11
e 28.96813 686.47192 9
e 102.03680 871.69235 10
e 42.69009 409.26956 13
e 236.48133 637.68216 9
e 54.38840 961.81675 3
e 185.34429 642.54356 8
e 252.71120 525.11827 10
e 200.20299 702.16694 9
e 179.38582 728.52034 9
e 70.76131 650.93681 9
e 215.94423 758.75793 10
e 148.86971 724.16454 7
e 88.36063 696.33507 12
e 7.36070 727.92278 9
e 183.90025 662.62268 7
e 60.44019 437.36941 11
e 93.18427 846.16171 8
e 59.70983 739.35063 8
e 147.84378 522.57923 12
e 33.81670 994.17012 13
e 184.03522 727.40034 9
e 97.35764 773.80470 8
e 120.12568 886.53270 11
e 0.76405 857.31656 3
e 139.13581 820.56522 10
e 15.31021 1043.93271 11
e 0.12633 686.37279 8
e 255.74514 928.40899 8
e 139.71159 654.86753 6
e 8.83050 706.03590 13
e 140.65460 792.59838 8
e 41.24920 351.88754 6
e 146.78512 743.31373 13
e 128.15769 683.39951 10
e 127.13370 762.58747 12
e 172.22972 665.69308 7
e 76.84006 684.84323 18
e 29.00872 548.09328 5
e 277.12908 890.32320 14
e 123.64632 535.47315 10
e 1.16080 786.00143 6
e 49.13812 716.57128 7
e 147.02518 647.93712 8
e 229.41071 755.72624 8
e 62.87667 943.48170 10
e 112.15615 636.89544 12
e 65.88855 759.14570 9
e 74.22324 694.64757 6
e 41.10686 605.47952 8
e 49.89536 668.93941 10
e 37.01433 558.42248 4
e 169.90245 437.24471 11
e 77.56669 770.27734 11
e 142.20553 559.32157 6
e 23.23279 751.94841 8
e 24.49301 776.50915 4
e 156.14795 740.79777 6
e 82.04137 777.02251 6
e 7.68547 941.96936 6
e 147.24948 897.86092 8
e 266.05144 426.57695 8
e 155.82468 689.15488 5
e 169.00266 898.98067 9
e 54.27400 606.12580 14
e 53.72244 691.85167 11
e 81.10784 668.69475 9
e 45.22833 783.47002 8
e 108.18859 962.41420 7
e 179.75855 984.19348 12
e 119.55899 855.52160 13
e 93.49465 983.25986 14
e 55.64958 1072.49548 17
e 143.36142 666.14381 8
e 101.25800 898.10389 8
e 171.47071 647.54228 14
e 50.38412 542.83252 11
e 191.16519 544.79855 10
e 63.92210 492.41603 6
e 151.04173 893.48158 8
e 163.11127 814.50112 10
e 19.47140 967.09245 12
e 77.08576 687.34902 4
e 62.53573 619.33082 7
e 22.66862 579.18695 15
e 185.85445 932.34493 11
e 116.49276 487.97211 8
e 44.69424 859.96713 9
e 49.77208 958.09005 10
e 98.03774 633.56459 8
e 27.51913 414.16255 9
e 55.90617 743.56886 13
e 17.64724 791.13560 13
e 113.18386 638.63671 11
e 68.74405 874.17753 6
e 313.61639 718.58932 4
e 72.64617 898.07738 7
e 148.92171 819.49629 16
e 224.30998 582.77986 5
e 45.63124 742.46357 13
e 5.54326 657.06366 10
e 105.68708 917.99932 9
e 10.76148 781.14995 12
e 53.01330 793.91372 12
e 98.96048 870.34019 11
e 73.67378 729.20422 7
e 127.27400 559.55566 9
e 77.95860 863.66953 4
e 126.85522 720.33915 8
e 118.02274 503.71640 9
e 149.38661 788.08974 8
e 3.06024 904.08840 6
e 129.06255 644.71042 10
e 59.06609 683.33961 10
e 72.46756 918.28283 7
e 54.62497 507.45910 11
e 167.76872 422.08912 8
e 6.90253 976.57271 10
e 157.61425 799.56542 11
e 113.66890 477.70818 7
e 224.21374 905.17030 6
e 98.73343 520.95548 7
e 153.67042 527.94613 11
e 44.08534 784.18239 8
e 15.97675 1030.45810 9
e 121.37811 559.03436 10
e 57.68241 839.47745 10
e 42.98107 405.38454 7
e 53.48493 886.69850 12
e 89.95791 908.26485 7
e 101.33398 665.99512 8
e 38.07985 732.90421 7
e 73.53057 664.56203 10
e 42.12757 913.49009 8
e 22.57218 685.39770 21
e 115.66289 717.31288 9
e 39.10399 664.16276 13
e 159.87674 770.10759 9
e 83.26645 591.62916 15
e 76.80671 788.07352 7
e 51.75660 708.88814 17
e 119.88140 748.33003 6
e 48.26001 474.20811 8
e 26.25603 661.85274 9
e 38.01587 926.33413 10
e 12.06748 640.28696 9
e 50.90539 812.23215 12
e 225.13821 847.61372 7
e 317.12080 815.90909 14
e 154.03855 760.62635 9
e 190.75820 670.91123 13
e 48.76325 693.72524 7
e 21.13967 473.31504 6
e 51.47303 902.86727 5
e 83.69598 784.87100 8
e 61.86862 719.03678 13
e 140.49365 757.10066 15
e 229.78367 714.42798 5
e 24.69848 686.27546 6
e 34.41517 648.92227 10
e 72.65748 492.80948 4
e 99.96349 465.31429 12
e 74.02860 827.31249 5
e 48.73711 901.00009 8
e 158.34600 786.06829 13
e 92.63876 333.58237 10
e 340.65180 757.46415 10
e 76.35612 882.23070 11
e 99.44772 904.24083 9
e 106.74682 822.20558 13
e 104.85712 727.27668 6
e 40.59660 746.48178 12
e 63.79075 469.68605 7
e 106.02199 714.31905 6
e 181.13724 693.23912 16
e 119.04873 940.24435 13
e 143.83190 547.90719 11
e 134.19486 454.55624 8
e 40.87631 493.31968 9
e 21.58399 794.50397 12
e 94.33606 733.56656 11
e 123.46221 706.06910 8
e 45.82429 1060.47892 8
e 41.10814 774.76308 7
e 0.86294 653.59109 8
e 180.42778 655.55365 6
e 192.96421 543.62585 5
e 54.04456 692.84321 6
e 111.77121 801.20774 5
e 153.82889 802.79591 9
e 88.62022 584.69295 11
e 114.45799 741.97078 2
e 60.27618 989.76704 13
e 26.22474 871.49400 11
e 89.87699 676.97383 10
e 91.89941 752.32595 8
e 19.57605 556.87641 13
e 197.77894 413.80053 6
e 65.17093 853.48285 12
e 83.95360 955.58082 11
e 9.57741 583.63777 7
e 77.72404 686.33046 12
e 152.45340 827.00890 8
e 160.93985 857.05930 10
e 32.36838 638.13184 7
e 66.19764 660.60002 13
e 24.71855 615.14419 7
e 96.99435 360.85825 8
e 150.12003 701.48335 6
e 114.19908 832.64097 11
e 2.96037 778.45025 6
e 143.00332 661.15598 6
e 91.00962 635.79120 9
e 70.86768 1022.17742 5
e 38.93016 927.59979 6
e 117.45797 808.21778 20
e 172.64155 712.40759 8
e 266.17906 737.07825 9
e 63.49374 651.65010 13
e 42.52858 667.45309 10
e 123.07299 761.79560 7
e 41.64171 949.34244 10
e 67.83845 585.41315 13
e 119.47711 846.96201 9
e 155.79439 924.38018 15
e 159.11865 581.58488 12
e 23.58392 569.97282 10
e 42.42837 837.24381 7
e 236.22036 863.90503 13
e 107.60131 782.37581 14
e 236.73961 846.29155 9
e 156.10422 1003.59730 7
e 150.84245 769.69395 9
e 84.50462 549.69119 15
e 27.16731 736.17674 14
e 22.98163 627.98533 21
e 98.59131 863.76586 6
e 137.07129 507.95936 11
e 25.82186 757.41022 12
e 35.87955 497.60196 7
e 68.18961 695.99449 12
e 89.08488 691.08420 8
e 118.05121 669.74874 6
e 77.29158 635.71442 11
e 180.50302 726.61200 13
e 43.76004 817.56757 9
e 123.38034 758.06316 8
e 56.23667 582.87338 8
e 11.85740 833.33291 8
e 136.24230 724.78285 6
e 53.83539 854.67188 9
e 112.06052 708.11253 11
e 23.23955 919.10170 12
e 113.10131 687.27046 11
e 87.49020 814.71760 10
e 24.23382 915.50117 10
e 4.67316 665.71742 8
e 70.38737 817.20346 8
e 74.22671 836.12748 7
e 99.50004 723.95625 8
e 62.88958 700.57281 14
e 152.60885 604.02967 11
e 241.62998 420.16899 8
e 177.50788 589.84673 8
e 160.99190 744.19949 5
e 107.67688 791.14323 7
e 74.54135 716.72000 7
e 49.91877 928.10688 15
e 333.77159 566.06607 7
e 333.98605 578.18071 7
e 89.64305 765.52075 11
e 181.07672 766.95979 11
e 17.03990 581.30742 16
e 53.49757 687.43569 10
e 166.87416 1000.38466 4
e 149.98977 801.96151 9
e 63.54111 629.93975 10
e 94.30413 910.60126 10
e 223.12974 435.40205 13
e 32.60056 736.91692 9
e 161.09687 694.72982 16
e 146.55387 848.43326 9
e 95.69775 822.23330 9
e 77.27287 623.97972 8
e 141.51198 560.21271 8
e 69.63474 585.76100 11
e 201.12417 700.44049 8
e 141.46499 527.63749 9
e 197.93952 685.49704 7
e 80.61159 797.34579 9
e 95.74107 763.51565 9
e 70.37775 475.26617 10
e 230.18975 973.51235 12
e 163.36767 752.43799 10
e 152.37689 566.57832 15
e 15.27834 580.64071 5
e 206.78945 363.30004 10
e 61.54656 779.14984 6
e 21.20802 952.21934 7
e 110.98160 786.29755 9
e 113.05801 711.47686 8
e 76.06705 942.57341 13
e 123.39240 579.70870 9
e 136.76008 652.17657 10
e 128.60640 710.21185 10
e 229.56601 762.76800 13
e 57.50109 816.64715 14
e 144.82490 639.70986 12
e 180.23751 689.62672 11
e 112.31319 612.57634 8
e 23.53741 667.86169 10
e 132.75396 673.76897 10
e 6.59663 528.70536 13
e 154.44927 760.47548 4
e 101.43714 573.85205 17
e 125.29250 824.61114 9
e 59.18469 876.15835 17
e 79.83305 543.44769 4
e 171.65519 847.78504 9
e 184.77965 853.46324 9
e 48.16558 594.77408 13
e 37.34955 615.50391 14
e 119.28305 851.43395 12
e 36.25749 655.85511 6
e 75.94002 539.19463 11
e 127.00858 776.34609 4
e 182.05606 877.45833 10
e 162.78753 685.70343 10
e 98.43766 970.93561 8
e 94.55145 591.82310 4
e 87.97671 961.04238 12
e 98.34887 793.00673 16
e 74.66400 678.17987 12
e 53.41774 780.22081 15
e 54.41115 774.24413 7
e 25.61170 736.02897 11
e 132.41870 900.47148 9
e 42.69506 610.14190 8
e 70.61437 862.91510 6
e 105.17125 696.16163 7
e 35.69379 873.89810 11
e 153.04902 901.90376 9
e 74.58094 823.53047 10
e 123.00331 919.34933 10
e 103.99538 739.76905 12
e 0.81616 568.26202 11
e 3.51537 705.94105 5
e 120.42023 473.13075 11
e 194.40591 645.15755 10
e 33.47573 670.98190 7
e 200.94466 852.81514 16
e 103.08512 872.39611 11
e 133.90092 563.26467 10
e 37.01094 1067.38277 12
e 111.54327 1022.42374 9
e 382.81661 793.97909 9
e 116.80072 886.45463 9
e 143.00997 552.29095 8
e 151.82345 596.64477 8
e 170.99771 1020.24896 6
e 157.39293 849.16062 14
e 23.39523 823.92869 13
e 41.64532 490.60402 8
e 101.07557 769.65467 6
e 96.16494 537.65202 16
e 22.32587 593.43117 9
e 198.99237 448.21338 6
e 34.67141 663.26889 8
e 155.93287 786.01870 8
e 61.36408 909.79468 11
e 80.51603 708.19522 11
e 123.43882 952.98584 10
e 86.46994 625.50880 4
e 159.64710 731.30310 7
e 15.93804 421.60280 9
e 61.36604 857.12350 13
e 131.32703 805.23592 8
e 79.68526 760.17516 9
e 53.87221 807.56419 8
e 8.73091 833.52047 8
e 56.96661 621.95290 10
e 43.49259 631.93205 11
e 220.75795 782.81964 6
e 7.41208 783.73545 12
e 248.27597 980.56046 5
e 58.74240 580.46997 13
e 66.33884 995.91086 12
e 84.01390 975.11709 8
e 77.17459 768.21036 8
e 16.43869 657.00256 9
e 96.98719 507.55327 6
e 7.25954 689.51781 6
e 54.68074 584.78191 9
e 7.89082 647.36386 13
e 109.61597 642.69940 12
e 119.55545 505.80527 9
e 60.52849 721.46109 12
e 485.33188 705.18892 10
e 321.11169 665.39579 12
e 351.28588 1078.37410 13
e 438.31816 992.10076 10
e 382.19551 741.36215 8
e 606.64145 834.02214 9
e 398.91249 850.26776 8
e 404.50167 851.91135 17
e 412.46096 1036.55274 7
e 320.18081 833.66968 9
e 403.02233 1072.50080 7
e 441.04149 809.94469 8
e 277.53893 819.51753 10
e 480.60765 913.04396 10
e 493.92954 818.57213 9
e 462.67572 684.71009 7
e 471.17235 837.31604 11
e 470.72112 973.62513 11
e 436.30484 844.33368 8
e 421.02174 745.45606 5
e 422.56119 968.16951 4
e 389.98631 951.91064 9
e 525.32314 913.96724 8
e 370.45988 747.78411 6
e 459.10141 1023.95334 10
e 512.20879 975.95859 10
e 408.69199 1004.14095 8
e 431.50170 1063.49166 12
e 482.01390 908.51387 9
e 507.72509 749.16889 8
e 582.85649 793.47624 15
e 262.99487 618.81263 6
e 525.11064 652.92468 14
e 477.48031 1068.10294 9
e 449.20142 640.18354 16
e 492.15573 953.06162 13
e 442.01996 861.53973 11
e 396.28287 712.21149 7
e 382.08087 725.20630 8
e 374.66512 1029.46144 16
e 457.47257 892.30653 9
e 518.59997 1073.97237 10
e 572.83198 1075.50595 9
e 523.60225 859.54683 12
e 538.76400 969.28514 7
e 389.28509 795.97642 8
e 430.12642 954.21638 9
e 446.13633 779.41614 8
e 515.88297 657.28495 8
e 428.55804 897.88375 13
e 369.51446 947.22940 9
e 544.45881 1007.15019 10
e 520.16517 754.02350 7
e 325.63134 942.51638 7
e 395.47499 524.53116 12
e 511.47991 962.63050 8
e 355.44812 840.26287 10
e 515.46847 897.55602 7
e 371.52544 783.86194 6
e 443.44849 1063.31359 11
e 509.48658 928.50732 12
e 460.60908 951.64522 8
e 631.92811 807.76598 8
e 556.23006 881.77152 7
e 468.25140 935.85669 9
e 513.75670 1022.10388 5
e 499.27601 938.87553 12
e 384.68946 1059.38415 11
e 529.25064 942.17341 11
e 488.51871 851.12342 13
e 357.64294 710.45018 12
e 442.13050 996.50973 9
e 538.28282 966.55992 13
e 298.85662 935.44908 12
e 482.16731 1015.36752 11
e 310.80712 719.80357 8
e 456.24393 723.04378 8
e 506.89380 829.26740 11
e 586.60769 1012.53664 7
e 459.80211 846.56640 13
e 519.01192 769.22125 10
e 361.61509 1004.60351 7
e 411.96013 865.33282 9
e 412.16031 801.29278 8
e 455.81755 1043.21955 18
e 488.48864 700.55554 14
e 321.42302 999.13202 10
e 406.91388 1061.28578 12
e 295.82021 927.72577 5
e 556.71174 892.11889 9
e 464.38114 826.51538 9
e 497.60287 875.76132 5
e 605.11077 885.87808 6
e 466.05186 1019.93304 13
e 571.28615 1016.04545 7
e 597.66259 931.26912 7
e 339.30582 921.21562 11
e 330.57272 805.14450 12
e 415.97793 826.87550 8
e 417.86878 816.93683 10
e 271.34655 1026.02852 8
e 488.89157 1018.69236 8
e 479.46630 956.91462 15
e 519.30174 943.38724 8
e 398.95641 846.11472 8
e 604.54287 1030.72227 13
e 664.58720 883.08672 8
e 502.00884 918.31095 9
e 575.60301 970.44715 7
e 501.26851 990.20578 9
e 487.11591 827.64970 7
e 428.20330 605.50064 5
e 461.65927 729.22476 8
e 402.21947 865.62921 13
e 541.55153 789.21699 8
e 510.50022 1063.00449 7
e 541.55708 795.97733 8
e 517.90032 976.49255 12
e 326.14131 1016.86397 6
e 509.88293 634.28821 7
e 534.64201 632.18704 12
e 493.86058 888.40478 10
e 369.00019 979.24792 7
e 710.80147 942.65161 6
e 366.06405 591.22253 9
e 438.22142 690.39333 18
e 437.99544 877.14526 13
e 497.91445 990.85787 11
e 446.10581 900.27812 14
e 389.44550 806.30486 7
e 442.67644 944.12991 9
e 439.54591 971.38399 9
e 549.40762 978.16443 10
e 506.78940 796.80661 7
e 396.21146 760.22714 5
e 498.52322 732.29366 9
e 414.89867 1073.94056 14
e 317.23471 913.34347 6
e 534.85982 989.90964 9
e 389.38220 792.53893 8
e 313.09351 719.88841 8
e 640.64672 918.03207 8
e 545.95250 936.00745 12
e 418.91200 815.34278 14
e 555.94567 879.98940 12
e 373.24861 994.63620 9
e 225.30100 1044.20396 10
e 568.24419 871.83766 14
e 438.99037 1031.08860 10
e 592.30149 933.11339 8
e 574.22341 1068.02912 7
e 406.05097 900.44251 9
e 494.89111 997.99564 8
e 417.97124 916.67219 8
e 349.49048 1052.03647 11
e 639.90102 707.22945 8
e 355.99845 719.07130 9
e 360.73587 961.03427 15
e 481.73727 795.53219 6
e 624.07996 755.54511 9
e 486.30051 783.92682 14
e 283.21152 1000.95765 10
e 463.92419 823.78174 13
e 474.35498 916.21136 10
e 467.42031 918.19071 12
e 403.42174 928.96802 10
e 448.67352 722.62600 14
e 265.55085 996.66412 9
e 490.30241 1048.55662 10
e 465.11019 1016.87526 9
e 542.12830 1078.49154 10
e 407.15936 1031.84522 7
e 443.73273 991.95938 8
e 493.07715 799.55762 8
e 480.65255 817.38309 8
e 356.12905 888.74554 8
e 427.87898 653.31506 8
e 353.54119 552.67323 10
e 452.78155 1002.94680 5
e 495.94389 891.25290 11
e 511.69737 805.23690 11
e 430.12268 983.72405 10
e 588.81718 839.44564 9
e 550.75798 765.47493 7
e 455.91253 1017.37735 11
e 412.06655 743.60718 12
e 379.73401 887.36551 7
e 559.07744 899.88397 14
e 409.93151 866.78023 5
e 506.12104 938.22871 10
e 433.23892 956.38644 12
e 509.43898 985.14229 10
e 424.34908 1066.63081 10
e 507.20434 671.72110 8
e 275.81606 1015.62127 11
e 498.17774 927.73124 10
e 492.16040 766.22698 8
e 435.76667 975.50310 5
e 585.20514 767.79452 6
e 447.01423 716.67862 14
e 448.75071 1078.03157 11
e 520.99954 1068.49435 19
e 468.49566 869.78056 9
e 408.96072 1014.41907 9
e 448.27672 925.94276 15
e 467.72099 817.04097 8
e 689.75196 761.40567 9
e 431.21900 933.36194 6
e 537.19336 977.75712 7
e 391.85030 938.49724 8
e 334.42575 632.54127 6
e 308.88549 900.70764 6
e 439.43274 969.90987 11
e 407.40177 1079.98126 8
e 296.89470 768.61857 11
e 396.86163 815.33982 13
e 451.92387 1010.40125 6
e 538.16130 1016.78893 5
e 368.60240 516.99830 8
e 456.50895 918.53927 9
e 497.21648 994.60738 14
e 649.50166 821.97287 10
e 457.01065 840.26676 12
e 315.76477 892.22750 10
e 375.84530 985.32949 6
e 298.28837 755.37215 11
e 489.29840 810.96317 6
e 447.69610 666.18454 12
e 608.80599 821.52705 5
e 539.81199 722.91760 10
e 571.55741 701.84458 10
e 610.93214 969.70886 10
e 545.93407 1066.69951 11
e 312.57596 702.20720 9
e 363.16142 1073.92946 5
e 504.01092 685.63165 9
e 407.86772 1034.39385 13
e 485.26222 1058.59216 9
e 624.67778 916.86860 7
e 381.34072 882.27404 10
e 663.28289 911.26242 8
e 448.85994 886.76631 8
e 367.19444 723.50369 11
e 391.79877 758.22068 3
e 506.88582 764.51343 7
e 545.52743 918.28616 15
e 440.56557 815.94298 6
e 428.16335 909.83748 10
e 438.73961 961.48936 7
e 687.83743 735.76597 11
e 607.70658 928.45182 10
e 438.98002 865.68243 9
e 275.94289 1001.64596 8
e 505.64583 928.75185 7
e 454.40060 774.32753 6
e 408.24036 1069.13532 13
e 370.40971 705.38486 6
e 344.43663 877.58556 6
e 405.25591 961.34840 8
e 466.14330 617.09086 10
e 497.12046 924.18350 8
e 436.15357 675.57385 11
e 463.97325 1006.13786 13
e 365.79480 916.95350 12
e 382.92527 893.05460 8
e 431.39490 796.73263 10
e 536.79937 688.93770 7
e 433.05968 907.17461 10
e 389.40934 851.55677 8
e 413.33377 817.15654 9
e 335.92572 904.46227 9
e 487.00067 964.65517 8
e 616.07982 767.61469 9
e 282.02673 1068.41519 9
e 505.37937 868.32383 12
e 507.21215 855.34750 11
e 493.66637 806.53415 11
e 319.40374 1051.26159 9
e 448.75355 1079.07249 9
e 343.73288 1073.43253 6
e 355.56673 1036.83056 11
e 338.81673 696.74528 5
e 376.07875 800.71261 13
e 683.01990 801.67734 7
e 343.76808 804.50683 9
e 480.44098 901.97598 16
e 466.69481 664.32383 7
e 507.70474 948.11276 10
e 336.77438 1029.53770 5
e 665.14026 626.28843 13
e 424.57790 663.33743 10
e 292.33739 899.02257 13
e 501.14206 1068.10290 14
e 437.26883 1005.63576 6
e 628.45377 899.79075 6
e 303.54597 590.55328 13
e 435.36047 1017.40755 5
e 483.49021 811.90478 12
e 350.89084 1071.40695 6
e 414.01552 720.40069 9
e 596.28343 933.11993 11
e 481.13187 807.65536 10
e 527.95666 904.27134 5
e 706.45099 696.46064 7
e 352.27500 693.38983 11
e 518.41779 684.47070 12
e 434.31915 951.83624 9
e 464.83589 754.63553 7
e 427.99791 1038.33628 15
e 426.25343 1065.71530 14
e 654.77821 925.17371 7
e 277.56911 634.07336 11
e 328.36201 664.17572 6
e 615.70310 989.29246 9
e 420.12648 840.63429 8
e 443.05532 879.62859 8
e 218.21564 1015.54014 11
e 366.85468 907.37408 8
e 584.49372 882.96004 8
e 304.12615 729.47549 6
e 613.18702 738.23410 17
e 377.85416 1044.43551 5
e 423.37738 910.10148 9
e 392.41966 870.13218 7
e 391.82780 999.01722 12
e 510.60822 904.63980 8
e 482.23654 937.56682 11
e 396.05548 774.28410 12
e 474.20477 799.47101 8
e 548.14694 759.44627 12
e 493.52505 863.52315 18
e 390.69115 975.97960 10
e 475.56056 952.50302 12
e 325.24192 1013.31774 7
e 426.18462 705.52247 10
e 391.77703 1002.23518 8
e 388.65921 999.35512 5
e 513.88160 858.36796 8
e 378.42295 961.54793 7
e 430.11975 735.76988 9
e 319.72180 891.49178 5
e 392.24504 1036.01997 10
e 563.96298 784.60598 8
e 348.73173 978.94851 7
e 211.49021 884.29638 10
e 459.20555 869.32455 10
e 334.02255 808.29297 9
e 454.74791 1025.96888 9
e 488.01836 973.31043 6
e 439.16699 933.98142 7
e 574.60111 892.20610 10
e 566.62330 661.70949 8
e 450.16894 736.85609 10
e 487.37492 1063.98831 10
e 542.37794 837.82692 10
e 486.22893 750.97770 15
e 410.58439 763.99065 10
e 277.37693 895.71012 7
e 522.88425 970.15520 10
e 507.14357 827.58260 9
e 425.80820 957.88200 13
e 388.69425 1000.86876 8
e 460.62308 872.30148 13
e 412.05630 895.66116 7
e 384.36903 550.69343 9
e 521.50447 969.13954 8
e 445.38515 969.54253 9
e 431.03952 1016.46826 15
e 571.17738 952.61315 4
e 356.76729 993.75465 9
e 356.00649 997.82402 5
e 428.61207 1057.72568 5
e 353.82638 899.09680 11
e 408.16357 942.84570 12
e 362.24808 1039.00235 12
e 574.25150 891.22066 10
e 275.43358 973.63430 10
e 347.16378 933.65921 10
e 533.51767 731.59252 9
e 378.46057 973.96114 10
e 486.77988 923.66692 6
e 325.17580 1004.35040 10
e 514.70287 597.25087 4
e 475.25998 943.12040 9
e 380.28119 1029.00228 13
e 433.18891 799.62443 10
e 509.54104 919.87263 11
e 438.72305 905.90167 8
e 449.89296 841.57402 8
e 420.21140 1038.64113 7
e 364.48986 990.20435 9
e 269.50851 759.62570 12
e 353.38438 822.84943 10
e 505.75102 781.31344 12
e 503.61939 863.40291 10
e 511.75370 847.96320 7
e 318.85640 666.06026 10
e 378.89208 1032.51636 12
e 501.41806 701.88216 8
e 537.18950 776.73768 11
e 614.55796 1032.42402 11
e 328.88997 1006.61842 10
e 422.79559 1003.25308 10
e 587.76636 643.67697 8
e 442.46057 898.27933 11
e 367.68052 727.80145 7
e 390.39840 635.35983 7
e 427.18404 924.38091 7
e 312.47368 977.75671 11
e 455.33889 972.14055 5
e 438.65557 924.60966 8
e 562.91726 1064.44134 8
e 449.77538 897.50462 13
e 452.88286 623.08367 7
e 564.39420 1035.99950 10
e 408.31084 997.56513 13
e 484.26159 1023.88891 13
e 508.38415 992.22908 7
e 505.85366 829.60055 12
e 421.54192 713.61493 9
e 588.76800 1002.27642 13
e 455.64786 828.23467 9
e 448.78138 882.00840 4
e 599.76260 871.60453 10
e 426.28236 1006.35177 14
e 301.70247 1038.26884 7
e 196.41759 909.41874 14
e 514.49117 1054.08803 7
e 536.13840 768.49665 7
e 452.00222 670.71176 12
e 523.45510 442.57854 10
e 546.03862 963.58879 6
e 426.64509 1078.96063 13
e 379.18272 783.47570 14
e 479.37932 1077.69615 4
e 338.68524 867.16745 13
e 600.68933 895.22391 11
e 576.19675 679.90897 7
e 421.51232 684.89547 15
e 334.44174 1055.96298 12
e 436.46348 945.17820 15
e 489.37305 1029.15572 11
e 453.44878 1031.45758 9
e 503.75135 734.72430 4
e 471.94987 822.62832 11
e 459.38295 788.92841 12
e 367.35789 751.42277 6
e 629.91681 845.38653 15
e 592.18226 946.69984 6
e 503.61131 747.79316 4
e 716.20484 998.84766 7
e 381.78449 915.17286 6
e 532.17362 824.47422 8
e 493.38438 1026.88030 6
e 400.24456 1016.60263 8
e 369.77734 709.48910 7
e 622.86654 970.37276 10
e 460.32279 921.10051 16
e 451.85103 843.28569 12
e 566.98853 921.89308 12
e 384.11683 808.20651 6
e 398.16875 881.32872 10
e 331.04639 767.33584 6
e 508.34920 977.26163 8
e 311.49984 869.56149 12
e 347.70713 1049.20516 12
e 512.23721 676.48952 20
e 264.28652 1058.94639 9
e 535.11304 824.27359 8
e 512.42959 713.26798 11
e 364.83595 878.50204 13
e 480.41485 795.84296 10
e 340.71497 892.93292 15
e 588.39550 425.54447 10
e 420.90292 913.51344 10
e 448.61609 1051.14049 8
e 514.25006 913.00672 11
e 300.71482 839.84197 8
e 533.00108 905.77944 12
e 422.07553 661.47407 10
e 537.55479 947.46176 9
e 558.98385 894.39338 8
e 569.89794 805.65029 13
e 431.74576 917.65736 13
e 341.98178 935.77396 12
e 427.51386 927.94016 9
e 634.75919 991.59347 11
e 330.70290 735.14650 9
e 409.97547 1067.14411 8
e 340.53023 744.11492 16
e 473.53445 830.45438 8
e 454.27190 800.16341 9
e 413.19793 919.78503 7
e 293.69471 1031.02633 11
e 629.58697 1030.27441 9
e 559.28308 915.46444 9
e 382.98003 789.27746 5
e 547.87668 741.84813 8
e 498.88730 1062.33163 8
e 455.67519 982.70671 6
e 528.52902 834.75814 5
e 286.22335 761.67548 9
e 406.82947 1003.28744 11
e 347.81820 922.77871 7
e 429.53555 833.71328 5
e 461.10864 941.98379 7
e 504.39475 815.90459 9
e 606.92618 1043.46143 8
e 546.74298 929.17590 4
e 339.35313 998.70137 5
e 591.76105 844.18123 13
e 321.77647 699.42349 10
e 443.22060 693.33393 9
e 459.94148 1047.75942 9
e 316.28725 847.45825 11
e 418.72263 977.28281 7
e 410.22600 1051.27801 8
e 447.46968 1020.14427 9
e 242.07152 1067.29252 8
e 334.00957 958.56540 13
e 530.11741 880.18558 9
e 465.38246 924.82133 9
e 507.91544 1056.38443 13
e 596.30787 838.08132 6
e 596.43051 900.18702 11
e 419.76796 770.50925 8
e 508.21587 1059.46727 14
e 571.83380 930.76079 6
e 403.46046 964.08661 8
e 577.40341 697.47526 8
e 483.05606 1056.60176 8
e 503.90892 957.38925 13
e 301.78103 738.56900 6
e 566.68588 528.47948 8
e 523.87030 1079.02068 14
e 588.63262 1079.76045 7
e 415.47130 980.61819 7
e 327.54016 1044.58134 12
e 485.77545 782.10637 7
e 448.66809 791.08149 7
e 276.99841 813.01168 12
e 379.31408 1033.41471 10
e 384.44358 990.67899 9
e 495.49916 924.35188 7
e 498.00700 1004.48258 9
e 314.40726 766.68571 19
e 217.33123 934.74444 9
e 371.53274 884.32325 10
e 519.22766 809.67502 9
e 378.34799 895.11375 9
e 496.95879 680.83968 7
e 530.49687 616.25812 6
e 488.60723 833.06952 18
e 328.84150 1001.93640 13
e 634.15306 944.66421 8
e 451.31615 1067.16620 6
e 283.20472 993.26078 11
e 531.70822 772.95392 8
e 533.14125 1045.63914 8
e 365.33487 1058.27310 10
e 519.17210 722.73605 14
e 405.87092 833.26254 7
e 464.88182 936.01496 9
e 365.75102 1044.13103 8
e 447.46590 1072.43739 8
e 556.42833 720.94169 7
e 438.38841 706.78413 7
e 540.79835 747.00208 9
e 382.62164 782.60110 7
e 396.50269 796.22945 10
e 364.39173 959.46470 12
e 542.33847 893.17609 7
e 374.01254 1021.53991 11
e 486.83663 637.81009 8
e 485.46595 725.27145 19
e 513.62486 1011.87855 9
e 563.24551 821.71806 12
e 474.64227 790.30113 8
e 314.68276 876.36490 10
e 379.27996 1068.07559 8
e 555.97912 705.25399 8
e 466.11634 977.73715 10
e 392.67481 1079.66310 7
e 588.82124 1021.97184 12
e 436.83668 758.35806 6
e 304.59622 1005.38086 8
e 566.35920 991.79651 11
e 219.22036 1000.36689 10
e 384.85657 969.55470 11
e 391.12715 1026.08128 11
e 442.19896 917.24086 5
e 528.26034 770.86546 8
e 523.60540 1003.63951 8
e 333.93711 1017.45703 11
e 601.53952 727.04747 12
e 403.15519 1024.26074 8
e 489.82460 821.02837 12
e 297.46621 767.05314 8
e 304.78945 880.35216 9
e 300.84957 956.70777 8
e 319.16870 857.07832 15
e 548.01372 714.22299 7
e 269.35356 778.82625 7
e 589.24370 808.73889 5
e 412.99199 942.49213 11
e 511.52908 970.39153 3
e 348.40621 1010.92117 9
e 503.60646 868.92332 11
e 447.86961 768.15427 8
e 542.52190 859.82989 9
e 548.46758 1067.59171 11
e 431.28399 895.64071 7
e 446.00567 826.37154 8
e 667.75017 1025.62419 11
e 397.92995 830.30617 9
e 489.73882 821.27318 12
e 480.19384 914.18626 10
e 352.66557 599.80540 6
e 443.60729 1066.95840 7
e 431.39188 964.18003 7
e 545.10686 995.57064 11
e 516.48377 957.41207 6
e 333.41478 1053.62388 8
e 556.05046 874.31465 12
e 407.54564 950.31336 11
e 440.96547 889.05600 7
e 591.59412 988.86410 7
e 396.06845 927.04968 7
e 536.92806 654.20819 10
e 403.95821 998.95349 13
e 506.51011 979.20191 11
e 290.39163 1020.95771 9
e 557.33554 635.57785 8
e 589.23511 1004.20052 10
e 562.71564 656.69275 7
e 486.29412 1012.04172 11
e 399.33147 838.55535 7
e 356.90468 875.88988 9
e 474.04035 884.33756 6
e 485.65362 900.36387 13
e 457.52854 742.39403 11
e 340.87931 897.05243 11
e 481.44584 874.34230 4
e 399.61106 928.76161 18
e 349.58892 772.13139 9
e 517.27010 981.62695 10
e 453.14919 623.95220 7
e 399.33103 758.64440 9
e 411.83756 921.90740 9
e 483.35884 829.63419 12
e 524.69062 1000.60780 5
e 528.29361 865.12082 9
e 554.72940 916.75210 15
e 430.41010 1070.38531 4
e 465.11975 744.35923 14
e 349.55479 991.05575 6
e 488.35012 980.89418 13
e 521.33126 909.60443 13
e 448.12306 1013.35517 9
e 583.65679 936.23171 9
e 413.79761 753.89754 8
e 509.71456 895.18963 9
e 502.44509 972.32920 5
e 405.39104 877.71676 6
e 516.30558 957.58559 9
e 503.85239 742.57537 7
e 454.76367 970.19167 12
e 499.47759 845.24439 13
e 552.18370 912.68427 7
e 456.82317 668.72415 5
e 334.85642 973.41193 13
e 686.92704 1013.79968 7
e 423.44531 889.97049 8
e 604.76758 1034.79993 10
e 641.29252 1079.25888 10
e 477.34538 822.42677 9
e 543.24339 882.28886 9
e 240.91381 823.52464 4
e 526.63666 858.53493 7
e 638.16962 829.11256 4
e 354.52772 825.22393 10
e 386.81815 1002.79055 8
e 434.87643 885.15531 7
e 413.17220 878.10724 12
e 458.80904 796.11782 8
e 406.53110 1071.88364 11
e 562.41077 988.74544 12
e 474.74236 938.88990 9
e 368.63967 971.14410 8
e 389.76542 898.86054 9
e 437.08719 807.69745 9
e 271.73320 931.66989 11
e 391.40773 750.64875 7
e 293.86086 937.88512 14
e 535.90173 989.61945 10
e 426.49898 913.23771 5
e 253.27555 994.24463 9
e 530.58800 556.82046 13
e 481.75644 726.80393 9
e 437.26196 881.19444 8
e 504.22576 724.61870 8
e 526.47926 1024.29022 7
e 444.46253 1011.92464 7
e 430.33307 827.38860 10
e 518.80337 1053.86250 6
e 390.18017 898.36005 12
e 369.25496 741.48290 10
e 495.20701 1048.88116 8
e 604.20816 909.48753 10
e 521.11104 935.71620 6
e 485.33738 1035.80292 7
e 444.27312 797.17327 8
e 540.61474 978.48733 10
e 480.82384 963.59987 11
e 297.56109 710.42785 10
e 391.94663 773.68077 12
e 477.90880 929.30743 10
e 457.36071 701.38022 13
e 541.49855 1033.24883 12
e 342.89718 930.45419 17
e 514.84102 1006.69657 12
e 506.90756 878.69994 10
e 367.93454 1032.43820 7
e 456.84055 889.38460 9
e 585.50452 813.39391 12
e 479.91041 1018.35619 11
e 506.07129 1051.69063 14
e 422.46275 969.80981 9
e 549.62194 973.61318 5
e 496.00380 837.67659 8
e 455.19846 909.71796 7
e 420.95750 989.22548 15
e 473.98717 995.83492 12
e 442.69535 870.66715 10
e 373.37446 916.24005 8
e 461.98129 777.48952 11
e 422.02348 900.99544 11
e 379.28650 900.81221 12
e 478.26970 912.05046 9
e 454.13863 1040.62786 7
e 405.75989 792.12138 10
e 414.88180 625.74032 13
e 622.72169 977.61914 6
e 626.46292 716.15478 15
e 408.16818 961.76853 7
e 589.11166 814.29849 10
e 359.45971 943.88397 5
e 346.97017 852.37969 7
e 290.17290 429.33418 8
e 513.79410 1047.57785 7
e 440.69429 823.22320 8
e 351.24198 995.99879 6
e 429.34293 929.48538 8
e 373.91667 1023.18664 7
e 372.96064 900.93703 12
e 414.56384 1007.94549 6
e 400.87673 922.53669 7
e 437.02532 839.68790 10
e 551.89146 1040.31521 7
e 412.75024 1009.69970 10
e 395.32792 891.56166 7
e 439.65445 1017.50611 11
e 427.30046 897.90414 9
e 477.83218 830.63089 7
e 392.52761 629.62068 11
e 528.09403 881.03668 9
e 387.11858 1021.67567 11
e 405.49702 868.72478 8
e 417.32202 969.40983 16
e 405.66022 930.15886 17
e 415.50666 856.87580 6
e 358.01338 962.11611 9
e 591.87290 798.86602 9
e 360.42801 827.00504 11
e 375.24938 1039.78124 7
e 461.32784 909.83384 6
e 571.83559 903.45082 7
e 360.27149 808.53748 12
e 463.72765 999.70012 8
e 534.28767 843.10557 5
e 289.17741 1020.48419 12
e 442.64659 962.88879 9
e 508.62901 927.77515 5
e 549.43039 799.27386 8
e 419.76382 883.59264 9
e 530.36587 944.16948 8
e 524.38258 877.88440 7
e 463.96912 718.65267 6
e 371.36017 816.67478 9
e 408.30061 1035.71183 7
e 472.62431 923.79958 10
e 324.45313 782.06396 4
e 384.54124 928.98841 3
e 400.64352 916.60965 13
e 384.52530 626.24728 8
e 336.46183 946.83739 13
e 417.20265 947.60965 8
e 292.09036 1023.86732 8
e 586.06548 956.77757 7
e 501.23520 999.98120 12
e 405.42716 258.64365 11
e 684.44979 324.49831 11
e 683.13335 264.14080 12
e 447.60446 434.15177 9
e 415.32568 173.15166 8
e 406.50566 36.85360 8
e 333.54706 357.02721 12
e 366.55207 247.23069 9
e 592.10958 519.41832 7
e 552.72803 370.28627 8
e 497.78453 111.79022 11
e 496.18638 137.03678 12
e 497.68402 178.60474 12
e 664.66891 223.36373 10
e 401.50065 164.44096 6
e 419.23612 443.74791 9
e 516.53402 313.93937 12
e 426.41053 21.93345 12
e 523.76830 374.26271 13
e 226.05523 359.94984 9
e 596.53106 498.41910 6
e 517.44051 250.75227 11
e 446.29197 270.78070 7
e 402.16152 278.23660 9
e 451.96762 34.76613 13
e 311.61533 230.13308 10
e 559.29819 553.08612 10
e 499.05053 384.85125 9
e 450.29588 239.84896 8
e 521.62260 250.37672 11
e 601.97377 252.10950 6
e 405.18444 27.51454 4
e 414.16168 296.09500 9
e 403.68540 151.71221 6
e 536.03787 347.24467 9
e 584.44425 200.87850 10
e 654.49842 179.26997 13
e 275.13708 64.29216 12
e 459.78003 52.75249 12
e 500.92544 325.22063 6
e 528.41406 232.52822 11
e 529.64966 504.68081 15
e 413.58342 127.01283 9
e 439.29676 304.53412 10
e 460.85248 162.08536 7
e 494.58318 211.15718 8
e 642.81018 99.45377 7
e 503.56330 153.25330 6
e 538.12538 257.06468 9
e 362.22407 167.06975 6
e 517.65159 160.64862 11
e 593.61963 388.26516 6
e 459.35970 139.71025 9
e 495.16645 258.23204 7
e 596.47117 269.00122 15
e 467.75569 146.72476 9
e 424.09436 292.56251 12
e 532.51363 116.65021 13
e 554.12789 164.41663 14
e 613.35403 199.47802 9
e 543.33736 254.16344 7
e 482.33889 80.87667 9
e 482.03366 126.43897 12
e 563.46034 131.94652 12
e 550.94396 364.72250 7
e 485.72529 198.78424 6
e 390.94018 32.72976 9
e 447.48769 206.24692 12
e 551.05253 278.67586 7
e 440.65018 221.66307 7
e 555.89084 336.31906 6
e 604.74869 222.69416 7
e 566.90498 486.00006 8
e 535.62620 164.15473 9
e 651.20399 188.95178 11
e 399.42621 356.15111 10
e 391.39008 223.79794 13
e 604.67185 549.95336 12
e 556.79262 388.32376 10
e 640.50368 243.84337 7
e 573.39308 279.76716 9
e 433.54781 429.92708 18
e 541.62735 214.40230 8
e 557.50694 394.34984 8
e 601.14866 12.33313 8
e 433.37622 309.83164 5
e 524.70915 108.74907 6
e 667.38946 299.28771 8
e 490.10516 378.36573 5
e 380.71825 169.88915 6
e 425.84136 96.95999 7
e 590.61112 83.83423 7
e 526.23211 252.13191 6
e 594.20026 318.69448 5
e 356.53642 257.70546 12
e 387.32213 128.46861 13
e 297.40567 3.70573 10
e 517.99286 239.18339 12
e 361.71938 60.40051 4
e 625.40509 41.32802 15
e 423.87261 70.53778 6
e 645.27196 210.63932 14
e 616.37431 276.70359 14
e 350.23208 364.49106 10
e 591.49085 318.43577 7
e 634.48556 241.21088 4
e 471.71372 219.77080 8
e 604.73989 268.83856 12
e 382.99896 268.01547 9
e 509.65901 287.22630 5
e 540.76800 422.64288 10
e 527.52165 285.39472 10
e 438.78837 479.95550 8
e 553.89802 211.24970 16
e 502.50808 117.61175 8
e 537.88368 123.25804 11
e 524.28695 279.39567 6
e 379.61795 453.24882 6
e 509.58517 437.87669 13
e 484.56131 360.92214 9
e 398.49112 212.63051 7
e 512.77999 281.90370 11
e 495.50452 473.58324 7
e 508.94935 363.82167 8
e 511.78962 127.70183 7
e 623.11424 214.09546 6
e 474.68555 288.17509 10
e 352.91216 245.35729 8
e 433.75004 206.04513 10
e 479.96346 141.91005 10
e 486.84494 164.70947 9
e 328.79518 225.51926 5
e 440.70642 233.17421 8
e 527.85298 33.69912 18
e 576.66713 114.76079 9
e 421.64631 384.55440 12
e 533.28098 63.69470 9
e 514.61634 308.82575 7
e 590.59941 180.70687 14
e 432.11586 147.32604 10
e 631.34983 322.28800 8
e 469.84913 322.34809 3
e 435.44048 103.52463 6
e 558.63680 241.89045 9
e 418.96920 395.57000 10
e 595.43809 118.80624 8
e 693.76042 85.47677 7
e 395.86332 141.68449 8
e 616.66718 291.71550 5
e 524.04460 249.82082 7
e 422.75756 189.35640 6
e 415.95958 54.36649 11
e 565.90894 308.79378 7
e 475.78319 284.28941 7
e 392.69911 285.37349 14
e 594.82619 211.64450 12
e 478.48940 197.11146 8
e 574.17312 399.77868 10
e 309.98125 219.80969 8
e 266.70535 186.95148 10
e 531.36822 395.23210 8
e 569.40354 354.77868 8
e 556.39597 22.96502 15
e 454.84773 55.52328 11
e 491.77806 111.05710 5
e 357.58043 278.18076 4
e 625.69924 498.67523 12
e 464.58228 292.59636 14
e 573.13690 47.78649 7
e 550.26643 346.60723 8
e 565.26394 130.59066 7
e 555.86679 371.04824 8
e 341.89264 163.58639 6
e 433.07098 455.63292 9
e 691.08685 286.70126 12
e 425.22205 142.35129 13
e 566.24557 360.33930 11
e 453.99842 124.89875 16
e 639.76998 190.79890 9
e 577.63884 340.69259 12
e 477.66349 338.35643 8
e 257.49182 394.21177 10
e 264.71576 213.11321 13
e 339.25671 208.35331 11
e 481.63322 171.23873 11
e 573.19524 7.04987 13
e 627.86144 371.15151 12
e 477.21656 286.51340 10
e 577.96252 210.53914 10
e 456.26492 257.14573 13
e 308.83653 111.80061 8
e 679.97994 93.31395 14
e 537.03970 184.09352 14
e 506.23282 432.51679 10
e 463.74019 107.47019 8
e 539.43823 278.85262 9
e 460.97526 90.94725 5
e 477.34506 331.53225 8
e 448.65663 495.14902 7
e 604.06307 439.22327 10
e 460.31317 159.61234 18
e 416.99441 310.39455 18
e 550.66494 346.11929 6
e 346.01412 2.40046 6
e 242.95957 213.49340 6
e 479.26077 207.82504 14
e 588.05403 374.39733 8
e 513.93543 351.95068 12
e 377.72024 294.86755 6
e 435.78080 196.20184 9
e 492.49102 346.02816 15
e 452.14413 244.03929 8
e 449.57666 322.25451 10
e 430.82440 232.48094 10
e 552.80254 221.14843 5
e 363.49925 327.15963 10
e 397.09662 146.79291 9
e 511.84424 42.44426 8
e 427.54711 332.55286 9
e 321.08338 386.62659 13
e 401.49466 80.46058 8
e 378.30474 140.85905 11
e 361.34668 154.09977 15
e 458.31430 122.81408 7
e 431.21063 396.47720 13
e 473.96912 293.41006 10
e 582.83084 338.99110 5
e 575.83142 304.24001 10
e 461.11995 86.41490 11
e 392.06394 130.27699 7
e 359.53934 293.08575 10
e 495.70638 362.14798 8
e 689.64372 506.94165 10
e 442.74121 255.30134 13
e 620.30511 368.45566 7
e 408.93474 448.19764 12
e 573.44203 125.43793 10
e 395.30421 81.27375 9
e 299.06460 85.32855 11
e 429.47463 245.28538 11
e 677.98516 210.91365 7
e 596.92186 163.99147 13
e 502.60827 315.58268 10
e 572.20683 90.95811 8
e 533.59109 298.50034 11
e 460.31636 105.31502 7
e 584.47474 462.38377 10
e 434.56108 255.82655 6
e 505.51809 158.44990 14
e 419.31870 394.38811 5
e 473.07496 517.01005 14
e 514.04112 186.12612 16
e 462.86199 317.21796 11
e 632.11079 168.00877 10
e 680.74603 326.13113 12
e 456.54707 467.80234 8
e 533.61363 162.21131 10
e 477.96690 200.32923 8
e 258.90693 446.06242 11
e 417.93598 219.97023 8
e 620.53272 298.40012 13
e 402.43030 125.12618 10
e 472.20268 102.98561 10
e 465.54188 178.41343 17
e 430.35818 269.44231 9
e 365.86398 166.15773 8
e 396.67940 142.48964 10
e 374.64705 382.53292 6
e 441.52525 59.94582 8
e 490.68311 224.44243 9
e 453.85144 177.76827 9
e 476.68199 137.29213 10
e 410.80681 398.45546 12
e 533.51643 159.29624 5
e 495.42684 120.88532 9
e 375.56916 159.19838 4
e 417.14920 168.50046 14
e 574.51331 177.15199 7
e 384.53434 370.79456 6
e 433.67903 429.82292 8
e 523.13116 306.77849 5
e 448.27314 123.92433 10
e 516.81551 336.56894 4
e 415.56095 467.49842 7
e 514.84866 179.76783 6
e 356.01633 26.78854 4
e 611.35203 263.04500 8
e 484.08688 209.51679 11
e 605.23100 131.70802 8
e 400.24371 146.68302 6
e 563.17715 296.73451 5
e 438.91985 292.96992 8
e 301.39062 126.08362 11
e 490.88014 465.78722 7
e 468.85327 108.00725 13
e 515.73171 284.03400 7
e 458.69032 249.65275 10
e 579.96601 54.11726 7
e 535.53729 79.31340 15
e 272.60325 403.94335 9
e 454.35111 284.88769 13
e 344.68830 23.09089 9
e 400.73389 436.18704 5
e 484.09514 55.28312 6
e 545.69585 103.00022 17
e 466.36055 266.68534 10
e 523.36419 237.93306 16
e 491.48438 319.00254 6
e 377.70557 339.36258 9
e 482.73757 345.34682 5
e 455.91640 77.98113 8
e 468.96385 387.85710 9
e 386.19640 444.60557 6
e 477.89642 201.41110 10
e 406.15853 564.39019 16
e 441.96191 48.72375 7
e 387.71184 182.75212 10
e 422.03908 5.78371 10
e 377.60307 283.17492 4
e 307.44520 336.40888 8
e 556.64542 421.81995 9
e 559.76252 278.52854 12
e 503.04943 242.53579 12
e 481.92405 290.65893 11
e 338.47232 207.85062 16
e 487.92968 329.80383 3
e 488.45026 588.04582 12
e 545.27864 68.14085 9
e 409.47958 317.19155 6
e 525.11343 293.24739 14
e 652.79779 365.23897 6
e 504.21209 174.83551 12
e 431.96807 178.21736 12
e 606.22498 541.56384 4
e 530.73679 403.48745 6
e 553.03125 33.01584 6
e 524.00543 235.11911 9
e 474.73642 391.09835 11
e 518.36487 156.44681 8
e 520.46622 161.18350 11
e 533.41894 328.30955 10
e 614.56961 86.10148 10
e 607.92200 166.98674 4
e 539.07933 153.81667 8
e 441.54330 267.22623 11
e 511.49319 299.50687 11
e 503.25592 462.29015 5
e 508.74054 390.65749 10
e 561.51977 409.82881 6
e 361.80667 84.54450 7
e 449.44587 403.85304 11
e 489.32146 188.20867 9
e 457.08732 439.85563 9
e 514.04409 373.83592 7
e 641.17178 59.51622 6
e 590.94751 143.82158 8
e 458.45577 140.84437 16
e 366.83903 602.13301 9
e 402.75962 321.46226 7
e 457.88419 72.50161 11
e 440.93465 49.16219 10
e 476.49184 317.81902 7
e 349.16184 366.48099 11
e 509.79058 126.52836 9
e 422.13989 130.96616 8
e 583.68286 100.68412 8
e 623.57966 60.32998 7
e 645.21438 184.46797 6
e 697.29679 355.20872 8
e 513.11018 145.92854 8
e 309.08160 44.09004 9
e 428.85621 284.46711 9
e 526.85192 205.77017 8
e 513.93659 311.61336 12
e 525.10910 73.52297 15
e 521.74200 225.10761 9
e 653.42299 195.72401 5
e 600.50793 291.25028 8
e 435.88975 92.54406 11
e 568.90818 61.23604 8
e 633.75367 222.05382 11
e 534.26836 308.05080 11
e 447.10120 105.47941 10
e 597.65449 166.98546 8
e 471.07613 46.03451 10
e 295.40406 268.54050 12
e 417.24774 197.94587 12
e 506.46229 463.19561 6
e 528.02652 202.36158 15
e 454.32314 245.33163 10
e 454.52624 392.15891 8
e 501.10981 220.21770 6
e 521.78215 209.29577 9
e 548.14257 326.37825 8
e 401.34238 449.37135 5
e 577.32659 280.67368 10
e 393.00629 172.83268 6
e 390.14444 292.09844 7
e 499.70697 104.15641 9
e 553.00983 165.40483 10
