c ./output/rectangle/gaussian/gaussian-rectangle-9-1000
p rectangle 1000 720.00000 1080.00000
e 77.65994 569.42023 12
e 232.97782 13.76315 6
e 251.57019 168.93726 9
e 89.74311 432.14044 12
e 218.46348 462.74433 11
e 404.46870 398.12893 10
e 138.11446 238.56802 9
e 197.07977 110.20084 10
e 110.60808 254.58242 9
e 210.22987 104.58322 6
e 265.65845 378.41026 7
e 229.16341 361.02059 10
e 337.98729 523.10876 4
e 161.22426 401.29157 8
e 357.33048 145.52904 9
e 125.91815 121.38655 6
e 157.44146 248.92201 5
e 149.25570 133.44013 10
e 268.18366 93.07610 10
e 218.41201 318.76811 13
e 190.28073 94.21283 15
e 152.74505 321.67735 6
e 197.01879 381.35280 6
e 318.42806 135.22471 5
e 183.14670 257.39773 13
e 197.85067 421.76352 5
e 179.10854 256.81137 9
e 385.44209 520.23454 4
e 212.42189 408.86774 11
e 249.36104 305.31063 11
e 95.53888 388.62510 5
e 291.50585 197.30020 10
e 217.19975 227.65031 9
e 319.84831 458.11376 6
e 243.82866 391.69105 10
e 257.61278 166.38400 8
e 283.81095 446.82175 10
e 229.67466 387.27551 8
e 149.86490 50.23347 9
e 228.60542 258.09114 9
e 99.01855 90.95582 9
e 299.59939 29.15918 11
e 131.15874 211.91180 11
e 336.90924 142.99591 9
e 294.38619 39.41726 12
e 208.96332 424.88541 10
e 102.52360 380.45055 7
e 158.54633 9.30063 10
e 312.53952 141.73545 9
e 229.13212 428.53464 9
e 171.92458 177.41508 4
e 223.10688 342.73688 3
e 228.86246 314.81944 12
e 289.21682 84.05807 15
e 200.99753 178.52359 11
e 320.23184 325.41905 6
e 174.27792 190.82795 14
e 32.76507 521.57215 8
e 70.93317 52.80089 9
e 323.41204 578.27289 7
e 232.00768 500.68906 13
e 290.68662 444.18519 10
e 237.72640 408.68153 7
e 327.37502 48.96356 9
e 155.37622 275.53482 8
e 99.09394 283.67375 14
e 167.45142 146.68699 10
e 324.30190 73.72598 12
e 325.25238 227.97763 7
e 222.92218 88.43678 11
e 74.26138 430.93081 16
e 300.25484 246.30246 10
e 42.79897 149.46456 7
e 284.88621 280.50735 7
e 162.12366 412.47307 10
e 258.79607 214.00182 6
e 178.35715 318.83227 5
e 361.93697 130.17071 11
e 262.98265 142.29942 10
e 106.39080 445.66745 7
e 196.43439 169.86194 9
e 186.16095 298.30849 10
e 454.52225 126.51445 10
e 236.70646 244.69629 6
e 327.62503 212.91469 10
e 217.92309 89.92341 10
e 445.19154 326.31577 9
e 35.32431 234.17595 15
e 262.50138 265.67753 9
e 231.11251 429.43241 4
e 194.03163 302.63937 8
e 271.94525 362.82797 7
e 200.97736 126.37837 11
e 407.44015 273.48250 9
e 269.65162 303.69995 19
e 319.51314 303.43396 10
e 156.74527 293.51043 5
e 324.57162 325.11675 5
e 85.37775 145.78480 6
e 207.83300 537.91176 8
e 188.35738 343.43825 9
e 210.75549 354.67702 9
e 290.49141 128.21285 9
e 264.67908 137.78274 11
e 179.31772 272.81411 8
e 318.34014 333.82705 10
e 137.84310 173.39102 13
e 220.95179 21.20064 6
e 178.81681 422.91879 9
e 143.91998 361.65650 13
e 96.29470 153.94018 12
e 139.61620 63.65703 4
e 211.10474 258.97990 6
e 181.54461 222.76712 4
e 198.95417 240.98595 8
e 255.85208 471.30656 9
e 246.54707 258.78188 5
e 103.63795 178.55626 4
e 231.98657 156.13761 5
e 266.73989 538.89226 7
e 132.95516 124.24631 6
e 236.39442 206.57230 8
e 308.36091 137.44253 7
e 262.33567 285.42484 15
e 264.46418 178.48734 7
e 272.63414 558.61431 10
e 214.11405 332.89687 13
e 355.56331 323.55741 6
e 302.49190 292.01285 7
e 272.05533 294.49469 9
e 498.12519 452.20431 5
e 211.87776 509.40320 7
e 286.78775 430.19727 11
e 336.49139 76.81183 9
e 157.37418 535.37967 12
e 277.74086 155.54987 7
e 258.46856 177.12004 10
e 155.84394 236.34987 7
e 309.03189 198.63215 11
e 281.41931 214.34761 12
e 178.79611 407.57918 13
e 213.19915 300.39491 9
e 389.04737 71.17921 16
e 212.23922 352.23146 6
e 105.38413 452.69740 9
e 142.16054 243.84997 11
e 94.40397 302.86014 17
e 251.07903 318.45624 9
e 239.30607 224.63323 6
e 303.00691 237.03388 11
e 158.14305 333.86210 6
e 251.85795 251.34492 8
e 211.66603 197.31888 9
e 121.45314 462.24965 10
e 255.77518 165.93879 5
e 193.13132 389.06400 8
e 322.31592 313.26865 10
e 277.81644 167.96575 12
e 173.47698 251.44179 13
e 182.79203 205.10210 14
e 227.80766 235.15303 10
e 120.42735 91.67646 11
e 228.43603 195.62894 5
e 71.79851 407.21729 15
e 227.87826 222.62840 9
e 99.92634 507.42783 10
e 246.88762 141.18819 15
e 191.76304 183.85223 7
e 479.18710 451.40277 9
e 142.90995 300.40138 13
e 375.30130 296.72882 8
e 265.79710 357.32932 9
e 172.92299 231.30632 4
e 193.89470 289.47079 11
e 137.30357 600.37730 7
e 163.50962 458.51045 7
e 310.53154 192.84012 14
e 238.84302 401.54547 8
e 160.52948 189.80436 8
e 228.68429 219.90288 4
e 203.91790 284.61231 12
e 232.19185 298.72687 8
e 249.43288 246.20716 9
e 106.17124 266.90710 10
e 246.60653 95.40751 6
e 274.14832 130.88387 11
e 89.50089 125.24445 9
e 273.54185 173.36681 10
e 208.91429 727.77587 6
e 312.56551 427.38728 6
e 291.60936 419.02702 9
e 204.16513 369.46738 10
e 126.69175 269.14676 13
e 215.78291 437.29863 11
e 242.17407 82.00756 5
e 64.07506 228.82869 8
e 330.35040 309.74114 11
e 284.38645 67.95303 8
e 171.31409 372.26541 11
e 288.88621 381.98992 7
e 215.96161 108.23880 10
e 41.39335 401.84473 10
e 271.60949 224.52294 11
e 97.42599 173.20441 10
e 217.63066 227.50358 5
e 227.43974 201.17646 8
e 207.67443 308.05841 7
e 191.32925 205.56079 11
e 398.24603 309.99722 10
e 71.13503 188.36110 9
e 282.68466 56.50015 11
e 118.55985 45.33987 13
e 198.49703 154.57217 6
e 268.11149 227.46272 3
e 190.32261 293.77119 7
e 378.21370 281.22101 15
e 375.79958 530.28630 8
e 206.01934 242.84682 10
e 251.40201 394.63331 9
e 84.00526 335.86400 12
e 191.43231 468.89972 11
e 127.17544 393.38167 8
e 113.55831 373.73463 6
e 209.48179 126.45896 15
e 163.85105 221.12766 10
e 214.48230 593.78942 7
e 57.66071 251.32309 6
e 131.03975 293.29160 9
e 281.62777 183.16928 8
e 230.92207 248.25225 9
e 413.66340 240.60672 6
e 244.75091 192.42534 12
e 276.74937 372.43778 8
e 228.50340 169.53791 8
e 144.08055 191.49578 12
e 271.90802 234.26808 7
e 238.59308 115.99020 4
e 242.80131 372.98822 10
e 299.77579 227.99781 9
e 144.88282 0.63299 10
e 242.11250 570.60712 9
e 168.81901 141.06120 9
e 146.74858 161.96065 7
e 116.68349 210.88554 9
e 319.45356 238.50613 10
e 271.80385 287.72603 9
e 93.79059 181.93287 10
e 198.74421 198.75535 10
e 354.45086 527.21770 8
e 243.84701 892.18961 10
e 448.61735 223.65391 7
e 143.75680 520.13737 9
e 132.23575 310.44364 8
e 63.39449 314.50431 7
e 263.82792 242.98445 11
e 161.92183 377.22562 14
e 240.12155 246.79903 5
e 179.06054 678.19101 6
e 138.28075 317.41164 13
e 217.76263 217.90683 11
e 111.20796 197.42690 6
e 270.13901 288.07936 6
e 384.74064 594.22749 7
e 213.37656 339.57076 7
e 183.58750 134.41278 8
e 240.87568 170.25864 8
e 259.29612 408.45950 6
e 103.37139 387.24350 10
e 352.74579 285.34093 6
e 182.49234 79.30654 13
e 285.80381 316.21452 11
e 169.73103 394.40445 11
e 258.68608 285.67004 12
e 133.56605 82.16941 9
e 191.29802 238.64588 8
e 174.82629 600.16558 7
e 459.64824 338.40125 13
e 31.70245 381.97894 13
e 256.01643 198.63473 4
e 140.48238 405.28525 12
e 311.44892 256.65743 10
e 172.04141 382.84725 8
e 129.37870 82.43150 15
e 250.63988 327.66027 4
e 55.88590 28.59430 11
e 163.55455 203.20866 6
e 161.81303 344.01432 10
e 106.75068 282.31163 13
e 366.69861 142.70741 5
e 288.83622 62.50125 11
e 327.47035 309.52765 16
e 357.60676 252.27672 8
e 59.06289 539.06983 5
e 265.54754 495.25892 11
e 382.67571 266.45251 9
e 234.53704 412.45943 8
e 414.31773 247.41945 8
e 150.47253 410.92977 9
e 270.96865 272.68058 6
e 136.95524 279.21088 10
e 233.37156 232.07446 14
e 109.51657 158.18981 4
e 317.32733 145.21555 10
e 308.04953 384.25381 7
e 160.41355 124.25547 10
e 6.60747 243.25496 15
e 329.70205 96.04711 9
e 415.73542 472.04876 13
e 262.38508 173.69991 6
e 140.39262 222.43862 5
e 224.56068 269.83158 8
e 302.88514 368.28985 11
e 200.26813 335.99348 10
e 211.55548 83.17258 8
e 274.84153 604.04860 5
e 186.08837 103.14981 6
e 207.67238 647.09432 5
e 313.39519 200.17304 12
e 70.58282 85.80494 13
e 153.15427 55.37274 4
e 114.61360 372.20297 10
e 311.26278 309.02672 11
e 195.32159 193.37688 13
e 213.33891 589.75736 7
e 209.51278 175.23719 10
e 305.99209 464.48366 8
e 275.90433 210.33180 10
e 323.54157 249.23175 6
e 184.25172 473.57452 7
e 204.78639 381.57395 9
e 374.19954 334.08352 11
e 179.17237 300.45995 11
e 109.58758 365.56733 11
e 238.17792 272.51221 17
e 248.02361 414.04875 9
e 180.73834 256.85575 6
e 153.21093 322.10967 8
e 192.03487 216.27564 7
e 258.56216 528.62789 11
e 190.43884 560.90360 5
e 259.13688 115.90470 9
e 223.16862 502.94929 11
e 244.42241 318.10946 9
e 268.49950 84.85210 11
e 99.08599 326.88084 5
e 245.78420 3.04681 13
e 108.96439 296.57316 7
e 30.90777 389.89908 9
e 326.52628 585.35261 7
e 219.19050 258.15433 9
e 376.76355 359.87585 7
e 283.27542 526.97511 9
e 256.28752 411.40977 8
e 281.45788 341.36660 14
e 247.43455 180.65094 12
e 175.75845 285.26212 14
e 178.53556 442.03873 6
e 317.17000 209.42797 11
e 151.35598 67.62620 12
e 22.25293 115.14558 10
e 263.39752 14.52138 8
e 164.53637 168.64992 11
e 222.49050 267.10915 14
e 56.11547 326.50359 10
e 188.72678 55.72496 16
e 235.96871 27.75329 13
e 175.66482 38.18461 12
e 218.16899 490.65428 4
e 137.86727 670.11322 7
e 259.26341 264.57054 7
e 256.76076 299.55463 7
e 231.90977 416.02009 12
e 281.27181 204.48569 14
e 310.16663 379.38685 9
e 238.90550 350.13391 6
e 234.53491 461.55922 5
e 280.79350 365.88276 9
e 172.69063 334.78572 5
e 155.77015 262.94315 7
e 210.75067 84.17451 9
e 164.18904 304.82285 8
e 217.43663 84.09430 5
e 217.99938 371.52660 8
e 210.41962 346.71879 11
e 159.51743 442.34361 6
e 292.31102 428.34029 4
e 307.47123 397.92302 12
e 245.97077 127.31630 7
e 206.65859 149.00731 10
e 47.77758 329.62706 10
e 216.96755 264.02879 11
e 226.64337 429.22159 19
e 151.32859 413.91006 8
e 321.06181 175.38934 5
e 331.02071 351.22602 10
e 96.61537 457.06280 9
e 169.34120 482.86320 13
e 360.96208 661.31574 8
e 119.62095 147.76677 9
e 300.48228 269.41078 13
e 197.46474 319.91397 5
e 240.59012 570.54946 8
e 203.24874 263.44880 11
e 131.30954 253.22779 8
e 76.41401 351.02262 8
e 146.07076 481.54078 11
e 324.25698 89.50904 11
e 260.45643 334.55273 9
e 308.94516 754.62146 11
e 215.76439 319.70113 7
e 209.68933 309.36465 9
e 276.79270 296.32993 11
e 275.66131 476.17125 6
e 283.35253 123.06476 11
e 298.14519 458.78446 9
e 65.59961 181.01244 8
e 158.65900 340.83134 9
e 149.95423 208.62565 10
e 270.76238 200.33617 7
e 204.08579 637.13911 8
e 220.47390 256.91907 9
e 235.22066 396.77696 9
e 131.88797 302.01994 8
e 263.01805 127.01293 7
e 140.97650 65.94534 11
e 98.90222 5.75305 9
e 256.49676 27.61677 8
e 238.08289 365.15046 6
e 104.26186 465.54392 9
e 215.60822 552.17244 9
e 250.78940 126.75612 4
e 181.74258 515.35237 10
e 271.07503 238.01907 11
e 383.28092 477.89464 11
e 144.55528 73.74464 6
e 148.57803 277.08811 11
e 201.01201 238.70959 7
e 263.46847 276.24187 8
e 129.52812 51.74847 7
e 257.75257 451.76402 8
e 188.93983 220.53285 4
e 313.43101 87.91974 9
e 198.93234 17.67800 7
e 251.91510 130.11050 6
e 186.46053 244.14036 15
e 230.26127 52.35124 10
e 251.48456 350.69099 10
e 279.17755 374.62515 7
e 154.87288 279.01510 8
e 201.33971 179.50669 8
e 186.16872 202.61989 8
e 189.40508 132.68297 12
e 191.41803 79.89617 14
e 182.27858 390.33896 7
e 130.18137 227.19979 9
e 187.43293 177.41987 11
e 197.66783 89.99586 7
e 186.79431 338.41195 8
e 405.35471 207.79034 11
e 212.53662 266.96292 11
e 192.21012 396.45203 7
e 222.51483 213.29111 11
e 278.35833 212.93391 9
e 311.02592 182.91742 8
e 403.99006 657.25212 4
e 115.40335 384.14741 8
e 278.96365 376.27716 7
e 258.38674 271.19394 12
e 289.19040 164.44675 8
e 154.63267 51.20688 8
e 157.46804 196.95876 10
e 98.57940 498.56638 13
e 352.37424 564.09997 10
e 238.90041 315.76873 11
e 258.49321 288.63238 12
e 337.07018 142.12331 8
e 252.82028 254.75691 7
e 182.79914 528.21044 8
e 111.27837 207.39553 5
e 137.22568 214.58917 13
e 124.83147 317.08995 7
e 242.99564 558.24263 10
e 84.53317 321.57787 12
e 257.74962 552.98466 8
e 126.38454 439.01548 8
e 262.32872 163.87241 5
e 201.85949 249.42251 11
e 189.88370 445.70559 7
e 66.16397 177.12938 11
e 378.75163 275.96074 10
e 132.68792 372.74869 9
e 288.47686 37.00823 10
e 308.41409 605.44055 9
e 163.11231 199.64227 8
e 43.04268 50.46426 10
e 274.84995 218.35091 8
e 379.67885 420.85657 5
e 101.80805 91.55508 8
e 169.39194 90.72755 10
e 175.61927 272.78471 6
e 220.62228 364.69077 15
e 77.02680 122.86936 7
e 210.36735 236.98314 11
e 273.26373 86.73071 7
e 189.58607 211.51809 10
e 180.78835 196.68871 10
e 264.33365 267.87484 9
e 235.39390 456.94618 5
e 200.48286 227.59610 5
e 226.98084 518.03366 9
e 80.71448 217.21920 7
e 152.91602 279.09875 8
e 190.77667 247.14500 11
e 256.56995 369.04992 12
e 243.73808 312.79544 9
e 380.70381 379.03830 9
e 254.07667 23.86971 10
e 242.69029 83.40492 12
e 151.45537 100.47449 6
e 40.14199 251.21540 13
e 284.51942 329.23792 14
e 120.95095 213.58829 5
e 235.14679 280.16095 5
e 203.11064 325.12534 8
e 225.76588 216.13033 14
e 384.19963 312.26283 14
e 161.29242 391.15289 7
e 74.06768 180.72842 12
e 242.03241 70.45048 10
e 202.41033 289.96414 6
e 279.38928 102.03267 8
e 153.10115 315.45168 6
e 278.44900 148.88036 6
e 161.22295 142.75746 11
e 128.98761 395.94063 7
e 243.83121 167.36588 9
e 358.98445 313.83037 6
e 106.23869 323.02357 11
e 231.02458 623.28928 13
e 268.91928 196.13455 8
e 194.80853 525.32384 11
e 216.11015 331.13156 15
e 242.11047 213.52088 10
e 364.88836 83.34033 13
e 31.44042 332.69509 13
e 316.87250 151.17873 11
e 324.44918 232.59965 6
e 183.17320 316.85730 5
e 123.36232 194.24180 12
e 243.20549 452.85755 4
e 241.09978 315.32506 9
e 191.02605 200.41002 4
e 211.38500 147.38793 10
e 236.73045 129.84580 9
e 167.58467 240.55309 8
e 166.79510 286.54098 5
e 275.21060 27.71987 13
e 84.25311 363.63527 7
e 156.31651 325.33661 9
e 297.97975 187.18134 9
e 176.84838 418.97284 11
e 147.00748 205.93283 6
e 178.98305 272.64950 9
e 181.40410 127.29385 13
e 306.14209 349.10719 8
e 495.72514 165.62576 8
e 184.33932 194.63167 15
e 220.21467 151.85118 4
e 255.47663 423.30310 9
e 130.99830 90.35513 11
e 359.39338 179.68833 10
e 68.87399 566.32873 5
e 179.74328 8.08665 12
e 169.08024 393.33397 9
e 222.41010 299.97579 8
e 291.87658 307.06419 12
e 144.31186 266.53177 6
e 193.60647 246.50588 11
e 211.34629 291.87908 7
e 320.58054 329.38280 12
e 186.54216 50.44701 2
e 172.37499 296.33489 9
e 162.93302 82.98672 6
e 58.58180 143.25512 11
e 244.35718 283.57636 5
e 167.30714 61.55607 14
e 114.33389 204.34338 6
e 431.27906 250.46853 3
e 185.12903 381.60436 8
e 342.98027 146.29437 12
e 39.07903 26.23756 8
e 294.18437 188.40886 10
e 175.46444 111.41895 11
e 212.76288 117.78492 8
e 196.90272 368.31313 9
e 104.21724 237.28208 7
e 301.17376 620.93476 12
e 363.61511 383.55240 10
e 232.88525 359.67815 9
e 308.98653 453.59282 9
e 232.33887 284.00210 13
e 185.69425 299.34077 13
e 105.45759 358.00262 9
e 377.23992 332.82457 8
e 257.39574 549.25048 11
e 337.79127 200.45742 5
e 251.95327 213.65553 10
e 194.57729 297.92633 8
e 256.11335 432.82504 9
e 172.62991 226.36673 6
e 387.35368 452.23448 10
e 337.77297 113.89786 10
e 208.78281 238.48010 5
e 171.76912 252.76904 13
e 170.44331 388.93708 7
e 163.40772 78.73251 8
e 251.54538 323.85073 9
e 61.59424 143.95779 13
e 152.25533 223.18037 7
e 211.45342 115.99898 9
e 71.50416 177.81716 13
e 39.49189 98.77100 10
e 45.57034 351.52928 8
e 106.00322 518.47701 9
e 221.66945 479.22651 12
e 142.19334 392.52710 8
e 245.31442 165.54590 9
e 339.19336 507.58498 14
e 326.35251 428.66206 9
e 133.59444 303.03045 14
e 217.95191 331.51448 15
e 305.95127 592.80975 7
e 188.31712 255.10039 7
e 243.53339 219.19073 9
e 279.41791 253.03994 10
e 186.03722 587.50339 10
e 236.28267 398.15210 7
e 242.12599 241.86805 12
e 320.33426 343.48806 15
e 139.91812 548.52685 7
e 233.43200 271.00854 15
e 247.93595 222.09744 7
e 212.76717 170.46021 12
e 274.29857 256.03316 3
e 193.13455 81.92291 7
e 191.32851 205.95009 7
e 215.97599 326.67913 10
e 233.83993 415.29340 9
e 223.37062 486.30495 10
e 175.46493 44.36570 7
e 237.01898 185.14099 9
e 228.43947 319.96783 9
e 260.70168 168.60418 9
e 296.58365 310.46338 12
e 115.61953 529.39214 9
e 163.15773 292.42991 10
e 88.20118 285.81886 14
e 319.36481 311.92368 9
e 127.39271 95.50602 15
e 278.51893 352.89439 8
e 201.90204 332.96020 13
e 397.07916 332.32778 5
e 355.93858 175.37841 4
e 114.03345 488.00462 4
e 292.58359 276.99850 6
e 129.31107 156.50270 12
e 344.03009 286.66674 11
e 219.93781 325.19623 9
e 183.61123 304.86172 11
e 211.08805 365.20372 16
e 105.62309 411.57978 7
e 216.03990 259.25609 14
e 158.31493 242.41807 8
e 153.34978 373.79382 5
e 108.47563 247.50332 15
e 76.90908 147.15614 7
e 283.36660 104.34234 6
e 316.03274 275.52129 8
e 164.78413 429.71131 5
e 234.43654 62.58452 10
e 381.66476 109.45540 7
e 294.88047 590.24809 6
e 217.04222 172.34413 6
e 135.44239 503.89247 9
e 185.93534 191.08104 16
e 192.57143 193.16432 11
e 135.78721 194.77071 11
e 85.48016 239.75126 7
e 90.77905 402.36143 8
e 27.41792 303.73341 8
e 136.06269 344.50650 12
e 54.62629 333.02826 10
e 193.47748 8.12730 7
e 232.52674 217.35009 11
e 167.47433 285.37616 5
e 270.69977 294.75262 7
e 243.19254 603.46846 8
e 207.14123 186.34236 8
e 223.99136 405.51437 7
e 97.14060 380.10512 6
e 310.51827 441.25280 8
e 303.97802 283.32630 11
e 342.31396 618.16607 8
e 207.69817 751.93380 10
e 242.06249 317.12956 11
e 221.76438 583.83335 12
e 288.94111 517.25734 7
e 201.02489 458.41127 11
e 168.91007 784.43305 9
e 361.99913 567.09606 7
e 244.09192 459.12486 6
e 314.83828 509.04787 10
e 357.70179 381.30023 13
e 463.90078 319.41171 12
e 335.10817 230.62764 7
e 371.63020 752.80667 8
e 190.19462 751.78807 10
e 417.22383 657.69165 12
e 151.11008 671.39632 6
e 304.26299 819.77649 4
e 389.31596 612.14200 9
e 352.74505 536.04656 14
e 393.40179 528.77831 15
e 332.05701 492.39308 9
e 372.96124 479.30737 8
e 128.03600 361.72481 8
e 334.60771 311.05510 8
e 251.00851 610.76556 8
e 436.95065 384.34416 11
e 248.17840 504.85179 9
e 249.35387 597.04511 10
e 441.72153 620.18565 7
e 423.70160 644.60160 8
e 393.41163 427.03379 9
e 247.01725 330.68819 5
e 320.82842 612.07454 8
e 363.95922 374.05821 7
e 161.03204 653.27566 9
e 303.02992 637.31813 7
e 276.58470 572.42667 15
e 288.93157 485.61309 8
e 236.79432 635.11674 5
e 385.69885 642.70923 9
e 209.75701 578.90120 10
e 215.98550 686.49793 4
e 321.18706 194.31062 10
e 114.58721 403.26938 11
e 141.84599 561.74639 6
e 130.52775 616.33147 10
e 499.45819 568.57238 9
e 407.91897 475.15464 9
e 325.73616 654.65443 7
e 306.29625 403.84151 10
e 184.26286 256.79234 10
e 303.44079 687.34019 18
e 226.38164 561.21706 7
e 202.22216 604.23893 7
e 312.67028 284.21475 6
e 232.44619 263.45070 12
e 442.87840 328.63497 9
e 136.26319 739.11801 10
e 361.01600 500.54485 6
e 277.21972 728.28544 8
e 199.24032 418.97026 6
e 365.38050 555.83563 6
e 264.42193 319.14049 9
e 414.09975 172.03743 11
e 373.24504 612.45722 15
e 312.06123 726.94476 10
e 268.77572 632.16598 6
e 192.23747 533.78759 12
e 297.12019 456.36005 9
e 428.03342 649.15542 12
e 239.39146 520.69278 7
e 219.98543 484.02739 4
e 374.84496 447.74192 10
e 184.89597 513.32313 5
e 264.63074 434.58765 10
e 255.85075 731.66850 7
e 395.40519 546.37941 11
e 294.21631 607.68630 12
e 241.79454 562.82447 6
e 114.60981 507.13937 7
e 298.07583 401.73749 14
e 311.86972 588.44775 10
e 184.36808 419.67478 5
e 202.23084 454.21728 5
e 266.08984 290.88307 6
e 223.96111 621.79969 18
e 410.56695 849.59251 11
e 354.66785 523.32453 13
e 153.59584 378.54411 8
e 141.11043 622.63264 11
e 299.87429 631.88123 10
e 304.19049 187.48185 3
e 289.37051 730.68014 9
e 461.94264 413.78206 8
e 283.24339 626.16704 10
e 321.31859 873.66324 5
e 98.62774 172.94204 9
e 156.56573 836.03074 9
e 313.14004 383.44566 9
e 311.04424 423.28444 18
e 446.67484 763.06098 10
e 346.71791 738.49506 6
e 273.66311 490.50402 10
e 331.15569 213.61425 9
e 231.02576 636.23690 14
e 267.75474 459.84954 8
e 374.08710 651.03636 5
e 232.11710 648.89488 4
e 377.72826 509.60469 7
e 62.35287 446.13264 11
e 245.61249 663.72194 7
e 164.44910 516.48931 9
e 296.56684 224.73232 15
e 259.57993 736.08030 9
e 421.21142 354.73237 9
e 375.48320 705.98122 11
e 87.73547 478.67106 11
e 193.71429 631.09589 8
e 106.35981 419.74031 9
e 484.62372 450.54869 13
e 203.36657 667.67674 8
e 296.38004 496.56840 11
e 313.79419 354.78453 9
e 270.89591 210.16251 9
e 320.15655 513.67211 9
e 300.39421 578.08348 8
e 274.04673 628.78954 13
e 175.20381 482.39290 11
e 175.46294 705.99462 4
e 228.08356 739.27342 7
e 307.99991 411.61154 7
e 221.46691 371.12831 10
e 216.93948 556.28009 9
e 325.77196 560.87988 8
e 247.70423 713.41376 4
e 388.06783 684.36729 7
e 255.97576 695.59120 11
e 344.30443 792.17945 7
e 248.06247 739.64740 8
e 281.84200 325.10650 13
e 331.70602 723.64791 12
e 185.42194 502.14087 10
e 371.78453 568.65522 8
e 164.71725 646.83892 6
e 225.31753 740.46178 13
e 379.40368 357.32618 4
e 305.59279 481.48618 15
e 237.10548 656.01541 10
e 261.80845 358.00464 8
e 416.65194 413.36544 14
e 126.12206 505.15245 15
e 332.98375 562.42665 9
e 266.74554 115.90170 8
e 296.38010 654.27739 6
e 334.57128 798.84218 7
e 451.46442 707.06598 10
e 385.80947 613.61079 8
e 282.64887 526.75527 9
e 189.58452 649.12757 10
e 298.86612 568.63514 9
e 152.02193 403.07480 9
e 392.99971 668.61988 9
e 279.95140 754.09134 10
e 188.44986 726.31950 9
e 163.57288 768.08437 4
e 106.83697 813.91698 11
e 323.37532 498.81684 9
e 241.67343 602.08154 9
e 268.41575 648.16699 13
e 328.09666 408.90951 9
e 373.49550 730.94182 9
e 442.74802 587.27226 7
e 339.06801 396.13938 4
e 231.07011 487.31891 10
e 203.01921 687.21758 11
e 451.12010 303.93142 14
e 331.34014 532.72995 15
e 425.35434 547.16975 11
e 360.39291 544.01160 10
e 216.76063 246.29188 9
e 292.38839 201.00349 11
e 294.24714 456.89038 7
e 423.77945 611.22796 11
e 381.29247 642.42693 6
e 408.67049 641.62547 10
e 299.05020 569.36471 9
e 307.82682 378.52586 14
e 200.37048 779.18833 9
e 324.30867 390.71139 11
e 271.11218 682.42066 7
e 303.35143 806.74095 7
e 289.46078 801.10920 5
e 321.79982 633.19423 8
e 367.60805 731.06925 5
e 184.70453 587.62857 7
e 224.48141 558.14925 6
e 233.58508 423.15930 7
e 270.29816 968.75182 8
e 456.99701 996.97075 10
e 382.75773 943.21013 16
e 494.59219 853.36796 12
e 294.22296 965.17105 7
e 381.80484 969.30979 13
e 460.65285 859.28999 7
e 422.16741 822.02734 14
e 377.45434 1043.30284 7
e 431.35623 1023.32146 9
e 180.22557 717.77830 10
e 544.10999 780.93655 7
e 558.02692 899.25477 5
e 329.81098 822.64219 11
e 427.93994 911.50439 10
e 433.62414 746.96720 6
e 323.86696 873.67890 5
e 531.75910 1062.00260 4
e 207.17879 996.65296 15
e 532.89236 715.68333 6
e 318.32740 810.96192 7
e 338.93617 1008.40403 9
e 323.76245 820.34227 14
e 295.51673 974.66417 7
e 273.35606 863.98175 13
e 357.92721 945.17670 5
e 419.31584 990.37943 9
e 396.99650 1017.27122 6
e 386.93354 1060.67203 13
e 456.94518 1031.63831 8
e 410.18803 942.20681 11
e 372.76790 950.91121 8
e 556.87006 877.37969 13
e 451.88619 1007.55148 7
e 418.42616 913.47820 11
e 365.29983 820.88873 7
e 391.29082 924.53752 6
e 293.83492 486.92764 5
e 260.11346 963.51827 15
e 244.34676 1037.18138 4
e 441.33501 805.92731 3
e 404.19884 812.89407 9
e 361.95477 922.08493 6
e 147.59519 1061.84243 10
e 426.60632 888.01248 12
e 329.70212 1065.24166 8
e 399.34609 874.83374 10
e 461.65316 1040.62197 8
e 257.73680 948.40470 14
e 417.98179 795.96689 14
e 303.02099 857.72074 15
e 390.92874 971.28128 12
e 397.88615 883.13149 16
e 460.92938 879.03552 7
e 509.77930 686.70071 9
e 368.90287 830.81842 9
e 403.99770 966.69956 6
e 374.83289 767.03991 7
e 428.27624 826.01695 10
e 251.70344 733.09878 8
e 370.57892 1058.27793 7
e 536.54830 786.29193 10
e 263.81432 682.46056 14
e 487.12534 1008.98575 6
e 408.10415 1052.11394 11
e 355.77775 947.58760 10
e 414.33738 863.29539 9
e 401.59679 790.58661 5
e 390.74212 1026.25340 12
e 414.14778 1028.64168 8
e 413.99970 907.83646 8
e 360.44361 950.63481 8
e 348.59432 944.73403 11
e 387.78652 846.50157 11
e 396.75525 827.80515 12
e 443.98213 777.48185 8
e 510.20943 942.10743 8
e 524.58188 921.62522 12
e 262.95642 1033.35589 11
e 382.31051 943.06363 11
e 204.69877 1078.95222 7
e 411.44624 946.71693 8
e 448.71622 1040.43750 5
e 522.75008 800.13733 16
e 327.80158 993.60285 7
e 398.35670 1065.12163 12
e 442.69331 1033.27457 8
e 541.38963 995.50478 9
e 265.42868 988.43207 8
e 397.99406 985.37545 7
e 242.93233 945.98739 11
e 336.89312 1019.96399 5
e 293.31231 946.62875 8
e 357.10484 941.65902 8
e 448.74847 961.68753 9
e 440.93224 1011.16270 10
e 243.33368 1022.03236 10
e 462.53857 1017.77591 10
e 350.88887 725.87261 9
e 312.10217 784.75347 4
