c ./output/rectangle/gaussian/gaussian-rectangle-5-2000
p rectangle 2000 720.00000 1080.00000
e 181.20511 207.53452 14
e 358.15279 126.80247 10
e 418.16091 239.90483 10
e 306.23451 110.86995 12
e 408.75323 172.07097 11
e 638.30091 178.27075 9
e 434.82293 103.88716 8
e 458.16315 122.67014 3
e 317.41512 125.63757 9
e 228.20041 386.95827 7
e 331.59684 165.90001 14
e 395.93602 87.24906 9
e 247.83489 28.46499 7
e 174.56708 241.71790 7
e 432.06843 228.55410 10
e 205.59806 306.20440 7
e 309.43432 8.99601 11
e 318.33125 243.97399 6
e 382.47740 5.98455 8
e 392.77068 366.73726 7
e 329.37620 29.32034 10
e 246.43444 227.49378 11
e 448.41504 294.11609 8
e 191.86712 123.99253 7
e 326.66051 138.30895 8
e 420.69420 127.60066 8
e 323.51263 78.97093 7
e 454.20600 249.09555 5
e 316.52546 178.40526 6
e 325.84913 0.13845 14
e 63.55601 113.37735 9
e 385.87904 19.55981 8
e 234.61714 197.90864 10
e 259.45466 61.47669 13
e 341.58853 164.66721 8
e 323.93987 256.87939 5
e 227.00734 126.41900 6
e 364.81649 111.41923 7
e 442.20975 126.12834 8
e 150.51462 115.15162 11
e 468.93047 154.60707 9
e 394.27479 187.10879 9
e 342.06761 73.23577 11
e 338.53367 179.72413 10
e 303.90709 327.00879 13
e 346.80344 18.94015 16
e 269.93625 241.23640 11
e 234.14152 169.96707 9
e 341.30270 10.16229 9
e 327.96013 165.41796 9
e 265.14231 140.86873 16
e 335.17378 0.86099 5
e 114.56384 83.36598 8
e 281.88533 20.60694 12
e 432.47326 164.12165 6
e 146.60126 404.38756 5
e 306.72139 145.71856 10
e 329.38737 126.23221 10
e 331.85179 134.28016 15
e 432.74097 271.53146 8
e 329.41758 241.97064 8
e 316.22417 262.50902 9
e 419.83366 75.37873 5
e 331.51151 352.77361 13
e 406.92516 123.50055 6
e 203.22583 4.67559 8
e 353.57826 235.95050 8
e 151.88759 385.91050 10
e 298.99873 73.65353 13
e 365.18825 98.80236 11
e 314.06153 106.17330 12
e 434.83255 135.18406 10
e 226.81142 237.28970 7
e 180.72932 211.94074 12
e 306.01063 202.01409 5
e 417.82281 211.54897 6
e 463.50131 148.90769 9
e 339.91007 166.42120 5
e 365.22823 45.76481 8
e 409.63573 120.27123 8
e 209.42285 233.12226 11
e 242.17371 155.96203 8
e 437.79957 61.28305 7
e 219.04465 119.81254 9
e 326.12085 61.12240 12
e 178.99006 142.62582 7
e 382.27519 92.98336 12
e 262.92557 54.70820 11
e 233.68746 119.69180 10
e 447.75707 80.26851 11
e 434.16436 238.60528 15
e 359.41510 124.55642 4
e 213.46504 185.33567 9
e 355.57960 275.23705 13
e 306.26870 134.81289 10
e 290.69966 25.64052 14
e 421.53690 51.92495 8
e 312.06024 46.41895 13
e 394.38702 175.45110 9
e 256.69035 120.51117 9
e 256.49560 176.98428 12
e 347.23521 254.70424 5
e 410.39414 13.74197 9
e 311.90125 183.89310 11
e 380.33866 111.81243 5
e 297.65805 31.35778 4
e 244.71269 216.31428 8
e 359.62839 118.04790 4
e 359.60474 117.17553 11
e 223.89706 159.74261 8
e 331.13920 6.70185 11
e 336.66443 191.93673 8
e 237.29410 225.11252 13
e 334.46031 155.25009 7
e 481.19612 114.38212 12
e 233.29125 304.50148 12
e 408.07248 109.44574 10
e 182.37957 100.17508 7
e 504.38339 9.68129 15
e 359.21001 69.39380 11
e 383.65929 126.83207 7
e 328.25167 174.35886 12
e 196.67070 106.54524 8
e 358.55824 205.94766 12
e 404.67579 154.21467 9
e 417.10747 38.02974 8
e 174.74134 219.07943 12
e 167.42414 108.70054 8
e 305.24236 94.88569 10
e 412.23138 17.57517 7
e 333.63463 204.17686 17
e 453.23313 4.41490 11
e 373.81535 171.03099 10
e 352.67268 76.79341 11
e 371.17863 247.29440 8
e 260.97177 119.23178 8
e 381.30996 14.65340 12
e 233.18750 103.61348 13
e 217.94400 52.88419 6
e 278.68543 318.40200 10
e 182.07260 230.30534 9
e 295.47159 190.12083 10
e 490.77888 279.29128 11
e 350.15578 374.12344 5
e 387.14351 118.89845 9
e 536.74965 122.04513 13
e 223.09455 120.62085 10
e 429.16262 55.32902 8
e 215.85151 18.18883 6
e 216.82808 162.62882 14
e 352.97280 57.45140 10
e 503.53096 220.61504 11
e 175.67141 19.06240 5
e 152.48131 73.24949 9
e 473.74196 97.12680 8
e 289.92362 125.43020 8
e 468.21331 154.56808 5
e 201.45880 113.13823 12
e 394.34538 221.89907 8
e 375.38196 358.85685 5
e 329.70956 167.19794 11
e 269.61299 63.59720 13
e 497.02293 32.68882 11
e 342.55407 54.05164 10
e 239.39206 195.26373 20
e 290.32689 60.15568 9
e 466.60559 65.96861 10
e 421.07125 78.90058 15
e 453.62266 353.04194 9
e 286.74849 186.30175 7
e 283.84498 224.69707 9
e 116.62365 208.36908 11
e 257.10212 380.51558 12
e 273.32315 119.36802 9
e 182.89940 132.45007 6
e 345.99632 194.54376 8
e 382.85022 261.65732 9
e 193.98568 39.96888 5
e 353.73977 53.14185 10
e 316.17883 73.94162 7
e 451.72158 92.34234 5
e 346.24304 178.97339 6
e 347.42067 283.48025 7
e 426.73260 44.88799 12
e 464.23949 93.39095 7
e 365.87803 77.24167 13
e 393.19847 65.27621 11
e 244.35470 93.93292 9
e 336.35402 62.02089 8
e 314.51908 14.88973 9
e 298.45625 180.57683 12
e 209.87820 189.27060 10
e 230.44200 120.81634 8
e 302.31668 364.53855 13
e 242.27912 47.29388 9
e 267.62345 25.91409 4
e 330.20882 125.57079 3
e 241.33957 69.71569 13
e 367.74972 138.47477 15
e 273.69391 254.75519 9
e 456.05974 63.45813 3
e 350.85380 211.90383 10
e 157.37710 71.76934 8
e 308.03853 112.52346 9
e 296.20736 333.20367 13
e 426.62012 100.48692 8
e 404.71369 261.81617 12
e 394.37012 44.76439 9
e 281.16813 87.34792 9
e 325.28807 332.67395 10
e 572.33672 118.91792 13
e 409.10788 189.19733 8
e 254.84895 185.68629 7
e 368.08909 0.85739 7
e 199.09597 397.06600 8
e 345.27525 55.82232 4
e 576.32065 97.85189 10
e 401.50800 161.93132 8
e 384.25280 151.12499 8
e 326.07816 314.38517 8
e 350.99529 168.51266 8
e 364.42735 173.25919 7
e 329.73068 31.26432 14
e 313.59392 81.54214 10
e 343.42664 55.11590 17
e 363.45724 121.82279 8
e 404.14478 344.10641 5
e 217.68209 387.33888 8
e 368.51891 122.43631 10
e 240.48773 71.38339 9
e 313.03325 136.98838 8
e 296.72674 194.55290 9
e 363.67419 248.64844 9
e 393.80139 30.42562 11
e 215.64581 72.34393 13
e 361.41642 44.84723 19
e 131.86122 57.74807 14
e 429.65910 9.95249 8
e 434.23617 115.83654 12
e 331.44265 216.57140 21
e 349.70061 46.79761 8
e 274.44519 93.21982 11
e 391.23517 4.19517 10
e 230.22091 127.09756 13
e 248.96008 319.34839 10
e 365.14524 201.43927 7
e 302.62035 139.94386 7
e 316.48162 115.23939 9
e 396.48243 36.87798 14
e 122.56473 285.96626 10
e 424.70591 297.54193 10
e 362.69861 130.78516 9
e 341.75757 99.87801 9
e 427.75183 85.40070 12
e 228.06454 25.37408 8
e 311.90923 220.60697 17
e 443.08065 137.58279 12
e 282.95750 124.01709 7
e 372.27436 218.23192 6
e 248.55682 17.38722 9
e 369.70198 37.19040 14
e 137.98835 60.86181 10
e 332.69140 71.20291 11
e 205.81453 0.71890 10
e 409.89039 152.61174 7
e 400.81664 203.99012 8
e 195.50249 68.02190 6
e 291.72871 37.04555 7
e 290.15119 4.32733 12
e 276.74009 168.77503 14
e 352.00298 225.61963 9
e 425.60131 64.08886 10
e 211.58461 67.86243 10
e 438.76829 172.72115 9
e 146.49868 31.90417 11
e 335.32709 92.09202 16
e 406.00388 59.64753 11
e 352.07319 75.51165 11
e 329.75908 319.91482 7
e 332.69683 161.42440 14
e 327.80999 87.49385 10
e 323.00691 148.90836 16
e 399.29548 159.02637 5
e 360.30002 76.47041 6
e 206.79251 183.88117 9
e 367.47823 346.80216 6
e 298.85394 221.74160 15
e 400.87839 281.12458 10
e 326.41744 11.81950 6
e 292.05676 108.14396 8
e 385.57461 55.49216 8
e 418.86109 432.85264 7
e 426.98804 363.04314 13
e 397.45792 217.78224 9
e 380.93535 9.20206 9
e 354.84793 90.19639 8
e 403.56658 103.73732 7
e 258.59710 108.51551 11
e 346.66906 121.73814 9
e 357.77680 94.54152 13
e 470.70017 153.18530 8
e 422.24201 103.92589 10
e 417.64567 6.21746 7
e 84.45962 62.58702 9
e 252.28924 175.52275 7
e 285.84063 255.69035 8
e 343.16651 84.59538 7
e 240.28189 139.57934 13
e 330.96617 74.15579 13
e 377.59775 40.69528 18
e 407.39269 77.16177 13
e 285.38248 107.67553 4
e 213.26902 317.13589 6
e 435.28436 180.67660 12
e 452.71905 255.83379 5
e 357.50104 271.81586 8
e 378.98753 367.20884 6
e 318.19381 14.75048 9
e 342.05319 48.38547 6
e 329.89178 202.98212 8
e 242.94302 226.49210 5
e 266.13165 278.94317 9
e 389.91483 44.40132 7
e 378.73098 300.41097 7
e 216.83085 52.68883 11
e 307.20791 142.61494 14
e 579.46022 182.29445 5
e 328.58900 53.01263 10
e 441.85182 63.73981 15
e 243.50553 64.48380 10
e 483.77157 97.84110 11
e 224.41778 41.61914 12
e 422.06242 227.34271 7
e 342.56748 123.64189 6
e 452.09454 82.36790 14
e 197.56455 45.65580 7
e 328.02501 183.08178 18
e 285.97635 160.50654 8
e 293.09064 93.79117 9
e 362.45442 116.51692 6
e 389.05196 85.29802 7
e 342.91718 256.70049 7
e 419.84310 40.81639 18
e 435.26610 143.70980 8
e 455.95713 47.74613 6
e 332.76775 259.85925 12
e 419.72391 45.56498 9
e 186.30331 237.07309 4
e 403.81219 186.42469 7
e 339.82200 59.65275 9
e 162.59497 92.72734 8
e 256.93356 234.30382 13
e 314.50028 107.35292 6
e 247.57306 148.28572 12
e 407.08682 26.12006 5
e 334.10313 21.59471 11
e 307.48633 58.12901 10
e 272.70882 64.23405 13
e 454.46740 146.92832 8
e 393.16347 41.61282 10
e 309.55047 61.86053 11
e 313.01034 126.38271 9
e 359.34459 177.58167 17
e 258.99174 48.98489 4
e 554.71397 54.17224 10
e 152.58595 287.17783 6
e 374.25868 92.16482 9
e 352.12372 49.95949 9
e 405.70242 193.07782 8
e 310.16857 107.71389 10
e 183.78011 60.83395 10
e 440.89945 48.34668 8
e 358.55476 58.57572 6
e 335.34495 31.78781 5
e 385.75002 210.48937 6
e 315.89743 248.19168 8
e 334.49570 46.67205 12
e 323.08519 125.63886 10
e 193.92599 349.74326 8
e 224.70290 145.35527 11
e 364.16736 44.59572 16
e 501.90125 70.93581 8
e 400.54004 32.03950 7
e 304.45602 35.73140 5
e 176.21927 296.33594 9
e 382.83435 108.92403 6
e 418.04842 44.66038 6
e 469.18653 380.39984 6
e 439.62462 47.99405 15
e 201.37693 153.07630 14
e 266.74706 71.71697 12
e 381.04793 250.38156 6
e 250.95269 22.88783 7
e 345.81920 33.04294 12
e 209.68160 152.63944 13
e 331.60829 49.88652 6
e 336.26716 13.36568 13
e 437.05733 197.41037 9
e 376.46100 58.22327 6
e 368.02766 134.25742 6
e 266.94281 17.51272 11
e 288.64737 276.59189 12
e 434.69943 190.10027 6
e 292.03545 16.70674 6
e 328.90885 95.78074 15
e 380.18466 352.59873 9
e 320.50296 130.45089 11
e 471.84646 306.35464 9
e 508.60897 26.25728 12
e 211.66479 42.16078 5
e 436.80197 139.46846 10
e 332.30449 12.73377 8
e 224.31873 60.99508 9
e 378.27926 283.16828 7
e 417.28367 308.60657 7
e 219.98420 128.57509 7
e 341.43608 160.16865 9
e 344.44478 88.54498 8
e 303.03293 371.23556 16
e 326.08306 89.06972 10
e 164.17830 262.19525 8
e 281.37308 251.36509 12
e 315.61878 86.76017 9
e 447.93142 84.13470 11
e 260.20438 71.24040 8
e 461.46713 127.63525 9
e 451.06850 117.17389 8
e 337.51829 126.13605 8
e 345.81606 272.65356 5
e 447.78551 126.29820 8
e 183.70065 17.25432 12
e 296.60358 203.83563 9
e 269.22605 161.01403 8
e 502.92229 295.48366 6
e 333.31901 177.64864 9
e 226.59717 272.01391 6
e 459.84161 245.52590 11
e 276.67535 96.12797 9
e 370.33678 51.38809 10
e 289.61342 16.76845 10
e 212.64877 204.51507 8
e 370.77427 237.39187 10
e 458.43174 82.19263 7
e 225.32403 5.64918 11
e 426.97129 66.36903 9
e 316.83893 179.53737 8
e 331.77382 348.31299 11
e 199.87673 85.52735 5
e 413.48508 212.59368 8
e 308.35679 30.98150 10
e 338.90655 21.50336 10
e 306.15053 125.67411 12
e 345.77665 303.98087 10
e 490.59459 12.70448 8
e 450.39091 340.49114 12
e 256.48039 116.19887 5
e 357.32751 22.73692 10
e 281.12633 178.18097 7
e 196.17702 108.44623 5
e 152.29049 168.42090 7
e 327.91720 133.19289 4
e 269.55575 191.30977 13
e 327.54975 174.33413 10
e 355.49459 213.65687 10
e 384.17560 363.17958 9
e 218.75766 10.48969 6
e 506.90948 101.28001 10
e 318.44121 72.85928 5
e 455.61975 369.14296 6
e 370.12909 176.75318 11
e 391.12520 203.43509 5
e 327.12644 106.97182 4
e 411.28032 91.49548 5
e 196.68904 198.81721 5
e 336.20167 32.14951 6
e 471.93654 169.87856 7
e 377.99534 17.49548 9
e 373.53634 341.75645 13
e 455.53839 128.59923 8
e 504.42286 160.74791 14
e 184.44393 87.83238 17
e 421.36508 37.48598 13
e 248.78566 166.82468 9
e 383.18413 30.72625 8
e 268.62299 224.78989 9
e 446.12080 186.83902 7
e 203.04484 167.24093 12
e 271.19900 169.22189 9
e 188.00132 85.46121 11
e 302.75664 112.59314 11
e 397.01766 166.99486 4
e 392.83071 160.74375 12
e 307.10004 181.23585 13
e 348.31982 156.24070 14
e 333.56068 106.51482 10
e 274.77007 85.35567 9
e 271.07380 103.55997 5
e 409.82189 41.66419 11
e 180.24628 192.69815 7
e 468.50093 148.78218 11
e 318.75937 103.27389 11
e 231.18803 273.41125 9
e 339.13712 28.90114 16
e 448.78447 335.88832 5
e 350.38479 109.08514 5
e 407.55884 3.25796 9
e 551.98187 66.41979 9
e 327.12261 379.90939 11
e 229.44160 107.34671 7
e 334.78504 75.93927 11
e 284.24014 125.81775 7
e 486.49822 104.68156 12
e 305.52910 162.25243 10
e 272.64028 179.63300 7
e 295.33745 194.46862 13
e 370.72484 71.70199 8
e 432.11723 117.76118 9
e 291.36106 47.06955 4
e 454.08208 49.97726 10
e 351.40912 154.38163 11
e 173.97125 139.28395 10
e 278.84158 44.42393 7
e 289.15325 225.79597 11
e 522.27435 319.89644 11
e 254.74903 55.70560 7
e 292.56887 0.25603 9
e 439.19057 15.17843 13
e 250.94661 76.94357 11
e 379.09143 13.37065 9
e 294.55263 161.93563 7
e 379.63033 57.01328 6
e 383.63026 27.12049 10
e 158.10287 251.88808 6
e 362.74661 213.29769 10
e 271.69911 129.87800 10
e 564.89219 323.23131 10
e 254.32805 105.68280 11
e 272.49189 241.38103 4
e 404.76040 177.59823 11
e 419.78360 193.43470 7
e 385.20826 11.53227 8
e 241.87652 29.01022 8
e 348.36490 391.15225 7
e 255.16647 154.65202 9
e 359.21702 163.90425 12
e 539.31471 71.44119 9
e 369.69032 51.77441 14
e 613.57184 69.01831 8
e 151.37272 243.36951 5
e 387.73742 33.18793 10
e 321.99003 49.44022 10
e 203.72989 37.94394 11
e 354.78342 69.04897 7
e 394.11930 23.81878 7
e 439.61021 173.03934 7
e 421.82893 202.01733 12
e 230.26567 306.47293 12
e 383.37045 198.86854 14
e 269.32190 116.24290 11
e 426.94761 34.00789 9
e 387.76952 201.99986 12
e 198.76938 84.56960 9
e 380.78607 232.26287 11
e 142.65193 174.71120 11
e 266.80051 22.85533 10
e 343.64776 329.10225 6
e 469.94106 52.33289 9
e 301.34046 279.73925 8
e 331.48911 70.18597 9
e 288.72814 30.98552 9
e 342.59354 206.77372 9
e 415.65782 46.92521 11
e 316.30588 181.39041 9
e 140.72417 89.81502 10
e 363.18406 224.61629 8
e 237.66256 456.00907 11
e 308.93644 244.76233 11
e 218.01059 141.80987 6
e 464.23318 50.10340 11
e 401.48740 148.35522 18
e 279.29065 38.82863 10
e 367.65092 19.34057 17
e 366.36546 179.18831 6
e 362.96261 182.81474 9
e 231.79406 25.98033 10
e 299.74224 10.67644 7
e 380.40579 161.45834 6
e 340.34268 191.39691 8
e 397.46316 113.03755 10
e 390.30432 216.72849 11
e 462.57219 303.91584 16
e 205.30955 103.85479 5
e 336.35011 61.08355 11
e 222.12581 61.88968 16
e 310.24543 288.69247 7
e 252.41429 82.11483 13
e 327.54375 2.94686 12
e 348.23919 215.30356 11
e 500.11797 7.72896 8
e 320.15559 203.57573 11
e 531.68348 183.90497 11
e 467.28224 251.45076 13
e 383.28251 49.48973 13
e 352.60853 81.11228 9
e 346.47367 224.65496 11
e 352.60241 107.35904 12
e 320.77995 194.02568 5
e 370.23213 108.41030 7
e 347.68137 78.11807 7
e 458.99734 176.78563 11
e 252.14854 60.52633 8
e 322.22736 244.31360 6
e 472.88604 101.10464 11
e 315.89946 23.08887 12
e 340.36594 292.92946 13
e 385.94400 93.02758 8
e 305.61550 333.36596 12
e 292.63834 246.20258 9
e 357.90383 59.41743 8
e 279.47053 167.26267 7
e 519.08383 294.37040 11
e 333.94458 108.32168 6
e 213.43738 136.27593 9
e 424.66082 157.36388 8
e 300.95918 164.00211 5
e 345.67448 129.69732 7
e 135.49448 4.76689 9
e 231.66471 30.98836 11
e 416.76859 89.19996 8
e 338.09995 129.27042 12
e 158.57729 84.51692 8
e 215.50188 206.25975 5
e 387.47913 101.56868 11
e 325.68682 34.17419 16
e 192.27732 10.31418 6
e 411.11109 115.16470 12
e 196.23469 81.54412 6
e 231.66533 84.72404 16
e 276.58926 130.78467 7
e 203.08048 205.79274 10
e 230.91818 202.24505 8
e 367.93570 109.77886 11
e 300.40290 22.56038 14
e 268.05462 217.48028 8
e 457.22115 142.89903 2
e 343.97614 128.96587 7
e 288.94392 50.51146 9
e 202.50620 185.29810 21
e 371.56411 293.34466 9
e 207.94416 64.66435 8
e 277.25832 165.19176 20
e 255.19064 49.36520 8
e 279.83678 57.34758 7
e 147.89980 189.39513 10
e 275.28721 110.74174 11
e 104.86195 248.92913 5
e 142.69703 210.24230 7
e 262.97960 447.36991 11
e 190.44555 129.08411 11
e 512.15491 154.39117 10
e 401.50190 28.90692 10
e 355.21673 129.92802 11
e 505.92193 414.79804 7
e 528.23259 41.88293 8
e 267.16556 64.20336 8
e 452.05907 41.13592 6
e 243.06188 57.14922 13
e 441.94380 178.38362 12
e 325.24238 11.97202 7
e 303.56365 67.23769 7
e 510.90656 250.71102 7
e 309.24128 103.35404 6
e 412.94762 179.22833 5
e 269.29162 185.28054 12
e 424.60858 101.17728 10
e 335.71102 98.77230 8
e 358.64090 137.75357 12
e 265.73379 335.68548 10
e 281.10141 240.57368 5
e 141.12522 325.28181 12
e 420.86945 210.69184 8
e 317.41802 4.29962 10
e 256.67773 211.74596 8
e 455.74779 207.19671 11
e 386.70202 30.15140 10
e 475.26093 264.82088 11
e 401.96317 421.79869 4
e 242.98844 222.24211 6
e 387.45171 157.03052 10
e 173.87801 94.49166 6
e 365.47040 33.99636 8
e 386.15203 119.46335 12
e 467.87305 70.24390 8
e 271.80229 139.55830 11
e 198.17106 13.25590 10
e 274.52622 190.41264 11
e 123.21270 271.87909 8
e 395.82956 16.06048 8
e 319.08918 21.85523 10
e 259.00130 21.94110 8
e 499.82329 28.12129 11
e 234.84691 19.48331 11
e 388.68363 200.37183 12
e 271.00205 91.83248 12
e 347.69268 186.92790 9
e 339.51932 178.41284 10
e 318.29901 160.52685 7
e 307.56278 98.32732 9
e 509.97493 147.16233 8
e 348.65895 102.06224 14
e 178.97103 31.24851 5
e 286.99057 62.86286 7
e 267.56393 313.02748 12
e 329.47190 80.66321 8
e 424.19784 177.34724 17
e 354.32497 25.94614 11
e 211.30009 264.89657 10
e 198.22742 198.59845 6
e 335.96391 139.33923 7
e 290.94508 21.12935 12
e 218.37470 67.53429 11
e 497.67447 13.14289 5
e 242.94937 144.39279 11
e 429.83626 184.84745 5
e 342.67650 9.72116 9
e 233.57250 522.49078 7
e 393.22767 152.43618 7
e 233.41703 132.67007 9
e 346.28746 324.51616 9
e 232.64066 10.60388 9
e 291.98852 205.51836 9
e 193.61877 88.21305 6
e 298.30501 142.65342 8
e 199.50764 153.65656 9
e 365.23382 106.06706 8
e 362.97693 99.14323 6
e 336.51613 238.52600 8
e 339.34937 89.25516 9
e 366.81512 202.19997 8
e 323.68560 10.73869 10
e 227.88447 303.80194 8
e 229.59853 55.57992 12
e 412.91499 136.60584 8
e 283.19894 1.86168 15
e 523.84116 297.70456 6
e 321.49577 106.66159 9
e 384.89569 396.99151 9
e 476.98692 19.69893 6
e 291.19383 76.44248 9
e 339.84452 351.16863 9
e 278.97108 47.80493 13
e 320.72546 28.69881 12
e 333.91655 110.29299 8
e 291.27506 300.85234 10
e 321.52578 94.43076 6
e 425.36522 107.72787 5
e 301.12017 135.52016 9
e 310.87346 131.16031 8
e 320.44527 117.47117 10
e 261.20179 84.00525 15
e 283.80624 375.12830 12
e 284.04608 291.45400 8
e 402.00501 218.88067 11
e 345.60308 72.82170 10
e 252.65558 161.75998 6
e 333.81284 235.51586 9
e 307.58564 153.13341 9
e 241.12842 189.40288 10
e 447.27053 112.42786 14
e 302.00817 51.10630 6
e 318.67543 163.35858 11
e 252.44599 134.60144 6
e 189.75020 182.33525 10
e 396.24042 255.32153 9
e 236.27048 96.90447 15
e 288.28786 276.38344 9
e 343.56906 160.50826 10
e 416.67132 234.30107 7
e 283.16302 171.68349 10
e 278.21759 55.26501 8
e 395.49888 141.12581 7
e 380.41023 282.99689 12
e 413.92423 249.96543 4
e 288.39301 140.53214 11
e 174.78624 202.08439 8
e 476.06102 50.34892 11
e 289.88646 104.17371 7
e 241.47598 156.86137 6
e 387.93313 17.82518 6
e 429.73171 201.34097 7
e 190.18562 48.50916 5
e 236.36794 91.91659 10
e 390.75902 93.55614 14
e 234.13247 151.37155 10
e 223.07594 249.43286 7
e 250.69822 102.17308 7
e 332.80048 74.52196 13
e 413.69893 186.71698 10
e 190.11955 17.92174 8
e 360.35683 106.28445 17
e 156.52724 87.98850 8
e 337.00786 211.48148 9
e 238.34223 314.05179 9
e 325.45574 11.32122 10
e 404.84462 32.63369 8
e 411.10761 185.12109 7
e 369.06070 313.20210 10
e 432.63010 101.98919 11
e 433.59035 42.18191 10
e 338.15213 162.40381 5
e 340.93333 22.32197 13
e 332.10624 228.71728 10
e 416.44636 45.93600 10
e 358.72987 169.10992 7
e 377.77264 131.69651 7
e 363.16063 30.17592 8
e 442.45495 125.96076 14
e 278.45158 107.81797 11
e 291.26870 129.96456 7
e 394.35094 111.58830 6
e 210.76502 17.46187 17
e 448.70069 48.41926 12
e 157.52481 24.86685 7
e 263.63798 9.40266 8
e 277.31627 109.48733 11
e 331.18506 26.88440 5
e 386.94970 70.59616 5
e 315.21040 188.10365 9
e 154.05547 224.21629 10
e 192.52467 208.07964 7
e 328.88524 326.37524 12
e 271.84145 166.08751 7
e 246.65167 315.12186 7
e 122.40529 230.25273 7
e 491.43704 10.85785 7
e 464.12263 258.38684 8
e 387.85581 172.42896 11
e 296.97274 15.46213 11
e 195.33781 86.28108 10
e 365.92786 65.32635 9
e 527.91978 65.23729 10
e 109.89683 114.24531 9
e 218.41758 53.74744 11
e 303.90519 155.93124 11
e 250.93585 43.13069 10
e 449.28979 138.71960 19
e 435.29001 188.60751 10
e 391.34380 30.79747 5
e 320.46602 51.22949 13
e 328.22310 188.08043 5
e 351.27256 144.82046 9
e 300.86937 55.80773 8
e 288.20926 13.13437 7
e 310.81721 42.29459 17
e 375.75831 196.96741 4
e 416.57929 205.79520 11
e 307.25470 65.19161 5
e 174.14895 202.84016 8
e 323.13142 62.49698 15
e 393.57729 89.98690 8
e 168.82435 93.98105 7
e 169.73127 111.85685 7
e 375.77612 13.54076 8
e 240.70391 84.31092 6
e 335.38489 90.80920 8
e 327.37236 269.93022 6
e 188.70530 252.70317 10
e 404.15752 163.31214 7
e 349.48479 104.66025 7
e 282.20124 333.58652 15
e 146.70484 94.05230 10
e 221.21678 93.17368 8
e 572.05584 98.47471 12
e 223.31582 60.30228 9
e 342.68659 124.84068 9
e 231.48357 135.80391 15
e 317.05035 159.88687 12
e 196.69195 123.52622 9
e 460.86962 93.12048 7
e 360.81601 77.16866 5
e 186.73621 33.73097 6
e 432.91049 94.08953 14
e 227.98181 70.86670 9
e 262.06455 223.55107 7
e 536.03785 147.99978 5
e 372.68172 95.76617 10
e 376.47181 222.75452 12
e 317.65031 194.14021 7
e 302.61070 88.23859 7
e 466.22234 47.54891 9
e 461.36748 95.26079 8
e 625.13734 57.89671 13
e 258.10220 53.51497 8
e 183.83819 193.49663 7
e 356.38583 57.58018 8
e 292.20844 197.35796 8
e 318.47051 151.19795 7
e 310.27470 193.27583 9
e 309.96028 227.95397 7
e 278.01721 99.23679 8
e 313.00020 128.24989 14
e 390.23149 240.50753 9
e 458.54761 89.33342 10
e 449.29725 51.74425 9
e 219.54386 92.77135 10
e 217.36657 71.93767 9
e 291.10182 17.82691 11
e 37.28231 13.26367 8
e 267.60474 106.02065 5
e 508.70167 44.02941 13
e 235.86774 34.61011 9
e 317.80349 3.63021 9
e 266.19154 288.93106 7
e 487.19267 215.28826 11
e 253.26882 471.21928 9
e 440.24045 264.55357 11
e 223.48665 15.63152 6
e 298.31728 159.43689 8
e 357.51175 186.28949 12
e 313.30448 70.45513 7
e 564.62759 101.00432 8
e 308.22420 227.45802 7
e 418.20528 208.94276 10
e 336.40665 50.37214 11
e 249.31187 410.38994 8
e 298.71892 19.84892 5
e 457.85651 160.42971 7
e 166.78761 141.26833 13
e 378.86680 274.80503 6
e 411.54074 64.32317 9
e 389.57141 154.22885 10
e 234.24787 163.26748 7
e 315.34847 117.62507 16
e 456.03791 184.52172 12
e 330.91873 334.02392 5
e 264.51387 199.76039 7
e 371.23441 48.71090 14
e 344.09822 73.36100 9
e 412.67566 71.50956 9
e 251.49058 149.18487 10
e 439.27869 349.51188 11
e 216.48956 101.92481 7
e 305.34695 22.93206 4
e 397.09788 131.40543 10
e 314.06959 159.50027 8
e 468.93761 152.33852 9
e 229.34844 294.55115 8
e 367.11855 23.44142 14
e 462.07952 118.48217 8
e 343.65351 141.71757 5
e 343.14721 5.82075 10
e 257.05391 268.46923 8
e 373.70085 91.10346 6
e 267.71030 162.23263 8
e 463.58551 124.83228 14
e 305.65995 142.16128 5
e 439.29549 80.23742 8
e 317.64792 309.68487 10
e 469.07306 81.45010 8
e 310.68672 69.12829 12
e 357.87282 42.44652 10
e 278.36949 99.55360 7
e 253.99292 340.13221 14
e 233.94582 287.77425 10
e 292.37101 42.25394 9
e 286.82111 147.40788 16
e 190.70225 166.46707 14
e 271.95570 52.71169 6
e 285.45140 130.45984 7
e 92.86286 27.51826 14
e 509.04518 110.25941 8
e 420.26239 207.37416 11
e 267.31616 358.06714 9
e 351.77988 218.98236 11
e 241.83530 87.25328 6
e 351.19605 94.72306 5
e 319.10065 13.27342 7
e 316.45375 123.29140 11
e 402.56993 60.26435 11
e 508.58293 247.01312 5
e 329.16499 142.80669 10
e 231.31641 58.91362 7
e 333.94250 39.72267 11
e 385.60334 20.64459 9
e 297.77542 280.55970 7
e 479.60025 402.36051 8
e 282.73352 408.74885 7
e 341.00347 217.56565 11
e 323.80260 15.97549 6
e 240.23989 118.47895 8
e 191.91628 164.01863 10
e 353.55617 141.48730 8
e 388.65067 12.83821 10
e 250.33278 77.28207 12
e 249.83415 156.13164 9
e 321.42279 170.99440 2
e 327.12692 13.18835 8
e 471.00926 123.25044 12
e 360.68674 187.17876 13
e 209.85511 61.36949 5
e 390.49063 145.48002 7
e 269.72275 297.64780 9
e 386.85645 67.26235 9
e 246.82372 133.54160 8
e 293.42131 56.32329 8
e 310.77344 26.42079 9
e 159.08611 242.08295 6
e 374.59402 421.27253 9
e 220.73216 240.45826 5
e 331.11175 207.55617 8
e 358.02515 131.78499 5
e 544.29118 7.78356 6
e 265.39481 190.40858 8
e 343.52911 27.28317 10
e 377.76364 127.66980 7
e 247.77426 361.87868 11
e 269.58009 22.76049 11
e 458.22601 92.16525 10
e 234.04807 115.16563 11
e 302.15844 172.40465 11
e 221.35488 134.74684 7
e 370.74056 110.65999 12
e 277.00954 55.68341 13
e 255.54774 227.47383 7
e 168.99627 57.36846 7
e 401.67316 153.03371 10
e 286.22760 198.95420 9
e 282.95972 249.88857 9
e 391.27309 159.48368 12
e 250.71614 177.06593 11
e 292.07242 192.97270 11
e 214.43135 45.72507 7
e 441.92327 164.84414 5
e 350.47685 109.35281 11
e 198.70815 102.13164 9
e 268.29434 270.47435 10
e 326.36031 136.60754 7
e 267.17144 106.35915 11
e 380.11601 142.53144 9
e 402.67233 318.34412 10
e 227.13131 79.85376 8
e 405.32340 117.45544 10
e 326.03506 23.56605 13
e 446.20228 199.28582 6
e 247.06593 289.33148 15
e 265.55478 74.29292 5
e 286.82368 184.60400 6
e 358.05134 24.52110 6
e 195.41164 356.72332 11
e 418.30258 137.01666 10
e 295.98758 149.48426 13
e 371.98814 375.87513 9
e 287.11175 69.21926 8
e 331.78583 187.03633 12
e 339.14042 76.76569 11
e 361.62719 70.35721 12
e 152.01126 259.17758 6
e 499.85218 150.76203 8
e 392.35667 99.12358 10
e 426.76603 3.74182 12
e 481.37436 31.63628 10
e 255.23939 105.94338 16
e 132.19767 98.44543 16
e 339.91928 3.34889 10
e 361.97744 246.07670 8
e 348.81490 167.44868 11
e 367.18311 217.01861 10
e 466.11459 78.12262 4
e 360.20423 119.54302 12
e 201.41998 115.23390 9
e 403.88981 197.58120 12
e 301.00232 115.19789 13
e 259.61660 120.25087 8
e 285.62261 113.20924 14
e 280.29221 243.71771 9
e 137.89215 100.66677 3
e 431.42193 2.20228 11
e 163.91062 91.14852 9
e 370.35770 321.16278 14
e 323.46621 92.20617 10
e 347.02963 70.12925 10
e 485.36891 230.97956 7
e 353.59593 42.84283 9
e 358.49598 49.90866 5
e 428.34917 353.49782 9
e 393.90415 141.50778 8
e 389.79934 94.67953 12
e 457.07854 165.86085 7
e 442.30422 148.09142 9
e 493.08675 157.08277 8
e 291.88837 21.17575 13
e 274.79170 20.88740 12
e 228.45752 219.19338 4
e 526.27169 119.54758 7
e 427.76097 85.29339 7
e 415.11759 114.76587 9
e 403.59366 94.46470 5
e 267.11753 193.45202 7
e 360.23568 158.47315 17
e 458.08371 57.06542 14
e 385.77188 135.22481 8
e 391.96230 155.82684 7
e 372.70539 103.76010 7
e 287.52510 47.07203 11
e 242.15949 136.71241 11
e 333.54478 86.42201 11
e 170.39126 155.56286 8
e 414.71971 129.22535 9
e 302.20675 406.66590 7
e 290.89825 16.92516 5
e 408.77261 59.65952 9
e 329.51620 168.82434 9
e 245.24554 44.34307 11
e 473.18255 82.34173 7
e 315.29994 135.51878 8
e 286.15586 97.16054 12
e 439.11530 190.36139 10
e 256.05852 193.35800 6
e 387.24258 172.01335 8
e 291.59314 289.44248 9
e 300.68434 185.76900 14
e 351.70129 73.94490 11
e 392.18175 60.39450 8
e 410.96116 173.52360 10
e 142.60901 198.83289 10
e 185.48207 16.15184 5
e 283.13397 74.89900 12
e 349.41110 73.50724 16
e 427.34606 170.58614 4
e 297.07079 80.28393 10
e 293.17675 5.56187 10
e 294.62669 82.84878 10
e 468.12907 245.64090 6
e 348.78671 24.60660 6
e 381.57172 353.30369 9
e 390.26902 264.61316 11
e 298.25283 166.68212 12
e 390.97810 302.08362 14
e 386.00417 47.51804 6
e 403.44962 72.16205 8
e 538.65970 63.83026 12
e 283.76722 176.66970 9
e 399.93755 81.57167 9
e 427.67656 350.41443 8
e 411.46996 247.80368 10
e 388.95016 121.27251 7
e 391.33031 137.40955 11
e 183.80607 103.29264 9
e 385.84803 66.10411 6
e 369.37399 317.47930 12
e 391.13863 195.97837 10
e 285.16412 329.30921 12
e 362.23467 572.86689 14
e 302.14460 208.15627 8
e 245.67915 326.71703 7
e 331.70667 62.31222 9
e 173.56065 310.57539 8
e 247.71965 21.55335 9
e 369.24358 78.33100 8
e 272.74650 183.67573 6
e 350.47934 164.17976 12
e 361.05296 48.10946 10
e 225.71112 88.08728 8
e 342.88335 96.53789 7
e 232.03468 31.22478 8
e 315.25333 139.29102 9
e 444.67513 179.59410 9
e 341.84332 29.01102 10
e 396.60463 61.70871 6
e 372.40773 102.99941 8
e 391.86944 101.97059 5
e 380.71966 44.45984 10
e 252.69531 294.36570 8
e 386.64845 80.21876 8
e 227.07513 221.29274 9
e 443.90665 141.52001 8
e 377.93877 202.91281 8
e 338.20658 299.41912 21
e 240.42716 261.99145 8
e 416.45596 78.19248 13
e 551.27374 71.71499 7
e 495.21017 171.13073 11
e 366.35162 78.60002 6
e 205.27900 185.97930 11
e 230.25474 137.13196 5
e 299.64697 93.36867 11
e 368.35308 31.32402 13
e 256.84772 82.01307 5
e 304.59430 261.87833 11
e 228.44530 40.56271 8
e 353.97107 97.46486 8
e 365.32240 173.89021 7
e 335.79764 161.22901 17
e 417.81196 110.57593 9
e 397.51909 97.82465 7
e 185.31789 255.24887 15
e 257.71503 432.39376 8
e 398.58335 6.08147 9
e 151.30998 136.82391 8
e 357.49959 4.22804 7
e 317.10636 13.32846 8
e 430.64098 335.44147 13
e 449.23854 21.54520 5
e 266.06536 353.45047 12
e 262.95866 134.11246 8
e 345.63286 168.09363 7
e 343.67552 41.36220 9
e 383.81542 129.72547 13
e 240.33809 95.18132 8
e 258.50289 106.73264 8
e 311.01015 248.06305 7
e 510.17575 116.09065 6
e 343.86643 17.06026 9
e 355.44003 236.69312 12
e 324.20585 120.88336 8
e 308.15851 22.07136 9
e 307.19531 55.36237 8
e 357.85209 25.96815 10
e 266.04243 17.13579 11
e 208.16678 100.64379 9
e 389.01357 268.03110 12
e 453.02155 50.18223 12
e 264.01388 71.62978 14
e 406.91960 59.98228 16
e 213.13217 151.31233 11
e 423.30371 251.61094 5
e 355.43694 121.67229 10
e 383.61657 36.82876 9
e 208.69216 316.75476 13
e 271.51704 130.92218 9
e 331.43086 7.11449 11
e 367.59691 43.83892 9
e 184.77168 103.49998 6
e 257.97247 165.86781 9
e 196.35924 65.68907 7
e 406.44083 219.79695 9
e 318.98853 210.86048 9
e 247.60387 311.61104 9
e 421.57945 176.06942 10
e 436.14385 62.31697 7
e 427.08200 142.94377 9
e 407.80779 41.40441 20
e 275.14419 178.68944 9
e 275.41665 231.47323 6
e 290.82579 94.43804 10
e 342.76367 178.41289 5
e 345.90350 53.95234 11
e 342.17360 163.00557 12
e 316.80643 103.57737 11
e 310.26984 270.68507 7
e 242.94469 76.77990 11
e 300.37748 13.87661 6
e 268.73632 44.88319 5
e 226.74796 17.10220 11
e 328.26447 296.12310 7
e 343.23940 183.75428 8
e 271.87938 45.76959 9
e 349.72557 67.35869 9
e 312.72135 190.16861 4
e 457.12491 330.12553 6
e 387.29347 173.21610 11
e 415.41440 189.49872 19
e 507.48923 20.56371 8
e 306.93744 57.84597 9
e 351.34925 92.70157 9
e 301.54299 238.56147 10
e 377.71354 17.32882 12
e 338.67728 290.98341 12
e 114.42471 195.68670 16
e 306.19943 65.83223 10
e 484.88554 95.57485 5
e 216.25977 260.10875 8
e 476.04916 222.59091 7
e 291.54671 235.20952 10
e 373.33382 113.78518 11
e 244.67946 104.43696 16
e 420.28124 147.09212 5
e 465.75347 237.42466 15
e 237.36300 253.15651 10
e 152.49081 229.45962 14
e 447.10834 244.49324 10
e 484.69796 223.17451 9
e 428.14428 157.51769 10
e 428.55282 225.70359 20
e 270.89093 276.33421 6
e 230.83435 56.20454 13
e 400.25647 58.69201 9
e 369.57024 58.10606 10
e 279.45046 96.99685 7
e 309.03502 12.77112 15
e 360.25646 130.41495 7
e 153.36731 8.41823 11
e 230.19694 144.15661 5
e 208.02115 28.03880 5
e 363.67550 4.40146 10
e 167.40721 94.58820 10
e 249.91023 42.36867 14
e 394.18505 372.31862 9
e 386.74043 48.81607 11
e 377.83200 293.81929 14
e 336.76671 128.65719 7
e 275.23807 76.70393 8
e 437.13761 219.43299 10
e 221.17062 50.51472 14
e 426.52535 16.64625 6
e 406.33940 38.24861 11
e 256.25221 99.07001 7
e 340.87066 3.58383 8
e 496.75048 234.76809 11
e 259.04677 119.33922 13
e 442.35304 153.82339 11
e 391.06535 160.11146 9
e 292.43219 195.33923 15
e 373.60000 81.69756 5
e 344.17412 158.17581 4
e 251.44762 314.32680 11
e 159.04364 245.70777 7
e 154.12195 37.61035 9
e 290.59113 125.17486 11
e 304.43729 175.40923 14
e 305.54638 46.65980 8
e 458.23483 329.81874 13
e 446.66171 243.01041 6
e 434.11474 168.40296 7
e 402.76702 90.16088 5
e 421.72434 117.19864 15
e 380.88932 357.60661 7
e 386.71070 18.82008 14
e 282.92867 101.41847 13
e 222.61234 5.67095 10
e 212.68719 37.10330 4
e 276.86299 27.49969 12
e 202.79473 44.78411 6
e 363.97510 211.20164 8
e 267.41354 46.63450 9
e 422.28988 228.84965 10
e 355.57981 232.31665 7
e 391.11418 78.76537 6
e 284.41467 170.69027 8
e 187.93555 32.02903 9
e 101.53473 90.17830 14
e 274.03222 59.37573 11
e 155.87986 165.23734 8
e 541.30051 69.34669 9
e 213.20013 22.61997 6
e 408.83502 113.74794 7
e 369.08654 296.51903 6
e 411.57284 148.00239 12
e 266.99886 103.60474 7
e 343.05669 256.25767 11
e 250.59953 328.69640 10
e 504.46482 346.09812 12
e 195.63377 336.32007 12
e 398.68520 149.03182 12
e 490.69415 158.17734 11
e 446.70230 33.87473 12
e 434.53193 85.51081 6
e 227.12983 186.28908 8
e 401.04114 102.90545 11
e 275.92638 141.11774 13
e 345.76896 194.09801 7
e 386.40288 192.95229 6
e 367.65011 56.16817 9
e 233.44191 66.40603 4
e 418.59964 247.19547 7
e 300.69178 61.26615 15
e 301.84608 288.88238 8
e 354.89300 428.75332 13
e 264.49854 91.60984 7
e 287.03575 286.85768 11
e 192.70668 16.79436 8
e 388.64130 176.36827 12
e 285.48766 122.99292 9
e 387.32631 183.93683 11
e 363.24413 10.36748 11
e 192.99000 249.12426 8
e 397.19083 404.83238 8
e 367.28164 196.92855 5
e 169.16037 49.37861 11
e 331.38041 39.26233 6
e 205.10985 22.19990 9
e 208.39872 102.67101 11
e 307.75497 174.57148 11
e 132.74036 22.45703 9
e 373.71986 29.01891 11
e 359.66440 60.88640 5
e 217.44483 168.55048 10
e 272.99778 71.53947 13
e 376.25832 244.34640 12
e 205.49467 2.19940 6
e 373.26146 125.90329 7
e 368.36178 185.48765 9
e 600.48074 185.16622 8
e 366.12045 68.14994 8
e 188.66367 166.90744 11
e 317.28807 139.98851 10
e 282.58775 268.42351 6
e 201.50696 221.68808 5
e 263.24517 46.74782 8
e 338.81891 280.51345 11
e 330.22007 682.48836 8
e 308.17618 684.80983 8
e 296.61524 528.83027 10
e 298.68346 689.80132 13
e 409.56369 681.26779 13
e 355.58783 584.20498 13
e 238.27592 876.75525 7
e 404.83141 949.23301 11
e 442.47021 735.20954 4
e 377.09791 608.93369 5
e 230.75244 770.83720 10
e 301.97832 590.71077 10
e 290.31492 574.88613 7
e 192.81558 779.79102 8
e 418.87899 775.51468 7
e 543.14693 464.17756 5
e 259.67087 614.39042 6
e 444.04805 572.20146 6
e 492.54774 900.18991 6
e 420.93801 789.19251 12
e 215.15365 766.92475 9
e 381.73257 704.34588 12
e 137.20415 448.57296 8
e 391.46701 621.95723 8
e 426.35541 671.16979 7
e 363.11778 801.95844 6
e 453.24144 707.20061 7
e 198.56122 716.07848 6
e 343.18916 702.72844 7
e 332.45899 842.34683 6
e 272.98701 699.94748 12
e 473.51163 706.94078 9
e 367.59955 589.68047 8
e 372.92543 393.38242 7
e 499.15633 817.40034 8
e 394.37108 697.30336 9
e 326.33478 468.20461 5
e 427.09367 674.12717 10
e 376.29799 589.58502 12
e 301.16115 635.94857 11
e 299.79690 740.12060 10
e 440.52987 569.18369 16
e 559.67399 611.08340 6
e 331.16171 573.69876 8
e 311.39470 672.85187 6
e 254.76998 751.54654 10
e 189.40363 885.28057 9
e 292.32297 857.33462 9
e 461.25671 803.86169 10
e 276.64573 735.72556 8
e 209.91632 853.76188 10
e 217.20897 548.76208 8
e 483.54138 689.26312 13
e 274.00705 782.87155 8
e 276.55246 859.47733 7
e 215.16126 584.50588 8
e 345.43481 529.85048 10
e 283.54880 722.65702 10
e 210.54174 694.68556 9
e 347.80994 493.89416 12
e 207.05259 1002.52339 7
e 296.74041 462.92468 4
e 206.92622 772.06427 10
e 462.56382 646.00973 5
e 295.27516 803.53675 7
e 348.60003 759.01473 13
e 339.44118 589.18001 9
e 330.16284 651.02588 8
e 301.93692 664.14930 14
e 365.71150 220.23803 10
e 478.24676 367.58401 7
e 242.49043 940.41883 11
e 488.35813 660.89074 11
e 305.25682 826.98361 8
e 363.10171 1050.55164 9
e 347.63805 711.05418 9
e 443.53254 778.67057 9
e 85.96702 528.64510 9
e 449.11980 657.55779 18
e 304.34291 793.62983 9
e 273.63479 701.66783 10
e 404.76247 698.99451 7
e 317.90900 983.34422 11
e 216.98922 509.24227 12
e 349.53051 856.63435 11
e 302.92306 547.92161 8
e 300.21381 742.26400 13
e 386.42321 775.20689 11
e 429.23321 569.38639 5
e 355.38952 845.35011 11
e 308.91365 623.30501 7
e 288.09845 741.81259 10
e 455.10037 729.35476 7
e 310.31401 648.73876 9
e 374.00337 541.31255 8
e 385.28948 856.51447 10
e 308.99139 368.06738 11
e 376.07618 609.93444 11
e 407.63312 694.15402 14
e 401.28833 745.70523 11
e 213.15493 521.50535 6
e 428.28267 739.85391 10
e 367.56827 900.65294 8
e 272.53358 713.34087 11
e 329.89487 584.25047 5
e 273.75524 605.80695 4
e 296.13974 726.84938 5
e 432.77116 418.07356 12
e 309.67070 620.71819 13
e 366.53481 722.25832 7
e 323.49744 834.26767 10
e 528.44930 760.40258 13
e 201.13391 515.28080 10
e 302.14904 753.76401 5
e 456.24438 692.22100 8
e 326.00436 807.63613 11
e 240.79913 610.45328 7
e 408.27993 511.61235 7
e 352.56831 604.38649 12
e 302.99094 902.19722 8
e 271.59109 692.71367 9
e 119.47866 719.52837 13
e 408.60348 862.88219 4
e 429.42996 591.53515 8
e 292.97263 339.01147 10
e 295.65597 586.65802 11
e 275.23539 964.68610 9
e 285.39921 396.98693 11
e 537.96354 966.03066 9
e 403.64283 867.88976 4
e 221.38875 779.51456 9
e 368.85949 518.31060 6
e 392.60023 843.03524 10
e 311.40316 836.71060 11
e 438.57290 843.34915 5
e 313.87309 592.23100 7
e 236.08298 460.65924 10
e 504.35983 508.89393 4
e 307.66794 499.08923 14
e 307.19631 824.85428 6
e 99.44093 685.61354 10
e 364.50272 486.47191 11
e 414.26074 486.01167 12
e 414.71379 617.86578 12
e 413.75328 969.08765 6
e 364.49920 912.55895 9
e 390.56682 860.25271 7
e 326.60018 576.95582 9
e 411.11053 696.98879 11
e 373.23241 714.62835 10
e 308.53023 761.27528 11
e 461.47232 640.83053 6
e 383.23482 879.51117 7
e 234.26851 481.59690 3
e 340.57954 839.17954 5
e 448.98623 644.02722 14
e 335.69701 644.67139 9
e 307.45052 377.63745 9
e 435.57231 714.13474 10
e 281.70596 664.05836 12
e 373.88019 539.10116 12
e 447.80674 820.57744 13
e 331.03580 919.74762 10
e 388.52987 450.79018 15
e 144.36576 473.93647 11
e 379.29928 677.14098 4
e 282.27020 555.46242 10
e 361.00852 881.01533 7
e 289.92030 712.73170 6
e 323.56156 675.66459 8
e 324.33888 678.56555 12
e 391.39449 555.23593 6
e 47.56066 669.59893 7
e 498.47041 804.73146 5
e 359.24864 948.93780 6
e 313.67799 772.25173 6
e 281.60447 841.26434 12
e 268.28976 884.72603 10
e 345.22832 687.89004 8
e 272.25151 955.23241 10
e 409.66205 768.04846 7
e 298.46113 642.42992 11
e 395.14798 592.93692 20
e 390.87146 467.79712 7
e 354.81160 543.92034 11
e 278.06449 816.90860 11
e 277.94521 722.40752 11
e 320.49659 367.28221 11
e 234.54116 715.99220 8
e 357.28678 767.10846 7
e 296.97980 815.16571 13
e 491.02159 795.74664 14
e 494.52475 896.17976 8
e 332.26618 576.38671 10
e 375.95513 645.40109 8
e 202.63455 635.22060 6
e 353.33325 528.75164 9
e 299.40387 487.56709 8
e 389.62163 660.16156 15
e 332.59448 671.71001 8
e 422.16518 852.95590 5
e 482.82322 666.17533 12
e 414.12309 617.02667 9
e 338.45861 579.17957 11
e 327.03336 623.14955 6
e 397.15971 441.36121 7
e 327.29769 496.70119 8
e 441.49764 659.07568 8
e 375.77256 483.78755 7
e 357.75577 520.59672 8
e 327.38190 817.29327 7
e 374.14262 519.86983 7
e 272.43564 669.34407 9
e 411.92883 785.23895 8
e 304.20967 672.32741 9
e 371.34643 502.73925 15
e 268.58597 570.38986 12
e 158.02521 763.04892 2
e 512.86931 808.96890 9
e 258.56224 891.06228 6
e 360.49194 348.03246 12
e 327.62687 738.84818 8
e 332.61988 439.18688 7
e 402.30157 726.56053 8
e 391.02220 721.00681 8
e 326.40771 446.25941 12
e 575.83330 706.65515 10
e 231.21743 921.80441 8
e 212.33164 559.69203 9
e 385.37379 743.91498 9
e 404.29692 462.72813 9
e 361.38266 658.33942 5
e 441.86979 739.61708 5
e 357.15801 731.84319 6
e 306.50122 687.62570 10
e 434.30705 919.96673 13
e 374.62912 465.36505 10
e 340.69210 414.52349 11
e 307.98391 726.73939 8
e 485.68271 910.45809 8
e 368.07768 786.95730 8
e 442.90811 532.38167 12
e 359.37472 675.78133 9
e 274.56928 378.33740 10
e 406.18476 720.92259 10
e 410.72897 911.06912 13
e 299.83737 635.51641 4
e 442.75089 689.30454 8
e 305.39378 677.40230 4
e 351.45977 808.48180 9
e 208.50123 474.65949 7
e 466.81236 680.53062 9
e 415.58150 471.76499 11
e 377.92581 631.58407 7
e 361.14152 664.33296 10
e 237.15265 623.37757 10
e 299.97817 741.77777 6
e 390.92039 728.05443 10
e 357.62047 609.05493 6
e 523.04218 679.82112 8
e 378.33180 665.21969 9
e 375.83089 699.48631 9
e 397.14576 822.20518 4
e 494.32840 783.19971 14
e 441.36735 591.07524 12
e 525.35846 764.89190 14
e 456.99524 799.79047 9
e 479.90003 826.87195 5
e 181.58676 590.89847 6
e 125.85551 504.25098 14
e 402.83742 438.40071 7
e 442.01685 985.21283 5
e 295.27317 381.01534 10
e 299.73236 608.92850 5
e 567.26104 555.99666 9
e 271.73730 698.16258 9
e 216.37456 627.04199 9
e 415.81304 822.74488 13
e 429.82559 710.77728 12
e 398.41395 707.84382 11
e 253.86160 763.48252 7
e 344.30418 573.11070 8
e 370.39003 584.60116 9
e 304.04592 476.03847 5
e 267.32104 745.29084 9
e 500.12276 634.41077 9
e 467.41455 796.81043 8
e 435.99866 609.27480 14
e 501.50767 777.92278 11
e 366.54454 472.26695 11
e 456.69327 394.07124 10
e 478.01423 682.62621 11
e 527.41414 629.08145 6
e 432.83254 717.11967 8
e 279.91127 282.86068 6
e 218.92949 941.07316 6
e 288.27560 674.54280 18
e 218.89045 663.12582 9
e 288.42472 760.97497 10
e 454.87551 581.33269 10
e 496.39326 468.73543 13
e 576.00505 917.71044 12
e 197.26334 761.12957 6
e 246.07160 791.80484 11
e 394.15908 899.91382 12
e 447.47361 903.88556 8
e 326.34923 589.09516 8
e 362.93655 458.46490 7
e 369.15456 803.51726 14
e 401.68782 903.76492 7
e 376.02603 495.59153 7
e 304.47399 849.15225 6
e 270.13844 693.14237 8
e 364.19077 1011.55488 6
e 299.05207 571.03595 6
e 376.32765 721.49106 7
e 329.00166 561.38362 11
e 442.97929 1008.57884 9
e 468.12868 540.13272 8
e 423.32741 245.35058 9
e 439.32158 804.58183 5
e 345.65919 548.94092 11
e 199.60400 851.16314 4
e 413.36341 988.19564 10
e 321.49533 808.60922 5
e 378.58663 513.99723 9
e 216.92024 574.02412 9
e 351.16620 860.27887 9
e 413.77602 712.80059 7
e 174.37589 422.71067 6
e 189.20715 526.81277 10
e 414.78568 360.32374 8
e 451.86679 662.87478 10
e 271.72403 749.47725 12
e 458.55937 448.47809 16
e 326.97281 509.15389 15
e 538.91205 815.61965 9
e 384.44728 573.69087 12
e 416.68287 864.28171 11
e 319.21730 397.42413 10
e 432.83672 752.89019 11
e 436.91280 740.92744 9
e 304.83835 869.24155 8
e 498.84942 648.33462 7
e 456.78028 377.61004 8
e 495.57457 828.70671 8
e 371.96817 208.25559 7
e 308.16658 475.40971 13
e 273.99245 541.01047 5
e 376.68461 892.85136 11
e 336.90900 668.27439 7
e 317.95497 616.86841 8
e 472.53814 854.30402 16
e 435.60971 1006.96959 10
e 383.39610 809.05315 8
e 382.55683 774.59595 8
e 449.05387 753.72382 7
e 309.34832 709.13745 7
e 276.74638 765.89599 8
e 398.10471 605.72612 5
e 391.26590 557.68802 6
e 314.25146 826.94292 10
e 307.57050 892.88725 9
e 372.58332 689.97574 6
e 590.46645 638.22359 7
e 231.74500 938.18948 12
e 383.37539 492.24025 7
e 431.92332 814.72451 12
e 361.72682 554.18222 7
e 371.58703 609.42554 10
e 395.56214 741.99271 15
e 470.87449 814.80699 6
e 454.17604 905.93398 5
e 205.10195 575.31901 10
e 344.54078 666.93958 10
e 406.58438 940.78549 8
e 273.94906 771.74251 9
e 485.87499 1033.50097 11
e 347.41698 496.66363 14
e 314.40032 229.84381 13
e 421.07059 511.06976 5
e 403.21561 595.52380 6
e 536.71324 708.39692 11
e 283.93694 580.91521 13
e 349.83372 551.84168 7
e 351.02979 755.72134 9
e 442.48709 893.69136 6
e 197.04914 621.73361 4
e 418.83826 629.49021 8
e 394.64843 617.43621 8
e 207.59565 744.82913 7
e 345.31836 806.87472 8
e 326.74233 713.67333 12
e 389.04591 1021.19276 13
e 407.71404 997.44985 11
e 384.10988 805.97109 8
e 245.21871 571.91202 10
e 263.13949 503.96198 12
e 591.68191 751.09549 7
e 274.14147 581.93461 5
e 679.72797 114.14376 10
e 616.18807 131.68262 8
e 552.12348 286.02340 10
e 551.69157 53.97843 6
e 668.20181 23.00461 12
e 652.18102 18.80245 8
e 714.62573 57.49861 10
e 677.29979 63.38887 10
e 602.65143 115.10538 10
e 655.85651 136.70615 11
e 687.51134 178.29742 11
e 706.14317 221.57123 10
e 695.33389 22.57732 10
e 596.90423 186.33669 8
e 625.44848 284.08299 9
e 706.61248 176.65811 11
e 696.36015 41.95943 10
e 639.29058 65.46656 7
e 496.12689 31.90500 7
e 634.59323 186.89048 12
e 700.30174 123.58417 8
e 669.78379 282.41627 9
e 637.67759 91.51904 8
e 661.23030 159.54646 14
e 609.29069 392.66950 6
e 614.55270 226.50560 11
e 675.53908 85.19980 6
e 715.24020 50.20654 13
e 694.80824 23.33357 9
e 708.35461 456.00505 6
e 659.02237 281.84050 10
e 654.59192 300.68421 10
e 697.58999 74.12862 16
e 550.11220 155.85416 11
e 719.55825 145.19197 5
e 546.39403 191.28555 11
e 511.35897 174.80073 7
e 646.92239 280.77948 4
e 715.11147 192.82025 9
e 594.51466 131.02106 7
e 683.06363 279.98413 15
e 663.61086 348.19114 8
e 587.70663 139.52212 11
e 635.95563 0.48018 7
e 653.42907 240.12280 9
e 645.62354 89.55971 14
e 687.11129 40.61751 7
e 690.82116 222.52176 11
e 671.73640 10.96877 5
e 695.44060 121.61153 6
e 670.68325 264.37507 6
e 694.06157 243.30323 10
e 675.59717 38.93372 11
e 717.01536 192.70906 6
e 620.18965 0.56895 16
e 698.18186 307.17408 4
e 668.50195 379.92970 11
e 691.70152 271.95507 10
e 546.71816 376.40184 8
e 687.42724 120.61975 7
e 684.50781 201.58180 16
e 613.39007 43.71284 8
e 599.49541 131.53515 11
e 630.60242 141.02575 9
e 600.94727 374.49381 7
e 674.70685 49.49174 9
e 628.64931 312.93193 10
e 711.68768 58.14402 12
e 700.97688 157.32340 9
e 683.26396 55.60312 7
e 670.98726 13.01490 13
e 479.61268 198.93711 4
e 672.55443 200.71474 6
e 685.34585 223.38538 8
e 546.14865 140.92134 7
e 680.69198 85.92152 14
e 645.30128 364.26727 10
e 639.83973 186.45242 8
e 628.27354 312.00135 11
e 712.76379 95.67257 13
e 651.77589 41.28326 9
e 704.38050 373.09542 7
e 555.78565 221.26374 12
e 458.38323 38.42330 10
e 621.26779 181.73747 11
e 610.68762 23.62027 8
e 716.87460 22.34056 6
e 593.25987 111.14528 13
e 691.80781 310.76096 7
e 586.95807 186.47021 13
e 651.58137 229.60349 6
e 578.92635 138.34948 7
e 644.00294 4.01681 10
e 642.20393 565.24029 8
e 478.04931 313.12165 8
e 568.15048 295.95849 10
e 624.28988 265.13810 7
e 715.51947 37.22670 6
e 588.82243 74.62545 9
e 701.23571 104.03596 7
e 613.13680 362.34755 15
e 707.87437 77.66211 11
e 581.45906 398.47652 11
e 709.36831 224.49941 7
e 518.26754 72.30111 10
e 680.44829 364.06817 10
e 674.13653 149.00231 10
e 631.33814 89.08522 9
e 468.20717 190.46383 5
e 681.16766 157.25857 15
e 687.28220 56.08840 7
e 605.56814 64.32452 13
e 552.35096 2.24587 11
e 661.62937 79.08502 11
e 570.72402 162.10585 7
e 678.30507 176.77425 8
e 577.07302 112.51718 11
e 686.54981 233.65399 7
e 703.17640 31.71899 15
e 637.49384 317.24023 6
e 655.56128 183.24782 10
e 686.21508 2.42172 5
e 674.82891 177.96425 8
e 577.37875 230.79499 9
e 661.22228 320.71167 11
e 632.80768 51.95520 12
e 700.46303 27.02624 12
e 656.84691 123.37624 6
e 639.03609 322.75455 9
e 622.01483 56.49305 10
e 682.14762 75.55332 8
e 607.89173 347.76595 12
e 683.85476 33.10788 9
e 659.84153 1.36108 10
e 623.88780 201.78963 7
e 699.54969 30.11223 11
e 544.27861 75.60648 13
e 615.50977 86.97531 7
e 694.19425 194.48745 10
e 649.94679 213.10265 13
e 692.76190 137.96819 10
e 673.12008 138.65508 5
e 717.67372 132.87184 7
e 480.13503 185.11535 7
e 706.66256 309.93325 10
e 680.87988 237.77038 7
e 703.13091 214.89910 7
e 653.31216 130.27175 10
e 505.70808 42.64861 7
e 636.06824 131.90697 7
e 712.59222 388.72965 5
e 619.25223 275.30083 5
e 565.19029 224.55344 12
e 639.51660 248.84014 9
e 558.65586 257.95171 10
e 608.87504 46.19297 7
e 671.21484 108.41715 5
e 717.50978 122.52674 16
e 609.06306 152.63442 10
e 699.20665 263.47730 6
e 684.56515 247.01805 13
e 581.91139 286.75388 7
e 646.28922 199.52949 6
e 676.12466 120.62980 10
e 639.62780 108.98028 10
e 672.40421 133.81790 9
e 699.65755 194.66851 11
e 649.66828 246.92361 6
e 634.39205 66.61114 9
e 434.72033 76.03623 12
e 632.81956 124.30040 8
e 671.31120 313.43579 12
e 696.63990 148.13464 8
e 650.30864 212.21245 11
e 663.34081 178.41557 9
e 692.74839 231.93925 9
e 665.35715 316.35622 8
e 638.24312 234.28120 9
e 623.38750 121.01397 8
e 711.08100 201.86643 8
e 717.40835 213.72811 8
e 646.72647 62.19236 6
e 650.21375 121.58114 7
e 705.42296 157.26580 4
e 672.22788 12.21447 9
e 661.58168 2.59100 5
e 685.87186 131.66063 6
e 645.47106 152.06543 6
e 719.11452 142.37984 13
e 676.58751 146.55975 11
e 682.52390 194.09793 10
e 643.01965 110.53253 11
e 708.62892 42.31587 10
e 566.47709 41.38698 6
e 659.00482 45.77470 8
e 704.57484 322.35913 8
e 617.23717 171.14805 9
e 692.13838 336.03414 7
e 656.50693 83.70509 7
e 631.15054 137.14521 9
