c ./output/rectangle/gaussian/gaussian-rectangle-2-1000
p rectangle 1000 720.00000 1080.00000
e 293.70990 749.50070 8
e 296.53073 684.13389 8
e 306.36006 285.23479 11
e 233.51088 826.84112 12
e 419.47390 433.78773 6
e 367.93446 400.94570 8
e 217.56795 548.07982 4
e 240.39296 845.67133 9
e 166.87161 755.25136 5
e 205.46639 747.32807 8
e 163.61292 817.61862 8
e 261.85742 672.05524 9
e 26.38858 909.21399 14
e 127.95989 663.35773 10
e 251.62299 444.73805 8
e 201.50030 511.76654 9
e 429.54949 876.41915 7
e 285.42221 660.95458 6
e 216.97519 776.01343 5
e 149.69441 600.47113 10
e 246.84240 663.24101 10
e 349.09721 805.93193 13
e 362.72908 753.65420 9
e 398.22017 915.68923 7
e 238.04932 886.41345 9
e 154.14592 828.92940 12
e 279.02520 672.62032 11
e 245.10375 292.79797 9
e 284.03353 749.60388 9
e 295.56144 532.24244 9
e 426.28709 476.35571 10
e 128.72494 809.43223 4
e 300.10181 786.27392 7
e 243.62643 361.93292 14
e 228.78556 660.40252 11
e 348.17343 774.03557 11
e 121.28669 687.31847 6
e 239.19931 812.23099 4
e 329.59278 817.56561 7
e 227.60174 612.78745 14
e 350.90895 694.43739 9
e 432.98055 473.19304 7
e 142.65687 669.33804 9
e 229.03816 539.21445 7
e 316.15362 596.22104 9
e 153.34002 732.31360 7
e 276.70403 674.73252 8
e 305.30443 823.46061 14
e 259.25829 539.20685 6
e 369.93461 773.98951 13
e 217.70820 666.90979 14
e 345.99263 786.64595 8
e 374.10882 668.05519 10
e 245.95599 748.26894 10
e 280.64131 745.94397 8
e 237.92666 655.13543 7
e 448.78113 559.78809 11
e 231.20719 652.22907 9
e 288.83146 555.46787 9
e 156.42196 603.49519 8
e 343.69597 496.48217 6
e 238.60963 636.50617 9
e 170.67264 428.83076 8
e 325.86319 376.56698 8
e 212.28043 322.19822 9
e 284.70250 332.70991 11
e 191.59431 668.07580 8
e 146.56749 665.97995 9
e 332.65239 691.45535 10
e 376.20305 740.40060 5
e 84.73536 670.33172 7
e 265.53636 289.89606 6
e 351.14871 850.29076 8
e 417.84182 644.48031 9
e 328.20982 563.95913 8
e 324.00740 647.46532 13
e 342.50834 576.01834 13
e 366.15566 746.41691 15
e 89.58065 641.33998 9
e 247.28738 733.00426 8
e 222.00945 586.81534 10
e 389.86804 489.18443 8
e 212.48487 521.44387 8
e 191.36479 791.25324 8
e 336.88970 543.43442 11
e 379.03394 848.68775 14
e 229.84458 874.47635 8
e 490.30802 776.79618 10
e 220.35311 540.52399 10
e 331.96379 675.74610 8
e 429.74576 857.29953 13
e 318.71415 626.50044 13
e 379.89203 718.60885 13
e 217.03704 510.24249 5
e 283.81270 605.11662 7
e 126.82022 673.12815 13
e 96.42388 549.15450 6
e 319.78911 729.55810 9
e 237.21035 721.75146 11
e 331.01406 818.10549 14
e 130.86475 780.39734 5
e 366.36578 964.64461 17
e 93.41804 866.09082 11
e 275.56341 721.71092 8
e 252.88223 695.62036 8
e 48.47857 701.77981 15
e 247.06646 923.43162 11
e 239.33324 786.49841 6
e 225.50471 791.57049 10
e 258.81707 598.51496 10
e 196.79973 621.06455 7
e 295.19760 992.84034 16
e 289.01087 857.04545 8
e 315.31514 767.01592 8
e 233.57891 876.43409 7
e 153.11061 840.94507 11
e 158.05947 352.25075 10
e 330.33258 775.55232 12
e 241.48398 620.97718 4
e 170.34950 603.35695 8
e 181.80189 718.76372 15
e 295.87852 850.98699 9
e 207.09690 721.36832 11
e 221.13222 562.43001 10
e 338.46980 580.82404 16
e 322.99364 758.60306 10
e 210.46763 865.83160 7
e 224.20696 820.96276 15
e 125.64514 661.93325 9
e 228.22852 863.23139 14
e 388.45271 656.46757 6
e 298.96042 930.24580 12
e 172.92761 387.29722 6
e 288.65283 561.70515 14
e 234.36460 693.32003 8
e 283.99964 379.50918 18
e 244.22911 503.13619 8
e 371.74876 583.50499 7
e 273.93681 810.84251 10
e 383.68164 720.73867 10
e 270.83954 811.39716 10
e 308.96666 693.58579 9
e 353.58050 550.92802 8
e 357.77887 422.43800 7
e 284.45024 475.47591 9
e 275.86390 371.24126 15
e 127.52221 595.48695 15
e 242.78184 706.98026 12
e 172.79909 568.31354 7
e 501.98573 487.25557 16
e 233.92629 849.19041 12
e 318.61749 666.24771 12
e 179.68372 811.74617 8
e 360.67964 675.39739 11
e 201.25724 727.29972 6
e 308.68173 315.21150 9
e 340.64701 655.22219 18
e 346.08288 801.24071 11
e 202.34407 964.61808 13
e 347.46246 693.61484 10
e 307.78782 611.29269 8
e 402.13817 557.86653 9
e 173.24618 541.73997 9
e 168.11612 812.71674 13
e 87.46008 907.64093 9
e 377.28465 681.21472 10
e 89.11573 569.58429 11
e 193.15695 803.69040 9
e 218.92311 628.57595 12
e 51.48870 776.73106 9
e 272.92014 649.94928 13
e 258.14529 522.00641 6
e 226.91174 578.06131 11
e 154.21262 486.35443 10
e 248.36435 730.18681 9
e 377.60026 473.08864 15
e 267.88754 473.12427 5
e 375.25529 715.65587 9
e 58.05071 890.28692 12
e 344.45234 608.11192 7
e 192.13861 437.89335 7
e 289.95285 552.16625 10
e 116.09757 962.01282 13
e 299.98910 754.02449 10
e 334.40564 651.06383 12
e 210.82524 570.48078 11
e 405.12107 679.35783 16
e 246.82986 726.07293 12
e 301.37841 518.95822 4
e 464.74263 534.36510 7
e 298.96102 839.72888 13
e 350.29936 560.72567 14
e 178.19868 684.28080 4
e 370.67712 651.93160 13
e 475.97445 618.21036 8
e 382.64766 217.25340 9
e 362.75902 963.21020 10
e 190.81527 790.48217 8
e 221.75691 775.90209 16
e 184.69249 814.18460 13
e 327.36463 794.18182 8
e 559.11946 686.71643 8
e 395.75088 607.98968 12
e 320.54532 681.26406 12
e 243.74166 676.24213 9
e 259.28043 681.61122 10
e 219.45789 738.11800 12
e 230.87730 700.13973 6
e 139.41777 650.76753 6
e 378.16909 566.39805 9
e 367.42082 783.43391 13
e 196.02992 1061.63220 11
e 169.24801 707.46936 6
e 359.45985 667.78463 11
e 320.67971 721.04910 7
e 260.30215 796.46849 5
e 331.23900 1014.16478 8
e 285.43344 446.54038 7
e 402.79459 612.22808 10
e 316.97036 619.16247 4
e 231.83817 422.34162 11
e 225.72285 621.82768 12
e 330.19519 615.43304 8
e 234.25800 804.87526 7
e 318.60015 349.91983 13
e 219.44916 568.93618 7
e 162.51093 785.35436 9
e 357.30197 706.23630 7
e 293.00719 628.64312 6
e 213.00501 791.61268 5
e 286.02125 507.60397 11
e 404.55803 426.84279 12
e 271.89022 735.43108 10
e 102.76233 961.24810 12
e 299.37360 955.47812 5
e 444.47274 686.65201 8
e 398.57188 471.56170 12
e 284.86567 665.85591 10
e 243.36261 825.29387 8
e 275.66784 437.02159 18
e 307.85345 592.90129 8
e 340.94138 1034.35095 6
e 195.18570 603.27829 9
e 317.95007 431.39194 10
e 290.82883 503.44897 12
e 223.31412 698.75202 6
e 168.69137 973.77794 10
e 368.07917 662.65715 11
e 180.27145 825.22378 11
e 206.95144 700.52732 5
e 250.98004 487.86110 10
e 379.92283 792.64047 9
e 270.86077 672.20639 8
e 63.97139 804.14108 13
e 203.79884 877.10659 10
e 258.86365 513.66533 11
e 356.02505 841.49485 4
e 180.67605 844.47514 12
e 285.79843 724.03437 7
e 249.50315 571.00003 8
e 113.97399 687.52010 4
e 153.04897 457.83860 10
e 298.33513 760.35597 15
e 273.64260 749.08575 10
e 382.97525 771.22032 5
e 181.04651 528.59857 7
e 93.22093 491.10444 9
e 279.36210 507.72410 9
e 263.71641 874.18499 4
e 276.03354 536.27208 7
e 363.44892 803.74700 10
e 252.96673 757.32838 11
e 166.90564 858.98769 12
e 291.26820 641.67140 11
e 393.40301 850.11055 8
e 170.49500 706.96688 11
e 266.76441 652.66374 7
e 316.30570 502.38172 10
e 368.81681 553.62885 12
e 377.77359 548.14590 6
e 167.55498 586.95358 21
e 87.85684 791.01781 10
e 175.35826 524.74091 8
e 211.59135 743.18659 9
e 126.87138 898.95772 5
e 212.65854 660.99512 12
e 279.02434 692.14782 10
e 336.50108 606.80951 8
e 216.22581 840.41264 8
e 186.60337 686.27242 4
e 271.00618 511.10665 8
e 307.71208 669.95897 17
e 261.93144 580.28474 5
e 299.46826 905.69843 5
e 445.71127 663.29573 12
e 432.65134 835.72753 13
e 323.24913 624.26550 8
e 354.42338 651.52363 5
e 283.54859 483.44753 8
e 237.66054 961.92578 12
e 361.33756 614.23526 8
e 423.28466 459.53751 6
e 235.16671 768.31170 6
e 284.18259 763.64207 6
e 184.77874 845.33162 9
e 86.99038 487.81800 10
e 231.32022 920.99657 9
e 407.37341 836.24380 9
e 191.35709 649.37861 8
e 102.53585 510.99000 12
e 303.69311 696.58160 5
e 259.18803 617.49980 14
e 273.75441 788.19537 13
e 264.66039 528.02728 10
e 271.44349 852.27212 8
e 360.47143 895.87461 8
e 265.68107 780.42116 6
e 313.60020 868.05645 12
e 197.31653 589.55620 8
e 214.40506 917.26560 6
e 221.35131 773.08424 10
e 225.19105 796.50636 4
e 380.66541 810.17253 12
e 154.86486 701.55983 10
e 319.98847 757.00301 18
e 253.69643 491.32538 10
e 342.66622 752.64277 11
e 173.61976 606.20839 8
e 423.34894 634.81030 9
e 250.64762 722.63769 6
e 228.42748 732.83773 8
e 126.66585 668.06262 9
e 293.54754 871.44671 7
e 271.97102 461.28762 9
e 227.72900 677.99638 10
e 256.23710 684.50190 5
e 299.90053 704.10783 7
e 275.38469 818.56996 10
e 280.26334 740.59960 7
e 304.72489 349.95020 8
e 284.08417 357.45344 9
e 223.21310 730.82840 15
e 387.71617 741.68411 8
e 254.11761 764.63237 6
e 239.28211 582.78165 15
e 294.40908 590.51843 10
e 310.12840 857.95125 5
e 216.61557 483.32951 9
e 391.34198 674.86025 10
e 348.81768 891.38498 13
e 210.73928 641.58142 13
e 296.04997 937.83535 7
e 261.95572 1019.43097 10
e 342.97356 828.48839 9
e 228.34813 959.69560 11
e 160.26072 680.13342 11
e 212.86128 816.75934 6
e 366.02946 679.31290 11
e 261.18377 713.02411 10
e 194.67297 339.92630 6
e 174.58427 435.13751 7
e 161.48582 714.12892 15
e 462.35774 832.64230 9
e 214.02557 865.21230 8
e 317.09964 797.47252 10
e 273.73718 923.48304 5
e 220.51124 697.27314 10
e 250.98441 680.34611 12
e 248.12325 630.85988 7
e 113.23903 607.84368 9
e 230.11698 968.46087 12
e 203.30394 365.86418 13
e 409.52097 491.27014 10
e 255.59252 711.73786 11
e 308.46020 376.36977 9
e 270.32631 879.48334 8
e 355.21884 432.37611 8
e 238.17101 727.84727 14
e 311.81791 857.09558 10
e 171.25739 574.15727 6
e 156.18082 775.99537 5
e 326.12229 687.16459 17
e 368.48075 625.38305 11
e 189.50094 640.86373 6
e 212.14001 802.59834 9
e 313.80335 821.69294 15
e 239.21369 556.34196 15
e 258.79754 332.10921 9
e 218.08103 753.06020 5
e 312.16835 846.66369 9
e 289.25602 573.20801 12
e 424.16429 625.38378 11
e 56.99297 861.83688 10
e 188.69834 783.11036 4
e 265.10407 890.41915 7
e 246.39432 901.81902 7
e 319.13488 464.37043 13
e 259.15746 758.38282 10
e 243.07995 712.90947 7
e 403.09075 910.77553 9
e 199.95447 718.12745 8
e 339.44655 626.21337 12
e 263.88191 600.64668 8
e 313.38007 955.26857 13
e 277.02361 638.82247 9
e 404.51132 304.20031 3
e 368.12625 1056.98317 7
e 270.33901 887.71276 5
e 376.30320 568.57666 8
e 378.80587 545.12645 12
e 226.77215 751.51075 4
e 249.70210 597.57549 9
e 353.04107 619.51678 13
e 244.39626 662.18617 8
e 405.69107 829.33039 11
e 309.27805 815.98721 8
e 114.86900 747.08370 8
e 375.68249 696.27984 13
e 278.13168 730.98509 10
e 183.78244 721.65150 8
e 170.52879 547.22481 9
e 129.05027 346.31419 13
e 236.17056 424.85276 10
e 230.65740 804.34275 9
e 481.47818 640.18602 14
e 310.64551 676.19316 5
e 243.96767 753.14314 6
e 124.59256 777.94612 8
e 163.66094 789.10148 9
e 337.70642 544.70124 7
e 183.02252 742.79024 9
e 218.26525 723.02324 7
e 192.80469 433.16398 6
e 287.68430 722.45055 9
e 176.58845 624.40700 9
e 182.19172 815.39954 6
e 206.10857 508.61308 7
e 112.31809 835.21499 16
e 267.03402 736.84024 12
e 173.62168 833.72470 11
e 343.47647 906.32039 9
e 257.64531 500.82439 9
e 335.72754 575.53334 10
e 428.39814 692.18516 7
e 261.10443 902.89902 4
e 368.10529 495.88567 9
e 174.72167 571.64657 6
e 361.15598 925.49280 7
e 287.56403 578.37404 12
e 283.71273 711.79062 15
e 302.65151 792.10254 13
e 235.32522 660.17321 9
e 139.31046 588.39217 11
e 301.39414 651.29297 10
e 247.10893 682.57678 10
e 390.57189 617.16584 8
e 270.98726 717.82066 8
e 147.69635 709.86541 8
e 234.72287 502.65023 5
e 342.75694 617.53969 16
e 240.33912 741.21424 6
e 236.07224 348.17375 12
e 216.73655 780.20724 13
e 342.70112 666.48366 7
e 230.92851 716.53154 4
e 328.71793 924.05275 11
e 300.89417 867.33432 12
e 105.83845 597.18363 8
e 280.13247 819.16415 6
e 331.68214 666.34455 11
e 286.14870 923.31670 6
e 264.44858 366.16577 9
e 216.47381 838.65313 10
e 366.86562 577.71973 8
e 89.49652 689.61848 8
e 212.03695 865.73072 17
e 133.75240 827.54221 7
e 311.27071 987.87337 11
e 296.28503 692.74518 7
e 122.57987 577.29470 6
e 203.88693 986.76171 12
e 286.32251 927.07874 12
e 354.22409 487.65166 7
e 439.42514 651.84790 9
e 236.80655 841.86158 12
e 226.55135 742.84298 10
e 133.03863 668.53090 8
e 261.56440 658.68104 7
e 246.42083 859.27358 6
e 257.54869 871.59140 9
e 318.34530 582.82484 7
e 181.21151 493.65771 11
e 268.18152 482.53663 13
e 156.08953 843.26005 10
e 261.53193 401.38919 6
e 203.86157 661.57663 13
e 290.48481 347.38632 14
e 297.96965 706.36756 10
e 393.32072 851.65062 7
e 401.07190 628.80192 9
e 302.23690 817.81428 7
e 216.07885 826.92502 10
e 346.79666 556.55254 7
e 137.19670 717.35858 9
e 320.71658 963.26376 12
e 266.08796 675.64202 6
e 325.69595 682.83426 8
e 230.18621 753.06769 5
e 277.70434 1001.45395 9
e 437.91343 893.08912 10
e 364.03899 764.61787 6
e 349.36514 285.24241 8
e 328.44800 752.56929 10
e 238.34645 539.64644 7
e 424.42839 819.51566 6
e 190.94241 753.15522 9
e 330.32530 486.37413 8
e 283.56311 741.35057 12
e 385.16605 647.68657 8
e 325.27726 582.54598 11
e 338.46213 331.88159 11
e 412.56689 445.24664 13
e 308.45489 717.80371 3
e 233.93374 799.51328 6
e 340.71376 539.13355 9
e 187.78726 767.93781 7
e 183.12160 438.95503 7
e 254.03153 363.60399 6
e 340.71867 965.98087 10
e 274.33693 691.33068 10
e 250.23996 692.96788 10
e 234.38929 563.45314 13
e 256.84957 922.89641 6
e 308.23625 810.84942 4
e 349.86978 736.94708 14
e 241.89311 924.75559 9
e 341.09872 734.61140 9
e 185.18559 672.21600 6
e 235.89784 532.44647 9
e 422.51818 619.33864 8
e 245.40899 438.96556 15
e 278.63530 618.96598 7
e 223.24919 798.33614 18
e 222.00053 639.57761 13
e 280.95347 691.03502 12
e 210.19091 765.21738 10
e 132.83706 625.53175 16
e 215.86395 408.72347 11
e 236.56130 621.78247 7
e 390.63032 722.14286 15
e 227.42628 444.37658 11
e 271.15908 620.66903 8
e 271.66904 761.46885 9
e 223.26844 833.80351 12
e 339.87361 720.91943 10
e 183.41913 358.37148 10
e 263.31610 562.92650 8
e 242.75533 597.46850 9
e 222.16527 969.95655 13
e 311.20589 591.61392 6
e 319.54282 686.65452 13
e 310.44874 686.65612 8
e 302.25316 629.72074 11
e 265.25562 533.88930 12
e 212.79368 826.52759 16
e 346.27388 719.01569 8
e 341.63450 504.30031 7
e 352.76785 627.43414 9
e 228.88304 743.45901 10
e 197.51107 819.16197 12
e 408.36044 653.86685 8
e 241.74792 619.65215 7
e 132.43975 866.25391 13
e 256.56455 723.56272 9
e 409.33982 717.66801 15
e 313.93601 506.42694 12
e 229.10346 587.15609 8
e 228.39047 554.72385 9
e 93.24201 718.28383 12
e 220.10958 840.34364 6
e 267.79676 534.77254 11
e 247.43661 729.43449 8
e 258.07854 762.21183 4
e 248.52350 452.16379 11
e 259.67950 908.63496 7
e 339.83945 848.94101 13
e 457.93463 837.69141 13
e 267.29814 709.99284 16
e 320.20440 981.08566 5
e 188.09720 459.58091 9
e 350.86912 546.98941 11
e 395.55836 901.44691 11
e 300.35093 529.15353 7
e 309.01921 802.22799 10
e 291.06923 690.12697 9
e 255.40854 689.15122 14
e 225.15528 848.72458 7
e 133.46083 754.51080 10
e 335.71887 627.57911 7
e 139.25249 779.94479 8
e 252.73500 747.10433 4
e 156.49061 391.84956 11
e 253.16207 748.86113 6
e 393.18919 869.52713 13
e 376.48263 626.99150 9
e 124.39307 718.08180 9
e 262.46906 645.21906 7
e 422.03217 639.88790 9
e 392.55741 871.34899 11
e 379.51992 739.17869 7
e 230.26987 324.06315 7
e 241.96394 906.20985 7
e 219.40137 490.54438 4
e 460.41992 382.98631 7
e 280.37126 519.03794 12
e 229.65684 550.63787 11
e 342.46893 589.02455 6
e 175.46512 660.51379 14
e 208.66955 645.14902 9
e 231.22984 543.67836 14
e 201.33098 395.43135 7
e 367.51840 912.19532 12
e 86.86803 453.08062 9
e 291.67273 634.13956 9
e 202.56684 710.21111 5
e 506.44698 646.24315 11
e 213.84798 537.73493 6
e 222.84872 579.71037 6
e 272.10660 942.11511 8
e 264.40839 754.32909 9
e 321.04695 703.27883 8
e 313.40593 832.83798 9
e 297.53202 610.49337 10
e 253.39618 594.21864 9
e 192.82772 635.59889 4
e 234.62832 862.68843 4
e 33.61975 723.51312 9
e 230.98615 872.55730 5
e 255.59968 617.56598 6
e 199.24802 734.18480 8
e 240.31824 884.25096 11
e 264.72357 386.54396 9
e 312.78161 673.06719 5
e 340.57111 677.67767 8
e 290.21928 455.27834 11
e 221.02645 928.78160 7
e 174.03856 729.47685 9
e 49.42340 848.90430 14
e 208.14552 631.85826 15
e 328.10658 504.00876 9
e 184.53958 579.58438 11
e 129.06494 773.63915 9
e 63.88462 906.06174 8
e 288.82736 754.33908 15
e 267.38642 582.18824 9
e 291.23459 774.00208 10
e 240.30673 844.57049 10
e 162.89700 719.28210 4
e 366.41511 505.79016 6
e 396.70613 657.23721 10
e 101.62084 723.84021 10
e 251.28229 655.84580 7
e 230.81421 647.35364 8
e 205.45351 284.25547 9
e 291.80574 728.65743 12
e 311.53040 986.69804 12
e 407.85513 652.56925 11
e 26.64525 711.88133 9
e 365.42478 862.97894 9
e 179.84291 552.62231 5
e 299.42864 896.40722 10
e 229.90835 754.08517 8
e 258.19618 677.96084 13
e 241.48567 945.40833 12
e 122.93071 717.41991 7
e 181.08824 949.64036 9
e 308.56054 377.53807 10
e 283.87893 522.93409 10
e 381.35953 665.29254 4
e 202.27563 647.91223 7
e 291.44144 701.91023 12
e 148.66619 541.16390 7
e 121.56746 661.21720 7
e 239.76350 459.45589 7
e 136.02487 793.62409 13
e 261.27619 336.13164 10
e 430.49380 624.02135 2
e 227.68389 978.90127 9
e 270.78758 461.46729 13
e 260.78723 567.03567 7
e 144.00579 554.72260 8
e 276.17475 689.46461 8
e 328.28192 828.08212 6
e 293.33152 884.60542 8
e 188.42944 558.90081 5
e 312.45873 798.49774 4
e 165.90307 414.73734 5
e 221.12652 854.83971 8
e 140.54267 503.55218 7
e 336.29630 1023.49098 5
e 549.82398 766.78516 9
e 470.70901 431.41230 8
e 527.72055 330.34630 7
e 460.47969 275.32811 8
e 436.14534 626.70205 11
e 369.25296 632.07178 10
e 544.42140 623.06092 8
e 354.28166 604.66602 10
e 509.84673 496.76604 5
e 443.28542 607.23905 6
e 396.67163 813.98805 9
e 496.21457 749.54365 7
e 386.56169 730.71241 9
e 565.13056 835.70872 5
e 489.98786 490.26075 10
e 486.07382 586.17030 9
e 420.88376 368.59760 12
e 597.10515 673.29271 7
e 386.97259 607.37360 8
e 402.36977 629.26308 11
e 388.12527 817.18115 8
e 472.61739 912.94656 6
e 410.83352 509.90747 6
e 423.31107 542.98318 11
e 391.19560 467.46859 16
e 541.15337 677.81513 12
e 498.59097 725.58889 10
e 439.10131 634.48828 5
e 424.27907 370.32923 14
e 577.09110 630.88423 7
e 481.20264 596.89953 11
e 454.29143 366.98510 4
e 315.72260 478.94005 7
e 377.46341 671.21317 8
e 433.09371 484.66509 10
e 454.62155 549.94527 9
e 349.88372 886.56195 8
e 470.31773 728.05211 9
e 427.60955 202.30913 9
e 303.37809 671.09394 12
e 355.22978 388.97475 7
e 444.56421 756.44199 8
e 566.60743 613.69671 8
e 436.09339 525.63362 7
e 448.48459 552.70356 3
e 399.98444 446.43967 12
e 473.06543 747.59803 7
e 526.35081 650.57478 11
e 549.62062 937.51070 9
e 336.27746 409.34609 5
e 373.64728 715.51017 11
e 506.66969 440.46336 5
e 392.13024 502.51144 7
e 395.35242 652.42701 10
e 430.32099 612.55265 5
e 454.11481 518.44548 14
e 458.19347 751.95095 7
e 556.77689 594.51077 9
e 540.26575 500.39052 11
e 622.76648 939.20154 6
e 648.02773 557.37504 11
e 387.09073 628.17912 8
e 445.25023 557.20726 8
e 340.38816 663.18986 4
e 429.44851 213.25788 5
e 475.10694 790.43436 12
e 490.85071 570.57905 8
e 408.11509 382.11777 9
e 360.86831 679.81721 5
e 399.99565 673.24900 8
e 204.34193 617.60444 11
e 467.24633 765.81852 11
e 357.36551 490.24588 7
e 428.94890 447.15620 4
e 352.14512 377.98575 6
e 230.43073 583.87295 11
e 630.35172 649.93904 5
e 458.54000 516.46413 9
e 365.22928 609.26791 8
e 413.96553 601.15759 13
e 346.86608 719.35338 11
e 414.57182 777.30372 8
e 282.66078 872.30992 6
e 475.71581 502.01919 11
e 482.88998 693.03535 5
e 404.72103 698.84275 10
e 302.11581 400.70300 10
e 367.07355 505.99439 13
e 555.93230 396.79796 8
e 332.66854 309.61154 7
e 448.70216 655.45630 10
e 316.83870 654.23936 4
e 446.79226 398.47249 11
e 536.08429 387.70601 7
e 483.12841 407.68381 12
e 346.92717 598.83888 10
e 503.73087 458.47355 5
e 323.42713 377.90603 11
e 620.86974 853.26878 15
e 346.91145 532.05883 10
e 232.64731 512.57789 11
e 444.85979 490.89098 7
e 298.66344 526.32479 5
e 389.45092 641.40494 12
e 511.10171 755.42810 15
e 408.90876 435.75796 9
e 317.90019 459.13973 10
e 595.50184 779.46452 11
e 392.65749 866.29098 9
e 354.27498 597.41810 7
e 416.28684 381.57407 12
e 360.15991 484.76249 9
e 396.59886 815.58973 5
e 288.53685 768.46012 5
e 395.78474 499.34946 11
e 454.62482 648.04998 6
e 332.65920 725.49222 13
e 445.55178 544.69393 9
e 392.08082 440.96579 5
e 318.31346 578.21582 7
e 470.58619 514.69441 7
e 362.45419 937.46380 13
e 467.44213 762.48841 6
e 500.63975 329.60496 7
e 396.47352 561.74882 10
e 500.59860 716.30700 12
e 399.33974 708.87424 8
e 512.70989 687.70705 6
e 426.19311 589.80751 10
e 325.85900 824.00048 16
e 592.49513 496.10752 9
e 458.38188 698.29376 12
e 388.19749 689.34635 7
e 357.89408 723.35923 11
e 542.43212 910.77521 15
e 414.84821 783.78363 10
e 563.66435 661.65950 15
e 473.76112 597.45079 12
e 384.84604 875.94004 15
e 373.42153 416.81074 18
e 479.44334 713.50536 8
e 417.36152 499.69548 5
e 265.94532 587.34035 12
e 385.33913 594.74317 16
e 222.61795 729.27350 9
e 377.54567 511.78458 12
e 397.26913 607.44031 8
e 410.13792 727.96501 8
e 501.14188 785.96408 14
e 366.38700 510.95499 12
e 471.12154 605.35781 12
e 472.35477 585.57970 12
e 380.65841 531.76344 9
e 409.86180 758.92689 11
e 452.15609 401.65931 9
e 404.50234 796.34141 7
e 549.20076 621.31868 14
e 363.05313 617.51158 11
e 478.29917 509.22922 7
e 363.86914 748.33805 8
e 429.31604 611.21349 4
e 499.40175 492.56670 8
e 363.90055 610.77291 6
e 616.55879 383.85165 10
e 514.81446 931.39295 7
e 501.13606 801.04739 8
e 334.17867 861.46023 7
e 518.45004 574.01300 8
e 549.61429 558.02818 8
e 533.26682 575.32180 7
e 455.98841 738.65102 8
e 415.10778 714.49639 8
e 393.81589 836.88767 12
e 524.67505 805.15318 12
e 319.68205 633.96072 9
e 410.91101 729.63751 15
e 484.07392 677.98669 8
e 383.97147 493.15323 6
e 492.51650 758.44327 10
e 238.35968 698.16441 11
e 581.98977 588.44949 5
e 484.17630 479.54895 14
e 423.95978 550.44492 9
e 518.19982 819.17293 10
e 447.59889 610.31686 8
e 565.18388 776.47495 6
e 247.10870 457.17783 6
e 402.69397 418.55493 4
e 475.64150 679.66551 7
e 303.02341 372.54372 13
e 424.13210 757.94532 12
e 450.22524 827.86270 9
e 443.04979 519.79767 12
e 300.88196 503.00144 10
e 348.39785 838.44409 10
e 360.20634 723.92604 7
e 396.30736 670.76775 8
e 426.60000 934.47104 7
e 415.35597 487.11564 10
e 608.36753 361.01083 14
e 584.79572 455.67646 5
e 430.98456 728.35526 11
e 539.58495 313.80087 8
e 357.90860 616.92928 6
e 401.92701 463.30599 6
e 654.51797 451.14054 10
e 585.85115 549.17297 9
e 529.53408 525.14651 5
e 536.92203 639.33562 4
e 363.95182 348.38153 13
e 338.28561 447.78470 6
e 568.28416 742.54710 13
e 527.52364 507.43193 9
e 502.19603 840.22130 6
e 479.72264 433.18355 9
e 421.82127 398.68052 11
e 331.57265 516.13317 13
e 405.11970 596.02438 7
e 618.99288 872.70465 12
e 552.75048 840.10620 10
e 476.36723 658.62813 11
e 428.94944 359.32233 15
e 347.43451 388.91735 15
e 565.64877 503.80018 6
e 525.44013 655.13711 11
e 375.37719 474.13064 12
e 471.11229 713.15242 6
e 525.58330 551.17683 8
e 570.97865 517.75808 3
e 391.63078 467.28543 6
e 469.06609 315.42020 8
e 558.11557 257.82241 11
e 431.22935 665.28867 11
e 648.81042 411.92442 11
e 593.12807 427.26194 6
e 454.11941 421.48715 11
e 368.52043 533.25608 8
e 312.31977 315.97001 11
e 477.61725 510.79099 7
e 475.85103 290.74939 4
e 304.37996 482.90131 7
e 486.91546 184.79080 13
e 354.02470 516.24264 7
e 610.11466 538.53566 10
e 355.64218 629.68056 10
e 427.17319 452.65236 10
e 566.59250 858.72173 14
e 505.30241 814.01300 11
e 341.89149 660.63086 8
e 375.49226 828.29340 11
e 316.96005 622.17090 4
e 534.31635 713.31904 13
e 666.17254 716.46298 11
e 353.94021 762.95761 7
e 546.06989 579.69082 13
e 417.49774 199.24798 7
e 361.71317 226.84453 13
e 608.73452 559.95652 7
e 474.17654 583.16120 10
e 543.73053 476.17442 11
e 383.70831 464.21338 12
e 435.40771 667.53304 8
e 507.05792 697.42775 5
e 568.15234 668.82412 9
e 279.58428 622.49816 9
e 519.35676 627.69350 6
e 316.61431 535.80070 9
e 584.20052 724.05136 7
e 475.52819 597.93924 5
e 441.00600 301.07788 9
e 376.62038 545.64119 11
e 486.96216 612.12676 8
e 571.01762 654.15356 9
e 390.91998 723.97434 10
e 668.55206 483.74266 4
e 387.73825 667.39900 7
e 558.24493 452.22224 9
e 215.58682 571.74983 13
e 530.21800 735.71088 9
e 425.63578 547.04269 4
e 564.08223 399.39066 13
e 437.47577 349.00802 6
e 609.98814 691.35631 12
e 553.92869 487.32808 9
e 532.17058 263.30769 10
e 329.55594 449.15312 13
e 503.81608 671.87464 10
e 480.97917 582.96360 12
e 489.96807 338.09836 10
e 532.47243 825.28909 7
e 690.71676 359.73851 6
e 473.89581 329.99907 12
e 471.44251 590.47413 8
e 482.70859 591.73741 10
e 333.54115 821.30724 10
e 538.42927 266.90709 7
e 452.19637 776.67979 7
e 490.62944 726.72295 5
e 326.38899 313.67311 12
e 554.31170 653.56296 10
