c ./output/rectangle/gaussian/gaussian-rectangle-3-4000
p rectangle 4000 720.00000 1080.00000
e 236.61306 315.52065 6
e 358.41058 280.32712 8
e 276.63661 317.47881 8
e 247.09261 219.55319 11
e 173.03977 489.80175 10
e 241.65555 231.47248 9
e 374.70100 431.29276 7
e 232.02262 398.60483 13
e 378.02856 255.75109 15
e 118.43431 707.15438 9
e 245.60949 308.70062 14
e 425.65233 228.61362 11
e 327.71742 357.43082 7
e 233.18387 331.96053 6
e 309.07301 269.75825 6
e 319.24076 563.18447 5
e 296.19925 222.37556 16
e 279.18648 364.65239 6
e 190.17752 491.21941 8
e 216.20718 272.92143 11
e 322.60414 334.52684 7
e 239.40403 508.90001 11
e 274.71219 373.05018 4
e 367.00885 141.80248 9
e 246.16659 860.96607 7
e 217.06710 381.44516 11
e 181.41139 331.81484 9
e 185.68446 722.54013 9
e 239.74288 80.55887 8
e 239.26204 491.51598 9
e 157.83967 479.93174 10
e 111.34124 408.65967 10
e 250.16637 484.55512 10
e 429.67439 415.65945 9
e 169.48165 483.10159 7
e 285.97267 188.32130 10
e 227.92340 599.46331 12
e 227.80014 397.78798 8
e 103.35371 606.24915 14
e 343.07876 477.85808 4
e 447.83417 349.22536 8
e 192.47255 345.77969 7
e 207.73397 546.45576 8
e 370.85661 190.29149 10
e 327.30113 318.39363 8
e 278.53807 363.72018 13
e 124.08525 412.72939 6
e 267.31933 406.18588 10
e 335.74565 490.67921 8
e 188.69043 156.36622 13
e 226.35460 514.37257 7
e 201.38880 220.73768 9
e 354.71562 321.48392 10
e 517.65327 306.85533 8
e 262.05914 244.33420 7
e 313.00422 478.48951 4
e 143.25793 348.55474 6
e 274.40016 461.71718 10
e 299.27205 462.02587 10
e 80.78809 331.02216 7
e 323.04754 303.08031 8
e 328.82946 7.36918 9
e 343.08092 697.88452 5
e 357.98714 212.13218 7
e 301.22595 472.73985 7
e 269.63820 484.05500 12
e 378.06787 427.43613 8
e 192.13059 197.84144 10
e 390.25989 340.39169 13
e 345.77424 424.70724 8
e 208.77868 257.04773 12
e 111.38042 465.18073 10
e 252.29894 331.94696 10
e 323.56854 573.13466 10
e 259.56088 184.78322 12
e 297.82079 409.53922 2
e 274.69655 575.99368 13
e 292.21497 403.58312 7
e 238.36994 160.48697 15
e 207.76962 570.23357 8
e 284.65274 417.46499 17
e 431.84016 304.21310 7
e 249.82796 527.72466 6
e 132.60602 121.39768 6
e 261.01573 568.39454 7
e 134.34478 210.38150 8
e 205.29506 508.55602 6
e 232.50533 65.33104 10
e 147.36362 285.43690 4
e 318.35253 439.02016 7
e 319.07595 245.67456 14
e 384.01494 397.74544 11
e 291.40045 93.62476 8
e 280.31524 266.27279 8
e 240.28686 505.79662 15
e 364.76929 441.29496 9
e 242.57355 634.38131 8
e 180.37991 312.88771 8
e 261.44749 580.68192 10
e 405.13671 539.22582 7
e 238.33171 504.14526 9
e 107.91137 553.43828 9
e 189.84992 418.43284 8
e 450.13299 516.02481 10
e 262.68322 472.98308 10
e 353.31362 331.83977 10
e 152.35975 603.90029 11
e 384.75477 384.32558 7
e 292.83996 484.63585 12
e 246.91868 691.69888 9
e 126.84557 380.43510 7
e 239.45983 512.36893 11
e 355.87525 133.10985 11
e 266.41982 298.15522 11
e 132.59259 411.08678 10
e 146.22594 589.09754 7
e 317.44793 541.16012 10
e 231.66989 312.20472 9
e 399.04760 535.89046 11
e 427.70458 356.39835 10
e 184.41753 562.10384 9
e 357.31917 320.79468 12
e 195.59108 222.54065 6
e 165.37378 350.41505 19
e 204.08870 226.63930 9
e 172.99461 521.05118 8
e 322.30429 182.06609 11
e 226.42907 466.98884 8
e 289.86766 460.40102 17
e 479.53019 324.84134 9
e 257.47614 471.83881 6
e 473.76902 231.94618 7
e 200.28020 364.30503 13
e 239.72464 419.44099 11
e 175.12062 404.71349 14
e 272.87398 91.67815 11
e 180.88087 293.05111 7
e 366.55933 295.54754 15
e 247.62862 432.55491 6
e 214.63931 612.57638 9
e 294.19194 398.02947 7
e 255.46268 232.13742 8
e 347.02869 451.13391 9
e 408.18471 278.24438 10
e 260.43583 599.90236 7
e 286.81836 367.32851 9
e 212.23166 66.73756 6
e 251.11368 615.29568 12
e 393.67978 227.12480 10
e 226.85241 345.17164 10
e 232.89642 249.80447 10
e 439.24020 362.38121 12
e 374.89812 376.39304 8
e 400.71310 489.32622 11
e 268.26913 373.80762 7
e 179.33545 260.12873 10
e 234.43248 510.47676 6
e 329.55245 324.15772 4
e 212.34234 240.45094 8
e 344.87828 450.86588 5
e 180.37017 644.88881 9
e 370.90961 472.15580 8
e 246.36496 494.89777 13
e 326.74516 341.30766 10
e 236.37013 399.08190 8
e 99.81861 511.11577 8
e 240.90083 564.85362 7
e 309.41083 739.03243 7
e 143.20651 187.82176 6
e 264.85259 229.79621 10
e 277.25651 251.20526 9
e 237.65245 134.49765 11
e 346.44134 352.30794 7
e 320.85834 297.22202 8
e 332.35864 517.91525 10
e 245.40318 483.80842 4
e 155.42907 272.54058 5
e 151.28200 423.25049 6
e 9.50902 116.28056 8
e 286.57598 517.48945 11
e 270.70036 203.13678 7
e 201.86358 466.50466 10
e 340.39450 485.63755 6
e 286.42591 570.74988 12
e 282.20321 655.97190 11
e 300.46213 363.60683 16
e 366.94397 460.26793 17
e 103.62644 334.85694 12
e 393.90128 753.14870 10
e 315.26185 752.83923 9
e 380.31606 52.53685 12
e 257.67879 198.89025 7
e 483.35770 543.78959 7
e 410.62987 321.07724 7
e 297.89906 536.33816 10
e 417.04146 411.20067 7
e 223.43522 248.64611 6
e 240.18816 417.72452 7
e 149.59861 582.74533 6
e 108.98556 171.28777 11
e 277.92340 706.55894 12
e 217.42921 213.96753 9
e 207.47588 459.61299 8
e 156.19317 394.85083 11
e 233.24599 185.38983 8
e 172.24059 601.56874 8
e 257.22688 248.26616 12
e 433.64655 387.83686 5
e 167.02663 628.11826 11
e 184.27767 470.88022 15
e 268.86075 374.76541 7
e 239.26535 286.71665 7
e 294.81830 304.35528 13
e 189.44314 502.76716 8
e 329.39138 179.79126 7
e 220.99587 255.95529 7
e 202.52941 395.96088 9
e 192.50268 555.11633 7
e 279.64450 203.04333 8
e 363.18373 265.14172 11
e 256.64811 391.31240 7
e 203.40110 673.34329 5
e 178.90766 180.96719 7
e 330.39073 322.69922 12
e 320.86558 525.62311 6
e 535.26804 542.47867 9
e 402.36821 535.99236 12
e 143.45248 593.28357 11
e 170.89864 537.42735 5
e 350.87767 268.55284 7
e 100.74181 628.26237 7
e 175.81975 458.14503 4
e 355.42337 429.65761 10
e 114.50187 573.26239 8
e 277.71185 437.79249 8
e 304.66627 702.55607 4
e 238.98079 607.25321 8
e 156.92674 160.52845 15
e 195.31818 594.27837 13
e 291.02897 467.19518 5
e 137.23270 414.70222 8
e 328.63788 649.38313 9
e 308.56140 645.22624 10
e 202.51486 209.83456 11
e 297.78920 519.73443 8
e 128.07147 782.18819 12
e 363.97079 325.59924 7
e 297.39474 402.24731 10
e 262.16756 188.76231 9
e 237.23249 516.53172 10
e 270.53794 257.67438 8
e 272.56186 657.32774 11
e 271.99475 465.76024 6
e 292.48035 473.93873 10
e 237.25250 254.84562 9
e 250.90351 344.82848 11
e 239.71404 328.65035 10
e 200.30771 414.72504 12
e 52.78645 530.32655 10
e 192.83782 321.57836 6
e 358.96470 598.57137 9
e 126.45916 603.04619 10
e 157.52694 423.08101 5
e 281.55930 235.43320 10
e 356.46468 696.95040 7
e 153.46697 380.68890 12
e 196.98903 379.42292 11
e 240.84422 241.03670 8
e 477.18022 237.35796 9
e 225.29636 549.98245 8
e 311.76037 426.89066 11
e 261.68946 780.43226 7
e 321.77100 679.57754 7
e 164.56545 452.91586 10
e 331.61516 527.07179 13
e 316.84340 207.07359 8
e 348.42528 478.76168 6
e 291.22069 305.32374 10
e 327.74346 66.51253 8
e 237.43979 356.35196 8
e 327.49333 308.10129 7
e 121.07049 460.31149 15
e 204.61733 474.77608 11
e 377.65598 537.12466 8
e 178.52416 367.26407 7
e 257.90403 463.85068 12
e 178.80044 685.38246 9
e 309.76674 382.26388 11
e 155.41154 94.71688 6
e 347.93888 376.77400 14
e 264.88549 162.11420 8
e 331.57722 320.56025 11
e 218.66557 324.24396 8
e 191.28421 557.80661 15
e 164.04170 359.58571 11
e 329.76676 547.33622 10
e 160.11334 324.02192 8
e 185.36248 519.34063 8
e 250.54469 227.79427 7
e 303.36943 332.11657 13
e 231.10485 223.88885 11
e 265.29168 525.58399 12
e 236.34324 451.19668 6
e 396.22017 469.11106 6
e 253.51450 260.65194 9
e 371.21791 262.79702 6
e 238.82411 299.84550 10
e 159.33266 343.72564 16
e 246.21871 543.55731 11
e 260.32987 403.23536 7
e 459.21102 388.60735 11
e 249.04616 367.71336 7
e 235.41560 194.83960 8
e 368.76566 240.53796 8
e 389.26461 606.47288 6
e 147.15361 247.07326 8
e 269.86433 289.24254 10
e 300.64258 342.18352 13
e 186.28424 97.10258 11
e 211.54442 561.87242 8
e 241.26990 231.09275 9
e 164.84823 438.95332 13
e 266.90553 496.60867 9
e 103.97959 361.00339 9
e 334.82036 7.29063 4
e 324.24698 647.31636 12
e 341.01834 249.54240 8
e 302.19236 366.84342 11
e 225.99884 244.16476 8
e 361.99957 205.44548 7
e 257.22130 516.33769 12
e 215.91835 416.64888 8
e 347.54077 436.00681 7
e 345.65431 385.41782 11
e 209.36859 414.14868 13
e 186.67624 298.53547 5
e 399.64329 430.70826 14
e 177.41957 150.76767 5
e 341.45356 329.48584 6
e 387.88279 610.79545 11
e 429.39862 638.52506 7
e 142.06211 556.64076 9
e 263.38256 619.07838 10
e 419.49626 593.71432 9
e 177.37888 390.72537 7
e 217.91535 129.20181 12
e 381.28205 147.64582 10
e 263.25922 310.62398 10
e 426.05541 206.67421 11
e 230.84070 200.94226 10
e 229.44096 340.79161 9
e 346.14374 378.58655 7
e 388.81015 401.95059 7
e 66.91596 631.23724 7
e 233.61222 452.59265 9
e 360.92921 185.58837 16
e 197.15469 273.20008 6
e 326.27078 148.70391 9
e 198.84568 505.71727 7
e 260.90538 802.93488 10
e 302.12005 391.94910 10
e 164.83623 256.69868 5
e 189.96016 266.57385 7
e 228.66750 482.64661 10
e 140.37337 515.94083 10
e 269.24243 454.22726 8
e 316.33434 387.16481 11
e 297.31619 613.24053 7
e 65.94681 353.02212 8
e 296.26049 499.42938 9
e 327.29606 558.08058 9
e 145.18881 257.05605 9
e 327.07857 495.21937 10
e 322.09788 285.36660 10
e 314.38836 658.64042 13
e 309.58092 448.01705 8
e 303.49850 595.57037 9
e 248.29506 422.03650 14
e 148.60190 461.13118 9
e 334.53468 625.85881 7
e 362.08656 276.63948 16
e 256.99457 417.17282 7
e 187.94222 243.72584 9
e 294.63066 672.72508 12
e 236.33303 567.43011 9
e 155.70794 486.38290 9
e 275.51522 442.36878 7
e 268.32014 492.45881 10
e 184.51943 416.91007 10
e 213.24754 383.26533 6
e 282.82492 449.15022 9
e 271.92135 528.78838 10
e 244.85675 294.17506 13
e 340.79028 413.11374 10
e 245.41259 370.74457 4
e 207.35017 728.21852 11
e 492.77582 627.72364 5
e 351.50348 314.13055 9
e 108.68162 294.89580 10
e 264.31861 506.21705 12
e 105.62732 386.20341 12
e 155.63849 384.24042 10
e 366.89349 360.93362 6
e 278.00774 443.86617 8
e 416.19194 457.71023 5
e 250.94314 331.62588 6
e 132.47467 108.68795 8
e 328.18156 123.03925 7
e 219.21925 349.02811 14
e 167.71242 216.70249 11
e 115.61284 171.15970 14
e 173.48900 126.39507 10
e 280.35233 457.96990 12
e 399.14518 103.20418 9
e 277.22603 496.52066 13
e 294.10973 423.59832 9
e 353.94601 733.12459 13
e 267.46098 462.01898 10
e 106.53673 349.98250 10
e 127.91935 112.57728 18
e 441.43557 182.41142 7
e 234.33939 488.67613 10
e 75.39336 235.96401 10
e 210.11898 551.96594 7
e 47.28009 283.95208 9
e 396.92789 280.40479 8
e 204.49730 366.87082 5
e 305.33459 55.81474 8
e 200.94525 457.19446 8
e 249.64006 640.28938 10
e 270.69957 281.13894 5
e 461.84991 182.03930 7
e 225.42797 390.90458 7
e 361.48414 530.56627 9
e 292.27293 230.35972 9
e 163.59396 513.69624 8
e 198.24399 553.56345 10
e 380.19586 411.66603 8
e 372.93065 602.12614 9
e 373.95068 445.60893 3
e 241.47814 604.17672 15
e 385.67606 222.05377 13
e 350.85916 405.64525 9
e 206.07098 398.95642 9
e 266.02642 536.68752 9
e 282.71355 645.53127 14
e 470.67028 423.15255 6
e 284.35958 586.30696 12
e 336.51688 586.23220 8
e 255.86561 389.80580 9
e 255.31222 531.91112 3
e 363.46739 603.03235 6
e 317.30525 503.36281 6
e 224.73797 396.14498 7
e 407.88963 282.50294 13
e 217.06280 439.71188 6
e 287.05062 493.98010 7
e 261.26391 552.30430 11
e 114.07943 260.58266 12
e 186.07740 492.47984 10
e 296.15997 647.75352 10
e 336.44718 95.14375 7
e 183.24928 453.26276 8
e 200.26682 586.92865 4
e 64.83471 366.82970 9
e 258.95047 201.98774 9
e 244.14578 572.01045 15
e 308.09427 284.55460 9
e 117.07367 232.75417 7
e 196.26875 438.10024 8
e 251.76097 133.35614 10
e 171.17439 611.88366 9
e 274.78816 245.96254 9
e 177.77853 587.29993 12
e 370.14800 420.64272 4
e 231.67959 341.28481 6
e 231.48450 374.81561 12
e 136.80963 260.14006 6
e 259.55717 475.22903 6
e 55.47012 691.02789 9
e 272.16766 353.51230 15
e 354.17870 499.85723 11
e 303.58417 309.16364 9
e 275.93219 578.15010 9
e 242.34637 428.80293 4
e 117.03138 528.27908 6
e 153.33661 397.65941 12
e 7.19560 242.52627 7
e 394.80244 495.41670 6
e 429.22339 304.27212 7
e 322.91517 404.56227 8
e 290.82248 320.90571 9
e 360.59574 231.60588 7
e 345.86008 450.19526 17
e 281.80656 419.45038 6
e 174.44945 461.05218 6
e 200.43893 340.18070 9
e 229.78905 494.18849 7
e 367.69507 559.24413 9
e 244.22736 608.51228 9
e 195.33314 438.18254 11
e 58.61938 373.79389 6
e 255.61281 360.10500 7
e 256.00413 189.05459 13
e 300.55058 608.77074 11
e 358.62772 196.91205 6
e 314.18250 166.42040 10
e 131.11622 596.87604 11
e 372.44697 328.50446 7
e 279.36777 693.33962 5
e 266.23297 459.90823 5
e 280.87391 582.60676 7
e 201.76191 348.92930 9
e 194.51141 535.24899 10
e 321.38438 291.72208 11
e 139.20464 312.14762 7
e 332.76971 592.22659 9
e 239.08512 266.10477 7
e 334.53405 233.10385 6
e 178.61937 763.91278 11
e 339.88891 332.61698 9
e 208.72979 230.93201 9
e 184.81055 433.71949 9
e 326.62528 150.15773 10
e 344.76521 397.00181 6
e 156.98122 440.28077 12
e 267.56243 393.30016 9
e 208.45305 638.54759 9
e 281.53200 593.63964 11
e 151.73701 237.91984 12
e 233.55737 195.10429 13
e 345.69365 537.52312 7
e 449.46073 433.55106 10
e 389.50911 578.07188 9
e 343.48201 409.20770 18
e 286.01983 553.03928 12
e 301.36326 516.18428 8
e 262.06738 555.70253 9
e 69.41000 509.12962 12
e 150.41714 369.07786 5
e 418.54256 343.87350 16
e 182.66286 166.20207 7
e 448.29437 624.48299 7
e 241.54958 59.86100 8
e 196.75576 304.34356 9
e 316.53470 566.27691 12
e 191.77421 199.91887 5
e 111.43949 172.34757 6
e 185.55359 146.73141 11
e 229.41019 495.71402 9
e 231.64134 433.36760 6
e 220.48827 113.00323 9
e 218.15515 185.89825 11
e 404.10919 92.10178 10
e 326.14119 285.34144 12
e 209.93084 170.51526 9
e 317.16059 454.30939 8
e 159.00671 136.74308 6
e 222.94390 406.64364 8
e 236.77537 262.86052 7
e 213.97027 391.90793 12
e 229.06524 191.07775 9
e 243.46807 439.34958 6
e 280.73389 248.73413 11
e 227.75106 592.59748 5
e 196.25945 348.54596 6
e 261.78196 643.94411 9
e 332.13254 554.78991 14
e 269.90058 513.62632 9
e 226.43705 519.81728 12
e 319.06681 486.51461 15
e 82.34503 293.79606 19
e 289.73173 456.13670 9
e 241.88030 576.75426 6
e 168.52643 133.11766 12
e 315.38766 458.95858 14
e 224.31009 333.58408 7
e 233.44002 412.32261 3
e 356.60807 345.38725 6
e 232.90781 56.58314 13
e 388.02307 690.42531 8
e 408.37581 621.62756 11
e 346.46566 450.69572 6
e 310.18240 185.81548 6
e 260.91456 503.17308 13
e 308.20738 427.24377 13
e 224.11449 415.57630 12
e 219.54044 138.67431 7
e 48.04047 642.73615 10
e 346.39316 471.97850 7
e 161.91560 244.36324 13
e 159.41311 336.77572 6
e 268.53026 328.95681 14
e 424.25647 191.17623 17
e 222.26846 462.57723 13
e 329.47416 509.54164 6
e 339.76893 470.44994 5
e 374.84107 269.07651 7
e 271.96873 336.26747 10
e 277.12498 530.32870 9
e 221.60582 549.69462 6
e 245.72118 357.48124 9
e 221.80631 311.72743 8
e 282.13089 558.80364 6
e 222.06701 343.94853 19
e 113.60514 384.51287 6
e 410.66237 407.28551 7
e 349.19878 246.04465 10
e 383.26384 215.68967 7
e 333.93630 457.79805 9
e 143.27343 222.96957 7
e 217.97952 322.25414 7
e 309.56041 247.81472 6
e 443.39107 358.79383 13
e 231.09319 533.58007 10
e 157.27492 531.95152 10
e 334.40497 464.04952 12
e 288.27773 204.47953 7
e 327.68211 549.86691 9
e 202.84149 378.77622 5
e 179.87887 455.72169 10
e 198.41792 550.84896 7
e 121.83642 336.46325 8
e 193.93396 403.03500 7
e 473.37113 362.37922 11
e 344.33002 341.93670 8
e 195.79872 678.04913 11
e 370.34364 647.21909 6
e 22.97677 228.38458 8
e 206.57265 291.72148 6
e 378.31979 149.15715 14
e 313.64893 308.26855 8
e 71.93135 372.39266 8
e 100.21733 386.47927 8
e 306.43238 139.31300 9
e 252.18739 495.69659 7
e 270.49747 35.55470 6
e 283.21770 315.59343 14
e 259.92137 474.48102 10
e 340.95749 431.22803 8
e 279.54407 243.76379 9
e 238.36100 317.51734 7
e 176.13133 646.26601 6
e 140.36751 199.21572 11
e 173.50906 509.91570 9
e 284.22600 267.10620 5
e 366.29736 166.74717 8
e 285.99331 434.44112 9
e 343.21245 325.44355 7
e 317.67971 228.85584 8
e 230.84461 443.82574 10
e 111.09702 366.14068 13
e 222.33847 437.34609 8
e 319.79528 302.49129 7
e 242.29330 553.97817 13
e 307.14628 392.94740 7
e 203.72279 384.69154 10
e 434.13405 214.73684 8
e 228.25359 545.66459 9
e 313.61629 627.73586 7
e 336.64131 489.74352 9
e 163.82961 356.39617 6
e 413.05890 427.72856 10
e 300.51031 302.96573 7
e 120.19391 234.79461 12
e 122.29605 267.74855 10
e 114.12032 180.75599 9
e 307.08903 450.66571 9
e 294.48533 613.57972 10
e 328.74188 513.40984 9
e 279.43603 187.58889 11
e 151.82024 402.35562 9
e 308.47154 391.67412 11
e 243.67563 417.99298 9
e 221.02169 160.41625 7
e 249.30155 386.73297 9
e 353.64031 389.94466 5
e 355.67017 402.70108 13
e 405.70294 510.43572 5
e 404.43580 470.61668 7
e 273.98711 33.45771 6
e 367.35485 383.33073 4
e 330.83319 487.42346 9
e 333.91448 616.40350 9
e 213.59216 301.30011 9
e 383.30963 426.61444 10
e 158.70705 237.66941 14
e 54.62593 636.22576 13
e 200.50434 480.95067 9
e 350.42062 455.39274 9
e 337.51782 583.36181 11
e 200.35207 460.30872 9
e 226.74437 127.47348 9
e 211.88808 263.33261 13
e 309.01895 319.78639 9
e 208.00631 345.14483 9
e 297.84416 424.23602 8
e 317.97361 649.10708 8
e 187.99202 403.40152 7
e 288.98581 445.26858 15
e 390.32064 399.70577 14
e 280.28537 665.30147 13
e 275.73237 331.70323 7
e 169.86054 325.16827 12
e 402.22963 656.94591 6
e 253.95446 567.30367 9
e 124.73863 326.63135 20
e 233.12938 334.53060 10
e 328.32609 462.10748 5
e 205.73118 593.75456 7
e 257.81291 662.75242 9
e 410.38183 484.07846 8
e 329.99884 337.45110 14
e 276.53019 442.14530 10
e 320.25868 251.40628 7
e 107.41641 562.25490 7
e 296.88190 538.65730 12
e 170.38904 282.95676 9
e 119.71970 146.23219 8
e 176.15061 428.15941 5
e 407.65675 590.75333 15
e 156.47601 532.87001 10
e 280.89337 410.73125 7
e 159.82801 472.14612 9
e 225.44300 260.94717 12
e 274.49806 122.16456 11
e 285.10412 516.31065 12
e 50.78800 354.43850 10
e 319.67578 210.31139 8
e 267.80048 292.88689 14
e 205.71595 189.98381 6
e 274.10594 495.65645 10
e 359.96856 395.68196 11
e 407.78975 369.32583 8
e 332.17104 261.19087 12
e 316.59983 483.02738 12
e 215.31238 324.47811 11
e 267.16928 103.31671 12
e 365.15496 221.80095 9
e 266.30570 197.86113 9
e 85.50358 358.78062 12
e 198.10934 310.86384 9
e 343.05019 489.51852 10
e 289.56507 591.24303 7
e 242.66064 317.19667 7
e 332.10703 325.96010 13
e 300.92594 339.77095 19
e 250.96590 386.65433 12
e 380.98679 270.86391 6
e 301.40806 11.61496 8
e 170.20381 486.28696 8
e 189.94216 287.17383 9
e 382.86166 367.12459 10
e 160.79096 565.34237 8
e 286.65644 458.84526 6
e 226.98048 36.36305 12
e 443.23673 553.95706 6
e 371.04220 433.83462 14
e 238.13237 471.93434 8
e 241.45121 284.01701 7
e 141.03070 377.13841 9
e 100.37944 358.67780 8
e 280.64705 308.42615 10
e 251.22952 161.23569 7
e 83.55771 225.46103 4
e 207.68791 477.06144 12
e 400.95517 482.22069 8
e 423.43736 263.81962 5
e 432.86979 204.40014 6
e 251.77341 634.10881 3
e 318.87919 265.27053 6
e 370.95603 526.72009 4
e 265.49655 321.00991 9
e 84.55118 239.35840 6
e 452.20143 411.04561 14
e 262.29638 546.48245 13
e 196.56438 586.09228 10
e 247.69165 763.97203 10
e 202.65684 477.66692 12
e 337.57407 292.42811 17
e 355.94748 278.26635 8
e 171.06814 501.43344 12
e 146.58106 356.87153 9
e 359.07960 386.01189 7
e 140.10839 376.74235 11
e 221.28587 337.61891 8
e 330.74774 340.59617 5
e 251.43681 151.34769 11
e 275.12921 831.39411 11
e 168.62407 390.52710 9
e 105.72325 420.83103 10
e 275.20772 340.52886 4
e 84.73456 663.62194 7
e 177.93469 270.47988 13
e 245.68076 565.96480 9
e 180.59418 363.00818 10
e 396.69656 497.12811 8
e 333.40123 478.48194 8
e 303.37681 464.05713 2
e 185.22239 519.33743 10
e 492.93798 611.60320 7
e 394.58331 482.46586 8
e 332.98819 203.03242 11
e 397.29443 518.31247 10
e 243.66457 259.15367 12
e 143.88958 464.33709 11
e 211.93783 441.16853 7
e 104.79491 244.22733 7
e 207.90463 303.78258 4
e 206.74098 198.98368 9
e 277.77046 281.00807 8
e 196.11572 460.97142 6
e 221.67489 478.31761 12
e 232.04001 532.28481 9
e 170.60030 410.22952 9
e 237.03643 439.46329 8
e 460.31741 552.35147 9
e 203.06531 396.89229 8
e 251.05227 281.76209 10
e 277.86353 242.71889 8
e 323.23737 648.13760 5
e 150.72506 337.62044 9
e 257.60930 340.85367 11
e 108.17804 455.84629 14
e 114.16084 588.94501 11
e 251.54480 362.94395 10
e 245.84065 524.40468 6
e 324.88406 656.31215 13
e 249.02303 68.62899 6
e 405.89435 236.38347 9
e 197.00381 307.13428 14
e 152.60430 94.64833 12
e 318.81779 406.22835 10
e 123.52476 369.91033 13
e 403.08703 586.51355 12
e 341.38891 502.16938 10
e 221.30473 438.82289 7
e 353.67778 352.05709 11
e 258.48570 258.14630 9
e 299.79538 624.09194 11
e 149.90549 190.78436 7
e 256.11073 189.07595 6
e 136.48130 200.72033 2
e 326.12432 509.53873 10
e 347.09480 571.99838 6
e 271.56627 257.42272 13
e 329.60853 422.81346 9
e 231.80630 374.07751 13
e 156.96644 447.45062 6
e 220.21378 514.10816 10
e 151.26184 517.62260 15
e 308.86933 441.02158 11
e 243.54946 399.26259 7
e 407.57438 717.32836 15
e 305.63641 353.75524 7
e 323.62518 538.83171 6
e 287.87754 252.86089 9
e 233.41128 338.04577 6
e 199.05479 329.78518 7
e 408.56016 346.56360 8
e 204.39390 151.97583 10
e 292.81519 686.36784 11
e 323.97506 183.14199 5
e 287.33164 209.54899 9
e 178.48546 510.74851 10
e 301.72083 61.99199 6
e 159.23512 529.76430 12
e 235.32798 359.60588 12
e 270.62484 504.60679 5
e 255.25867 445.61323 8
e 463.14859 711.79796 12
e 166.79887 367.71994 13
e 110.74745 392.23603 8
e 394.65666 530.17782 8
e 320.77057 326.18384 7
e 166.94939 494.11277 6
e 307.14838 326.68185 8
e 311.73762 227.30968 6
e 176.85585 428.71478 13
e 276.73893 503.75401 14
e 128.44605 252.40580 8
e 336.85039 692.10651 7
e 243.89231 448.26556 7
e 328.62049 320.46860 12
e 147.65735 411.11855 13
e 257.96649 385.14956 10
e 383.39584 214.59882 13
e 269.33835 565.59710 8
e 261.72933 465.68562 6
e 225.72834 466.38721 6
e 49.38852 291.11865 11
e 235.71662 344.27168 4
e 188.70118 468.83316 10
e 86.63858 497.89690 12
e 368.30801 110.28181 12
e 90.27718 410.44265 12
e 311.29866 397.09749 11
e 348.75969 453.90795 7
e 316.82938 273.13199 7
e 127.93773 551.87518 5
e 170.33005 121.50018 10
e 288.95256 412.58761 9
e 267.63094 458.36304 11
e 367.61346 124.21473 14
e 192.67498 492.23045 13
e 147.01602 374.64223 15
e 200.28369 168.04942 5
e 102.63275 569.51028 7
e 378.81395 428.64144 9
e 110.50146 407.72694 16
e 275.94183 526.94106 8
e 162.76097 624.16844 9
e 219.12542 340.57944 12
e 250.57354 405.75899 9
e 76.08917 14.51858 6
e 296.42525 341.70907 6
e 363.56149 392.06028 9
e 125.23856 307.95224 10
e 243.55252 388.86903 7
e 292.48155 658.54110 6
e 198.61663 599.72955 7
e 283.39603 112.14075 10
e 287.21124 186.15842 10
e 288.33731 683.92168 19
e 309.72219 459.96046 9
e 264.87448 428.04235 11
e 286.89998 427.21793 5
e 329.34019 265.61280 11
e 229.64293 253.22729 11
e 390.91702 431.91815 11
e 163.29771 582.25016 10
e 384.25343 434.72522 7
e 298.46881 67.90916 8
e 226.12309 371.83765 6
e 330.65201 177.84053 7
e 260.97777 250.15104 8
e 299.90492 350.91167 5
e 314.71743 482.85529 12
e 119.72259 427.51931 7
e 77.87947 387.49151 8
e 294.29264 306.63744 11
e 335.10643 475.41454 11
e 126.37728 155.20379 7
e 313.17568 256.71587 11
e 422.29617 221.62861 10
e 85.99775 468.73437 10
e 55.18685 179.04899 11
e 235.35692 541.32915 7
e 215.32094 258.75697 11
e 283.81635 228.09486 8
e 181.24794 407.93887 10
e 316.83364 436.03224 10
e 433.57185 178.75931 5
e 261.08262 210.49297 7
e 291.25165 366.22766 6
e 245.59358 21.46072 7
e 290.58573 348.48429 7
e 201.09322 197.26587 8
e 286.28485 308.42946 13
e 168.32873 723.97802 4
e 311.76380 535.57411 8
e 166.73891 255.44233 12
e 251.89557 364.57132 11
e 360.98369 199.31869 5
e 350.10032 291.48944 10
e 378.19206 444.30510 10
e 336.61957 359.12303 15
e 336.21720 179.94099 13
e 216.78922 682.04618 7
e 278.49177 228.23844 12
e 179.44745 638.88006 8
e 276.18836 396.26801 6
e 252.01150 578.31730 10
e 254.09042 336.25022 8
e 303.30462 592.83457 12
e 266.54619 333.40367 8
e 318.67789 435.13979 9
e 161.08840 613.59406 5
e 129.63185 444.45634 12
e 208.86377 273.67665 8
e 348.12318 339.72780 7
e 295.44057 574.07713 8
e 117.22251 443.19303 13
e 178.22613 447.87506 10
e 387.90439 426.08266 10
e 194.62467 211.09597 5
e 96.36526 533.93119 8
e 129.44942 349.68716 7
e 293.70837 526.08252 11
e 231.39965 411.40868 14
e 130.59181 433.11562 11
e 390.54039 624.69297 10
e 264.06557 219.06003 5
e 172.14891 360.64072 4
e 61.52477 497.02815 10
e 360.85449 170.57274 6
e 173.46607 399.26077 12
e 223.05765 645.31162 8
e 280.89497 332.82318 14
e 303.64603 399.79903 11
e 146.10053 371.62739 13
e 161.26141 493.81157 8
e 388.28507 260.90990 5
e 364.46384 472.63697 8
e 273.03637 434.01273 4
e 17.07967 331.49241 8
e 379.31202 563.14277 8
e 227.17323 130.58220 7
e 466.21671 323.38973 8
e 155.19621 542.91440 11
e 243.70583 490.47590 9
e 212.92641 662.05501 12
e 295.43014 231.90299 12
e 238.64409 377.10728 5
e 262.42333 552.72906 12
e 371.57255 691.82213 5
e 322.19690 481.73870 10
e 315.38794 208.47088 12
e 278.73709 650.48587 15
e 257.83195 298.57306 7
e 147.90000 296.99769 10
e 250.95357 189.71363 7
e 115.48473 419.35684 10
e 261.61746 492.72500 13
e 381.26035 301.49969 8
e 318.77982 415.27671 11
e 203.19367 416.47799 8
e 378.14605 329.92182 8
e 226.08601 85.70791 9
e 76.22833 276.44020 10
e 293.32376 440.78342 8
e 152.58974 809.32019 12
e 252.46799 655.17233 8
e 258.25291 462.97740 6
e 206.88983 499.47746 5
e 37.69679 296.56864 8
e 246.40788 329.81370 4
e 182.59854 312.85397 12
e 238.48333 290.11934 12
e 240.51062 426.71322 9
e 337.57595 270.82613 14
e 348.37137 590.44559 9
e 263.63182 440.40218 14
e 214.22929 251.13063 14
e 317.39193 441.69740 7
e 227.42523 688.03862 6
e 350.91242 614.88763 10
e 313.90362 462.64074 3
e 360.23864 548.15884 8
e 267.77795 229.43960 9
e 455.36562 182.05926 14
e 160.65909 719.15836 6
e 150.23348 488.75670 7
e 286.85220 196.80182 5
e 171.21871 376.75368 9
e 231.66617 373.14101 7
e 243.15351 241.87553 9
e 298.54384 280.35807 11
e 266.33608 274.77012 10
e 217.46184 410.22791 8
e 341.52497 430.97298 7
e 299.60061 497.55824 10
e 157.99249 303.27629 7
e 106.39494 390.38048 9
e 216.49033 447.55824 6
e 313.54310 466.12580 9
e 306.25607 212.36651 14
e 197.25715 509.28612 9
e 203.24934 135.69419 14
e 221.08248 204.71110 12
e 222.39269 427.35984 10
e 369.75487 281.81772 8
e 402.48278 338.46994 5
e 233.65194 370.12631 8
e 251.07667 482.72985 10
e 89.65382 673.88766 14
e 206.58817 512.60178 6
e 242.87006 420.80039 10
e 112.48489 312.36257 6
e 126.40024 286.21727 12
e 91.72013 470.70103 8
e 181.94552 156.02734 6
e 207.62799 648.16739 11
e 279.50276 686.33649 7
e 169.14801 251.93758 7
e 273.74794 103.48292 8
e 202.96661 547.78791 10
e 159.43048 740.81701 5
e 285.24003 9.59924 4
e 187.60365 215.14940 2
e 220.92345 403.41974 10
e 366.25883 446.19102 14
e 187.01874 680.30084 13
e 259.61103 437.21346 12
e 294.53255 574.07888 9
e 355.61250 383.76101 11
e 62.14670 523.98797 8
e 293.26120 296.69991 14
e 164.87682 623.24246 12
e 102.26539 196.41206 8
e 452.75400 482.08087 10
e 181.83870 348.19652 10
e 103.15479 563.07868 7
e 143.46682 753.36432 11
e 161.32744 571.17640 5
e 352.50472 414.38787 9
e 322.44250 503.61924 7
e 413.99089 307.51496 10
e 391.43234 442.67289 11
e 265.35211 588.33534 7
e 161.60100 365.27943 10
e 362.37189 257.15400 11
e 227.43399 532.18766 6
e 177.51024 719.46428 12
e 204.27066 450.75626 7
e 300.92696 318.30312 10
e 249.26921 459.96004 6
e 338.91780 306.37407 8
e 80.15895 406.61380 12
e 171.92609 377.32772 11
e 190.85180 455.43375 8
e 299.46363 373.21424 13
e 243.64894 490.37736 10
e 303.35990 823.09584 5
e 247.84153 161.37632 15
e 217.63448 457.51011 8
e 162.87792 458.15965 9
e 369.12547 393.45014 12
e 171.42573 431.77390 6
e 284.30842 556.05164 11
e 224.86786 501.58626 13
e 329.13424 509.91200 10
e 153.92853 362.32954 10
e 394.51217 547.53308 5
e 347.90284 417.85562 6
e 327.68755 185.11992 10
e 130.53383 382.47295 9
e 286.83872 235.71378 5
e 225.48029 334.66738 11
e 283.48828 473.67639 11
e 193.46693 496.70114 4
e 383.94219 456.81105 4
e 206.77224 261.20467 6
e 222.23003 549.52698 4
e 248.97013 453.08809 9
e 167.18153 455.56107 9
e 291.66609 339.02288 13
e 176.46016 443.42057 7
e 434.36851 423.23158 12
e 314.04672 232.38063 12
e 269.69757 300.24743 15
e 319.08553 410.74027 8
e 338.29268 418.17177 8
e 356.51695 389.69044 6
e 78.69516 168.02871 11
e 429.25152 626.72495 15
e 307.32618 539.94716 9
e 217.56793 635.50600 13
e 250.94453 237.12505 12
e 271.59504 402.40305 9
e 237.57240 497.39829 11
e 223.09359 69.66757 4
e 182.52238 346.63872 8
e 249.28389 477.43354 10
e 185.41374 431.82667 7
e 299.30975 220.31017 13
e 288.22793 629.36717 10
e 253.96714 567.37777 13
e 175.90015 421.56672 9
e 450.10531 401.76603 7
e 136.50529 403.58780 8
e 191.02486 257.14192 6
e 295.44334 500.22810 14
e 306.17573 237.07219 14
e 302.77024 218.22088 7
e 328.44394 233.25341 7
e 332.16458 500.33275 4
e 249.79756 304.23470 4
e 245.94101 329.11288 7
e 298.05748 481.49831 8
e 354.82221 662.74240 7
e 247.58198 529.15256 9
e 363.07453 456.66465 5
e 315.19125 518.26884 11
e 250.87150 283.42833 9
e 109.36112 178.69258 6
e 341.84343 451.58037 8
e 328.31770 235.14961 9
e 330.31791 527.16530 5
e 267.70919 461.64332 15
e 164.35404 309.95881 5
e 260.49166 393.63171 11
e 117.56356 435.95032 8
e 167.40431 334.57062 11
e 143.50172 271.51122 9
e 295.27535 361.69711 6
e 229.88015 294.37691 6
e 154.08162 308.48069 4
e 268.72021 442.40532 9
e 324.39050 547.31040 11
e 358.83191 527.31986 7
e 223.34440 499.52040 10
e 285.63814 332.50213 10
e 312.10165 161.52277 11
e 264.17836 415.73524 13
e 194.66552 573.14334 9
e 267.66532 516.92394 9
e 281.28742 363.58387 11
e 233.61719 280.15012 8
e 251.05149 703.40549 12
e 283.48351 476.34797 12
e 172.52874 391.62702 11
e 121.76311 530.65346 6
e 269.76099 376.13688 7
e 231.74103 458.77835 6
e 127.05838 381.85856 12
e 338.20153 280.73778 11
e 245.19948 397.98812 8
e 258.33027 596.71203 10
e 178.60606 305.19745 10
e 136.52036 354.76993 6
e 230.20688 175.76000 7
e 287.48650 722.39628 11
e 104.05306 370.86819 8
e 171.39069 403.87599 17
e 224.16694 445.98059 6
e 220.67073 43.80692 12
e 266.68343 569.74422 10
e 412.76881 305.57149 9
e 458.34493 259.04400 8
e 240.89667 418.33475 7
e 292.25722 220.83475 11
e 209.31446 355.30318 12
e 315.49205 240.45306 8
e 190.70179 423.87702 8
e 389.42240 372.98657 11
e 258.27712 201.29938 10
e 316.87047 352.79200 10
e 19.09092 475.98325 13
e 424.42246 546.13841 9
e 285.37101 286.43451 12
e 255.39915 154.05840 9
e 337.45897 417.29457 9
e 80.55661 455.44295 11
e 203.92635 192.97946 8
e 298.35161 423.04036 8
e 196.52953 676.56560 12
e 259.74446 407.52911 11
e 3.50609 485.96284 6
e 378.90822 383.27634 9
e 210.28295 563.81147 10
e 428.81388 708.11729 15
e 216.69045 406.40394 5
e 109.17391 491.13796 12
e 99.60438 499.35156 7
e 305.36409 335.19015 14
e 226.91492 266.42095 9
e 145.16681 88.51747 9
e 305.57110 423.67599 6
e 363.40155 806.67846 7
e 278.97368 239.67091 10
e 158.44413 213.49080 8
e 170.76939 501.79402 10
e 182.25047 314.88274 11
e 183.89832 309.17944 10
e 159.79062 512.30031 14
e 324.21446 350.85044 11
e 251.12117 66.33613 4
e 242.48186 408.94354 10
e 270.34987 437.22370 8
e 396.98777 208.55785 13
e 320.20272 266.61481 10
e 248.14160 493.47733 13
e 194.12394 451.99664 7
e 89.72262 295.42692 8
e 229.34240 447.83948 8
e 404.85088 426.44442 14
e 241.02277 289.65670 9
e 261.63736 367.58119 9
e 115.35796 505.42631 11
e 245.85293 787.24680 8
e 309.98663 426.79922 10
e 100.38483 390.47269 10
e 322.97866 390.26641 8
e 491.84072 494.39255 7
e 172.77671 151.61268 16
e 120.69399 530.36668 7
e 220.44773 493.81138 13
e 314.16708 351.76829 6
e 258.62246 202.21846 15
e 263.56646 270.23968 10
e 174.16871 182.73406 5
e 224.49156 365.55410 13
e 265.81595 620.85442 11
e 338.34474 330.81788 7
e 313.37495 544.83319 9
e 264.64354 616.68122 11
e 222.81252 369.42774 9
e 327.30125 293.49267 12
e 177.96153 413.11640 10
e 338.99751 565.55376 15
e 282.42193 427.98020 4
e 433.91915 437.26971 9
e 215.96822 293.74130 8
e 201.78614 578.93542 9
e 160.21300 57.80884 9
e 392.65120 266.56948 10
e 247.31506 179.64250 6
e 266.29347 441.50395 6
e 117.53332 509.20026 10
e 280.10169 568.10173 13
e 266.33754 287.86634 11
e 270.12387 399.19814 6
e 191.27339 641.10157 10
e 233.98884 498.40809 12
e 141.22546 218.95126 8
e 278.97422 461.74667 4
e 361.35680 426.16554 6
e 158.96851 188.23381 7
e 242.84422 202.42496 12
e 289.95475 550.70143 13
e 295.56652 595.23402 8
e 286.88119 459.45398 15
e 191.41576 636.33177 6
e 218.04255 276.77314 8
e 29.48257 389.02690 8
e 314.19485 242.04544 12
e 209.40012 372.41593 14
e 131.65905 258.14535 8
e 310.62709 455.67655 11
e 205.44450 338.96434 16
e 402.49484 344.63348 11
e 429.01508 657.89314 10
e 284.40365 278.34185 7
e 71.87828 246.78207 8
e 233.11327 241.99366 13
e 328.59010 209.27662 13
e 297.28215 332.10522 9
e 305.85490 773.34674 4
e 380.64968 623.72308 11
e 496.22842 416.83439 9
e 351.79235 124.60138 12
e 342.31749 256.42266 4
e 149.67958 525.35238 13
e 339.76352 446.79039 8
e 268.87537 666.43255 8
e 236.31338 74.43377 3
e 225.42039 474.30631 10
e 227.14757 520.43928 9
e 254.65234 411.70547 7
e 192.66363 489.85906 14
e 288.16230 126.76811 14
e 308.54774 563.55952 9
e 304.40928 140.45396 9
e 239.10684 270.87188 6
e 235.31871 183.20452 13
e 279.55112 378.17124 6
e 318.20904 257.05752 9
e 299.46214 266.13316 11
e 246.62096 354.70263 8
e 308.02051 176.85889 10
e 377.00559 393.43775 10
e 174.59411 498.73959 10
e 173.78289 163.42419 17
e 255.35461 377.47343 7
e 161.14741 478.13465 5
e 40.94904 638.59524 8
e 143.85017 392.35791 12
e 400.48126 278.28847 6
e 133.38347 601.36142 7
e 447.23752 523.96588 7
e 272.51870 199.84950 10
e 221.03724 240.88461 6
e 240.48784 703.80063 7
e 334.66842 427.85379 10
e 355.16673 345.94257 8
e 449.22205 360.48832 6
e 120.14249 278.84988 7
e 192.57807 127.55370 11
e 311.86259 672.17706 10
e 108.20293 465.53049 5
e 317.60971 202.19141 8
e 181.84198 235.74075 10
e 188.82327 496.91368 10
e 271.17395 384.55579 10
e 359.99921 140.20866 9
e 219.22342 311.46096 7
e 124.59054 239.09841 7
e 231.66940 612.88005 9
e 358.08859 298.81134 10
e 252.08682 533.67977 7
e 157.78321 139.36050 11
e 395.48174 699.61791 8
e 366.49449 618.01473 7
e 250.42729 752.25046 7
e 330.77758 204.42028 11
e 267.23407 584.59182 9
e 311.77281 342.49208 11
e 249.37001 473.70781 8
e 264.52008 416.37255 8
e 272.00472 314.35908 8
e 244.64586 245.25610 8
e 123.80019 341.04767 12
e 243.19490 395.20926 16
e 321.19905 295.73019 7
e 275.40149 362.11207 7
e 381.83675 339.79413 6
e 129.80555 371.17756 6
e 243.02517 433.61948 13
e 440.17038 391.80449 10
e 217.51545 464.72785 7
e 264.89674 320.35520 12
e 350.99408 245.79445 9
e 258.52990 383.24351 13
e 303.58030 355.64922 4
e 389.12338 159.44000 10
e 109.77568 246.34301 11
e 338.87067 409.61755 4
e 264.86057 259.10924 6
e 112.03688 390.51662 13
e 190.96458 237.39324 10
e 220.30124 421.56036 10
e 219.78897 221.63612 11
e 204.69285 195.41357 10
e 276.56862 583.79890 7
e 279.62214 399.09398 8
e 221.01004 336.39677 9
e 205.50367 523.17244 9
e 189.31348 483.10143 7
e 258.07358 345.78217 8
e 279.04669 877.74206 6
e 111.16102 545.66947 12
e 365.40296 579.37433 6
e 314.63635 380.25169 11
e 213.46434 433.65627 7
e 183.48412 386.21687 13
e 303.10009 278.96304 6
e 291.48744 413.46028 8
e 189.30472 228.55066 8
e 221.58046 242.85289 7
e 282.11429 217.97670 10
e 305.34567 334.21398 8
e 285.25226 159.74162 6
e 310.75431 327.20127 4
e 152.92785 314.36432 10
e 234.43614 213.37365 6
e 176.35234 270.61524 13
e 167.66986 120.89809 13
e 393.24953 645.14601 4
e 206.75701 452.35076 9
e 271.99985 460.58765 11
e 254.27142 631.12989 13
e 396.05048 268.14068 11
e 273.07216 277.37108 8
e 144.19049 293.43589 7
e 229.53009 727.83899 6
e 258.29884 436.13938 10
e 246.54488 248.85514 12
e 308.78149 373.51946 9
e 168.44704 300.94118 8
e 327.59601 516.43056 10
e 286.66799 268.00927 4
e 317.68994 99.19172 8
e 399.39971 314.50619 10
e 318.24104 617.63910 11
e 249.79882 22.14496 12
e 395.64203 341.95180 13
e 136.81224 522.11264 10
e 278.32810 328.47822 6
e 150.70010 122.59373 6
e 288.09279 210.18867 7
e 210.28835 679.85278 9
e 257.69161 352.77576 10
e 77.41705 231.90620 5
e 131.81763 308.29778 15
e 186.94374 612.86748 5
e 394.35385 394.45608 14
e 227.29885 428.03513 11
e 180.78396 504.59511 5
e 156.68119 593.52358 8
e 329.29074 439.26405 11
e 288.11698 404.03744 10
e 216.10512 574.01610 5
e 256.29415 824.32785 6
e 301.09223 229.19280 13
e 488.67579 402.69931 5
e 258.75079 324.09197 14
e 293.24022 173.37894 13
e 218.18561 192.84384 8
e 301.92203 548.36086 11
e 266.92423 418.26488 9
e 206.09274 385.59288 11
e 241.19193 137.11824 8
e 186.22020 359.01126 8
e 405.40499 275.89028 14
e 333.30238 343.24148 7
e 206.10753 376.50814 13
e 289.16814 246.55501 6
e 442.15073 181.00536 6
e 334.39511 231.81713 13
e 212.04474 634.76703 9
e 272.74678 616.39914 14
e 318.81459 288.87345 11
e 119.65919 308.56903 7
e 252.18658 284.38936 8
e 173.75840 327.64548 13
e 257.41330 671.34274 9
e 130.48100 410.98238 11
e 168.94637 385.76557 10
e 231.20709 414.84137 11
e 181.23973 399.18500 8
e 348.04843 414.05912 12
e 137.24678 425.27924 10
e 225.34747 386.36394 13
e 357.66019 384.64607 15
e 325.94491 157.76070 8
e 261.57218 532.52187 7
e 198.01983 119.11615 7
e 289.41453 548.83474 13
e 187.96214 300.27872 8
e 431.09852 452.94032 5
e 272.52485 584.02793 12
e 121.59864 303.34447 12
e 231.72589 260.50536 10
e 436.74758 170.75515 7
e 196.06597 383.73426 8
e 199.88793 668.99702 8
e 194.40961 229.47272 4
e 436.47813 362.36447 8
e 228.44746 571.95163 10
e 219.34583 606.83945 9
e 388.93844 705.97183 8
e 232.99280 562.21852 7
e 369.10962 446.77872 11
e 315.82890 347.28877 8
e 319.42203 673.17694 17
e 345.83365 549.07869 10
e 192.61070 227.06608 6
e 215.19772 351.40146 7
e 261.40101 330.56813 7
e 447.73535 156.17673 8
e 307.93425 394.27003 12
e 54.15137 460.67112 12
e 122.21777 228.95341 8
e 307.24997 459.15036 10
e 229.98395 653.49883 9
e 336.06474 365.29914 9
e 281.34749 297.86286 8
e 187.22467 492.68118 11
e 150.98433 155.40222 8
e 292.32605 268.97365 6
e 212.89983 320.25510 7
e 307.62864 647.07370 8
e 250.56598 329.17280 4
e 143.25578 704.32838 15
e 312.13677 612.70774 8
e 300.61176 265.50572 8
e 282.95548 366.25250 7
e 199.86302 222.36506 8
e 81.40889 210.64781 6
e 413.72116 190.90294 9
e 347.08263 351.43208 13
e 212.19543 314.19592 9
e 292.09402 827.94353 11
e 228.48923 324.47324 12
e 286.86946 285.19801 6
e 323.18792 325.24073 11
e 194.68017 669.63299 8
e 328.69031 387.14059 11
e 347.57642 650.44576 7
e 63.94096 571.15958 8
e 116.22795 616.23286 10
e 356.51278 373.06898 12
e 234.10782 483.98363 14
e 255.22176 403.38293 14
e 211.70369 60.83640 7
e 239.15477 573.45003 8
e 280.90831 539.85833 7
e 180.72133 299.89731 11
e 267.52263 479.76939 13
e 304.64439 422.76971 8
e 300.11665 394.58048 10
e 224.79853 467.43089 9
e 346.60149 376.16945 7
e 328.71273 346.55623 14
e 397.41340 418.20943 14
e 273.40051 255.84609 5
e 86.03308 319.96615 7
e 277.85334 359.43469 6
e 451.72123 381.44541 10
e 167.12670 332.10504 10
e 409.72342 646.81784 17
e 299.79831 151.85425 8
e 107.66494 533.32271 7
e 503.44528 155.44400 5
e 230.55004 314.04436 5
e 353.92859 328.92740 6
e 269.58330 434.62899 8
e 255.99930 514.33508 10
e 159.44907 399.42142 6
e 349.68733 682.91629 10
e 275.88285 232.36069 7
e 185.81850 596.83482 8
e 242.16926 317.03636 12
e 84.27131 215.20741 8
e 438.08694 297.62970 11
e 450.91279 525.59328 13
e 260.20515 317.13975 6
e 280.43111 212.17054 8
e 286.19372 384.34516 11
e 227.33954 515.24974 7
e 257.45539 263.31708 11
e 218.84310 21.81128 10
e 314.09023 407.25745 7
e 205.14278 443.36655 12
e 200.87337 332.66529 14
e 295.56565 296.92887 10
e 325.21328 599.39842 9
e 383.47415 542.75414 7
e 326.12869 359.47857 5
e 237.74313 304.24206 6
e 257.53435 252.11564 7
e 190.69973 482.35023 11
e 364.80206 268.38074 7
e 173.92961 20.49693 11
e 341.32945 361.20026 10
e 200.49132 401.68468 12
e 279.04041 262.37060 4
e 294.60104 422.33766 9
e 329.02893 187.48625 6
e 204.13536 357.21331 10
e 345.64290 159.86031 7
e 210.69440 452.85428 6
e 256.45118 529.24505 6
e 245.85739 383.48634 11
e 220.37462 816.29075 11
e 225.18618 581.99758 10
e 171.55501 223.99816 7
e 168.81526 435.69413 15
e 479.64497 474.72929 11
e 208.04373 472.27238 5
e 141.38449 586.43138 7
e 179.89587 319.53586 7
e 122.76710 430.91008 9
e 330.80008 277.82996 6
e 341.38428 432.90667 11
e 200.34581 660.60484 8
e 270.14437 410.34607 3
e 362.22616 495.25050 7
e 149.90782 606.74889 7
e 290.48417 121.90194 5
e 219.43403 488.39535 9
e 338.29124 463.23986 7
e 146.98925 151.26858 13
e 72.95617 164.59374 10
e 329.63849 717.26621 13
e 323.41866 214.23958 15
e 298.68509 294.29441 13
e 370.35739 414.54882 6
e 249.62910 430.88251 12
e 216.84038 85.24229 9
e 239.95326 98.88852 10
e 356.58357 112.97639 7
e 450.79343 596.69535 7
e 272.74964 419.99232 9
e 287.24042 14.79292 13
e 160.73051 280.88163 5
e 495.50591 261.91435 4
e 418.24344 199.79248 7
e 166.74008 328.69530 16
e 125.45632 533.51792 10
e 115.86488 648.46271 8
e 90.35642 365.56252 10
e 241.58086 306.92177 5
e 276.40734 322.54661 10
e 316.71567 448.15187 15
e 294.55913 227.53188 17
e 233.43353 454.23491 13
e 244.41479 246.21498 10
e 180.97289 652.24215 8
e 287.39734 407.52021 11
e 266.08559 322.82481 7
e 293.54074 550.57142 14
e 186.17424 420.18459 8
e 229.25218 299.23864 10
e 279.23185 537.55725 14
e 436.98290 486.96603 10
e 229.68582 298.57157 13
e 327.87772 657.19157 9
e 208.35085 215.65669 7
e 289.11726 281.80875 11
e 303.61428 368.11180 14
e 91.31668 619.64542 12
e 305.23483 390.59191 10
e 262.09328 388.62277 12
e 272.27773 198.55966 12
e 291.44916 473.83024 10
e 51.37782 425.85780 13
e 245.91965 376.63023 10
e 223.06628 536.66443 7
e 247.37920 392.89453 6
e 179.22601 414.54604 8
e 392.02271 480.28300 12
e 177.93034 798.58677 12
e 217.12479 486.55758 15
e 241.20388 438.13795 6
e 217.91346 145.85990 16
e 252.77087 200.36380 16
e 245.23237 815.41530 5
e 228.93330 580.75524 16
e 423.23953 384.49050 9
e 139.50071 358.90925 11
e 315.57339 595.79461 5
e 316.18659 392.62463 5
e 134.10694 495.74783 5
e 210.61924 229.17470 10
e 210.26782 89.47175 9
e 299.59411 644.49306 9
e 370.84495 232.70182 8
e 182.04748 458.21884 11
e 303.15977 330.74075 8
e 237.86436 558.74311 9
e 344.70155 429.86481 7
e 384.30215 126.60696 11
e 273.65097 255.37146 11
e 255.45809 467.33907 8
e 199.33558 258.55537 7
e 336.76551 331.63507 16
e 352.52803 296.24834 8
e 201.83078 171.31459 13
e 67.71770 399.68087 10
e 90.86075 478.18493 6
e 128.78557 240.84906 5
e 331.72804 330.25155 7
e 310.66069 311.50742 12
e 284.34453 454.58812 12
e 159.45157 343.66150 7
e 312.57507 236.17980 11
e 347.04303 192.47794 11
e 219.30849 175.33419 5
e 173.77800 522.74196 12
e 250.55825 246.37805 10
e 171.39888 363.84428 8
e 426.85776 61.75905 9
e 215.97586 490.94538 12
e 205.28772 334.26758 5
e 244.76120 370.95774 9
e 150.87247 337.91919 14
e 119.75483 325.99877 7
e 176.40687 674.03837 7
e 275.46927 428.50299 11
e 247.67477 289.37691 7
e 430.92688 404.24595 10
e 184.80235 507.56080 6
e 205.94089 274.33478 11
e 166.91478 527.32471 15
e 280.76948 730.50567 12
e 251.93083 378.01337 9
e 171.59071 329.89038 7
e 393.22267 331.44806 11
e 319.64106 536.83074 18
e 375.24945 711.85785 5
e 269.23840 490.31203 4
e 299.43233 238.26781 8
e 251.07635 566.42091 7
e 78.66512 797.45201 6
e 328.13892 133.98060 9
e 339.00924 207.05836 7
e 393.25115 579.59788 8
e 250.16172 197.76837 7
e 228.39762 291.21620 5
e 241.21133 381.73264 6
e 171.97424 97.92250 8
e 290.29039 378.26631 9
e 241.61109 366.07143 10
e 246.85460 140.29832 10
e 194.40703 406.01498 9
e 116.06374 537.84791 13
e 333.94792 647.16281 7
e 314.25449 344.72101 11
e 179.60751 482.32068 13
e 196.04832 130.63985 13
e 407.39426 467.38018 6
e 211.96504 701.15156 9
e 307.50295 482.64378 8
e 208.60604 162.48551 7
e 307.23855 485.85793 11
e 194.37040 217.25624 10
e 324.89332 480.91328 6
e 215.40496 537.38461 8
e 260.92462 450.23077 9
e 315.30885 673.55419 6
e 343.27461 272.35398 6
e 283.08371 488.78422 11
e 165.32840 280.84800 8
e 343.53729 284.15434 14
e 154.78002 440.16087 12
e 237.89278 347.63299 11
e 146.44209 272.07184 7
e 350.90671 402.09468 11
e 261.44208 188.57148 9
e 141.18579 515.93919 8
e 368.43870 667.02188 12
e 215.25602 647.84023 10
e 187.56988 341.09726 9
e 407.13818 450.53937 11
e 309.68164 385.39769 6
e 239.49665 425.86360 7
e 330.34976 485.39440 7
e 228.76636 222.48265 11
e 279.54077 165.50569 10
e 155.72087 100.11255 7
e 261.55253 403.54675 10
e 172.98896 543.69782 11
e 204.46322 556.71437 10
e 434.89779 168.96156 7
e 121.19721 389.30046 4
e 257.68270 310.76489 5
e 179.04978 186.04139 14
e 121.77525 541.19977 11
e 304.29109 458.92475 6
e 264.73039 448.23075 13
e 172.53253 497.90928 13
e 346.83135 297.71398 9
e 336.30466 127.97186 7
e 344.36505 107.57267 11
e 307.92719 271.52358 6
e 323.65380 304.80813 4
e 363.14060 280.93115 9
e 179.09655 394.14772 12
e 263.15471 555.51041 7
e 243.29810 481.72568 10
e 150.26033 283.27488 8
e 98.53895 111.87344 5
e 219.21501 519.92587 8
e 85.81841 410.29386 12
e 242.56400 293.05530 7
e 322.13161 335.62677 11
e 233.71903 262.31941 11
e 351.46019 280.66739 7
e 267.55555 519.84940 8
e 307.10952 630.81531 9
e 175.99307 307.90986 4
e 380.34471 359.11720 8
e 181.59395 477.05017 11
e 222.18951 145.29765 7
e 341.87785 225.16447 12
e 356.21225 481.25289 9
e 340.75232 450.46604 8
e 230.87777 375.93856 13
e 129.42481 256.07441 6
e 357.73146 450.24481 9
e 310.16173 380.32241 9
e 223.79898 423.54190 7
e 208.74043 345.43667 4
e 161.98620 653.76956 12
e 269.13074 225.19807 10
e 295.33119 387.19245 9
e 251.10561 612.64444 14
e 338.02867 69.12794 11
e 359.84668 459.28512 9
e 266.93920 192.71546 7
e 246.52235 391.54422 8
e 284.35001 274.61718 15
e 235.44838 252.33205 9
e 302.51851 528.60395 10
e 121.35678 439.81932 10
e 321.16203 556.29161 5
e 321.66347 234.54552 15
e 83.56733 337.02088 11
e 280.22667 384.59570 14
e 253.83187 86.33028 9
e 411.76018 377.82735 8
e 340.10090 638.17766 10
e 340.49791 444.43929 10
e 362.68765 359.24611 6
e 252.70751 433.41478 9
e 190.98026 415.90984 8
e 242.00628 504.64287 8
e 287.56491 91.17887 13
e 165.94028 441.08342 11
e 332.33278 589.62373 7
e 77.12973 473.17108 7
e 231.87337 433.13313 10
e 215.75616 636.95092 14
e 289.52499 413.44670 4
e 103.00306 153.02264 12
e 295.72383 121.18784 10
e 260.45467 289.77344 7
e 267.29139 394.62608 9
e 274.71338 412.10449 3
e 126.15556 496.34343 11
e 212.80260 197.82959 15
e 469.85533 139.29502 14
e 236.97656 657.15116 10
e 191.88142 441.08143 5
e 211.19646 536.92143 15
e 218.50392 239.09447 10
e 336.98731 458.41772 9
e 223.87480 418.50558 5
e 301.73224 419.42092 13
e 155.11362 332.19293 5
e 317.89049 443.30540 13
e 299.58800 362.31760 5
e 243.90040 334.26641 9
e 343.32533 511.66064 16
e 286.37015 202.54478 5
e 368.22813 359.32296 9
e 348.31851 478.57724 4
e 127.34159 342.69277 9
e 221.10597 633.97029 6
e 374.13129 429.91638 10
e 299.86689 447.35416 8
e 66.43594 777.68954 13
e 290.93083 553.69513 12
e 187.65194 386.55664 12
e 238.65911 257.29477 7
e 155.33622 485.86169 12
e 248.78872 359.35481 4
e 436.33729 192.59872 8
e 217.63154 534.39009 13
e 471.92869 259.95260 9
e 133.81278 183.26504 11
e 243.71959 672.61059 9
e 296.77351 369.45748 10
e 201.91119 639.72964 11
e 139.88136 735.74824 7
e 91.91921 363.14593 8
e 309.50259 302.40170 11
e 355.46601 644.29027 11
e 257.17242 630.84931 8
e 327.82051 411.25547 10
e 32.53436 278.98976 10
e 237.50300 193.85737 6
e 446.30576 228.69996 6
e 223.48644 385.56310 11
e 393.02268 165.76723 10
e 372.20534 519.42709 8
e 264.28939 426.09055 9
e 264.08620 513.52260 14
e 202.74779 287.06596 13
e 136.79544 419.04469 12
e 231.06228 420.67262 12
e 146.37560 439.40306 10
e 291.22677 386.22388 10
e 381.07453 555.19455 5
e 252.59735 287.38676 8
e 262.94063 476.28908 9
e 205.56997 474.54711 9
e 332.35196 246.67884 10
e 221.33761 354.84631 7
e 347.39523 374.21921 15
e 266.43072 221.77140 10
e 267.12384 373.22047 11
e 201.96604 568.59495 12
e 305.32398 264.33488 9
e 248.01937 315.32351 12
e 237.29609 512.29659 11
e 346.82532 517.62144 10
e 106.80012 405.62538 7
e 443.16255 70.67220 5
e 302.40802 613.00841 11
e 138.92154 324.31740 8
e 283.14503 360.78817 7
e 358.77828 538.50688 8
e 343.58473 582.50001 8
e 464.20422 476.38841 11
e 256.48639 539.51004 11
e 226.57878 303.05528 7
e 282.70861 494.42359 10
e 345.73055 228.66322 8
e 444.57478 228.15400 11
e 285.84223 275.13842 13
e 167.51246 443.72696 10
e 207.34415 218.22950 8
e 247.16402 61.79418 7
e 389.38388 623.02182 5
e 211.02177 287.85792 7
e 336.23587 567.73811 15
e 305.88619 332.72080 4
e 124.77903 350.25264 11
e 377.51009 367.22143 8
e 358.49443 84.73598 15
e 184.08801 293.49930 10
e 80.87814 609.17229 5
e 252.93162 317.88835 10
e 196.98807 545.72751 8
e 284.19575 166.20939 7
e 250.31399 327.20243 10
e 269.20161 326.08300 7
e 116.77415 419.34411 11
e 213.99504 350.43749 6
e 170.96177 488.99787 7
e 246.06844 306.59665 11
e 345.85177 330.12207 11
e 148.05668 380.90293 8
e 352.01028 725.60115 9
e 311.53526 219.74296 10
e 295.93794 510.19642 6
e 255.17890 98.38985 11
e 433.15303 438.92726 6
e 274.30311 256.00684 5
e 253.23960 416.44391 12
e 158.40867 476.26113 12
e 132.57084 207.13018 8
e 432.71541 334.23476 9
e 227.46996 149.97185 16
e 273.27584 285.99902 9
e 410.70783 319.91270 9
e 276.10580 200.13061 7
e 156.88097 353.85072 5
e 294.71793 396.59649 14
e 330.87019 391.93596 9
e 423.40260 384.53499 6
e 183.06174 467.45291 7
e 392.75189 247.64989 6
e 410.22874 48.43643 9
e 257.96939 135.72064 15
e 336.72886 351.11674 15
e 105.60528 631.75654 13
e 218.21528 302.67059 5
e 353.87106 281.20834 11
e 189.84125 477.70999 7
e 349.54555 182.20700 7
e 390.44902 273.96116 8
e 243.81031 429.97616 9
e 216.98303 412.74955 8
e 196.91073 648.89648 10
e 211.00155 558.45135 6
e 199.41376 461.58877 8
e 207.65188 320.91501 11
e 305.43236 235.35126 5
e 293.60435 506.33216 16
e 330.66691 372.82429 11
e 414.31764 608.71649 11
e 201.95475 392.66510 8
e 254.79413 447.54126 6
e 239.10566 593.34282 10
e 324.13610 313.54743 10
e 73.98816 346.21074 8
e 410.23765 204.17715 12
e 311.03540 128.18449 12
e 316.61925 263.96636 16
e 208.91400 553.62773 13
e 202.69972 491.24282 12
e 291.16030 406.89360 9
e 297.80625 586.23714 13
e 351.64632 351.42089 9
e 179.71011 152.59296 7
e 461.36503 74.30367 9
e 361.38455 387.37717 13
e 126.02040 504.81373 6
e 82.63614 519.07197 4
e 401.16103 711.47810 9
e 312.28609 568.68108 8
e 274.43235 538.30155 13
e 261.76893 463.95414 8
e 137.51259 244.84368 9
e 246.68857 109.11905 16
e 258.90238 598.06081 9
e 196.02579 623.71203 12
e 234.65649 523.91590 4
e 255.65842 342.26123 11
e 225.76600 416.61222 9
e 288.91564 843.70559 11
e 237.95396 522.62105 8
e 270.47967 439.36529 12
e 137.46849 331.46121 7
e 278.42550 483.83558 10
e 215.45059 109.14124 8
e 283.49428 626.69498 7
e 258.98706 379.15677 7
e 207.43349 382.84002 9
e 230.46551 630.68652 12
e 289.07714 295.43938 6
e 296.41460 520.73140 11
e 119.33895 289.97091 10
e 195.43834 721.37906 9
e 440.37751 336.27667 10
e 282.61770 444.49129 8
e 311.86702 516.67892 10
e 200.69468 137.13842 17
e 285.44284 472.74378 12
e 319.51621 448.22061 8
e 403.98984 251.32692 5
e 386.94318 233.83245 11
e 174.56764 361.31479 14
e 180.24060 541.83256 7
e 433.00809 399.71724 9
e 122.46575 121.18441 12
e 335.90714 263.43324 8
e 171.69584 539.23077 8
e 272.11987 199.48910 7
e 299.75882 252.33242 9
e 289.29656 268.91604 7
e 138.73275 363.93225 6
e 222.49915 212.96537 9
e 327.59847 301.62858 12
e 114.83584 229.41944 10
e 270.34527 283.89401 6
e 183.19910 565.82010 8
e 142.51999 112.26955 14
e 236.59779 220.74954 15
e 186.77453 370.14711 8
e 253.75506 295.19758 10
e 133.81356 624.65081 10
e 255.52843 409.95036 5
e 392.12452 477.11775 5
e 278.73177 212.01597 5
e 235.62196 249.80989 6
e 353.66514 113.28450 10
e 210.66044 211.84717 9
e 347.55671 396.71654 14
e 252.34672 196.30585 12
e 228.11531 597.28608 17
e 171.36404 597.17519 10
e 399.90622 465.33827 14
e 346.87050 352.37410 4
e 296.00159 294.73689 9
e 162.42867 299.75342 7
e 218.68437 444.64977 5
e 345.35111 506.55382 15
e 157.87167 284.52164 7
e 313.68459 571.37774 12
e 226.42554 558.26008 9
e 182.77838 253.25589 11
e 194.74737 157.28578 6
e 144.32514 393.49973 5
e 327.29671 436.26038 11
e 155.31589 277.22188 9
e 360.89206 458.78908 13
e 219.78054 599.54761 9
e 229.00912 201.92547 10
e 143.00112 219.82768 11
e 239.60385 403.81807 8
e 135.99268 317.95677 14
e 285.15664 294.01232 11
e 233.55535 716.73363 9
e 203.21431 313.83155 12
e 167.06960 123.35914 8
e 216.96631 389.32428 6
e 356.19222 264.85881 9
e 147.90671 373.19661 13
e 239.68731 137.67042 7
e 342.88184 523.95197 6
e 167.21452 610.80960 7
e 192.42215 334.35245 7
e 220.11270 722.19094 12
e 249.12356 352.33224 7
e 179.81068 230.40309 10
e 236.98506 347.89712 12
e 243.72092 296.15352 10
e 233.66420 323.16239 10
e 437.39197 201.99568 4
e 203.03357 368.45242 7
e 209.68334 466.28049 12
e 412.68862 460.59239 7
e 169.83348 462.34835 9
e 364.40894 322.02605 8
e 415.60219 578.02793 11
e 295.48493 292.27400 10
e 66.62447 645.54535 12
e 266.94663 401.30344 11
e 183.15578 603.64859 8
e 216.89605 127.23198 8
e 151.23565 373.46396 11
e 304.72488 245.97421 9
e 204.86319 345.90280 9
e 332.30056 526.98354 17
e 324.05341 457.46834 8
e 170.29571 519.64134 7
e 292.75993 563.21436 12
e 355.23530 48.71181 7
e 109.14258 474.43117 7
e 266.46142 345.51563 10
e 242.23916 340.33052 10
e 263.96091 411.74262 7
e 177.69671 246.22658 10
e 353.21744 175.51232 9
e 159.81954 698.83772 8
e 215.87092 356.00346 12
e 66.65160 319.64586 12
e 285.99937 290.73650 10
e 188.90802 182.95757 9
e 424.80507 134.12527 5
e 247.54851 380.60326 9
e 246.11952 603.70726 7
e 366.73873 296.76172 9
e 177.65656 261.77929 7
e 384.05661 340.96380 9
e 311.18403 743.42655 4
e 331.36714 155.83991 8
e 208.46824 560.21432 8
e 80.69739 403.44939 13
e 280.21438 423.28754 14
e 239.94467 323.48539 8
e 144.71595 451.19657 9
e 284.23089 278.40569 14
e 368.02794 441.21744 11
e 190.75869 358.91888 12
e 303.98085 441.79241 8
e 123.20411 348.60250 9
e 228.55340 430.61998 12
e 373.03797 226.86712 7
e 283.77698 495.22344 6
e 260.88490 61.35465 8
e 123.86401 319.88582 6
e 148.25030 161.53227 12
e 309.75758 647.41426 11
e 157.04201 642.83700 14
e 341.80350 514.84548 6
e 425.13662 588.08156 9
e 300.72894 272.93914 7
e 215.42303 315.65645 6
e 136.34707 486.55960 8
e 368.51101 411.06607 5
e 365.80203 223.92091 11
e 289.75574 130.52825 11
e 75.73676 226.56695 3
e 263.00832 228.44824 10
e 180.19286 246.58222 14
e 253.72511 664.86509 10
e 318.30875 342.68505 11
e 245.15642 535.15646 11
e 416.52780 416.63235 8
e 222.31058 392.85429 7
e 224.59486 106.80746 7
e 157.79285 45.92234 10
e 331.98903 378.10665 8
e 227.58631 576.11744 8
e 215.74330 393.87496 7
e 336.55815 611.92494 11
e 172.80167 440.91477 8
e 287.23710 254.03065 10
e 186.98229 412.31263 8
e 297.57513 312.31986 10
e 232.77179 356.03230 4
e 453.31198 225.97425 12
e 203.21627 863.64872 10
e 115.43308 95.95622 8
e 199.64823 356.91473 8
e 164.81918 554.47858 14
e 285.43874 448.92196 8
e 423.07510 341.61740 10
e 338.08321 529.63948 10
e 157.82902 309.37162 8
e 178.70223 551.42261 18
e 91.29160 407.16952 8
e 344.54663 404.34966 4
e 212.71055 556.61023 7
e 317.74857 277.44509 12
e 167.66567 411.77994 10
e 364.43729 343.38187 6
e 230.10959 286.35887 10
e 326.81221 289.10045 7
e 292.69077 400.31062 8
e 173.06121 373.38835 14
e 269.64900 509.03404 6
e 235.68485 300.36689 8
e 372.18304 386.58901 9
e 334.17855 92.60589 7
e 253.55546 625.85225 17
e 211.74226 393.54924 14
e 209.71769 526.16752 6
e 193.90060 823.14712 7
e 280.24809 519.32957 8
e 299.39614 525.84203 10
e 330.86838 603.14529 7
e 271.23770 273.37479 12
e 172.86658 250.63193 8
e 251.39106 667.69157 6
e 258.71871 229.04443 9
e 224.76582 398.29475 12
e 167.56350 269.34968 13
e 194.02937 375.17042 5
e 315.72826 202.50587 10
e 223.35633 636.19437 9
e 239.90754 309.35391 8
e 393.12566 618.92180 9
e 190.71524 460.76915 12
e 347.27535 307.09319 5
e 347.58578 652.57913 12
e 241.23185 624.70650 6
e 275.24309 354.43427 9
e 300.51598 250.37090 6
e 244.64393 373.91027 10
e 262.46212 513.99203 9
e 308.40513 389.75253 11
e 240.41715 508.47299 4
e 201.06338 330.45901 12
e 332.02535 278.64431 9
e 197.80217 261.52123 8
e 184.11853 589.65097 14
e 280.24629 394.49352 11
e 257.77187 399.12929 8
e 276.41566 691.11317 7
e 306.48065 610.22198 9
e 347.10480 166.92977 10
e 262.06819 517.96408 14
e 181.94877 571.64440 9
e 337.69621 372.00033 10
e 248.08905 284.25816 7
e 300.93027 829.50241 11
e 249.63214 569.78452 9
e 196.33573 259.65565 5
e 279.29672 396.79692 10
e 191.59734 369.21930 11
e 167.55976 393.12884 10
e 257.70965 431.42253 8
e 237.38665 386.52016 7
e 314.68293 416.23169 8
e 184.23002 331.58771 11
e 337.29833 361.41805 12
e 169.01423 500.79065 12
e 115.85600 343.26694 15
e 182.73167 435.38025 11
e 373.42402 516.84773 11
e 245.21287 329.93850 9
e 296.29879 472.93144 6
e 81.42939 171.34429 12
e 241.03861 307.31558 12
e 265.85556 530.94987 12
e 319.35035 569.95111 15
e 257.98400 94.87805 9
e 227.67699 468.83187 5
e 67.48189 221.00930 9
e 129.07110 430.77525 8
e 279.06320 592.92714 17
e 299.08274 325.69714 6
e 263.32561 346.43035 8
e 105.46497 244.13909 6
e 318.24766 405.99355 11
e 7.84164 472.58449 6
e 348.97380 366.20996 10
e 188.59135 581.94558 12
e 259.44133 659.65346 10
e 231.63775 503.39450 4
e 194.30526 431.65897 8
e 162.23338 389.72666 14
e 227.14181 238.59717 7
e 390.87976 521.03730 7
e 324.29788 437.00037 19
e 75.80177 371.16220 5
e 231.79192 100.90711 12
e 188.60662 165.33574 11
e 71.29276 460.58730 9
e 240.13025 404.26271 12
e 281.60445 834.87849 7
e 265.64116 400.80086 8
e 215.77124 430.83516 7
e 237.31311 240.86118 9
e 400.84272 381.14195 12
e 251.47865 329.18878 7
e 183.25702 535.94504 7
e 303.60290 487.36214 10
e 266.66929 405.83927 11
e 149.09049 352.45971 6
e 257.01593 221.04340 9
e 209.17391 566.34180 14
e 86.36784 685.94379 8
e 319.21762 245.74627 9
e 322.16693 391.23193 11
e 315.99380 672.89221 11
e 176.02182 647.35059 4
e 348.32039 326.54243 11
e 234.62416 37.16321 11
e 237.07894 229.04562 8
e 459.47413 385.86653 8
e 293.76735 342.63903 6
e 334.48671 633.53441 6
e 291.29845 356.41387 12
e 234.71603 247.18152 9
e 302.76358 589.74158 8
e 163.87998 500.68060 10
e 325.95063 219.24030 10
e 250.18608 459.74587 6
e 274.19145 297.18817 7
e 177.80017 725.20120 7
e 245.44376 550.14016 8
e 323.07112 385.97112 11
e 125.13532 442.80849 7
e 369.97592 163.28516 8
e 192.31722 205.25456 10
e 450.77068 438.84600 10
e 270.38339 129.95336 7
e 144.40184 665.56632 8
e 202.56815 383.88257 3
e 338.91957 425.47622 12
e 223.19240 488.52711 8
e 207.96251 277.29246 17
e 347.80667 350.88982 7
e 288.81831 332.04261 5
e 144.71972 583.79173 11
e 298.39567 506.85469 9
e 192.45785 213.10378 7
e 121.68014 343.04078 5
e 310.66364 396.42919 11
e 129.66094 87.78392 8
e 213.10784 436.60720 12
e 330.30784 437.44177 7
e 343.37652 236.61476 9
e 275.64134 47.49171 6
e 207.93991 296.77526 13
e 471.88493 536.46181 9
e 227.45757 530.19328 8
e 231.71203 413.72921 9
e 303.39523 435.23623 8
e 206.45921 118.30369 12
e 370.19523 348.75816 8
e 265.79753 310.23292 13
e 375.82631 319.20117 11
e 183.40452 272.77974 8
e 355.16827 262.29947 13
e 266.33525 462.37459 7
e 249.33975 743.92123 10
e 263.11425 472.38386 10
e 162.08329 362.58671 8
e 233.39339 335.63466 9
e 220.31958 373.06521 15
e 252.11343 304.36230 11
e 285.10451 457.00093 5
e 258.09517 831.43035 15
e 215.57877 190.42081 10
e 71.04450 467.60556 12
e 286.89166 526.56983 9
e 226.40845 511.77705 15
e 371.52446 447.24928 6
e 338.82350 384.24533 6
e 319.83530 421.22218 5
e 283.11824 570.44586 10
e 252.88726 435.13727 8
e 310.70632 376.27569 9
e 189.50430 511.61359 8
e 227.17789 530.77283 6
e 156.94530 416.93891 6
e 399.84858 229.55907 10
e 261.82868 403.75585 7
e 318.33104 425.99596 12
e 129.75702 647.94379 11
e 218.41165 248.08632 9
e 193.78898 776.71193 9
e 257.33551 657.10120 11
e 294.76529 310.39833 15
e 8.05814 318.92155 19
e 248.17708 411.03156 9
e 250.79134 474.82830 6
e 400.62744 292.16515 9
e 408.17450 363.21240 9
e 355.27287 371.95582 12
e 245.76879 410.93630 13
e 365.90792 646.90222 7
e 284.02851 428.35757 7
e 129.27668 323.88282 6
e 350.16274 382.55978 10
e 253.26198 228.19806 9
e 423.05259 262.12699 7
e 311.71037 324.75894 13
e 201.52524 530.40537 9
e 174.72725 201.17741 6
e 337.64573 424.26755 10
e 213.11879 522.70054 5
e 211.38945 416.51237 10
e 269.05132 381.22988 18
e 370.33304 241.93913 4
e 180.58654 358.08901 10
e 147.26090 294.83762 8
e 240.54976 357.98532 11
e 247.48188 234.86612 9
e 144.51013 408.82364 13
e 336.86294 437.73356 13
e 361.89877 475.44422 13
e 289.96408 413.44947 16
e 326.20396 592.63466 7
e 209.56022 428.62053 7
e 298.68963 246.02616 7
e 445.36528 636.01634 12
e 279.19617 373.13088 7
e 127.23991 337.91280 5
e 247.56669 65.82282 9
e 280.20194 354.58093 9
e 159.68318 399.82921 10
e 186.92440 597.05466 11
e 96.42636 571.46207 7
e 238.58996 445.83652 7
e 221.31654 549.83342 6
e 422.80257 386.04623 7
e 236.47954 462.51408 9
e 239.83620 579.27718 14
e 434.73002 368.93727 13
e 347.61701 490.38692 8
e 299.06988 446.13658 10
e 535.17444 811.67324 10
e 203.45415 538.24210 11
e 275.78971 259.26244 6
e 323.45946 441.57027 7
e 232.78532 94.31787 8
e 127.94250 131.51315 8
e 338.92166 610.83502 9
e 296.88601 434.39227 4
e 312.73760 454.56565 5
e 392.28954 393.21146 7
e 346.55670 474.17456 11
e 209.12018 232.59522 4
e 181.10997 536.25949 7
e 336.78202 375.54711 11
e 94.87215 481.51014 6
e 262.02796 269.11530 12
e 455.17823 320.92146 10
e 216.23604 489.90226 10
e 293.27579 502.60006 9
e 272.85573 143.23429 13
e 272.92718 92.80644 8
e 247.01357 327.40161 8
e 437.65254 763.95510 5
e 209.13122 534.59116 15
e 146.07543 284.29521 10
e 220.61080 324.66477 5
e 302.68187 8.80555 6
e 347.09921 385.70654 8
e 280.39237 597.49123 7
e 200.83763 405.63186 9
e 315.70360 439.77048 14
e 140.25479 494.79416 13
e 330.89534 578.94066 8
e 126.78302 438.64264 10
e 237.92300 409.72836 12
e 261.76095 561.39977 6
e 26.10397 586.34697 8
e 292.87514 519.00184 10
e 217.48601 475.77676 9
e 300.53460 339.06506 6
e 253.37802 486.35331 5
e 246.84073 529.28161 12
e 200.75024 639.92419 7
e 179.15693 339.83723 7
e 286.26713 199.73726 6
e 87.31469 393.79066 13
e 95.97666 55.70358 9
e 6.42120 292.74475 8
e 316.03457 467.27064 10
e 251.18988 620.88126 4
e 334.54775 69.41054 13
e 222.04965 459.11582 9
e 241.10566 478.45069 8
e 150.28816 488.57302 7
e 326.00007 213.08434 13
e 263.19484 400.89444 10
e 216.52252 698.66465 7
e 443.83610 627.99141 8
e 133.24592 263.78517 7
e 230.20854 281.48888 9
e 151.87247 630.98428 9
e 222.56557 486.33864 7
e 194.46193 249.39753 6
e 474.35149 159.63375 7
e 202.59254 415.66790 10
e 413.60790 414.23203 9
e 232.96651 621.61529 10
e 135.62953 570.96179 8
e 354.44232 430.70708 10
e 302.37564 800.96921 9
e 175.66455 402.83365 6
e 321.61415 451.96632 7
e 525.29712 291.46557 8
e 264.45076 373.15929 8
e 158.02936 529.35278 15
e 265.66626 544.03173 12
e 289.13978 385.77964 13
e 319.42135 323.19169 9
e 402.36705 321.04094 6
e 256.20110 755.95181 5
e 51.51696 327.04107 13
e 178.74967 442.05879 10
e 296.40371 288.94400 11
e 288.75416 154.17360 7
e 132.52245 430.65402 14
e 197.58715 414.58039 9
e 333.40163 301.73198 11
e 130.64960 230.54598 9
e 408.91778 342.50504 11
e 361.04404 257.12520 14
e 181.19731 625.16323 14
e 186.62097 173.26856 11
e 128.50163 421.74626 9
e 361.76778 261.50416 4
e 235.98816 382.82758 12
e 271.72415 373.92483 8
e 301.65245 340.56526 10
e 337.77829 270.79774 8
e 349.89747 467.23957 10
e 488.17289 345.84898 9
e 135.42556 261.70100 9
e 194.82437 200.57833 12
e 201.78755 409.20849 21
e 124.14488 153.41037 14
e 261.23652 612.55760 9
e 280.90900 514.79543 4
e 242.56903 218.81502 8
e 7.95634 405.74683 8
e 290.21477 207.81748 11
e 68.68582 366.52589 11
e 173.01638 369.17676 7
e 332.18400 211.75148 10
e 283.65349 339.81164 10
e 320.98556 526.09329 7
e 328.68900 351.09718 8
e 114.72686 239.53845 6
e 306.28229 277.55845 8
e 388.34106 412.10009 9
e 210.56098 514.88527 10
e 358.16851 546.09438 12
e 272.82670 314.18300 9
e 199.36130 575.62601 8
e 311.96874 321.52815 4
e 217.48484 189.13195 12
e 291.57128 437.63794 18
e 270.62217 26.64263 13
e 294.41077 408.28709 8
e 302.43955 198.27859 10
e 145.56418 413.47523 11
e 318.00842 592.29951 7
e 123.17100 330.59827 11
e 433.26109 473.31893 10
e 247.80892 425.99234 19
e 205.87561 728.30041 12
e 246.77334 360.22772 8
e 191.75682 463.98015 9
e 241.53310 409.58571 11
e 122.58485 185.75002 6
e 275.73141 404.85907 4
e 212.95747 109.00781 8
e 361.61923 396.27416 6
e 135.50783 271.17183 14
e 179.82950 818.26315 5
e 200.28518 326.76100 7
e 261.99493 578.23195 6
e 301.31128 301.45343 10
e 357.08789 331.20106 13
e 417.74043 501.34481 10
e 229.46107 347.22999 15
e 165.96388 202.75260 9
e 361.63180 485.12415 12
e 158.03186 180.86120 10
e 114.36440 409.72081 7
e 266.33036 485.70037 13
e 395.39453 552.17062 15
e 197.45574 598.67782 5
e 258.67867 653.35895 7
e 377.55123 605.84029 8
e 212.53234 480.28193 7
e 266.87529 425.13454 13
e 344.69593 315.38872 10
e 476.62530 427.07231 17
e 116.28560 415.92385 11
e 330.20359 357.17991 7
e 138.50810 445.67524 9
e 242.86014 449.32607 8
e 306.35422 361.50560 12
e 217.31367 226.67719 9
e 394.05072 261.34485 5
e 408.61195 53.12967 7
e 233.84927 336.44322 7
e 169.34277 479.74185 9
e 295.40920 469.61669 10
e 190.74620 509.51708 8
e 260.75536 72.85072 9
e 331.69316 355.17371 10
e 335.55428 197.43161 8
e 411.89013 257.24044 14
e 259.20565 463.59809 6
e 387.51256 371.22444 7
e 272.24334 383.11898 5
e 249.87368 267.90743 9
e 194.22088 396.56034 8
e 399.81962 645.28348 10
e 284.37263 387.93247 8
e 235.78674 431.00363 6
e 332.50138 384.35322 12
e 186.75548 512.31907 10
e 250.27300 277.33868 10
e 151.68754 290.81693 4
e 246.18043 526.50663 4
e 297.55913 144.41118 7
e 348.93361 847.65973 7
e 367.78681 579.76391 5
e 299.37102 429.64791 7
e 118.15755 194.72486 16
e 305.81459 253.23803 7
e 288.96525 344.16757 11
e 235.97567 324.80691 16
e 319.17237 248.43417 12
e 346.64531 416.68626 9
e 363.22091 316.97394 13
e 291.09237 303.07295 11
e 325.31475 598.55012 11
e 255.60667 377.62885 5
e 243.43498 456.36442 12
e 401.49730 366.54495 7
e 239.18865 65.51644 9
e 362.58157 340.78148 15
e 225.27467 348.92153 12
e 418.01570 682.00011 15
e 180.42629 331.37147 9
e 217.02455 375.77369 8
e 141.79186 467.94806 11
e 277.33248 604.35168 13
e 179.46462 383.60197 13
e 266.50455 337.22853 6
e 211.66575 28.69992 13
e 423.20578 333.72836 12
e 88.96626 175.97375 9
e 222.76879 688.27166 6
e 275.45329 490.74325 16
e 328.98598 458.95980 7
e 209.10471 447.49854 7
e 183.50050 62.66160 7
e 354.45472 332.45422 5
e 240.92968 729.77392 9
e 350.19771 379.72580 9
e 250.81645 880.37057 10
e 131.86494 404.06099 11
e 211.88554 344.22692 8
e 294.11402 498.28683 7
e 259.67490 523.91802 11
e 120.90908 362.58354 10
e 252.86832 599.22018 9
e 212.67337 474.47814 7
e 329.16819 342.16382 9
e 364.37028 571.77682 10
e 426.40969 227.05175 10
e 250.99670 591.93689 11
e 314.64506 168.59096 6
e 209.06690 282.26541 13
e 275.98539 696.52261 10
e 386.98069 614.03330 9
e 225.80622 606.38969 10
e 179.67731 358.26586 10
e 370.74375 569.42577 8
e 324.52032 440.13165 9
e 294.11569 373.75149 9
e 206.68573 446.94889 9
e 147.34760 331.53957 10
e 232.53564 567.30467 10
e 241.80363 273.57234 9
e 211.18079 6.82577 3
e 74.09638 316.39306 6
e 336.73023 330.60354 5
e 174.03085 347.14968 4
e 316.00091 740.75190 13
e 416.71722 474.76998 13
e 271.11223 531.92672 8
e 95.60857 193.01043 11
e 215.31646 554.71987 7
e 229.38985 71.25564 10
e 211.97093 506.78115 7
e 204.87848 154.89840 7
e 247.49197 399.03528 14
e 139.60848 362.59918 9
e 357.37722 382.45777 9
e 254.12434 253.59334 11
e 440.73087 289.75770 8
e 198.52919 240.77228 6
e 254.54959 180.90040 7
e 289.83254 500.14329 6
e 248.87795 635.37769 10
e 237.52846 274.61370 10
e 322.43137 315.99477 15
e 286.64937 549.65002 16
e 305.65731 439.05894 7
e 146.93806 546.58477 15
e 209.28122 305.12777 10
e 358.02050 597.59589 9
e 232.71634 515.54623 8
e 147.75398 542.88161 9
e 286.77793 640.59162 9
e 320.67911 425.66823 11
e 228.88966 492.10856 8
e 367.92980 83.28719 10
e 143.19756 310.23659 8
e 276.18746 487.25591 10
e 356.02358 186.05792 5
e 195.69821 808.41173 14
e 277.43894 363.82575 11
e 136.63527 652.77186 11
e 156.35194 409.56598 10
e 287.44519 265.68544 10
e 352.75076 251.94899 9
e 226.50272 435.68337 3
e 295.93650 233.66675 9
e 377.65793 124.36263 10
e 223.23892 490.51310 7
e 208.65617 262.23114 8
e 376.24719 214.83144 13
e 284.31866 475.94699 4
e 239.54325 351.70469 12
e 359.45948 284.57317 15
e 247.46013 429.95786 3
e 355.72789 92.24398 5
e 323.50572 472.80971 6
e 346.20401 405.89605 8
e 412.83598 389.82805 6
e 616.10163 482.50127 11
e 456.35706 455.73387 15
e 664.79107 332.83317 11
e 564.49561 126.02755 9
e 331.62956 71.35943 5
e 504.02573 246.20562 8
e 302.05647 551.73732 6
e 496.92690 399.84009 11
e 584.41038 418.60915 9
e 409.91970 559.33542 15
e 467.86758 180.34001 10
e 442.63971 346.30838 3
e 509.44323 314.40553 10
e 509.75786 587.99534 13
e 548.63856 196.28040 7
e 646.54398 262.35021 7
e 439.22443 337.01932 8
e 689.61772 365.56078 12
e 462.82408 498.29140 11
e 547.30264 308.92110 5
e 647.92778 356.14546 11
e 498.14467 230.30800 7
e 547.77628 485.28493 9
e 542.82930 84.45887 4
e 472.43215 234.87301 4
e 439.40411 270.83802 6
e 677.21284 275.39509 13
e 508.17331 217.11842 9
e 544.88169 81.95429 10
e 540.93366 395.69622 9
e 403.18895 347.26387 7
e 431.50472 252.21025 8
e 669.49222 220.19733 10
e 509.40354 629.49394 6
e 551.29911 452.73398 9
e 558.97464 540.99318 9
e 477.26224 456.74291 9
e 467.70804 380.64251 7
e 536.19991 488.93123 19
e 500.66196 556.95056 11
e 554.23947 634.57247 14
e 512.02090 277.27535 7
e 635.26508 188.94390 11
e 486.64993 360.38230 12
e 453.74661 387.95632 14
e 604.64509 167.57623 8
e 417.19525 504.08627 9
e 535.22484 433.94966 10
e 330.15290 280.65404 16
e 518.74151 442.11024 6
e 607.10053 87.33716 11
e 463.96551 593.56081 7
e 486.50588 504.83763 17
e 432.30874 582.32546 6
e 568.75548 368.65683 9
e 631.53880 446.12293 10
e 665.67161 234.10898 10
e 502.41491 365.84631 7
e 364.15176 499.45383 7
e 533.52021 276.42337 7
e 405.65555 351.20251 12
e 628.64281 164.63697 6
e 389.03871 82.38512 4
e 591.17181 495.46275 11
e 446.09784 356.64496 7
e 470.92483 383.85053 8
e 685.40682 219.59571 9
e 430.50804 147.29952 9
e 626.93073 343.10235 8
e 489.21649 212.65477 7
e 426.24505 320.71619 7
e 580.27902 191.78053 12
e 491.09175 516.61027 14
e 541.42584 41.77680 8
e 551.78355 297.49811 6
e 494.46512 309.00553 11
e 403.21999 347.77721 7
e 547.03133 337.87897 9
e 600.59825 40.35024 8
e 397.09073 369.41736 9
e 705.95249 276.06503 13
e 575.60587 446.93824 16
e 501.13085 349.44489 15
e 541.74719 529.12810 15
e 678.26949 538.96835 6
e 432.94181 219.19089 10
e 425.61305 359.06819 8
e 581.82640 421.88924 5
e 521.52232 324.82002 13
e 567.47342 573.03746 6
e 418.03689 130.45365 7
e 552.76255 443.11460 7
e 507.40855 261.02022 7
e 458.39469 284.16463 8
e 660.25350 398.93418 7
e 589.28933 171.37506 4
e 508.35530 268.93899 8
e 518.70824 198.95796 8
e 613.82603 217.22824 6
e 476.68500 282.57699 5
e 688.84979 589.50327 7
e 500.57647 505.93232 10
e 673.07436 278.95300 10
e 445.44775 287.30580 8
e 578.87284 311.68540 11
e 667.69277 555.12781 10
e 528.91805 354.12762 9
e 522.83379 337.49095 9
e 442.06069 343.48038 9
e 534.18503 235.79655 11
e 696.71613 123.57126 7
e 691.30544 739.82178 12
e 598.39064 175.80405 15
e 533.57874 236.54639 4
e 500.20826 254.27190 13
e 528.16104 437.06071 3
e 478.88086 361.90865 8
e 361.50576 531.44619 9
e 407.14138 252.76329 9
e 553.85033 471.12615 9
e 481.88700 328.04866 6
e 544.64766 303.41855 8
e 497.74846 77.79614 7
e 430.56222 611.37036 7
e 485.12152 409.69253 5
e 479.44272 317.41913 12
e 521.63601 308.56891 6
e 428.35477 282.71088 10
e 532.42405 318.00634 7
e 571.44318 104.64214 10
e 477.17111 101.90503 7
e 518.61767 542.72407 9
e 538.66387 297.50820 9
e 512.30520 368.92054 11
e 554.15948 40.77528 11
e 577.74586 126.00400 9
e 354.43035 210.45092 9
e 551.88589 329.79395 4
e 473.35417 122.04488 9
e 523.04882 408.16629 11
e 497.74489 106.09026 13
e 395.92919 312.18693 9
e 538.57756 423.45581 13
e 562.74136 533.36928 8
e 570.58466 325.79468 8
e 603.41077 346.43111 10
e 536.84995 203.06341 14
e 609.61489 223.46117 6
e 556.70748 501.41399 12
e 537.59349 438.61006 7
e 467.63590 215.25785 6
e 450.27277 352.51944 8
e 589.97637 360.43161 5
e 543.24859 458.20053 11
e 606.58804 298.89936 6
e 467.62718 358.33306 6
e 508.54235 125.82712 7
e 541.90469 414.44554 6
e 498.18450 489.92794 15
e 499.32172 634.63970 5
e 503.11364 281.12355 12
e 640.29554 489.87557 9
e 531.16211 170.73066 10
e 508.89500 681.28747 4
e 467.59136 468.72507 11
e 475.18444 624.42471 10
e 492.15346 311.17906 9
e 589.12640 375.12546 10
e 610.54953 496.59373 8
e 520.25780 387.03695 13
e 557.11826 333.51845 17
e 364.57659 392.55426 11
e 635.82481 210.68038 7
e 385.32041 531.17447 7
e 554.44461 247.06748 8
e 331.60749 51.14166 11
e 510.14807 34.54745 16
e 402.87644 176.08355 6
e 572.25171 236.87371 9
e 521.99718 246.35217 10
e 558.79307 318.24090 9
e 562.94609 438.39521 12
e 398.62169 600.13017 5
e 437.17385 218.74707 6
e 648.69480 155.96277 5
e 464.86649 458.49452 8
e 584.39655 244.71467 6
e 595.26834 288.27737 11
e 562.08479 189.50166 15
e 636.76253 43.13630 8
e 565.34743 177.13558 6
e 485.66056 564.57453 9
e 537.80212 396.79384 8
e 516.30105 161.43698 9
e 447.03726 299.29812 10
e 418.49214 248.94068 9
e 473.82134 263.26341 11
e 514.73179 335.10967 12
e 383.65960 238.63507 8
e 643.87087 136.81203 4
e 457.11035 573.79216 10
e 610.70961 138.82158 11
e 673.81689 448.48714 10
e 564.83321 494.33168 7
e 606.15362 444.80468 9
e 503.46963 523.29967 7
e 541.44631 603.20883 10
e 704.02902 318.96760 11
e 672.73558 434.70758 6
e 409.20141 224.23160 9
e 559.89760 731.71652 11
e 522.79079 479.84980 8
e 494.70876 467.35515 12
e 572.34969 394.39026 9
e 496.36435 344.53054 12
e 489.20765 483.08725 8
e 550.68055 394.05383 13
e 428.58822 699.96928 10
e 496.49301 168.28632 8
e 487.68001 65.16785 7
e 508.62131 474.84792 8
e 443.01231 719.44316 8
e 505.14979 122.94570 13
e 409.82549 697.28621 5
e 631.97964 369.77211 11
e 622.26214 420.36673 5
e 432.37171 247.93831 17
e 617.07526 437.47061 14
e 426.64933 505.80562 10
e 285.90802 274.13283 12
e 510.62665 390.92038 9
e 515.74334 529.71345 4
e 582.50969 113.42296 11
e 592.81812 717.14309 10
e 505.80795 197.35935 10
e 365.95569 458.28814 13
e 447.99445 325.11683 6
e 560.25314 439.79635 9
e 528.33908 557.52421 9
e 512.02048 48.71791 11
e 462.40334 316.15363 7
e 426.99125 230.51778 4
e 597.74683 613.21529 9
e 489.62815 377.66002 8
e 441.10772 399.42640 9
e 585.56454 369.58896 10
e 658.29261 540.13338 10
e 591.46888 398.59362 7
e 456.04691 351.63042 9
e 530.63830 234.59361 9
e 559.71433 365.17858 6
e 436.08177 660.36760 4
e 532.23310 292.27603 8
e 526.23323 421.65267 14
e 557.16215 334.02585 12
e 650.46516 396.49402 12
e 479.72096 201.16822 9
e 519.90194 422.38910 9
e 533.46426 455.25654 11
e 595.26202 121.79159 9
e 498.00100 472.97240 10
e 530.32142 181.46409 8
e 505.14781 268.37669 6
e 515.23059 215.69093 10
e 446.52819 311.68474 12
e 444.76179 546.03534 10
e 369.08781 368.35455 15
e 502.06526 146.52956 10
e 620.80323 107.57593 10
e 502.62918 351.29449 10
e 559.80202 521.82164 9
e 540.71266 35.71028 8
e 546.66279 482.84086 5
e 487.29340 371.09776 13
e 707.59897 352.02481 4
e 625.91891 428.92853 7
e 512.82180 271.98799 7
e 610.37525 403.00664 6
e 476.28455 539.51182 5
e 478.07240 411.74636 14
e 641.99736 402.45941 9
e 594.35367 204.58737 7
e 409.60918 246.76302 12
e 584.85941 501.39843 14
e 388.08405 417.79825 9
e 497.84293 340.58092 7
e 412.78990 434.74986 10
e 521.38096 695.43162 8
e 472.86756 298.52760 11
e 380.14251 230.13190 6
e 619.94037 458.53355 14
e 540.21209 369.99207 11
e 475.44820 380.76210 9
e 521.97159 303.85745 8
e 537.49895 447.77064 9
e 527.25281 518.85879 9
e 717.33634 308.94695 8
e 328.51076 512.66207 8
e 454.59852 47.25267 9
e 549.69048 698.61533 11
e 485.58541 101.06912 8
e 659.63588 478.70098 11
e 511.61859 384.00915 6
e 521.88416 46.70103 18
e 588.57667 337.87226 15
e 539.08981 583.04237 12
e 569.02522 338.73190 11
e 610.99001 534.25776 8
e 632.59024 363.41118 8
e 506.35687 405.84764 10
e 384.50045 539.61679 8
e 551.88757 138.01897 8
e 473.94074 386.57387 7
e 600.90093 382.21407 17
e 514.46023 346.72911 9
e 601.01396 244.43752 14
e 405.98401 90.88238 17
e 430.97293 615.87516 9
e 586.49354 511.80262 14
e 533.03356 296.05718 9
e 555.47262 353.82584 9
e 584.53412 502.91015 9
e 504.21535 352.02544 6
e 570.37504 789.51950 9
e 491.65299 24.37660 12
e 406.53082 387.69562 6
e 452.10322 241.93542 14
e 553.44407 337.27317 12
e 657.48544 488.97319 13
e 403.37658 420.14339 6
e 647.83889 68.37758 10
e 637.39663 487.09786 9
e 545.42842 440.39541 11
e 416.76765 283.05314 11
e 589.70463 472.97996 7
e 559.68553 325.62429 14
e 440.23246 232.90619 10
e 495.40471 350.72934 8
e 508.51418 223.96959 11
e 638.16307 518.70835 15
e 486.36304 582.38432 11
e 380.64688 387.30902 4
e 640.39901 228.43124 8
e 540.29376 248.69099 9
e 471.02601 373.41505 9
e 459.05124 337.09146 4
e 469.92631 366.34167 10
e 419.73220 237.66977 8
e 570.55743 220.97414 16
e 618.01143 251.04701 11
e 513.86579 331.41458 7
e 547.36525 516.24665 10
e 455.45797 518.10855 6
e 573.68612 319.94012 7
e 645.89406 430.44329 7
e 534.55518 296.45162 13
e 579.66606 223.56660 7
e 544.08991 310.71112 11
e 566.59926 589.13894 14
e 523.47785 464.26201 8
e 655.99074 451.94180 9
e 583.59683 512.48703 10
e 596.05701 236.87496 7
e 505.95607 628.39263 6
e 431.73221 175.81520 8
e 516.83867 165.54439 7
e 588.13736 98.41473 9
e 305.64776 210.37113 7
e 619.68447 325.96451 7
e 590.15704 172.34194 5
e 623.80368 456.24917 9
e 566.42065 239.12539 7
e 452.38917 352.17402 13
e 506.14632 197.42181 13
e 525.33445 430.88874 8
e 544.45496 487.12346 17
e 587.16523 319.74724 11
e 430.86630 448.92383 13
e 569.70632 296.79144 8
e 422.79713 140.87701 7
e 375.35350 364.41501 11
e 338.40254 801.01649 5
e 647.57057 269.65462 6
e 472.72168 458.77426 7
e 545.90185 136.97623 11
e 543.82028 548.79523 14
e 494.28821 148.79532 11
e 609.98197 594.75084 5
e 530.26393 76.00555 13
e 575.42279 262.93419 6
e 561.02402 308.84007 10
e 525.14891 381.81123 10
e 566.58149 371.77596 13
e 549.85230 406.24892 8
e 313.93460 447.21175 9
e 628.75910 275.81763 5
e 430.42233 516.27909 7
e 558.39736 294.15895 5
e 549.54738 312.25982 7
e 528.55497 329.44518 10
e 402.73025 567.54320 5
e 622.66955 262.32989 15
e 524.24916 578.10593 7
e 480.57133 230.52005 4
e 525.83193 569.21399 5
e 492.26221 625.61665 8
e 558.89046 211.42500 11
e 436.52070 86.69495 4
e 433.88144 401.35987 13
e 510.15017 167.21164 8
e 583.34932 273.84543 8
e 592.53827 250.41634 17
e 405.33778 301.44303 12
e 626.61827 147.25210 11
e 463.07837 438.68366 9
e 527.83700 511.88023 11
e 464.75317 743.36610 6
e 457.87008 397.08297 13
e 305.37038 535.32998 12
e 692.82118 88.02005 11
e 421.52555 271.60443 9
e 551.82656 333.81561 7
e 663.73889 648.39188 9
e 556.22451 369.78281 7
e 523.48268 351.27773 8
e 510.63746 496.52089 5
e 564.39111 533.80475 7
e 605.68650 497.57239 8
e 598.85203 251.34004 11
e 586.28167 236.55123 5
e 714.07282 349.08157 10
e 631.57580 445.39488 11
e 519.83431 600.24976 4
e 392.91404 601.02568 11
e 345.64771 533.39771 7
e 652.13005 342.73707 12
e 494.77407 108.04821 4
e 480.35553 386.48485 13
e 558.16189 128.43248 7
e 591.49075 341.71434 7
e 642.84540 564.24882 10
e 602.74103 486.55408 10
e 628.16297 365.32198 11
e 581.22891 346.74376 12
e 695.77584 291.19409 12
e 712.14430 346.27638 10
e 508.60844 413.55476 12
e 400.28527 222.90513 5
e 587.55281 532.50365 11
e 515.83775 45.30013 8
e 558.65975 315.33799 5
e 465.94063 170.13470 11
e 395.64753 253.91409 7
e 485.28099 451.63565 7
e 556.03686 413.37441 9
e 673.44193 386.51370 12
e 454.04744 446.45588 8
e 610.15981 372.29791 9
e 460.34763 462.55064 10
e 478.68545 449.14670 19
e 498.18371 176.01549 7
e 569.80640 555.92005 10
e 669.19452 483.88173 9
e 565.49512 386.18784 7
e 419.53612 326.68448 7
e 637.74384 238.85123 5
e 384.19092 360.72500 5
e 434.61047 251.23883 11
e 561.25161 360.26211 10
e 447.42462 361.69631 14
e 502.19572 543.46946 11
e 525.71839 433.23730 8
e 572.00321 342.82854 8
e 445.17632 106.61188 17
e 452.97284 494.76754 8
e 471.41885 397.26245 4
e 466.42868 417.26714 9
e 666.51123 338.66227 11
e 589.76754 377.07201 14
e 578.30158 477.88728 11
e 626.34869 277.73902 10
e 609.13946 481.21685 6
e 649.46844 363.41027 12
e 534.88494 163.21356 14
e 358.68443 290.19105 9
e 530.33336 902.80115 9
e 554.07307 412.34473 10
e 493.05596 425.50210 5
e 420.22069 162.42516 6
e 427.85918 486.08376 8
e 462.56940 326.65769 7
e 575.57320 237.40762 10
e 577.83092 451.05840 8
e 554.21381 387.72262 7
e 618.68490 555.55607 9
e 570.22878 521.48067 12
e 377.34904 306.80196 11
e 501.14478 807.37908 3
e 531.19705 438.00353 9
e 496.04535 551.76095 11
e 701.15955 377.20457 9
e 603.52579 322.12366 14
e 561.74468 445.52954 9
e 610.34358 407.01515 8
e 583.29982 266.99156 10
e 719.75437 13.54953 10
e 466.21895 556.86623 8
e 399.33256 164.57727 14
e 628.56450 161.06899 12
e 452.35786 281.72939 13
e 482.09747 274.77419 8
e 420.18067 493.70279 7
e 684.66874 316.23878 11
e 532.24780 145.15208 6
e 596.33792 193.08844 14
e 508.72219 604.75968 11
e 633.03692 383.20115 11
e 389.65646 181.34949 13
e 468.71197 269.91919 10
e 636.82224 506.48792 6
e 443.53301 562.13000 11
e 699.81088 287.94012 5
e 537.98806 447.17149 14
e 597.67032 325.61513 9
e 514.89731 494.64292 8
e 579.17719 237.94420 7
e 602.83714 214.59773 11
e 462.29237 1.95827 9
e 592.76438 844.28876 9
e 523.24996 133.27913 11
e 501.69158 284.19449 10
e 438.89436 419.29226 9
e 542.48680 597.69211 5
e 678.78529 415.64654 12
e 451.83370 410.33529 9
e 561.32391 166.68297 11
e 565.30470 372.46847 11
e 456.43326 321.54528 14
e 581.46027 526.16139 8
e 718.00843 562.17142 6
e 521.00188 733.10192 9
e 461.49038 465.41679 5
e 458.46518 358.43095 4
e 474.07700 316.44388 7
e 549.22638 341.57406 9
e 597.18288 325.13103 10
e 492.78764 143.03660 12
e 581.81609 213.18461 9
e 463.34027 213.97093 7
e 428.58367 547.57320 9
e 576.10552 427.41132 6
e 605.10064 96.88350 9
e 485.53122 418.41693 7
e 492.06038 347.30923 10
e 568.48752 248.44973 6
e 642.34943 419.54989 10
e 603.17409 298.33271 5
e 590.29362 508.07279 9
e 592.94205 618.08218 9
e 297.68276 436.54390 8
e 437.40293 225.78575 7
e 472.38360 261.37817 20
e 567.05965 428.06948 8
e 547.54002 319.55430 5
e 429.27121 327.61780 8
e 484.07375 220.49703 16
e 526.24530 320.82051 11
e 443.52173 140.63379 7
e 474.34067 112.30228 12
e 548.37641 243.11189 8
e 439.31558 257.55171 9
e 246.08782 115.32623 7
e 507.99039 357.37985 10
e 433.82752 565.55071 6
e 559.55150 370.95966 11
e 457.57201 327.55226 15
e 694.47258 745.52125 8
e 358.37843 279.43487 6
e 539.94082 361.04613 12
e 541.54822 277.48403 5
e 457.62498 224.66215 7
e 555.37278 363.16432 11
e 591.16275 145.54935 9
e 531.23843 451.81519 5
e 451.92911 514.60420 7
e 571.78860 83.30702 9
e 396.85892 334.72147 10
e 574.20644 369.74011 14
e 573.01835 546.09795 12
e 546.28018 708.24403 9
e 475.65268 431.23019 11
e 501.72794 402.91154 11
e 570.80043 631.74371 10
e 611.99739 330.80665 9
e 487.66145 347.07615 8
e 514.08556 319.82389 5
e 547.84051 385.78887 13
e 624.42846 491.23151 10
e 556.36841 379.85421 6
e 488.39588 261.15268 5
e 550.53849 548.14583 11
e 596.74703 116.96193 5
e 423.90281 9.23037 9
e 566.62749 430.23228 8
e 494.36732 211.78264 5
e 504.12407 465.28226 5
e 432.82560 403.90001 11
e 562.98792 236.13393 11
e 624.58195 262.28413 7
e 473.47342 445.69161 14
e 576.50292 422.28964 10
e 487.70491 594.06309 7
e 540.24204 579.75387 6
e 648.66154 367.81266 6
e 528.44475 543.42623 10
e 554.59887 211.66254 6
e 498.08899 569.63757 7
e 492.53772 362.45944 14
e 616.73424 662.76656 13
e 513.27164 176.91104 9
e 660.54457 116.97201 11
e 544.87882 419.32466 7
e 615.73552 479.24294 10
e 431.72700 491.34870 10
e 532.44565 412.28686 9
e 469.94763 619.19517 9
e 459.76076 347.07511 12
e 465.39991 410.88353 7
e 416.47567 194.58675 7
e 328.14474 300.66581 7
e 518.54841 251.30428 11
e 544.41342 225.64569 11
e 572.23425 123.38255 14
e 539.95021 404.89759 10
e 515.71080 316.43640 8
e 540.34974 323.97063 9
e 574.01787 256.84675 9
e 468.27835 242.83220 8
e 542.60155 325.88288 6
e 460.89722 250.40060 10
e 547.19576 426.37372 9
e 522.95300 478.92921 7
e 464.59798 125.25437 11
e 428.33672 403.08274 14
e 658.71818 368.21586 7
e 469.28091 352.60807 9
e 432.40759 375.47981 20
e 438.18196 473.35297 10
e 429.42355 283.24773 13
e 591.96064 280.53394 4
e 561.80846 409.84001 7
e 518.93129 397.28083 10
e 567.27363 181.57938 9
e 463.13685 284.23931 12
e 449.87471 589.46578 8
e 412.43889 382.31268 9
e 558.07573 167.89171 11
e 588.15198 256.53259 8
e 471.46331 369.51814 11
e 430.28913 446.40130 11
e 576.90582 421.67964 9
e 581.41602 569.74110 8
e 424.69633 468.08407 7
e 590.27868 335.39164 5
e 596.46465 251.89457 10
e 513.41034 614.12157 8
e 559.27015 343.22692 12
e 588.29076 588.84104 10
e 610.43697 44.52018 7
e 435.55739 409.24835 8
e 412.02086 477.88673 9
e 506.74885 70.65881 7
e 544.63648 394.76377 10
e 384.68639 340.21870 6
e 588.13246 326.76260 10
e 542.81120 494.36074 10
e 577.00105 347.71633 14
e 579.01818 495.95778 12
e 627.39808 293.55233 7
e 576.05971 117.33028 9
e 557.70666 283.51664 12
e 639.01515 491.25023 7
e 548.28559 197.41557 6
e 677.80093 430.21812 9
e 498.89222 192.62084 8
e 462.49297 559.69441 5
e 612.01882 284.72567 7
e 567.47777 388.23150 12
e 449.33944 478.52886 9
e 490.94063 177.12688 6
e 522.40663 588.53185 7
e 465.69433 472.65623 5
e 599.32847 318.76184 10
e 473.01937 312.63675 8
e 595.94043 291.75053 5
e 556.72723 338.58804 17
e 266.80037 713.01441 10
e 486.61035 231.41552 11
e 442.07060 415.69231 15
e 498.98667 91.93656 9
e 458.81150 498.26604 12
e 502.65999 148.21854 5
e 539.83820 355.88423 11
e 619.67234 15.13446 11
e 564.38246 110.96343 11
e 391.63123 466.21634 8
e 573.15245 524.68884 11
e 477.86680 306.65582 9
e 622.44586 566.93459 9
e 489.24470 384.67110 11
e 652.38039 133.36441 12
e 398.80764 386.00572 13
e 412.23033 448.21622 12
e 655.60693 124.85907 11
e 495.15179 278.97165 5
e 560.16218 270.48008 5
e 544.19690 106.81545 8
e 604.23857 549.27274 7
e 533.54139 453.25344 8
e 609.44880 297.48038 8
e 446.34117 649.55635 19
e 375.37522 230.67227 11
e 460.11169 448.05693 7
e 549.22190 474.26226 9
e 586.28093 117.78554 8
e 558.43020 246.14888 4
e 589.09508 591.64458 7
e 416.82345 525.61125 8
e 673.72408 344.40695 10
e 463.02737 336.93828 8
e 563.46572 620.49144 7
e 429.55592 510.44722 14
e 555.71973 183.05431 7
e 563.35566 546.41531 11
e 519.76120 173.78743 5
e 405.11764 190.33896 8
e 575.67768 386.61590 7
e 434.38779 279.46779 10
e 544.12969 253.51646 11
e 561.29367 336.04448 11
e 623.05620 263.56526 4
e 438.16880 368.58972 10
e 488.04461 315.55987 9
e 495.98787 297.34871 7
e 540.88977 297.26044 7
e 545.77981 276.77626 6
e 558.27378 424.28246 10
e 526.67641 147.43523 13
e 426.07737 517.08135 10
e 459.02023 434.32912 8
e 519.41394 240.16321 11
e 655.78381 195.38207 8
e 576.32118 258.31421 9
e 468.62691 263.70649 6
e 507.89576 4.36760 12
e 495.22180 395.86596 17
e 520.73440 249.83006 10
e 540.34708 275.40212 12
e 466.90590 558.99033 6
e 560.61521 242.56332 8
e 698.07831 377.75563 13
e 502.39701 746.71013 9
e 466.53037 288.75615 6
e 600.67303 574.82091 5
e 523.53451 182.28583 10
e 450.40296 414.78377 5
e 580.93270 200.61388 11
e 542.64238 512.52801 10
e 526.57236 254.53249 6
e 403.83133 431.98138 6
e 479.33890 268.40810 9
e 643.27445 630.82063 10
e 560.39144 683.93812 14
e 574.52779 677.94759 12
e 532.26601 386.61122 5
e 460.89394 114.04494 13
e 377.63072 414.14805 10
e 515.37706 453.56859 8
e 350.39990 237.34092 12
e 564.61336 219.16209 8
e 358.94921 186.41637 10
e 595.61331 331.44013 17
e 634.17646 508.43408 4
e 555.36170 663.71896 9
e 463.77451 185.76884 11
e 544.25280 280.32798 13
e 534.13998 396.82822 6
e 487.06876 349.49739 10
e 424.58292 546.01383 9
e 636.52301 397.40983 11
e 608.87684 444.08558 10
e 363.10610 367.47534 13
e 554.52251 368.67684 11
e 314.57698 508.72423 9
e 559.63557 396.79650 5
e 602.97001 411.21396 7
e 605.74715 46.44085 8
e 618.19824 224.51736 11
e 524.61356 372.27361 9
e 419.31592 698.54770 11
e 491.61366 478.58877 14
e 608.56470 728.82710 13
e 404.32585 206.99464 10
e 665.16276 834.68386 9
e 404.03581 598.54177 7
e 527.92629 388.45972 12
e 460.76154 452.84811 10
e 503.91815 649.75437 13
e 660.74338 477.88569 7
e 474.66997 483.17573 9
e 553.61604 531.81770 6
e 414.06700 589.54544 15
e 394.73790 315.63660 12
e 579.39716 505.90379 9
e 526.82308 657.93287 10
e 510.78810 450.74158 6
e 429.13922 797.97540 8
e 640.51796 486.18975 8
e 555.88818 230.33538 10
e 538.56987 533.82962 4
e 672.27458 528.51306 12
e 614.06477 524.07205 8
e 643.86021 499.54316 15
e 483.79746 331.48598 6
e 623.48445 377.32150 13
e 542.41339 507.79102 8
e 540.15972 405.93037 4
e 425.87427 469.33015 11
e 636.76284 315.94485 8
e 306.08137 327.11971 9
e 469.15429 403.02115 8
e 464.40052 511.61191 13
e 442.87906 400.39980 12
e 471.95942 284.16378 6
e 604.17961 303.52456 10
e 327.79539 514.46350 5
e 662.12224 195.63850 14
e 390.93359 569.19816 11
e 626.53596 484.68348 6
e 378.35740 800.51466 13
e 484.72666 234.06301 7
e 571.39615 396.40275 8
e 521.53528 678.14969 9
e 437.72994 404.38149 14
e 475.72103 537.09901 7
e 502.63458 690.14339 15
e 517.38976 643.20943 2
e 443.92100 422.30551 8
e 630.72870 353.37798 6
e 502.70288 568.74089 4
e 541.44115 499.60504 8
e 653.28007 544.74114 9
e 497.75132 699.68310 19
e 570.60397 354.07113 8
e 538.47957 594.78891 11
e 544.12356 476.60836 9
e 551.39340 530.33712 6
e 519.43625 540.69044 6
e 559.18102 326.13902 6
e 366.06275 528.16391 5
e 541.46616 510.26167 8
e 560.23060 559.13321 11
e 650.63217 385.36920 9
e 637.75000 512.15618 12
e 380.84201 614.59733 6
e 702.52816 332.85757 15
e 574.61217 651.56205 16
e 441.02816 361.17791 8
e 494.66490 430.73700 11
e 700.77331 786.71485 10
e 517.24757 384.29150 10
e 456.55743 183.48223 12
e 592.51755 631.71202 9
e 462.87945 459.83776 8
e 422.90216 280.39951 11
e 486.91296 180.65904 12
e 687.19420 511.82579 7
e 680.13846 469.03324 5
e 480.53313 311.90272 16
e 712.99384 344.19524 11
e 575.44951 455.21220 8
e 427.42944 566.06754 6
e 547.71132 509.00598 7
e 559.11930 158.44105 13
e 467.83989 518.46673 11
e 446.85571 748.47301 10
e 486.30685 290.22940 8
e 490.52693 458.63988 6
e 674.50810 341.19112 9
e 521.14040 584.66513 9
e 303.84926 216.82562 10
e 554.88072 272.79707 18
e 580.15969 419.92476 11
e 391.15588 664.24721 8
e 634.47221 598.91070 7
e 472.83877 237.78068 11
e 499.08742 483.86942 15
e 374.89818 465.93340 16
e 634.65334 671.49701 9
e 667.89438 386.87042 5
e 474.32185 448.70520 12
e 550.64232 549.81673 10
e 410.23799 261.94527 8
e 569.45443 577.18571 8
e 602.77497 212.08959 9
e 563.17323 472.69592 8
e 568.69525 525.97279 10
e 531.92106 246.24408 4
e 612.54943 423.87474 11
e 585.44298 431.74935 7
e 589.67583 188.33424 6
e 477.68840 360.88598 9
e 502.47784 507.27597 6
e 544.35562 223.05864 6
e 552.59387 204.16557 11
e 554.74293 432.19137 6
e 430.78793 638.21593 16
e 499.08335 225.73308 8
e 469.17227 439.29243 9
e 465.35210 656.38114 8
e 612.81907 78.22189 13
e 552.13065 598.63560 9
e 396.98747 388.68472 11
e 479.29497 557.70088 13
e 328.48753 433.28724 10
e 662.14290 584.07525 5
e 615.71863 283.56493 7
e 462.94382 578.87184 12
e 506.66929 478.01940 9
e 609.71797 182.87292 8
e 502.14130 322.87926 8
e 531.56320 293.17927 8
e 475.91970 479.91098 6
e 594.74306 485.41859 11
e 457.96889 453.52986 8
e 508.26961 610.88274 9
e 676.83256 383.19378 13
e 631.31381 303.81592 5
e 519.15918 315.48423 6
e 456.16019 527.85212 8
e 572.88777 337.68070 10
e 567.58668 532.44576 9
e 398.62375 504.85222 10
e 641.15372 541.16679 7
e 453.63210 615.31486 10
e 456.51233 79.15284 14
e 604.15693 386.23032 8
e 575.65428 412.10142 7
e 428.69836 733.62047 8
e 524.47310 309.12383 11
e 525.63702 435.32872 7
e 266.61943 308.08655 13
e 431.04518 322.68282 8
e 517.58725 428.56630 6
e 591.31388 468.50120 7
e 719.39233 320.60960 11
e 479.84468 300.40492 9
e 557.46165 172.07770 13
e 513.39255 379.63188 15
e 618.85404 700.73049 11
e 642.45764 534.31231 9
e 561.64969 316.11904 10
e 521.00074 373.26940 10
e 617.35052 611.36704 10
e 540.29961 359.58259 9
e 503.18410 331.13522 9
e 624.86098 502.32543 14
e 492.12991 578.16967 12
e 455.81083 444.23679 10
e 545.62438 248.20495 6
e 593.31600 624.06775 4
e 507.27223 575.32627 5
e 394.84527 449.65982 7
e 414.38161 566.44813 11
e 631.13664 381.53647 15
e 533.07827 275.71055 7
e 493.74347 451.78265 5
e 485.57913 462.54346 7
e 559.11425 538.76884 7
e 562.96858 445.43939 6
e 591.94616 478.45702 13
e 462.40378 744.68027 13
e 403.37959 399.44608 15
e 433.59845 373.25001 7
e 488.15233 648.59100 13
e 634.82337 467.14051 10
e 581.28443 738.72368 13
e 526.95561 237.27361 7
e 569.32766 447.15021 6
e 608.29067 642.11380 7
e 668.87944 583.09934 14
e 464.67842 305.23708 10
e 463.50529 499.27212 9
e 492.27214 341.00243 6
e 529.55634 398.51140 9
e 580.24629 275.33666 10
e 607.69426 411.74000 9
e 574.15227 336.29303 8
e 572.04669 211.69283 6
e 673.69888 339.68224 9
e 474.10345 479.50727 9
e 662.50938 436.23752 4
e 594.59862 652.24012 8
e 601.44676 339.94013 10
e 591.79681 356.15497 10
e 571.55998 497.79429 4
e 445.47455 528.00799 6
e 396.63721 513.59073 12
e 501.34912 379.25857 8
e 542.12512 683.02388 11
e 638.57372 174.55447 7
e 697.46908 365.25411 10
e 530.33443 560.77083 7
e 448.74221 501.43063 11
e 485.90060 415.35291 17
e 653.43895 366.21816 9
e 599.60927 617.81474 12
e 547.47092 527.60725 11
e 611.45556 576.70377 12
e 508.14513 228.00865 8
e 407.36318 782.46095 8
e 632.24046 358.53410 13
e 545.58142 196.33902 10
e 515.42358 458.45110 7
e 496.49869 514.48229 8
e 373.32454 307.11764 9
e 521.62400 571.73476 10
e 592.41037 439.64631 5
e 606.74483 153.78393 7
e 476.72516 130.20006 7
e 556.90965 252.75499 8
e 616.48979 403.61079 7
e 674.12005 469.99684 8
e 446.10017 454.52778 7
e 442.27792 436.82066 8
e 516.01204 552.60764 14
e 515.40590 346.29870 10
e 584.10842 28.36275 11
e 558.11267 609.91936 8
e 648.49930 250.94221 10
e 503.29233 480.86421 14
e 564.21984 429.54548 7
e 667.35237 232.56249 9
e 546.61039 129.29889 9
e 428.60996 681.25074 10
e 634.84948 526.30181 10
e 588.54762 407.25132 8
e 584.68076 596.14554 6
e 537.38420 329.58577 5
e 621.47535 142.45086 13
e 508.13660 522.84024 9
e 608.83087 302.51811 9
e 599.08855 355.28770 6
e 543.29799 556.57772 10
e 701.09720 760.48734 11
e 567.31967 609.67678 15
e 522.16874 393.00033 6
e 574.73469 460.16742 11
e 520.46632 261.61599 9
e 559.38675 207.45911 13
e 492.36553 74.55000 13
e 536.16737 465.37408 8
e 496.11215 488.51056 10
e 454.79882 369.72996 11
e 667.30233 384.82151 10
e 547.80322 68.74545 14
e 596.93638 445.93636 11
e 393.03017 626.88222 9
e 581.49072 613.71055 13
e 445.18445 426.39107 3
e 552.15169 624.12785 10
e 458.41686 443.79522 6
e 493.67991 570.70211 15
e 309.49228 591.71718 12
e 516.57543 494.62056 7
e 565.84160 379.69169 9
e 451.96271 327.09075 8
e 621.85552 382.67651 11
e 495.78393 269.60783 12
e 611.02662 96.18342 10
e 573.29140 468.58909 6
e 500.45229 383.20012 8
e 700.36096 772.49485 8
e 449.53202 587.67871 4
e 503.60587 379.61941 6
e 546.66025 764.70525 10
e 475.82502 266.49088 9
e 699.27720 224.86891 8
e 580.56739 418.86339 7
e 597.89572 551.04200 10
e 570.34661 359.45266 10
e 541.14577 350.40470 7
e 514.37240 387.62787 11
e 605.59726 359.37663 11
e 487.01503 144.09711 8
e 466.31418 427.66695 10
e 638.89549 502.29098 14
e 544.35509 302.01404 9
e 617.09779 595.32162 14
e 555.99062 187.60296 5
e 526.60802 609.58247 10
e 435.76043 671.52228 11
e 567.72619 431.48394 5
e 434.73430 602.68476 5
e 406.48963 457.88664 11
e 594.58328 79.29330 12
e 567.79083 523.94291 10
e 410.50950 542.27272 21
e 651.80910 507.48131 4
e 533.39847 545.28668 9
e 391.36097 278.10985 7
e 663.92269 227.38170 14
e 525.37907 411.54298 13
e 545.94644 262.43116 9
e 481.50235 617.42040 8
e 553.71019 443.58136 11
e 527.66762 341.75550 8
e 467.30983 519.13266 14
e 535.67539 324.87441 12
e 661.13074 492.00459 9
e 595.69900 578.14073 9
e 378.10504 528.29712 10
e 456.29392 637.60964 18
e 491.70554 47.69331 5
e 520.77909 403.74877 9
e 703.35502 576.53539 10
e 680.72651 600.97795 14
e 271.41579 103.30515 11
e 407.05870 542.82619 10
e 672.83517 158.97047 8
e 631.55963 368.23698 10
e 503.48137 208.56633 6
e 451.32300 598.96191 6
e 548.65017 177.72666 12
e 432.88041 586.92047 9
e 481.75169 505.51480 11
e 464.53656 415.33738 4
e 657.44192 448.43459 9
e 582.86754 305.11743 7
e 659.37589 846.41213 7
e 516.45371 481.10990 9
e 578.90220 677.63040 9
e 663.27210 577.77844 10
e 492.34752 409.57675 9
e 608.20598 578.42167 14
e 425.77344 365.76875 8
e 549.82973 81.86818 10
e 553.50718 320.74360 9
e 390.82413 487.30435 15
e 678.63903 499.96101 10
e 428.16102 491.92183 5
e 497.24009 615.42899 7
e 457.98038 116.29037 11
e 655.29691 453.57235 12
e 438.83327 280.97778 4
e 438.67736 593.83423 14
e 540.49024 385.96946 9
e 405.33007 730.97928 7
e 491.35519 449.25446 10
e 494.45327 587.71092 7
e 562.75074 515.20849 7
e 575.78763 537.75041 8
e 560.98327 174.34524 7
e 408.02477 594.59098 9
e 553.97055 679.76817 6
e 665.68952 433.09905 10
e 376.68218 85.67081 10
e 565.58733 392.26933 6
e 520.79766 353.56387 11
e 281.49620 418.00334 12
e 643.28823 722.15816 11
e 575.89567 165.32782 5
e 526.29162 520.31393 10
e 590.82950 192.96979 8
e 670.85052 334.34574 6
e 400.24555 545.54492 17
e 614.46499 311.88976 5
e 553.09791 615.71392 13
e 501.93240 292.92921 10
e 682.87804 545.14000 5
e 658.49588 541.79118 11
e 564.27029 515.69134 9
e 592.96207 698.19257 19
e 614.61203 404.16237 10
e 431.94243 181.62759 11
e 508.96767 612.37402 9
e 509.75595 492.06809 12
e 494.83308 556.69990 10
e 609.33933 650.30923 8
e 474.26504 214.65904 15
e 433.68591 381.78146 9
e 513.23291 455.60022 11
e 574.56004 752.03673 8
e 503.56543 309.66251 7
e 415.50931 487.19635 8
e 523.43629 400.97093 5
e 693.42152 607.87774 11
e 573.53932 374.05251 15
e 570.76904 573.37477 9
