c ./output/rectangle/gaussian/gaussian-rectangle-9-4000
p rectangle 4000 720.00000 1080.00000
e 77.65994 569.42023 12
e 232.97782 13.76315 6
e 251.57019 168.93726 9
e 89.74311 432.14044 12
e 218.46348 462.74433 11
e 404.46870 398.12893 10
e 138.11446 238.56802 9
e 197.07977 110.20084 10
e 110.60808 254.58242 9
e 210.22987 104.58322 6
e 265.65845 378.41026 7
e 229.16341 361.02059 10
e 337.98729 523.10876 4
e 161.22426 401.29157 8
e 357.33048 145.52904 9
e 125.91815 121.38655 6
e 157.44146 248.92201 5
e 149.25570 133.44013 10
e 268.18366 93.07610 10
e 218.41201 318.76811 13
e 190.28073 94.21283 15
e 152.74505 321.67735 6
e 197.01879 381.35280 6
e 318.42806 135.22471 5
e 183.14670 257.39773 13
e 197.85067 421.76352 5
e 179.10854 256.81137 9
e 385.44209 520.23454 4
e 212.42189 408.86774 11
e 249.36104 305.31063 11
e 95.53888 388.62510 5
e 291.50585 197.30020 10
e 217.19975 227.65031 9
e 319.84831 458.11376 6
e 243.82866 391.69105 10
e 257.61278 166.38400 8
e 283.81095 446.82175 10
e 229.67466 387.27551 8
e 149.86490 50.23347 9
e 228.60542 258.09114 9
e 99.01855 90.95582 9
e 299.59939 29.15918 11
e 131.15874 211.91180 11
e 336.90924 142.99591 9
e 294.38619 39.41726 12
e 208.96332 424.88541 10
e 102.52360 380.45055 7
e 158.54633 9.30063 10
e 312.53952 141.73545 9
e 229.13212 428.53464 9
e 171.92458 177.41508 4
e 223.10688 342.73688 3
e 228.86246 314.81944 12
e 289.21682 84.05807 15
e 200.99753 178.52359 11
e 320.23184 325.41905 6
e 174.27792 190.82795 14
e 32.76507 521.57215 8
e 70.93317 52.80089 9
e 323.41204 578.27289 7
e 232.00768 500.68906 13
e 290.68662 444.18519 10
e 237.72640 408.68153 7
e 327.37502 48.96356 9
e 155.37622 275.53482 8
e 99.09394 283.67375 14
e 167.45142 146.68699 10
e 324.30190 73.72598 12
e 325.25238 227.97763 7
e 222.92218 88.43678 11
e 74.26138 430.93081 16
e 300.25484 246.30246 10
e 42.79897 149.46456 7
e 284.88621 280.50735 7
e 162.12366 412.47307 10
e 258.79607 214.00182 6
e 178.35715 318.83227 5
e 361.93697 130.17071 11
e 262.98265 142.29942 10
e 106.39080 445.66745 7
e 196.43439 169.86194 9
e 186.16095 298.30849 10
e 454.52225 126.51445 10
e 236.70646 244.69629 6
e 327.62503 212.91469 10
e 217.92309 89.92341 10
e 445.19154 326.31577 9
e 35.32431 234.17595 15
e 262.50138 265.67753 9
e 231.11251 429.43241 4
e 194.03163 302.63937 8
e 271.94525 362.82797 7
e 200.97736 126.37837 11
e 407.44015 273.48250 9
e 269.65162 303.69995 19
e 319.51314 303.43396 10
e 156.74527 293.51043 5
e 324.57162 325.11675 5
e 85.37775 145.78480 6
e 207.83300 537.91176 8
e 188.35738 343.43825 9
e 210.75549 354.67702 9
e 290.49141 128.21285 9
e 264.67908 137.78274 11
e 179.31772 272.81411 8
e 318.34014 333.82705 10
e 137.84310 173.39102 13
e 220.95179 21.20064 6
e 178.81681 422.91879 9
e 143.91998 361.65650 13
e 96.29470 153.94018 12
e 139.61620 63.65703 4
e 211.10474 258.97990 6
e 181.54461 222.76712 4
e 198.95417 240.98595 8
e 255.85208 471.30656 9
e 246.54707 258.78188 5
e 103.63795 178.55626 4
e 231.98657 156.13761 5
e 266.73989 538.89226 7
e 132.95516 124.24631 6
e 236.39442 206.57230 8
e 308.36091 137.44253 7
e 262.33567 285.42484 15
e 264.46418 178.48734 7
e 272.63414 558.61431 10
e 214.11405 332.89687 13
e 355.56331 323.55741 6
e 302.49190 292.01285 7
e 272.05533 294.49469 9
e 498.12519 452.20431 5
e 211.87776 509.40320 7
e 286.78775 430.19727 11
e 336.49139 76.81183 9
e 157.37418 535.37967 12
e 277.74086 155.54987 7
e 258.46856 177.12004 10
e 155.84394 236.34987 7
e 309.03189 198.63215 11
e 281.41931 214.34761 12
e 178.79611 407.57918 13
e 213.19915 300.39491 9
e 389.04737 71.17921 16
e 212.23922 352.23146 6
e 105.38413 452.69740 9
e 142.16054 243.84997 11
e 94.40397 302.86014 17
e 251.07903 318.45624 9
e 239.30607 224.63323 6
e 303.00691 237.03388 11
e 158.14305 333.86210 6
e 251.85795 251.34492 8
e 211.66603 197.31888 9
e 121.45314 462.24965 10
e 255.77518 165.93879 5
e 193.13132 389.06400 8
e 322.31592 313.26865 10
e 277.81644 167.96575 12
e 173.47698 251.44179 13
e 182.79203 205.10210 14
e 227.80766 235.15303 10
e 120.42735 91.67646 11
e 228.43603 195.62894 5
e 71.79851 407.21729 15
e 227.87826 222.62840 9
e 99.92634 507.42783 10
e 246.88762 141.18819 15
e 191.76304 183.85223 7
e 479.18710 451.40277 9
e 142.90995 300.40138 13
e 375.30130 296.72882 8
e 265.79710 357.32932 9
e 172.92299 231.30632 4
e 193.89470 289.47079 11
e 137.30357 600.37730 7
e 163.50962 458.51045 7
e 310.53154 192.84012 14
e 238.84302 401.54547 8
e 160.52948 189.80436 8
e 228.68429 219.90288 4
e 203.91790 284.61231 12
e 232.19185 298.72687 8
e 249.43288 246.20716 9
e 106.17124 266.90710 10
e 246.60653 95.40751 6
e 274.14832 130.88387 11
e 89.50089 125.24445 9
e 273.54185 173.36681 10
e 208.91429 727.77587 6
e 312.56551 427.38728 6
e 291.60936 419.02702 9
e 204.16513 369.46738 10
e 126.69175 269.14676 13
e 215.78291 437.29863 11
e 242.17407 82.00756 5
e 64.07506 228.82869 8
e 330.35040 309.74114 11
e 284.38645 67.95303 8
e 171.31409 372.26541 11
e 288.88621 381.98992 7
e 215.96161 108.23880 10
e 41.39335 401.84473 10
e 271.60949 224.52294 11
e 97.42599 173.20441 10
e 217.63066 227.50358 5
e 227.43974 201.17646 8
e 207.67443 308.05841 7
e 191.32925 205.56079 11
e 398.24603 309.99722 10
e 71.13503 188.36110 9
e 282.68466 56.50015 11
e 118.55985 45.33987 13
e 198.49703 154.57217 6
e 268.11149 227.46272 3
e 190.32261 293.77119 7
e 378.21370 281.22101 15
e 375.79958 530.28630 8
e 206.01934 242.84682 10
e 251.40201 394.63331 9
e 84.00526 335.86400 12
e 191.43231 468.89972 11
e 127.17544 393.38167 8
e 113.55831 373.73463 6
e 209.48179 126.45896 15
e 163.85105 221.12766 10
e 214.48230 593.78942 7
e 57.66071 251.32309 6
e 131.03975 293.29160 9
e 281.62777 183.16928 8
e 230.92207 248.25225 9
e 413.66340 240.60672 6
e 244.75091 192.42534 12
e 276.74937 372.43778 8
e 228.50340 169.53791 8
e 144.08055 191.49578 12
e 271.90802 234.26808 7
e 238.59308 115.99020 4
e 242.80131 372.98822 10
e 299.77579 227.99781 9
e 144.88282 0.63299 10
e 242.11250 570.60712 9
e 168.81901 141.06120 9
e 146.74858 161.96065 7
e 116.68349 210.88554 9
e 319.45356 238.50613 10
e 271.80385 287.72603 9
e 93.79059 181.93287 10
e 198.74421 198.75535 10
e 354.45086 527.21770 8
e 243.84701 892.18961 10
e 448.61735 223.65391 7
e 143.75680 520.13737 9
e 132.23575 310.44364 8
e 63.39449 314.50431 7
e 263.82792 242.98445 11
e 161.92183 377.22562 14
e 240.12155 246.79903 5
e 179.06054 678.19101 6
e 138.28075 317.41164 13
e 217.76263 217.90683 11
e 111.20796 197.42690 6
e 270.13901 288.07936 6
e 384.74064 594.22749 7
e 213.37656 339.57076 7
e 183.58750 134.41278 8
e 240.87568 170.25864 8
e 259.29612 408.45950 6
e 103.37139 387.24350 10
e 352.74579 285.34093 6
e 182.49234 79.30654 13
e 285.80381 316.21452 11
e 169.73103 394.40445 11
e 258.68608 285.67004 12
e 133.56605 82.16941 9
e 191.29802 238.64588 8
e 174.82629 600.16558 7
e 459.64824 338.40125 13
e 31.70245 381.97894 13
e 256.01643 198.63473 4
e 140.48238 405.28525 12
e 311.44892 256.65743 10
e 172.04141 382.84725 8
e 129.37870 82.43150 15
e 250.63988 327.66027 4
e 55.88590 28.59430 11
e 163.55455 203.20866 6
e 161.81303 344.01432 10
e 106.75068 282.31163 13
e 366.69861 142.70741 5
e 288.83622 62.50125 11
e 327.47035 309.52765 16
e 357.60676 252.27672 8
e 59.06289 539.06983 5
e 265.54754 495.25892 11
e 382.67571 266.45251 9
e 234.53704 412.45943 8
e 414.31773 247.41945 8
e 150.47253 410.92977 9
e 270.96865 272.68058 6
e 136.95524 279.21088 10
e 233.37156 232.07446 14
e 109.51657 158.18981 4
e 317.32733 145.21555 10
e 308.04953 384.25381 7
e 160.41355 124.25547 10
e 6.60747 243.25496 15
e 329.70205 96.04711 9
e 415.73542 472.04876 13
e 262.38508 173.69991 6
e 140.39262 222.43862 5
e 224.56068 269.83158 8
e 302.88514 368.28985 11
e 200.26813 335.99348 10
e 211.55548 83.17258 8
e 274.84153 604.04860 5
e 186.08837 103.14981 6
e 207.67238 647.09432 5
e 313.39519 200.17304 12
e 70.58282 85.80494 13
e 153.15427 55.37274 4
e 114.61360 372.20297 10
e 311.26278 309.02672 11
e 195.32159 193.37688 13
e 213.33891 589.75736 7
e 209.51278 175.23719 10
e 305.99209 464.48366 8
e 275.90433 210.33180 10
e 323.54157 249.23175 6
e 184.25172 473.57452 7
e 204.78639 381.57395 9
e 374.19954 334.08352 11
e 179.17237 300.45995 11
e 109.58758 365.56733 11
e 238.17792 272.51221 17
e 248.02361 414.04875 9
e 180.73834 256.85575 6
e 153.21093 322.10967 8
e 192.03487 216.27564 7
e 258.56216 528.62789 11
e 190.43884 560.90360 5
e 259.13688 115.90470 9
e 223.16862 502.94929 11
e 244.42241 318.10946 9
e 268.49950 84.85210 11
e 99.08599 326.88084 5
e 245.78420 3.04681 13
e 108.96439 296.57316 7
e 30.90777 389.89908 9
e 326.52628 585.35261 7
e 219.19050 258.15433 9
e 376.76355 359.87585 7
e 283.27542 526.97511 9
e 256.28752 411.40977 8
e 281.45788 341.36660 14
e 247.43455 180.65094 12
e 175.75845 285.26212 14
e 178.53556 442.03873 6
e 317.17000 209.42797 11
e 151.35598 67.62620 12
e 22.25293 115.14558 10
e 263.39752 14.52138 8
e 164.53637 168.64992 11
e 222.49050 267.10915 14
e 56.11547 326.50359 10
e 188.72678 55.72496 16
e 235.96871 27.75329 13
e 175.66482 38.18461 12
e 218.16899 490.65428 4
e 137.86727 670.11322 7
e 259.26341 264.57054 7
e 256.76076 299.55463 7
e 231.90977 416.02009 12
e 281.27181 204.48569 14
e 310.16663 379.38685 9
e 238.90550 350.13391 6
e 234.53491 461.55922 5
e 280.79350 365.88276 9
e 172.69063 334.78572 5
e 155.77015 262.94315 7
e 210.75067 84.17451 9
e 164.18904 304.82285 8
e 217.43663 84.09430 5
e 217.99938 371.52660 8
e 210.41962 346.71879 11
e 159.51743 442.34361 6
e 292.31102 428.34029 4
e 307.47123 397.92302 12
e 245.97077 127.31630 7
e 206.65859 149.00731 10
e 47.77758 329.62706 10
e 216.96755 264.02879 11
e 226.64337 429.22159 19
e 151.32859 413.91006 8
e 321.06181 175.38934 5
e 331.02071 351.22602 10
e 96.61537 457.06280 9
e 169.34120 482.86320 13
e 360.96208 661.31574 8
e 119.62095 147.76677 9
e 300.48228 269.41078 13
e 197.46474 319.91397 5
e 240.59012 570.54946 8
e 203.24874 263.44880 11
e 131.30954 253.22779 8
e 76.41401 351.02262 8
e 146.07076 481.54078 11
e 324.25698 89.50904 11
e 260.45643 334.55273 9
e 308.94516 754.62146 11
e 215.76439 319.70113 7
e 209.68933 309.36465 9
e 276.79270 296.32993 11
e 275.66131 476.17125 6
e 283.35253 123.06476 11
e 298.14519 458.78446 9
e 65.59961 181.01244 8
e 158.65900 340.83134 9
e 149.95423 208.62565 10
e 270.76238 200.33617 7
e 204.08579 637.13911 8
e 220.47390 256.91907 9
e 235.22066 396.77696 9
e 131.88797 302.01994 8
e 263.01805 127.01293 7
e 140.97650 65.94534 11
e 98.90222 5.75305 9
e 256.49676 27.61677 8
e 238.08289 365.15046 6
e 104.26186 465.54392 9
e 215.60822 552.17244 9
e 250.78940 126.75612 4
e 181.74258 515.35237 10
e 271.07503 238.01907 11
e 383.28092 477.89464 11
e 144.55528 73.74464 6
e 148.57803 277.08811 11
e 201.01201 238.70959 7
e 263.46847 276.24187 8
e 129.52812 51.74847 7
e 257.75257 451.76402 8
e 188.93983 220.53285 4
e 313.43101 87.91974 9
e 198.93234 17.67800 7
e 251.91510 130.11050 6
e 186.46053 244.14036 15
e 230.26127 52.35124 10
e 251.48456 350.69099 10
e 279.17755 374.62515 7
e 154.87288 279.01510 8
e 201.33971 179.50669 8
e 186.16872 202.61989 8
e 189.40508 132.68297 12
e 191.41803 79.89617 14
e 182.27858 390.33896 7
e 130.18137 227.19979 9
e 187.43293 177.41987 11
e 197.66783 89.99586 7
e 186.79431 338.41195 8
e 405.35471 207.79034 11
e 212.53662 266.96292 11
e 192.21012 396.45203 7
e 222.51483 213.29111 11
e 278.35833 212.93391 9
e 311.02592 182.91742 8
e 403.99006 657.25212 4
e 115.40335 384.14741 8
e 278.96365 376.27716 7
e 258.38674 271.19394 12
e 289.19040 164.44675 8
e 154.63267 51.20688 8
e 157.46804 196.95876 10
e 98.57940 498.56638 13
e 352.37424 564.09997 10
e 238.90041 315.76873 11
e 258.49321 288.63238 12
e 337.07018 142.12331 8
e 252.82028 254.75691 7
e 182.79914 528.21044 8
e 111.27837 207.39553 5
e 137.22568 214.58917 13
e 124.83147 317.08995 7
e 242.99564 558.24263 10
e 84.53317 321.57787 12
e 257.74962 552.98466 8
e 126.38454 439.01548 8
e 262.32872 163.87241 5
e 201.85949 249.42251 11
e 189.88370 445.70559 7
e 66.16397 177.12938 11
e 378.75163 275.96074 10
e 132.68792 372.74869 9
e 288.47686 37.00823 10
e 308.41409 605.44055 9
e 163.11231 199.64227 8
e 43.04268 50.46426 10
e 274.84995 218.35091 8
e 379.67885 420.85657 5
e 101.80805 91.55508 8
e 169.39194 90.72755 10
e 175.61927 272.78471 6
e 220.62228 364.69077 15
e 77.02680 122.86936 7
e 210.36735 236.98314 11
e 273.26373 86.73071 7
e 189.58607 211.51809 10
e 180.78835 196.68871 10
e 264.33365 267.87484 9
e 235.39390 456.94618 5
e 200.48286 227.59610 5
e 226.98084 518.03366 9
e 80.71448 217.21920 7
e 152.91602 279.09875 8
e 190.77667 247.14500 11
e 256.56995 369.04992 12
e 243.73808 312.79544 9
e 380.70381 379.03830 9
e 254.07667 23.86971 10
e 242.69029 83.40492 12
e 151.45537 100.47449 6
e 40.14199 251.21540 13
e 284.51942 329.23792 14
e 120.95095 213.58829 5
e 235.14679 280.16095 5
e 203.11064 325.12534 8
e 225.76588 216.13033 14
e 384.19963 312.26283 14
e 161.29242 391.15289 7
e 74.06768 180.72842 12
e 242.03241 70.45048 10
e 202.41033 289.96414 6
e 279.38928 102.03267 8
e 153.10115 315.45168 6
e 278.44900 148.88036 6
e 161.22295 142.75746 11
e 128.98761 395.94063 7
e 243.83121 167.36588 9
e 358.98445 313.83037 6
e 106.23869 323.02357 11
e 231.02458 623.28928 13
e 268.91928 196.13455 8
e 194.80853 525.32384 11
e 216.11015 331.13156 15
e 242.11047 213.52088 10
e 364.88836 83.34033 13
e 31.44042 332.69509 13
e 316.87250 151.17873 11
e 324.44918 232.59965 6
e 183.17320 316.85730 5
e 123.36232 194.24180 12
e 243.20549 452.85755 4
e 241.09978 315.32506 9
e 191.02605 200.41002 4
e 211.38500 147.38793 10
e 236.73045 129.84580 9
e 167.58467 240.55309 8
e 166.79510 286.54098 5
e 275.21060 27.71987 13
e 84.25311 363.63527 7
e 156.31651 325.33661 9
e 297.97975 187.18134 9
e 176.84838 418.97284 11
e 147.00748 205.93283 6
e 178.98305 272.64950 9
e 181.40410 127.29385 13
e 306.14209 349.10719 8
e 495.72514 165.62576 8
e 184.33932 194.63167 15
e 220.21467 151.85118 4
e 255.47663 423.30310 9
e 130.99830 90.35513 11
e 359.39338 179.68833 10
e 68.87399 566.32873 5
e 179.74328 8.08665 12
e 169.08024 393.33397 9
e 222.41010 299.97579 8
e 291.87658 307.06419 12
e 144.31186 266.53177 6
e 193.60647 246.50588 11
e 211.34629 291.87908 7
e 320.58054 329.38280 12
e 186.54216 50.44701 2
e 172.37499 296.33489 9
e 162.93302 82.98672 6
e 58.58180 143.25512 11
e 244.35718 283.57636 5
e 167.30714 61.55607 14
e 114.33389 204.34338 6
e 431.27906 250.46853 3
e 185.12903 381.60436 8
e 342.98027 146.29437 12
e 39.07903 26.23756 8
e 294.18437 188.40886 10
e 175.46444 111.41895 11
e 212.76288 117.78492 8
e 196.90272 368.31313 9
e 104.21724 237.28208 7
e 301.17376 620.93476 12
e 363.61511 383.55240 10
e 232.88525 359.67815 9
e 308.98653 453.59282 9
e 232.33887 284.00210 13
e 185.69425 299.34077 13
e 105.45759 358.00262 9
e 377.23992 332.82457 8
e 257.39574 549.25048 11
e 337.79127 200.45742 5
e 251.95327 213.65553 10
e 194.57729 297.92633 8
e 256.11335 432.82504 9
e 172.62991 226.36673 6
e 387.35368 452.23448 10
e 337.77297 113.89786 10
e 208.78281 238.48010 5
e 171.76912 252.76904 13
e 170.44331 388.93708 7
e 163.40772 78.73251 8
e 251.54538 323.85073 9
e 61.59424 143.95779 13
e 152.25533 223.18037 7
e 211.45342 115.99898 9
e 71.50416 177.81716 13
e 39.49189 98.77100 10
e 45.57034 351.52928 8
e 106.00322 518.47701 9
e 221.66945 479.22651 12
e 142.19334 392.52710 8
e 245.31442 165.54590 9
e 339.19336 507.58498 14
e 326.35251 428.66206 9
e 133.59444 303.03045 14
e 217.95191 331.51448 15
e 305.95127 592.80975 7
e 188.31712 255.10039 7
e 243.53339 219.19073 9
e 279.41791 253.03994 10
e 186.03722 587.50339 10
e 236.28267 398.15210 7
e 242.12599 241.86805 12
e 320.33426 343.48806 15
e 139.91812 548.52685 7
e 233.43200 271.00854 15
e 247.93595 222.09744 7
e 212.76717 170.46021 12
e 274.29857 256.03316 3
e 193.13455 81.92291 7
e 191.32851 205.95009 7
e 215.97599 326.67913 10
e 233.83993 415.29340 9
e 223.37062 486.30495 10
e 175.46493 44.36570 7
e 237.01898 185.14099 9
e 228.43947 319.96783 9
e 260.70168 168.60418 9
e 296.58365 310.46338 12
e 115.61953 529.39214 9
e 163.15773 292.42991 10
e 88.20118 285.81886 14
e 319.36481 311.92368 9
e 127.39271 95.50602 15
e 278.51893 352.89439 8
e 201.90204 332.96020 13
e 397.07916 332.32778 5
e 355.93858 175.37841 4
e 114.03345 488.00462 4
e 292.58359 276.99850 6
e 129.31107 156.50270 12
e 344.03009 286.66674 11
e 219.93781 325.19623 9
e 183.61123 304.86172 11
e 211.08805 365.20372 16
e 105.62309 411.57978 7
e 216.03990 259.25609 14
e 158.31493 242.41807 8
e 153.34978 373.79382 5
e 108.47563 247.50332 15
e 76.90908 147.15614 7
e 283.36660 104.34234 6
e 316.03274 275.52129 8
e 164.78413 429.71131 5
e 234.43654 62.58452 10
e 381.66476 109.45540 7
e 294.88047 590.24809 6
e 217.04222 172.34413 6
e 135.44239 503.89247 9
e 185.93534 191.08104 16
e 192.57143 193.16432 11
e 135.78721 194.77071 11
e 85.48016 239.75126 7
e 90.77905 402.36143 8
e 27.41792 303.73341 8
e 136.06269 344.50650 12
e 54.62629 333.02826 10
e 193.47748 8.12730 7
e 232.52674 217.35009 11
e 167.47433 285.37616 5
e 270.69977 294.75262 7
e 243.19254 603.46846 8
e 207.14123 186.34236 8
e 223.99136 405.51437 7
e 97.14060 380.10512 6
e 307.35044 362.51806 8
e 99.59026 274.72642 11
e 73.83978 45.82549 8
e 173.72171 368.06257 10
e 174.30079 167.72482 11
e 290.38574 183.08750 12
e 162.45549 58.61437 7
e 281.29313 421.83632 11
e 307.18375 279.82488 9
e 324.48193 126.18670 7
e 165.71384 134.87083 6
e 143.91037 209.90359 10
e 136.52254 289.61627 13
e 296.29601 255.74935 12
e 151.23050 51.59554 7
e 310.57683 220.74212 8
e 254.45371 48.93543 10
e 266.31050 467.43428 12
e 195.95742 99.07191 6
e 222.01656 258.52369 4
e 361.87364 410.30474 9
e 235.74399 239.19309 14
e 186.19488 429.56572 15
e 258.97871 366.54384 9
e 198.28553 231.71635 8
e 324.46559 504.39715 8
e 269.39722 123.60052 8
e 65.31910 153.92821 8
e 171.84584 287.18257 11
e 186.45464 308.73856 9
e 447.61041 225.69802 10
e 294.53896 142.62098 7
e 95.57509 357.42309 8
e 343.42053 330.24494 9
e 222.63813 238.01174 5
e 135.81605 411.75943 8
e 244.56334 369.49578 7
e 351.32877 366.22073 9
e 250.68446 50.18237 7
e 312.10250 383.89079 15
e 215.67627 278.75825 8
e 182.15459 312.87939 5
e 232.23852 397.10587 9
e 213.48023 335.95990 10
e 173.30187 312.73554 4
e 318.73221 401.02752 10
e 207.30828 301.63652 11
e 122.03118 410.84766 6
e 119.54018 74.52005 10
e 61.25648 384.42709 9
e 244.32471 336.83739 9
e 288.97910 395.51873 7
e 267.27271 84.22462 10
e 114.36060 56.72125 10
e 233.12145 241.15903 18
e 226.38560 341.86497 7
e 147.73144 328.56460 7
e 33.58903 230.33788 6
e 281.89399 247.27290 12
e 285.69976 462.86151 9
e 157.74121 50.91778 10
e 300.67147 91.53616 6
e 237.36955 146.51643 8
e 184.43092 296.03424 6
e 340.83079 436.45315 6
e 118.94545 416.24680 9
e 154.62887 479.73857 11
e 141.67227 456.89644 15
e 230.95090 597.88981 10
e 340.41054 375.95187 6
e 239.60472 222.42511 12
e 367.86188 27.40233 9
e 236.41698 25.63346 12
e 181.29923 228.70419 7
e 233.32422 70.88685 4
e 270.14247 236.11806 10
e 109.21615 262.59247 5
e 320.97367 172.00814 10
e 193.63228 203.31543 7
e 202.79657 325.55175 11
e 167.86997 595.82121 12
e 244.63435 430.10241 6
e 222.00044 556.72321 7
e 125.50582 305.54805 14
e 105.33838 558.86455 10
e 230.20024 293.97312 5
e 88.82605 692.42593 5
e 207.55274 155.32381 6
e 255.49170 499.91517 18
e 99.77689 79.81699 11
e 145.12176 383.55811 13
e 96.32735 21.95994 8
e 97.33900 254.78428 11
e 226.74182 453.95458 10
e 288.90180 469.67969 3
e 133.57479 397.93427 9
e 205.57188 491.00067 8
e 216.49871 346.44915 10
e 197.78039 218.63259 5
e 214.25197 157.05466 9
e 169.85802 200.77571 9
e 266.68494 106.63930 9
e 122.53943 508.85604 18
e 221.90774 301.56989 10
e 120.38545 103.13622 6
e 281.34546 41.02851 10
e 228.22269 445.64883 9
e 107.77729 422.11648 14
e 145.37377 349.53846 8
e 187.90897 306.46668 5
e 256.32458 117.55257 4
e 199.04824 273.14097 7
e 77.94506 183.23606 11
e 246.79919 286.74702 7
e 118.82915 185.81860 9
e 145.69313 235.13108 15
e 276.55856 206.75707 9
e 175.91674 408.80362 9
e 442.51496 219.68011 11
e 265.97040 434.21075 11
e 156.62949 287.14320 8
e 146.97276 462.95174 9
e 206.11935 399.15030 13
e 133.51558 222.49064 8
e 228.15754 398.31829 11
e 89.26159 557.33093 9
e 227.04956 179.78066 9
e 379.50665 336.93666 9
e 145.36144 331.61205 8
e 69.87122 192.13503 13
e 260.73646 384.82768 11
e 205.45773 266.44536 4
e 332.10462 244.48888 7
e 102.11503 436.37611 7
e 173.97074 106.55121 10
e 220.45705 248.92497 9
e 291.48063 94.40077 8
e 147.93769 347.19941 4
e 385.48547 467.68942 7
e 69.02734 188.90449 11
e 200.99524 394.85939 7
e 211.01525 376.39388 8
e 198.14868 133.51077 13
e 382.21495 138.29899 12
e 322.72255 268.69169 10
e 306.76477 391.95177 8
e 144.33870 96.77724 6
e 187.64109 54.76180 13
e 376.37862 354.87428 4
e 206.73150 297.74398 15
e 175.34207 214.66310 10
e 243.06860 348.51167 8
e 230.51320 380.78946 14
e 240.42530 196.48923 15
e 340.10894 27.33918 9
e 356.96346 350.74738 8
e 218.70242 324.79236 6
e 391.91916 208.27182 7
e 314.59664 303.34492 10
e 267.27676 310.10115 8
e 132.25426 618.85949 9
e 280.81714 147.79070 10
e 143.13179 466.32415 9
e 261.08521 389.85046 9
e 208.31961 347.53332 9
e 270.46567 163.72487 10
e 133.64018 157.90549 9
e 139.09479 482.43985 4
e 222.28726 53.44645 11
e 432.66860 166.28999 9
e 170.13494 282.41914 9
e 296.25200 326.78868 13
e 229.65687 72.34758 9
e 252.84042 238.94247 9
e 223.15190 614.52751 7
e 66.51268 58.80927 4
e 224.65492 113.09752 10
e 139.62882 215.57435 11
e 92.37977 335.77784 14
e 400.31907 499.45563 15
e 170.50713 305.64041 11
e 151.29293 544.43124 10
e 355.98039 286.69837 9
e 222.08939 337.69694 11
e 183.70858 417.96417 7
e 323.91313 294.74360 11
e 280.65031 92.16020 6
e 169.53076 389.13071 10
e 202.81237 299.40525 9
e 158.93650 496.32297 14
e 369.23443 362.57986 9
e 185.90428 384.85884 11
e 261.19299 97.95737 7
e 184.83738 408.57996 7
e 228.68602 190.10014 5
e 288.51855 143.11928 8
e 428.21915 403.49273 5
e 199.25476 322.75531 7
e 354.47799 171.01549 6
e 128.37533 362.76174 7
e 375.83924 102.47189 8
e 297.04380 423.32428 10
e 265.83780 66.79887 16
e 19.71990 348.60700 12
e 355.49443 352.80399 7
e 226.84525 344.69777 13
e 296.26522 422.29621 7
e 333.48239 425.69585 14
e 176.29719 158.63916 7
e 268.45272 94.59875 9
e 176.83522 382.73389 10
e 207.57529 116.63943 7
e 166.08128 189.92158 5
e 262.92814 161.78599 11
e 204.74104 197.21962 10
e 241.38646 97.58263 6
e 226.70936 242.44902 5
e 117.20969 60.89508 4
e 274.76878 635.94522 15
e 226.41452 420.97254 6
e 340.61631 297.89275 7
e 244.10069 182.28720 9
e 63.94503 213.49087 14
e 300.85510 187.05943 7
e 199.53029 339.56483 13
e 160.21897 360.71956 5
e 201.75187 326.36745 9
e 354.48322 186.27313 6
e 323.53184 419.22667 13
e 310.86174 318.86673 8
e 310.15288 39.28378 11
e 264.09075 332.42875 8
e 107.06554 366.74766 13
e 230.44099 399.73421 7
e 89.93091 356.81112 11
e 245.90679 60.57045 7
e 347.03427 211.58933 6
e 335.31521 298.81809 5
e 166.25508 138.91801 15
e 131.59651 596.45826 4
e 337.36904 283.73193 3
e 304.22610 231.88132 9
e 249.70984 295.22808 6
e 184.75765 301.25459 10
e 119.56679 191.75951 12
e 230.66740 389.89956 8
e 178.74506 498.81029 10
e 39.74486 149.60130 8
e 188.96642 695.50095 14
e 139.97402 79.90920 14
e 139.60401 341.05022 15
e 270.41623 63.09254 12
e 225.33583 10.60641 16
e 226.65808 280.66411 7
e 97.89539 339.99739 9
e 273.46733 280.72403 9
e 187.48439 365.12817 6
e 262.91041 333.56480 7
e 310.17105 402.07518 10
e 299.78499 358.18564 8
e 297.40081 367.07633 7
e 230.54635 172.33598 10
e 253.63140 261.03150 14
e 164.29240 424.24271 6
e 207.55653 95.21578 11
e 99.31353 509.52530 10
e 123.29655 99.50045 9
e 126.55039 393.86597 5
e 134.67011 102.09879 12
e 194.78713 497.70658 8
e 244.45182 189.83368 8
e 269.78134 104.86025 8
e 329.55555 87.63091 11
e 212.49010 288.48719 11
e 143.25350 418.00430 12
e 327.37143 117.94619 8
e 243.84506 510.91520 8
e 295.53255 228.48637 12
e 231.60525 275.44858 11
e 204.52599 186.68936 11
e 262.31150 360.44726 7
e 373.66093 231.66632 8
e 53.72009 217.23968 5
e 290.19911 153.65050 16
e 255.88232 130.27719 7
e 195.43820 185.13033 12
e 284.39357 587.11106 8
e 283.79965 301.08733 9
e 142.90776 182.51784 8
e 269.10568 8.95743 7
e 276.82955 308.41441 11
e 261.19149 232.86502 5
e 242.60048 316.20900 8
e 243.19044 547.75602 8
e 317.74674 81.83384 9
e 216.84567 251.06660 10
e 455.31295 466.87463 10
e 244.26737 275.34078 10
e 126.56998 404.47862 9
e 223.34103 122.99703 4
e 303.10252 460.68268 11
e 59.41496 142.63537 6
e 157.21861 287.84842 10
e 214.82439 84.42013 6
e 475.38686 227.87278 14
e 109.42154 401.95496 4
e 257.47844 372.44356 7
e 88.42173 252.64289 10
e 241.21277 222.53647 10
e 245.38371 248.12759 10
e 191.68109 349.74891 7
e 258.14764 279.90283 8
e 158.00857 462.31912 9
e 178.23530 211.50196 4
e 358.82027 578.13629 9
e 164.27000 253.63446 5
e 188.94469 322.84365 8
e 343.95103 266.61581 12
e 210.37072 311.85701 13
e 62.17167 113.83067 8
e 252.08326 381.97920 7
e 169.22636 251.07644 14
e 339.73171 297.24167 5
e 138.30671 256.40189 5
e 299.00451 317.40861 9
e 301.08131 516.04569 7
e 208.52172 339.51400 16
e 218.99818 278.97138 6
e 314.81280 129.13789 11
e 88.43105 213.65455 13
e 296.95883 389.29745 11
e 179.58714 338.17693 10
e 161.59318 29.88479 8
e 273.38986 296.61681 7
e 129.94366 297.81329 15
e 300.73974 417.01823 8
e 235.43977 189.43505 6
e 222.99842 182.86559 7
e 172.31904 296.87571 17
e 141.73440 188.03615 12
e 201.40563 226.35113 10
e 127.38087 460.79297 4
e 109.83814 127.44822 12
e 142.85310 229.67288 7
e 231.50773 214.88764 6
e 93.06016 602.31973 7
e 157.20183 113.31460 14
e 66.80059 340.79163 4
e 345.77785 549.11436 8
e 176.14777 267.73176 14
e 233.15954 651.36048 9
e 359.60285 315.35699 6
e 156.15243 213.59886 10
e 118.68342 112.60965 14
e 161.40577 394.54492 12
e 119.88432 12.41895 12
e 336.98579 157.81592 9
e 274.01828 303.53609 9
e 304.86536 354.36153 6
e 235.99713 222.98986 6
e 19.59755 310.97158 13
e 243.77149 339.13725 8
e 419.00711 68.88261 9
e 308.04619 252.41763 8
e 193.42911 577.88567 10
e 102.71772 31.58813 9
e 182.95941 529.28354 11
e 126.08263 226.64678 10
e 303.60719 463.56706 13
e 177.76097 547.45973 5
e 308.53074 400.97658 9
e 268.71184 360.49764 7
e 282.25095 374.34570 8
e 254.32831 485.20422 7
e 207.96095 255.77029 13
e 343.81799 330.73986 12
e 228.75195 246.11129 5
e 290.40754 158.15645 10
e 129.32639 380.56375 16
e 260.66169 141.39855 8
e 260.38381 18.18325 10
e 287.57846 157.18491 9
e 280.49395 186.64207 12
e 185.83256 197.94591 10
e 296.36985 131.58852 12
e 175.67399 88.12073 9
e 297.32261 156.38092 11
e 300.52150 313.53443 11
e 254.12873 182.28705 10
e 239.50520 612.36351 10
e 389.45241 319.04805 10
e 306.71090 260.64355 10
e 266.08250 270.64961 10
e 373.89705 291.95556 21
e 161.14864 148.86170 8
e 304.17160 97.19709 12
e 183.44974 318.41239 9
e 237.09312 118.96260 7
e 261.80440 95.38627 8
e 314.05671 407.69223 11
e 207.05457 606.80718 9
e 225.94857 247.68438 14
e 181.55473 448.89563 9
e 194.81276 151.20244 9
e 312.59700 218.32470 9
e 274.40802 314.23279 8
e 195.88917 176.06647 14
e 106.65104 385.82048 5
e 190.12561 17.15426 5
e 318.01088 5.67324 8
e 272.82617 493.56685 10
e 248.00104 271.50866 12
e 219.06066 169.26213 13
e 281.65288 235.66761 7
e 31.03470 385.56548 9
e 506.31463 304.42059 9
e 220.45556 225.50389 8
e 232.48583 273.42043 6
e 197.27743 157.43545 9
e 17.74645 239.38904 12
e 192.13414 577.15551 9
e 227.96555 179.02794 5
e 118.31562 535.96190 9
e 212.16046 84.77709 4
e 127.50571 409.16675 4
e 307.53199 35.96159 8
e 338.05570 394.40199 8
e 227.09177 196.54060 9
e 179.24555 441.37013 9
e 194.42184 180.30785 8
e 203.35960 171.78348 7
e 253.31612 432.31030 9
e 71.31983 65.56767 6
e 143.49650 49.05883 11
e 235.29639 299.12027 5
e 324.18989 391.39248 9
e 319.45934 185.52780 7
e 195.21378 114.43028 7
e 204.73746 137.49959 10
e 87.74692 167.33036 15
e 167.20286 162.74387 11
e 378.81657 323.58507 8
e 204.21020 445.80970 19
e 178.29307 318.75456 11
e 357.70324 36.94879 7
e 199.04633 528.07612 15
e 61.12818 422.00647 9
e 212.01609 287.43278 9
e 251.29341 426.15492 6
e 215.19317 195.41313 13
e 177.86734 385.23197 13
e 229.31571 297.96098 10
e 203.26249 552.93235 9
e 316.96870 187.64058 7
e 154.38293 232.63349 9
e 351.63130 306.71586 9
e 252.35565 30.17973 10
e 167.64074 64.56068 12
e 366.82975 231.73491 8
e 61.56245 325.37902 5
e 42.48178 114.20382 13
e 159.06453 507.41786 15
e 366.69316 230.39942 11
e 224.27701 253.15434 10
e 184.00215 315.34204 6
e 163.91563 187.39678 10
e 280.48094 594.50932 5
e 141.10554 117.32395 9
e 340.50006 339.95877 13
e 278.62238 380.92768 12
e 213.18876 433.65272 5
e 107.35681 221.23068 10
e 211.79341 175.91084 8
e 281.28067 197.13355 10
e 198.86229 371.90300 10
e 150.25022 338.11823 10
e 172.95176 184.56238 7
e 140.57870 363.99121 6
e 222.50318 261.25337 13
e 140.52336 63.46765 5
e 150.51008 337.58934 7
e 5.87831 377.59654 15
e 269.59417 105.71594 6
e 269.86854 307.08003 3
e 177.20666 216.57012 16
e 198.02817 74.05215 6
e 96.76872 536.08304 8
e 336.27267 356.84721 13
e 349.78602 165.85629 12
e 198.18997 647.70929 15
e 294.25600 254.42273 6
e 144.26965 371.65937 11
e 235.80464 94.38788 8
e 194.26584 583.16989 8
e 85.10259 250.84872 14
e 166.94567 290.63533 11
e 214.10591 323.90656 10
e 98.88127 420.34739 10
e 244.42141 202.79001 9
e 202.13270 114.23784 8
e 375.71319 534.71015 15
e 196.98969 207.53095 7
e 338.41027 470.63757 10
e 202.16972 264.34937 9
e 204.00312 423.32227 9
e 251.66399 583.04483 7
e 99.99575 183.04828 13
e 257.82243 162.23463 7
e 212.80656 239.57149 9
e 87.77703 338.41872 10
e 419.66699 385.82151 9
e 373.06083 113.72850 11
e 203.87246 308.25996 14
e 178.83926 107.55641 12
e 343.40094 166.75442 13
e 72.10405 633.75498 6
e 329.63377 84.25675 8
e 110.92950 151.17727 15
e 328.15335 84.43122 10
e 348.78142 336.52141 12
e 472.70899 304.80362 10
e 284.52840 310.10171 10
e 291.83410 219.18124 7
e 324.13931 373.60699 9
e 214.09431 251.95773 8
e 253.06990 44.44484 12
e 369.20568 259.41089 13
e 113.98376 95.58609 6
e 201.57527 406.94606 11
e 207.84090 25.45548 8
e 154.40405 509.78548 7
e 287.93381 249.40369 10
e 182.94234 218.89076 9
e 197.13493 457.13190 13
e 149.81366 322.18905 4
e 73.65210 132.50450 8
e 13.39722 367.29092 9
e 98.99299 177.16124 12
e 218.72013 509.84938 13
e 231.04201 66.78700 11
e 151.95211 138.23750 12
e 153.00157 837.38764 12
e 201.35805 193.01306 10
e 95.34054 379.76128 16
e 350.84077 168.08479 9
e 209.70030 258.28351 10
e 253.92783 226.43785 10
e 268.63296 396.05354 9
e 193.71195 12.76969 10
e 152.32876 114.76111 10
e 241.13610 259.57729 8
e 346.88314 455.61650 8
e 163.44076 516.37301 7
e 278.47168 434.00686 8
e 202.39464 164.45979 10
e 84.54664 13.23282 6
e 311.77992 436.92705 6
e 127.27580 455.36041 19
e 60.96905 33.13766 11
e 249.49374 160.20273 8
e 236.17930 533.86452 6
e 293.07256 266.18768 13
e 145.62160 231.22053 6
e 109.22314 498.03785 11
e 354.42042 218.50457 8
e 286.60796 252.18118 7
e 326.84958 182.05224 12
e 385.97519 284.35655 10
e 234.81117 518.02381 6
e 322.39264 347.67146 18
e 154.50546 78.10413 7
e 179.67743 265.37887 9
e 124.27561 665.18578 8
e 288.23336 375.63325 9
e 105.87110 338.66982 10
e 168.19884 298.26611 7
e 247.44716 125.90524 12
e 235.85326 62.01446 9
e 190.67981 154.15893 7
e 99.34350 27.30797 8
e 241.45256 184.51115 11
e 352.84325 504.00317 9
e 128.80280 237.08154 9
e 161.62266 240.31029 14
e 189.21028 298.83235 6
e 528.14867 302.92988 9
e 267.13900 46.67816 7
e 199.03539 189.22104 8
e 209.13868 432.17154 7
e 202.32157 321.81286 11
e 61.93767 303.93558 12
e 151.10940 168.86644 8
e 251.33685 205.19919 12
e 70.64359 173.49734 6
e 168.79907 536.45237 8
e 398.14991 476.76960 12
e 274.75210 484.31235 15
e 190.81202 112.84975 10
e 214.60719 452.12908 13
e 316.04279 195.34489 8
e 316.44440 534.60291 6
e 28.29382 77.73213 5
e 341.80440 419.79116 8
e 298.52410 233.72244 11
e 182.02599 78.55328 8
e 183.32752 513.53620 3
e 301.18576 238.51919 10
e 108.45914 210.85333 5
e 87.58861 581.12896 19
e 194.51931 278.85417 12
e 241.28516 184.61793 7
e 315.74973 491.73642 5
e 297.26512 83.54228 8
e 196.43387 387.27867 6
e 219.60813 152.55010 7
e 124.46920 83.08273 10
e 339.10619 718.01487 7
e 358.55449 344.55072 6
e 79.52477 390.46498 6
e 161.71029 527.29628 12
e 379.71446 359.86624 10
e 245.23863 256.18808 5
e 413.45920 471.08181 10
e 234.60239 228.47265 9
e 162.49946 160.88960 14
e 386.25362 123.11015 11
e 181.10237 436.88419 9
e 171.03867 216.39152 7
e 118.63485 370.39113 11
e 239.79990 117.91244 8
e 215.19483 192.10316 10
e 224.11830 636.44021 6
e 440.56167 210.73661 12
e 152.49823 357.50641 4
e 207.59280 324.40808 12
e 200.32477 202.29261 7
e 146.93898 9.98892 7
e 231.07409 590.90005 8
e 266.91748 364.08093 15
e 184.43848 166.30244 4
e 109.27409 559.35007 15
e 164.02434 124.63523 12
e 315.55936 495.11638 12
e 216.29473 124.60889 10
e 91.47547 276.25825 8
e 196.86812 330.46878 10
e 236.77537 144.17178 10
e 385.58762 573.68587 11
e 176.01743 444.51162 9
e 217.21781 244.25597 14
e 279.63144 267.26222 7
e 143.21155 389.52749 9
e 240.61279 187.18259 5
e 131.01449 253.23704 8
e 206.73373 442.87641 13
e 161.38842 538.21069 3
e 329.76490 90.88999 9
e 197.69597 136.62583 8
e 346.62414 399.23455 7
e 331.39262 245.63461 7
e 367.81276 82.95978 8
e 347.01563 261.01833 14
e 11.48600 221.02526 7
e 54.19859 28.07335 11
e 201.20554 606.12432 8
e 353.14940 441.76406 17
e 117.35650 313.66040 9
e 182.16227 133.61224 8
e 393.60366 237.63262 11
e 272.31556 347.62118 11
e 276.61525 91.71602 10
e 259.27310 169.88251 7
e 127.70814 294.56286 16
e 241.91416 255.60427 9
e 245.11015 161.54021 7
e 174.47488 257.18413 7
e 195.89206 243.13941 8
e 326.40883 181.14284 15
e 136.33100 97.90092 9
e 273.83139 412.33163 9
e 350.15612 168.21689 4
e 246.91659 292.04701 16
e 260.75938 190.29966 5
e 262.18571 271.01384 12
e 179.30327 419.64802 9
e 281.31630 458.75142 6
e 131.89203 183.54767 12
e 264.55076 168.08268 6
e 227.83682 218.90023 5
e 287.23861 375.10090 11
e 7.73522 102.67782 7
e 313.29399 58.34760 6
e 257.24561 210.55017 6
e 285.75290 319.18886 4
e 212.95507 286.52447 11
e 151.53345 172.28773 7
e 242.80890 637.79505 10
e 247.67528 166.20383 11
e 172.23338 181.34953 8
e 308.68649 524.69560 7
e 277.05968 520.42300 6
e 310.69393 109.10398 8
e 101.48824 333.05162 10
e 413.72562 193.77167 8
e 324.37155 365.99527 9
e 219.52079 542.44805 10
e 173.97221 271.76906 9
e 160.96040 394.82594 16
e 231.37395 507.23894 7
e 252.97979 263.90665 10
e 148.87388 110.72881 9
e 138.24838 285.79784 10
e 109.88870 217.40372 6
e 157.31435 150.24209 13
e 261.32148 203.31018 6
e 258.65549 93.44613 5
e 167.47574 220.70486 7
e 224.25655 305.51320 8
e 248.31141 373.61841 17
e 177.04914 69.09122 7
e 373.02308 240.67264 12
e 156.35364 334.10329 8
e 351.38307 423.20423 15
e 329.13770 181.04305 5
e 336.24339 262.98740 12
e 142.74715 117.03324 11
e 217.89559 340.39145 9
e 151.00537 233.71321 9
e 230.61309 316.71522 9
e 238.39679 280.90567 8
e 188.52629 161.43227 9
e 259.32228 557.62875 9
e 154.87574 231.88697 10
e 144.70023 567.78732 6
e 227.06628 382.92838 11
e 78.92906 34.54301 6
e 115.98626 173.25416 11
e 225.71055 389.01297 5
e 93.05286 88.38374 17
e 134.57790 158.78509 15
e 174.30007 448.80498 9
e 99.88455 157.44559 6
e 130.64457 165.37721 8
e 246.14552 100.25565 9
e 275.30717 146.75179 20
e 286.63777 176.40813 13
e 326.53658 371.45971 13
e 254.74016 38.66023 9
e 384.40142 307.17770 6
e 173.81302 297.36441 8
e 39.23940 385.83821 10
e 386.14121 311.09899 13
e 170.71090 89.52144 10
e 106.73787 271.55284 4
e 258.82433 339.71102 6
e 256.64245 361.66233 9
e 356.47125 381.16031 7
e 283.78333 583.70957 5
e 44.22577 436.19720 9
e 42.88883 249.47636 12
e 200.33860 358.24795 10
e 315.39031 352.10068 8
e 361.46333 46.02973 8
e 362.69752 615.69331 9
e 233.74721 160.84576 5
e 224.23211 427.68832 6
e 229.32437 325.56824 9
e 214.09131 92.42647 19
e 122.76935 506.84670 8
e 364.89064 449.24905 12
e 154.21786 491.34942 11
e 145.79963 272.47308 2
e 304.45447 207.46473 14
e 257.46051 6.69658 5
e 72.67610 425.35873 8
e 280.22794 15.67942 6
e 285.48343 227.88391 8
e 321.99987 225.27464 7
e 297.52588 456.16307 14
e 436.56325 83.98888 11
e 213.74675 316.70618 7
e 179.15644 117.58378 8
e 220.29944 300.95305 10
e 291.22414 299.19925 6
e 114.80326 244.64512 11
e 279.46082 431.51704 16
e 112.45239 416.98943 7
e 255.82624 325.83974 6
e 341.85517 249.42287 8
e 209.79879 306.12337 15
e 238.62870 423.75784 5
e 374.11412 65.56671 13
e 202.18811 175.31116 12
e 282.64308 501.31114 12
e 279.94162 418.20039 6
e 128.50584 395.18734 9
e 344.83872 110.23362 13
e 208.71808 167.49000 17
e 332.52837 13.48983 13
e 214.22966 250.20920 8
e 297.51790 346.23421 10
e 173.05282 564.44368 6
e 152.99654 381.87780 5
e 84.02898 87.31809 5
e 278.21593 170.24262 8
e 258.90898 127.70103 6
e 374.86178 367.74225 8
e 155.14531 288.30774 12
e 246.18767 48.93264 15
e 282.91619 308.61031 11
e 205.13199 314.82619 6
e 230.73336 252.03304 9
e 219.38025 397.43655 10
e 117.55261 254.69650 9
e 162.89996 497.10661 9
e 316.27568 342.85918 3
e 252.38890 69.41558 9
e 265.57051 461.05329 11
e 326.06277 376.68026 9
e 111.99408 74.84445 5
e 246.54792 136.99533 11
e 204.43840 264.24065 8
e 275.99214 197.26535 12
e 259.29032 191.73595 7
e 144.25865 354.56449 10
e 77.59898 2.31241 9
e 320.53379 254.86674 5
e 22.78070 303.82121 10
e 258.48250 291.11209 10
e 330.86469 111.16746 10
e 411.27975 34.50941 8
e 277.94907 307.92086 7
e 228.90410 479.77050 16
e 326.08741 407.73578 11
e 229.41743 196.23637 10
e 339.18000 255.37974 15
e 243.35418 329.08009 6
e 190.98906 213.53345 7
e 348.88456 347.08120 7
e 291.21089 229.97609 6
e 261.97689 146.47405 10
e 266.48546 311.80780 6
e 215.79193 490.28373 5
e 150.22626 261.82132 11
e 244.40396 74.44856 9
e 97.49747 415.25456 11
e 89.65826 429.98057 8
e 229.12704 175.50281 12
e 246.14560 210.49929 5
e 213.06983 219.69442 8
e 138.71953 349.84276 8
e 178.84555 320.13036 12
e 230.28282 239.91157 11
e 192.92139 156.51391 12
e 159.52333 270.45033 10
e 323.61716 122.43696 13
e 248.43543 399.52199 6
e 189.70958 360.69629 5
e 363.86483 488.44484 7
e 285.19601 13.74365 11
e 189.90647 356.21373 13
e 267.06291 90.97605 11
e 198.11451 161.27751 12
e 190.53605 260.61361 9
e 147.07443 391.03916 8
e 163.72395 105.27716 5
e 293.36917 619.22929 7
e 114.54118 63.79734 5
e 307.46221 99.42178 9
e 366.82851 253.02782 11
e 258.38371 403.16821 7
e 120.45050 349.45009 9
e 229.93537 161.67367 4
e 325.23316 332.35320 9
e 429.94515 298.05161 7
e 154.48278 311.61504 9
e 419.93167 339.83579 14
e 186.14763 555.18407 5
e 207.12305 196.01501 4
e 321.36268 48.36277 10
e 140.79245 384.24867 6
e 167.74499 392.25959 7
e 198.75307 457.67296 11
e 167.11921 399.98435 11
e 311.62558 301.33914 4
e 225.61618 322.41578 6
e 274.26391 300.55086 12
e 219.26474 256.59793 8
e 296.85203 245.49855 9
e 172.47231 240.25008 13
e 79.56207 274.05409 6
e 194.16914 122.63704 20
e 241.64636 56.85482 10
e 385.51170 13.23471 7
e 162.92948 284.44637 6
e 238.63437 427.24377 11
e 166.59472 182.15258 8
e 188.38255 220.12152 18
e 166.26866 309.76873 7
e 322.57532 301.54498 8
e 328.54746 265.92409 8
e 304.72044 169.49287 9
e 253.25552 233.21506 11
e 216.78319 65.43821 8
e 382.74032 465.17191 9
e 247.20511 227.76286 6
e 228.63644 249.63327 14
e 199.41104 71.11675 9
e 118.18235 332.15451 9
e 246.56602 267.14067 4
e 206.76598 144.17045 10
e 256.12256 263.40961 5
e 249.90106 113.01770 9
e 64.67157 36.31146 11
e 287.32766 389.50904 8
e 221.03080 314.84933 9
e 231.23818 393.76235 8
e 205.59001 529.11768 18
e 164.32803 151.04806 13
e 104.89735 382.12026 7
e 253.47257 195.73383 6
e 238.16692 528.10253 6
e 344.57338 367.21416 10
e 266.67595 597.62854 8
e 316.82928 62.77244 5
e 163.73601 307.34768 15
e 331.28931 419.76380 4
e 277.47777 371.15909 7
e 166.77980 627.65127 6
e 227.13315 391.13509 10
e 279.73796 393.16570 12
e 227.53652 390.12042 8
e 307.76409 244.77734 14
e 139.46214 551.42092 13
e 240.42770 26.13914 10
e 105.73023 128.57070 7
e 119.39459 272.90945 8
e 286.94024 49.02037 13
e 191.00552 273.83941 12
e 238.30095 67.23530 11
e 178.23469 200.94927 16
e 303.82130 254.47241 10
e 286.49831 238.87943 9
e 290.65161 358.36831 4
e 217.22678 259.91976 9
e 212.03804 634.77643 7
e 47.30373 266.05541 8
e 186.95962 76.71476 7
e 170.39606 141.71509 15
e 97.90991 229.08062 11
e 90.72408 336.79436 8
e 259.29221 194.67661 10
e 114.46295 345.22910 7
e 218.30226 104.80561 6
e 362.06580 192.33907 10
e 407.51974 238.94489 7
e 308.30117 507.66566 7
e 298.07259 342.82155 11
e 176.22597 52.38298 13
e 211.89598 266.26775 5
e 226.50614 127.65181 10
e 206.46661 432.39056 5
e 224.38619 173.02508 10
e 208.20337 147.57920 15
e 149.75574 293.23327 10
e 213.47049 116.91892 10
e 225.70783 377.55827 3
e 329.10304 166.52630 8
e 289.23561 145.26946 17
e 94.39540 377.14749 8
e 297.46597 231.07165 8
e 248.41160 252.12204 7
e 120.52154 275.17446 6
e 363.11106 577.21821 5
e 370.28321 210.31199 8
e 178.95731 376.00675 8
e 241.64247 140.10768 4
e 340.38912 231.21304 12
e 204.27118 169.23148 11
e 372.70752 138.54753 6
e 217.04140 187.08695 16
e 100.33030 608.41754 7
e 218.06989 403.15549 5
e 303.36527 101.10315 21
e 205.82587 280.79390 8
e 184.05150 226.80856 11
e 271.20193 212.83947 12
e 261.19009 197.32272 7
e 332.42407 120.15734 12
e 394.45096 273.11855 8
e 194.32164 384.69768 7
e 77.31680 469.93084 4
e 173.35553 58.94017 8
e 143.10587 503.71070 6
e 227.79492 283.29331 8
e 99.00008 199.77000 11
e 187.86543 60.24493 8
e 248.41745 628.03835 9
e 192.84596 345.82276 6
e 221.60873 268.34582 10
e 181.06856 227.76640 7
e 97.95040 268.14004 7
e 124.67171 249.75612 9
e 193.69052 73.93909 10
e 34.76436 48.43096 7
e 117.81235 606.29530 9
e 278.94492 131.26131 7
e 287.05620 119.59961 13
e 231.77317 703.63878 4
e 209.14722 301.08558 9
e 334.00170 361.78066 14
e 256.58382 94.88314 15
e 336.65004 384.77619 9
e 222.90739 317.06669 10
e 273.25107 390.77758 8
e 154.45100 155.83431 6
e 84.58974 95.47641 8
e 259.01143 361.16461 8
e 257.97116 303.98996 8
e 380.27961 327.99772 9
e 336.11756 473.47618 11
e 131.22463 63.73584 7
e 306.40376 222.16834 9
e 213.22701 298.30671 5
e 164.72562 243.67168 19
e 390.66530 312.17517 10
e 277.57613 550.62783 8
e 128.38224 195.27100 7
e 260.51533 368.91123 14
e 173.90273 143.52697 5
e 196.83088 328.14199 8
e 211.79796 215.86849 7
e 259.05232 435.80821 4
e 165.58387 278.69798 10
e 182.30282 293.09772 8
e 218.41128 295.99983 8
e 50.53773 373.70216 7
e 27.37201 79.10179 12
e 281.01774 387.07560 13
e 78.50559 308.17170 14
e 211.20166 230.12915 13
e 272.63840 312.57957 10
e 184.83582 275.39871 10
e 77.91193 369.04614 8
e 68.06460 190.14757 7
e 101.03199 380.77572 10
e 180.10382 240.91373 7
e 270.43844 180.88987 12
e 199.03763 273.96419 6
e 103.33995 127.00019 15
e 315.54419 77.47442 12
e 327.52003 443.14022 11
e 93.73035 13.62241 15
e 271.56511 83.84149 7
e 421.51409 503.96149 7
e 254.86473 16.77585 19
e 319.21050 576.85539 7
e 2.14758 381.91832 11
e 232.65404 337.78903 9
e 359.03736 521.29266 11
e 219.61707 564.30487 12
e 393.33461 455.11858 4
e 215.20632 208.18563 11
e 224.07683 348.14634 8
e 163.90394 352.91890 9
e 209.75415 335.43407 7
e 198.58745 361.43938 10
e 357.04839 371.99856 8
e 215.88334 242.57999 9
e 208.46684 38.22957 8
e 268.12243 236.06922 7
e 104.86674 277.55748 13
e 272.20788 251.63977 4
e 223.76383 78.20583 6
e 316.90607 328.89604 11
e 145.96878 518.47958 10
e 272.78802 221.48901 8
e 198.99030 295.72395 8
e 348.98099 7.26110 5
e 165.43919 322.84302 8
e 104.04892 311.06085 7
e 269.96978 190.36685 8
e 390.91874 227.38833 7
e 116.69124 402.44282 14
e 261.36291 641.70317 14
e 125.59718 18.31997 14
e 78.79448 394.45788 6
e 100.56490 555.60941 11
e 235.41033 321.52216 10
e 328.89798 65.94656 8
e 313.87301 623.42095 8
e 255.16008 412.70043 8
e 184.65241 129.39847 15
e 181.87785 344.35121 12
e 194.79837 28.46214 9
e 185.32321 457.68494 12
e 259.61255 410.52998 7
e 281.69427 161.20747 13
e 152.76894 238.37199 13
e 160.40202 121.14641 9
e 112.94813 125.69489 6
e 223.27372 106.04986 6
e 299.59757 281.28305 7
e 178.16918 135.24523 7
e 295.67299 202.78419 14
e 40.69164 314.43614 7
e 271.45045 414.13062 10
e 380.32127 192.98609 13
e 173.92987 443.30004 10
e 241.74553 18.40718 9
e 301.01574 263.44844 9
e 108.70209 235.92960 7
e 206.05786 142.89222 11
e 122.00372 78.45971 9
e 191.19528 425.75828 6
e 194.68189 141.95316 19
e 284.86490 333.97135 15
e 287.41733 26.63901 13
e 242.03962 305.28427 10
e 168.46203 502.59092 8
e 281.23989 416.58942 5
e 87.15298 73.80622 20
e 507.89219 169.01259 6
e 303.66767 20.10528 10
e 384.68598 147.55404 11
e 316.10736 213.22275 9
e 236.55696 226.22791 10
e 333.85906 247.75370 8
e 310.66466 256.37249 8
e 18.40477 195.15514 15
e 135.46233 218.79417 9
e 316.43263 307.97860 11
e 379.33465 225.24282 4
e 338.57423 209.84279 6
e 241.74905 210.77136 9
e 278.36709 320.91482 11
e 225.77816 349.39934 11
e 176.66397 143.73313 10
e 204.89508 404.39260 13
e 134.35995 216.85455 9
e 314.21289 366.49270 8
e 162.69965 231.16399 10
e 277.21446 116.61096 9
e 33.00170 642.01238 11
e 228.86379 106.11335 8
e 331.88973 387.11662 12
e 334.16102 312.81325 4
e 125.51448 266.82028 10
e 92.55216 91.78274 8
e 217.45086 512.69377 12
e 233.27422 11.03189 9
e 261.11279 447.90227 8
e 219.69203 523.60765 6
e 58.33864 322.76633 13
e 304.27046 377.56859 7
e 266.04909 440.59858 7
e 216.70210 287.24696 14
e 129.08174 192.08337 11
e 132.69866 279.97873 13
e 264.23765 386.72137 5
e 212.56698 265.65116 5
e 146.31321 194.58408 7
e 164.47152 595.92898 10
e 127.09994 216.72962 13
e 196.56716 375.33538 4
e 278.73668 331.68895 6
e 202.97060 179.70783 14
e 180.60828 351.78704 14
e 238.91332 52.85509 8
e 179.11053 282.55666 8
e 173.73593 421.38086 20
e 116.27541 126.04531 13
e 200.54515 208.37285 8
e 160.33184 369.95692 11
e 250.28200 321.15703 8
e 236.45274 279.22820 14
e 155.76938 219.06644 7
e 361.64542 354.37780 9
e 349.17766 106.13120 7
e 319.53024 451.93898 9
e 150.75090 454.04344 10
e 265.25866 199.54037 5
e 316.71505 223.54622 11
e 125.95231 284.47044 7
e 319.39172 201.29072 10
e 251.02908 267.20771 8
e 198.30242 41.20303 9
e 87.49198 78.69571 7
e 340.57555 278.05010 5
e 119.28282 78.72147 13
e 187.94572 334.53098 11
e 361.99554 66.48248 10
e 95.30410 305.20343 15
e 201.00738 367.44463 13
e 149.74106 183.77340 9
e 135.69528 61.00961 6
e 203.79824 454.15552 6
e 285.64530 361.61416 9
e 128.46744 632.51651 10
e 174.66708 432.14520 15
e 230.46765 592.81124 5
e 256.89973 517.48762 12
e 189.32645 207.06918 5
e 209.08930 177.66273 6
e 338.62889 331.62839 5
e 79.94244 580.71586 12
e 141.72997 204.55438 10
e 250.84734 681.02688 6
e 220.32002 151.30336 15
e 266.67497 467.48165 13
e 206.20826 472.40214 9
e 293.01458 444.65136 7
e 74.11788 387.32480 8
e 76.58710 238.83840 10
e 329.54054 708.09600 7
e 168.18395 325.26489 13
e 133.57415 316.14509 7
e 273.49376 243.25533 7
e 234.29998 405.23272 8
e 239.21468 29.51702 13
e 125.28794 167.04315 8
e 237.42734 291.87785 6
e 235.41279 368.55483 5
e 94.50951 182.04622 11
e 354.67522 176.21952 13
e 194.72015 202.09513 7
e 98.38419 178.06501 9
e 229.41401 408.70485 8
e 302.99386 505.79276 12
e 256.84967 540.83041 5
e 166.42777 127.64692 13
e 186.86672 175.22414 5
e 200.13549 255.57050 17
e 393.22071 277.09131 5
e 226.82687 325.85836 8
e 264.66643 487.30083 12
e 326.48980 90.71294 6
e 142.33126 289.13247 6
e 113.99544 37.08699 10
e 173.23871 359.10201 10
e 243.50254 297.17532 10
e 192.47121 264.21147 11
e 376.86297 210.73653 8
e 168.83191 560.86849 6
e 256.71184 317.94250 16
e 108.99577 335.23003 6
e 317.73601 251.88886 11
e 233.01058 295.81913 9
e 276.68083 377.22875 8
e 206.86950 404.26720 8
e 373.33017 313.34599 9
e 160.43559 618.24864 7
e 188.09233 202.92816 7
e 259.31504 239.28083 9
e 132.41913 253.00037 10
e 100.28836 136.01547 9
e 306.89111 446.09924 4
e 220.62878 441.01100 13
e 305.22825 215.89489 6
e 328.72068 620.87004 7
e 186.33494 342.36220 4
e 246.32518 159.87311 9
e 387.39130 160.71089 4
e 237.05716 208.81635 10
e 130.35233 222.29272 10
e 317.49488 304.39238 5
e 243.15584 394.59245 8
e 148.35501 312.10255 12
e 332.18973 506.49791 8
e 342.14716 18.69868 8
e 222.64237 482.07522 11
e 177.23207 473.17350 15
e 68.82012 348.01023 7
e 199.20812 232.34237 6
e 181.40221 79.10120 11
e 132.37616 202.92981 13
e 266.67123 205.43625 8
e 175.35062 261.31599 9
e 382.35209 234.56026 8
e 301.39394 359.86518 7
e 193.29000 77.05134 9
e 395.37236 209.74515 12
e 139.02212 317.59096 12
e 211.38103 373.24255 7
e 186.16469 154.22191 15
e 277.68112 399.56527 13
e 47.40147 365.14728 11
e 354.69524 305.13710 10
e 217.66456 225.22592 8
e 134.45896 179.81807 6
e 279.68598 150.86987 11
e 259.24607 454.72325 8
e 65.45146 547.99783 17
e 42.65456 121.46069 9
e 248.75402 479.50296 7
e 331.15633 444.12261 8
e 361.45767 14.63937 12
e 155.75996 372.05785 8
e 180.11192 119.20686 6
e 252.79021 183.63704 5
e 183.25814 228.71955 11
e 286.37101 228.44711 4
e 309.28915 282.97315 11
e 232.15955 449.63216 7
e 182.39081 519.51072 6
e 339.26903 287.47391 11
e 193.02937 313.92344 9
e 335.45912 480.55238 6
e 183.23371 559.78429 12
e 262.01998 686.79460 6
e 314.86797 190.89312 11
e 184.68820 342.10077 17
e 244.20653 338.42886 9
e 269.18186 468.45745 7
e 371.49274 246.48691 6
e 195.64926 291.50015 12
e 366.42383 189.30291 8
e 118.49939 404.37013 10
e 291.19114 132.28298 9
e 262.78779 598.90415 7
e 187.59162 328.69391 10
e 235.85841 355.76099 8
e 143.74171 160.23017 12
e 243.36112 364.59553 10
e 221.12682 511.83732 4
e 185.43110 378.20625 7
e 192.93454 452.52372 9
e 144.39100 366.18209 8
e 338.53162 156.59456 7
e 205.13223 192.74985 5
e 96.03739 270.84747 9
e 202.27392 238.72126 10
e 180.95735 61.33474 9
e 91.65157 457.33667 8
e 263.17783 516.89696 10
e 391.75035 538.17406 7
e 269.10293 519.26495 10
e 205.78171 336.46045 14
e 215.16579 87.03620 11
e 345.70318 358.29272 12
e 322.46438 507.38873 11
e 267.31191 497.09411 8
e 148.75859 374.48643 10
e 118.15933 92.75518 11
e 297.28374 427.18948 8
e 260.70383 471.57579 11
e 384.83791 174.28272 13
e 56.31915 529.13522 7
e 145.54238 236.21274 10
e 40.63566 333.30961 14
e 185.62612 173.92325 11
e 308.10532 115.97519 15
e 254.13447 493.10502 11
e 130.22153 259.49335 7
e 322.14866 198.46787 13
e 322.55027 402.06339 11
e 238.59560 99.92696 7
e 99.69416 364.11834 13
e 232.84365 166.81714 9
e 65.98568 514.54265 13
e 369.93836 492.60871 7
e 43.85675 282.35801 11
e 205.45560 434.54840 7
e 261.17651 447.75288 10
e 253.76157 552.94502 9
e 178.17217 334.51889 13
e 139.53413 268.92873 6
e 359.89394 143.47538 9
e 211.90051 265.98134 11
e 133.05108 159.14791 7
e 223.29556 99.97205 13
e 200.42107 239.25679 10
e 263.76674 303.26195 9
e 149.72822 173.83217 9
e 211.20478 203.05165 6
e 314.85667 374.45499 8
e 226.86847 385.48642 6
e 181.72492 378.35136 11
e 267.57027 287.92259 9
e 397.75104 151.88213 6
e 157.08858 117.04555 6
e 309.48773 429.70238 8
e 209.60684 340.30976 9
e 130.25488 269.25597 11
e 234.03124 163.18587 9
e 117.08114 122.81720 13
e 128.31682 501.28277 3
e 79.58202 345.68286 6
e 261.17909 242.68982 4
e 265.98638 98.02960 7
e 272.65109 99.33945 6
e 172.04238 227.65449 10
e 289.61093 367.64035 9
e 301.26038 504.21016 11
e 313.78058 265.16533 9
e 202.21462 184.21438 11
e 130.50448 452.78640 9
e 118.89787 70.71003 12
e 308.35076 358.20353 8
e 176.87897 221.39507 7
e 101.30017 468.87177 7
e 267.97078 565.30909 9
e 111.01813 338.43131 12
e 230.51071 505.77822 9
e 272.77276 173.16880 10
e 144.82610 232.44599 10
e 161.53847 129.05017 5
e 238.14167 217.46237 8
e 240.59249 262.86768 8
e 112.48926 431.59417 14
e 287.30725 499.55234 13
e 77.43870 81.59341 6
e 106.79713 552.58856 16
e 125.72942 298.33810 8
e 202.20482 166.70720 9
e 211.92147 623.00570 7
e 222.20495 305.34943 12
e 214.27878 441.04759 4
e 194.86332 56.91080 9
e 115.32617 399.35434 7
e 160.60752 31.53735 10
e 188.93169 636.94841 11
e 198.27768 206.21679 8
e 132.20330 495.53935 13
e 224.87571 47.48979 8
e 273.44302 336.39131 11
e 426.54588 302.39489 9
e 285.84879 222.39488 9
e 148.22834 205.34503 8
e 227.23271 587.46940 10
e 12.73290 445.34958 7
e 314.50445 425.70465 7
e 261.01332 20.59147 10
e 203.12687 576.63647 5
e 217.80886 278.65353 9
e 253.28457 259.73924 6
e 91.75351 253.29190 7
e 186.05311 386.00002 11
e 46.88437 230.45634 10
e 179.08676 449.05968 4
e 306.58818 464.74067 10
e 331.18584 378.42772 9
e 187.75932 156.38793 4
e 177.76019 186.24149 10
e 282.52343 357.82656 10
e 191.19571 449.34610 13
e 176.50781 353.07811 10
e 312.64783 167.72878 8
e 353.30255 152.41718 10
e 283.73160 172.02345 11
e 188.99739 385.49500 6
e 309.78300 594.63307 5
e 132.07153 524.34138 10
e 292.12866 402.36829 6
e 181.82516 315.46944 13
e 117.78552 140.72547 14
e 143.68226 169.59438 9
e 195.48540 162.48221 10
e 264.05384 203.65850 8
e 247.27105 96.01735 10
e 203.40476 102.26884 9
e 253.78917 367.28277 13
e 110.42552 308.78045 9
e 110.89035 22.10580 10
e 251.04212 261.91576 9
e 247.26915 163.37803 11
e 277.94118 46.89463 9
e 302.96014 412.09989 6
e 111.16350 628.80039 11
e 203.89388 116.49357 11
e 273.03346 127.66290 7
e 161.03138 62.49846 6
e 173.32947 65.30044 8
e 343.11494 286.87385 8
e 290.32054 160.49580 9
e 189.46761 255.25355 9
e 197.86861 78.74910 14
e 145.57669 171.90803 6
e 267.95838 123.90275 11
e 335.70609 198.75430 3
e 240.18627 165.42480 11
e 306.01272 258.11663 8
e 332.08521 354.04397 8
e 256.37784 37.89694 9
e 335.44684 448.72436 9
e 237.87003 274.62138 12
e 246.88805 187.77493 9
e 203.38981 110.76840 12
e 227.54231 520.88890 6
e 205.50216 226.85771 4
e 240.25450 146.65960 2
e 267.59990 555.85695 8
e 228.02322 357.66722 7
e 326.18209 341.13046 8
e 191.90785 368.62291 6
e 313.59937 260.16321 7
e 342.68343 313.73974 11
e 259.52944 343.06258 7
e 206.73634 325.70067 10
e 252.39924 71.72469 13
e 313.36066 260.36105 12
e 113.33963 333.79631 11
e 231.71862 233.18162 7
e 212.39095 332.07058 11
e 246.54367 453.89791 10
e 280.42723 548.08335 11
e 217.49594 278.79315 5
e 212.78418 226.88389 7
e 181.34691 192.69269 5
e 228.85153 336.28986 4
e 215.65356 142.90287 8
e 177.51903 35.96724 8
e 174.41338 498.13627 10
e 168.28274 211.52360 13
e 175.14297 433.25550 12
e 273.96370 367.09727 15
e 109.10748 307.76889 12
e 215.37994 191.99326 10
e 132.97416 152.16969 12
e 298.78667 314.34655 11
e 230.58057 117.70861 10
e 82.62160 220.97957 16
e 143.15694 125.11177 14
e 119.76445 326.64221 10
e 89.87119 338.84122 11
e 261.38694 310.77160 14
e 332.05596 344.00779 8
e 217.83187 506.33718 8
e 119.12354 372.23069 7
e 119.65025 196.35660 7
e 165.83031 431.98882 11
e 241.28829 306.78244 11
e 372.32390 394.53680 6
e 6.33275 273.02338 5
e 101.75817 416.15939 13
e 378.77055 273.24458 8
e 253.35569 238.38826 7
e 98.28036 405.84965 8
e 271.02249 124.39632 8
e 187.92564 430.91283 9
e 242.95313 316.07316 4
e 150.37207 333.13275 5
e 29.95208 352.54581 12
e 233.14154 361.13243 9
e 190.49663 270.27957 7
e 49.02674 124.83806 12
e 230.94661 339.24824 9
e 99.54666 377.11395 8
e 120.92753 251.28023 8
e 175.57095 330.32456 15
e 323.28300 482.00640 7
e 220.40882 238.58714 13
e 406.95519 176.99388 10
e 349.43919 425.75884 8
e 382.30972 357.43471 14
e 68.24573 189.53876 7
e 309.72966 167.80987 5
e 283.79728 302.79645 9
e 227.33198 277.73409 9
e 220.39806 493.08460 5
e 82.41814 395.86043 10
e 265.17183 261.30079 10
e 280.22602 259.40677 9
e 323.85469 492.42160 12
e 149.07385 127.07649 6
e 376.35307 234.48133 10
e 189.02926 330.21694 9
e 146.48424 167.21707 6
e 253.58277 373.91320 11
e 236.37457 492.10422 7
e 366.41640 307.88062 8
e 401.91924 147.11279 11
e 192.49456 160.25328 10
e 81.86112 373.64180 6
e 208.42660 261.75447 10
e 252.22254 428.08317 12
e 241.46324 96.59532 13
e 318.39793 407.40930 7
e 474.89652 176.63871 6
e 61.56596 586.43528 9
e 117.03259 366.43551 9
e 182.48389 341.31076 7
e 332.09245 353.17978 8
e 274.00593 209.11423 9
e 182.56380 50.88382 10
e 198.57763 200.68599 6
e 240.87608 355.88036 7
e 212.17138 431.78791 8
e 199.84024 457.51694 12
e 237.37157 208.80287 9
e 146.55018 165.68201 12
e 220.18266 413.62252 5
e 177.96339 281.77769 12
e 123.51335 356.83303 11
e 37.90541 346.37097 9
e 182.15782 111.08185 8
e 274.27142 530.37997 6
e 312.32519 191.26352 9
e 251.75665 155.20240 12
e 176.01643 210.94996 5
e 261.91383 102.57447 7
e 211.47404 336.22854 7
e 382.92647 290.68215 11
e 196.15574 286.08026 11
e 251.22094 325.18591 6
e 122.88079 238.23001 7
e 118.26247 1.01013 10
e 337.96975 614.03718 8
e 119.66871 162.59704 12
e 218.94746 573.71212 6
e 246.61686 232.72479 10
e 284.80767 39.62069 6
e 107.22250 52.43124 12
e 106.48210 80.37265 10
e 172.90920 289.41563 7
e 137.62910 177.03336 7
e 342.79692 599.05805 13
e 264.43650 377.69581 6
e 332.31257 154.29029 8
e 255.58321 397.78276 13
e 131.45745 153.24195 11
e 58.27124 241.95611 7
e 330.31527 163.34128 10
e 285.82106 216.24167 10
e 165.58549 308.17114 8
e 293.72939 174.15534 8
e 180.55134 229.87067 7
e 49.52039 164.13311 9
e 161.53723 187.11891 9
e 314.22843 198.38032 9
e 185.74118 110.35389 9
e 196.70371 258.18168 10
e 191.12013 208.04912 7
e 253.41092 549.84909 9
e 181.09518 406.71269 9
e 168.69033 154.38058 8
e 139.31225 541.87046 6
e 345.59729 206.90702 14
e 105.66157 562.65058 7
e 270.45398 124.43619 6
e 94.28574 612.76114 6
e 235.44919 32.90909 6
e 310.19642 275.92867 12
e 384.40336 236.44004 7
e 69.58532 198.14145 4
e 74.04600 398.67983 9
e 205.18344 365.85029 7
e 267.93598 248.68532 12
e 152.75882 417.61942 10
e 138.29187 320.23670 10
e 320.37111 411.66634 7
e 419.02907 382.29142 4
e 96.55854 346.68364 6
e 250.69124 262.16532 17
e 401.84682 355.35783 11
e 279.51982 132.57279 8
e 264.09937 433.75510 6
e 420.25315 171.33807 8
e 238.22859 437.02717 7
e 212.86502 54.85653 18
e 339.97172 114.44335 8
e 259.23423 323.97127 12
e 76.08922 338.61300 9
e 275.77013 544.02932 9
e 155.24660 284.83689 11
e 223.00096 316.22234 4
e 129.47815 508.42298 10
e 350.78641 113.58167 10
e 326.38486 447.08952 9
e 200.13739 135.91754 10
e 280.51993 348.73020 9
e 149.30564 150.12491 8
e 255.13844 319.94864 12
e 208.89610 347.27528 9
e 215.91325 456.35279 5
e 321.57200 212.26748 10
e 295.13238 195.53740 4
e 299.92873 442.19357 8
e 260.78975 507.83785 10
e 329.47147 527.21647 7
e 346.86620 543.69583 11
e 96.64630 327.27154 12
e 260.33385 173.65034 9
e 251.60595 335.72867 14
e 187.95774 501.66482 10
e 233.27985 420.54054 14
e 123.62288 385.68467 12
e 55.40750 187.28416 7
e 259.29636 441.94791 9
e 212.74406 361.54618 8
e 160.43862 527.62152 10
e 38.54840 283.13270 11
e 211.50866 359.14358 8
e 437.58832 71.54597 8
e 157.88327 379.90582 12
e 164.62532 222.03062 12
e 223.30707 180.35703 6
e 321.05807 461.90868 13
e 205.60133 43.65071 14
e 408.64316 582.30500 9
e 156.63835 270.50413 6
e 417.36694 198.26693 13
e 227.38059 351.58130 9
e 381.81980 265.93004 11
e 329.95668 615.91499 9
e 66.13600 305.56764 9
e 365.26746 243.11475 6
e 293.40560 473.77203 8
e 334.14107 86.91939 8
e 348.05182 307.16037 11
e 153.90378 26.04975 11
e 321.07533 280.64644 11
e 229.89791 247.15111 7
e 270.97911 445.60462 6
e 209.09174 215.75154 14
e 239.38390 24.54493 9
e 162.94870 483.40848 7
e 171.37518 275.62097 11
e 117.74954 168.78709 9
e 281.84079 168.67272 5
e 351.23013 471.14094 13
e 222.01142 551.21171 7
e 201.38439 211.49809 5
e 131.58451 216.24964 12
e 178.49672 280.36694 4
e 101.95460 452.74485 10
e 215.63556 523.83922 12
e 77.16363 471.12003 8
e 271.15878 209.28906 8
e 42.69099 215.61321 13
e 244.80957 321.44883 8
e 264.30508 313.21183 7
e 132.14528 291.19460 4
e 260.85366 355.31227 8
e 303.09011 739.49791 16
e 448.89859 408.49946 10
e 217.20449 214.13050 11
e 216.38915 233.09490 17
e 106.48575 276.97317 11
e 278.09310 625.77553 6
e 205.14458 342.61240 8
e 129.63550 340.91755 13
e 108.79547 366.12163 16
e 273.30277 304.79726 8
e 211.45572 232.59349 7
e 228.39588 572.99222 9
e 367.76964 327.39195 8
e 265.90471 287.40826 7
e 231.10482 256.99170 10
e 349.59060 313.25491 8
e 292.44998 385.17496 11
e 207.03838 81.61354 9
e 216.17398 249.88506 6
e 193.66749 526.40513 7
e 349.55468 37.82364 6
e 217.84124 493.60873 15
e 218.57812 398.17305 9
e 192.19119 133.30465 15
e 296.64105 319.31924 12
e 199.12740 179.89089 4
e 131.02715 404.81575 9
e 35.21814 300.42202 10
e 321.24973 354.36024 12
e 365.72822 649.22534 5
e 351.66304 9.96716 7
e 88.26988 130.31791 6
e 338.68772 249.14287 7
e 321.58621 51.03059 8
e 166.19772 571.58051 10
e 144.22230 103.64386 20
e 297.00446 332.06039 12
e 254.17514 302.12754 7
e 194.34240 223.36553 11
e 182.58731 118.01740 7
e 309.71592 416.64545 9
e 285.84518 656.69268 9
e 148.74563 421.19403 8
e 146.42456 501.40768 8
e 206.61452 146.71822 8
e 272.34922 386.53979 10
e 269.43343 287.74456 12
e 236.52139 172.91789 16
e 318.08731 362.36764 12
e 171.87132 323.91124 11
e 92.76419 72.12372 14
e 221.71424 70.47705 10
e 118.04143 361.40893 6
e 233.32186 297.60969 8
e 258.82534 355.62788 10
e 228.49491 145.83363 6
e 203.12588 506.82685 8
e 107.50828 652.36842 11
e 252.52943 341.16342 7
e 23.22795 352.25292 9
e 165.70626 339.16824 10
e 211.43566 166.90248 8
e 454.27823 174.11374 8
e 424.42379 451.11861 14
e 170.55475 250.60163 10
e 220.16956 199.87641 8
e 187.34219 57.92524 9
e 121.33535 318.97035 6
e 223.63346 428.07972 13
e 179.59577 279.16810 12
e 190.94057 247.42225 10
e 276.31378 107.45275 8
e 140.84322 261.46954 13
e 102.89990 269.48601 9
e 277.52220 168.74992 8
e 154.79714 216.19825 10
e 60.47711 603.66258 13
e 276.22254 292.55851 8
e 86.90924 78.15594 7
e 95.22112 212.16612 9
e 199.43181 354.23984 11
e 95.81891 533.26799 10
e 157.58597 394.28430 7
e 316.46405 346.65431 6
e 216.92070 412.22528 13
e 327.64612 482.79902 9
e 110.23123 12.67479 6
e 431.09365 308.33381 6
e 65.81132 442.76351 10
e 240.59267 275.28582 14
e 98.60627 354.30447 8
e 261.64281 436.26974 10
e 199.50480 542.51752 5
e 193.10667 224.79152 7
e 120.85783 269.48929 7
e 315.92512 204.13676 7
e 334.12997 185.82380 7
e 338.04123 325.11876 8
e 184.08508 506.90243 7
e 163.70756 13.32871 5
e 398.06153 235.74424 8
e 234.80412 133.40394 8
e 208.82875 263.00031 13
e 93.50199 47.35537 9
e 245.71273 319.40942 5
e 261.19285 23.65762 13
e 211.47444 299.23038 13
e 245.35564 133.96449 8
e 40.96377 154.11644 8
e 112.21276 490.83998 10
e 174.21508 110.19999 12
e 386.40727 399.54685 17
e 143.00022 137.03077 8
e 290.19862 342.26142 9
e 239.71784 213.68691 13
e 248.71966 468.51875 6
e 167.25214 106.05227 9
e 137.84530 60.19543 4
e 217.27323 609.73436 12
e 206.69022 343.88967 15
e 181.75628 80.10324 7
e 274.74842 187.49525 7
e 87.03660 386.64780 6
e 158.63716 1.50054 10
e 199.54551 229.09926 5
e 277.01125 241.61351 8
e 219.49771 267.58348 13
e 138.23414 413.25334 13
e 333.41700 208.27225 19
e 276.34463 466.03371 8
e 84.49269 197.25976 7
e 351.57300 336.41555 10
e 98.12934 382.71941 10
e 374.33235 221.68772 6
e 267.96375 139.52493 16
e 136.12395 536.04073 11
e 198.33493 187.94890 13
e 241.17728 94.83129 6
e 57.13206 402.59830 14
e 229.69725 477.13932 8
e 61.65877 240.25256 13
e 351.91584 430.92799 15
e 183.92557 379.73000 10
e 98.77589 295.27605 10
e 343.00739 416.08161 9
e 103.49787 246.50328 9
e 285.77723 147.26693 8
e 287.16031 493.51017 19
e 238.47722 103.97849 6
e 251.87507 429.74751 9
e 13.92480 103.31193 7
e 224.55359 176.47455 13
e 160.21926 240.16310 14
e 103.13384 108.37955 8
e 215.70436 130.24633 7
e 166.74208 187.75178 12
e 223.08714 163.98889 6
e 114.77721 304.84373 9
e 184.40097 525.19683 10
e 138.73703 236.44114 13
e 119.92439 228.70797 11
e 338.41918 267.43927 11
e 125.87415 184.13332 10
e 206.38720 288.70649 7
e 45.48181 399.93886 13
e 259.21965 274.42170 7
e 319.46175 89.80316 14
e 268.44098 304.34126 13
e 340.91454 397.10110 7
e 306.20328 390.51363 12
e 299.38528 312.75982 15
e 246.93456 230.16152 11
e 140.12644 288.32226 10
e 255.46642 332.82159 7
e 224.23729 63.27105 7
e 199.41337 144.06238 14
e 316.30552 365.86756 5
e 284.32139 248.22196 11
e 250.60526 538.61981 6
e 258.58503 483.13695 7
e 129.41932 498.37534 8
e 187.86103 181.67557 10
e 222.26594 11.14357 8
e 286.11646 120.36743 10
e 307.88865 71.49007 11
e 42.34819 30.37722 6
e 395.86111 149.78878 4
e 164.88563 366.14644 10
e 344.87234 143.02219 10
e 251.41770 301.60551 7
e 110.81719 574.05023 7
e 178.37930 197.79009 10
e 88.68469 228.29616 11
e 246.49378 29.35724 5
e 125.70421 199.75882 10
e 251.66774 351.67416 7
e 198.59583 36.79863 13
e 340.20651 546.35357 5
e 246.77065 120.58810 4
e 218.85389 271.22565 13
e 292.79521 320.91964 7
e 284.53334 229.29929 9
e 284.74930 400.57173 5
e 261.12660 445.25363 15
e 228.18407 169.06036 4
e 197.51070 181.40241 14
e 243.36749 334.30020 7
e 138.58991 429.69814 8
e 155.78159 266.33240 9
e 308.80878 391.19404 4
e 215.73154 76.65923 19
e 96.73978 176.88760 9
e 199.50752 384.21174 12
e 179.81072 746.61995 13
e 186.33977 332.79271 8
e 183.05214 168.24446 15
e 247.89134 104.50325 7
e 294.04663 267.14182 15
e 357.19023 694.72564 6
e 298.55176 93.50077 13
e 333.63640 164.75848 8
e 311.28988 249.56690 9
e 238.03056 508.29431 6
e 273.37647 91.05130 6
e 206.79106 303.94529 10
e 213.65680 371.41684 8
e 162.64141 232.33603 5
e 252.39961 174.63063 14
e 276.64638 263.48935 10
e 188.71965 392.14676 7
e 436.55780 145.39665 13
e 198.91504 19.93515 5
e 71.43084 376.75091 9
e 102.95383 258.64473 5
e 255.21203 318.93031 8
e 158.01397 387.11910 8
e 151.15549 427.24134 8
e 154.79397 340.97588 15
e 233.12724 149.54548 10
e 94.11598 355.64596 8
e 473.96225 503.46761 5
e 275.41327 29.84459 8
e 133.73024 398.55047 12
e 194.17898 269.08906 8
e 64.65797 76.89086 4
e 128.77149 163.57320 7
e 356.30113 442.07701 10
e 346.92799 368.14003 10
e 151.90172 315.70044 11
e 245.20870 393.32509 9
e 122.40482 265.63725 12
e 292.44799 148.65120 7
e 198.45956 313.91295 8
e 151.99193 162.75950 11
e 216.09339 416.52616 7
e 236.44819 551.13307 11
e 322.36498 332.55728 4
e 149.54980 477.34291 11
e 60.28571 213.93101 9
e 69.70717 477.38518 10
e 340.73489 322.40249 8
e 108.90657 391.93436 12
e 362.32534 493.13970 10
e 273.04482 134.56814 10
e 82.01832 285.33893 6
e 192.30942 396.51973 4
e 165.84996 202.03917 8
e 307.95096 187.68190 13
e 132.54854 457.44279 7
e 251.69840 212.78959 8
e 339.02426 360.31039 8
e 93.36357 271.11265 12
e 143.14593 358.12008 5
e 261.43676 325.37784 14
e 402.81121 202.26588 7
e 301.96266 421.56363 12
e 353.17148 349.85447 8
e 337.27112 541.13236 14
e 248.33617 137.39579 9
e 260.11041 338.76929 14
e 259.43376 194.20186 13
e 318.40478 115.58983 10
e 201.84353 217.68603 5
e 302.09780 322.70998 12
e 173.69553 359.08909 12
e 324.34476 444.08692 10
e 279.86795 379.22613 6
e 41.69156 347.32405 14
e 232.37225 431.10367 17
e 159.83305 254.89761 10
e 285.54928 261.41279 13
e 244.10701 485.53758 12
e 195.94161 437.58107 8
e 266.07887 245.65638 8
e 197.07406 315.50170 10
e 283.56357 151.35339 9
e 81.60744 262.76625 10
e 127.43188 398.75274 9
e 153.80193 180.28493 10
e 116.30200 353.32283 4
e 419.80763 223.63276 11
e 226.73887 272.47423 12
e 79.51387 309.07634 7
e 333.16564 319.40110 12
e 12.34293 328.44115 16
e 54.61839 241.56191 16
e 255.38219 285.30273 6
e 147.46813 347.38786 8
e 233.48375 41.32888 6
e 294.45629 423.47223 8
e 75.62261 440.97119 6
e 349.69636 331.91865 10
e 368.59387 83.38299 12
e 341.03920 420.10490 7
e 70.29141 251.76131 10
e 242.86395 213.24933 7
e 327.96589 229.37620 10
e 243.26614 269.44643 12
e 219.79813 292.82989 5
e 115.20640 55.29656 7
e 364.27931 343.27432 11
e 150.79556 199.34887 9
e 212.51997 257.43680 11
e 212.07082 433.65924 10
e 192.62463 293.74919 10
e 330.96357 272.46676 7
e 238.73423 166.79646 11
e 166.51956 45.20262 8
e 146.24905 96.57711 10
e 400.33660 299.84255 15
e 92.15591 262.28755 12
e 288.69735 297.93844 7
e 200.58286 232.49863 8
e 235.43478 181.07393 9
e 287.38616 62.29581 14
e 275.30876 223.09807 10
e 296.72297 98.21789 7
e 176.49187 368.16138 13
e 224.24672 594.42495 11
e 398.55588 243.32207 11
e 353.15606 521.21098 10
e 177.16761 229.04214 11
e 125.57299 128.52682 8
e 387.65252 80.17241 6
e 48.02006 303.57868 10
e 253.53330 476.23003 13
e 274.35167 324.64757 6
e 68.66480 252.72141 7
e 186.05100 450.63742 12
e 91.72876 234.47465 7
e 165.38329 282.63436 13
e 241.20943 293.73147 10
e 205.50571 191.91968 6
e 244.33652 528.85385 5
e 146.01647 364.16512 15
e 162.81543 198.09873 15
e 257.94677 565.95042 9
e 336.84011 476.92686 10
e 262.05314 502.33303 7
e 337.12786 318.78347 9
e 165.86118 249.20904 14
e 294.59950 329.09056 12
e 142.70498 772.40550 8
e 242.90667 286.01056 9
e 300.55688 343.59633 11
e 298.41618 460.68690 10
e 310.51827 441.25280 9
e 303.97802 283.32630 7
e 342.31396 618.16607 7
e 207.69817 751.93380 11
e 242.06249 317.12956 7
e 221.76438 583.83335 7
e 288.94111 517.25734 11
e 201.02489 458.41127 12
e 168.91007 784.43305 10
e 361.99913 567.09606 9
e 244.09192 459.12486 11
e 314.83828 509.04787 8
e 357.70179 381.30023 10
e 463.90078 319.41171 8
e 335.10817 230.62764 8
e 371.63020 752.80667 8
e 190.19462 751.78807 13
e 417.22383 657.69165 7
e 151.11008 671.39632 14
e 304.26299 819.77649 10
e 389.31596 612.14200 4
e 352.74505 536.04656 5
e 393.40179 528.77831 5
e 332.05701 492.39308 17
e 372.96124 479.30737 8
e 128.03600 361.72481 8
e 334.60771 311.05510 16
e 251.00851 610.76556 14
e 436.95065 384.34416 11
e 248.17840 504.85179 15
e 249.35387 597.04511 6
e 441.72153 620.18565 13
e 423.70160 644.60160 6
e 393.41163 427.03379 9
e 247.01725 330.68819 5
e 320.82842 612.07454 8
e 363.95922 374.05821 7
e 161.03204 653.27566 11
e 303.02992 637.31813 8
e 276.58470 572.42667 10
e 288.93157 485.61309 7
e 236.79432 635.11674 12
e 385.69885 642.70923 9
e 209.75701 578.90120 14
e 215.98550 686.49793 11
e 321.18706 194.31062 6
e 114.58721 403.26938 6
e 141.84599 561.74639 8
e 130.52775 616.33147 8
e 499.45819 568.57238 10
e 407.91897 475.15464 5
e 325.73616 654.65443 7
e 306.29625 403.84151 10
e 184.26286 256.79234 6
e 303.44079 687.34019 14
e 226.38164 561.21706 10
e 202.22216 604.23893 9
e 312.67028 284.21475 11
e 232.44619 263.45070 9
e 442.87840 328.63497 10
e 136.26319 739.11801 7
e 361.01600 500.54485 8
e 277.21972 728.28544 6
e 199.24032 418.97026 7
e 365.38050 555.83563 13
e 264.42193 319.14049 8
e 414.09975 172.03743 10
e 373.24504 612.45722 12
e 312.06123 726.94476 12
e 268.77572 632.16598 9
e 192.23747 533.78759 10
e 297.12019 456.36005 9
e 428.03342 649.15542 7
e 239.39146 520.69278 15
e 219.98543 484.02739 7
e 374.84496 447.74192 9
e 184.89597 513.32313 5
e 264.63074 434.58765 8
e 255.85075 731.66850 8
e 395.40519 546.37941 10
e 294.21631 607.68630 10
e 241.79454 562.82447 10
e 114.60981 507.13937 7
e 298.07583 401.73749 7
e 311.86972 588.44775 10
e 184.36808 419.67478 8
e 202.23084 454.21728 10
e 266.08984 290.88307 12
e 223.96111 621.79969 6
e 410.56695 849.59251 9
e 354.66785 523.32453 7
e 153.59584 378.54411 6
e 141.11043 622.63264 2
e 299.87429 631.88123 13
e 304.19049 187.48185 15
e 289.37051 730.68014 6
e 461.94264 413.78206 10
e 283.24339 626.16704 12
e 321.31859 873.66324 8
e 98.62774 172.94204 16
e 156.56573 836.03074 6
e 313.14004 383.44566 9
e 311.04424 423.28444 11
e 446.67484 763.06098 8
e 346.71791 738.49506 12
e 273.66311 490.50402 11
e 331.15569 213.61425 19
e 231.02576 636.23690 7
e 267.75474 459.84954 10
e 374.08710 651.03636 11
e 232.11710 648.89488 9
e 377.72826 509.60469 9
e 62.35287 446.13264 13
e 245.61249 663.72194 15
e 164.44910 516.48931 8
e 296.56684 224.73232 11
e 259.57993 736.08030 14
e 421.21142 354.73237 9
e 375.48320 705.98122 6
e 87.73547 478.67106 10
e 193.71429 631.09589 8
e 106.35981 419.74031 10
e 484.62372 450.54869 10
e 203.36657 667.67674 11
e 296.38004 496.56840 6
e 313.79419 354.78453 10
e 270.89591 210.16251 9
e 320.15655 513.67211 5
e 300.39421 578.08348 11
e 274.04673 628.78954 13
e 175.20381 482.39290 7
e 175.46294 705.99462 7
e 228.08356 739.27342 13
e 307.99991 411.61154 10
e 221.46691 371.12831 10
e 216.93948 556.28009 8
e 325.77196 560.87988 10
e 247.70423 713.41376 6
e 388.06783 684.36729 16
e 255.97576 695.59120 10
e 344.30443 792.17945 5
e 248.06247 739.64740 10
e 281.84200 325.10650 9
e 331.70602 723.64791 6
e 185.42194 502.14087 13
e 371.78453 568.65522 10
e 164.71725 646.83892 7
e 225.31753 740.46178 7
e 379.40368 357.32618 4
e 305.59279 481.48618 11
e 237.10548 656.01541 8
e 261.80845 358.00464 5
e 416.65194 413.36544 5
e 126.12206 505.15245 10
e 332.98375 562.42665 11
e 266.74554 115.90170 12
e 296.38010 654.27739 9
e 334.57128 798.84218 9
e 451.46442 707.06598 6
e 385.80947 613.61079 7
e 282.64887 526.75527 13
e 189.58452 649.12757 8
e 298.86612 568.63514 9
e 152.02193 403.07480 14
e 392.99971 668.61988 10
e 279.95140 754.09134 11
e 188.44986 726.31950 9
e 163.57288 768.08437 10
e 106.83697 813.91698 6
e 323.37532 498.81684 12
e 241.67343 602.08154 7
e 268.41575 648.16699 11
e 328.09666 408.90951 7
e 373.49550 730.94182 15
e 442.74802 587.27226 14
e 339.06801 396.13938 5
e 231.07011 487.31891 8
e 203.01921 687.21758 9
e 451.12010 303.93142 3
e 331.34014 532.72995 6
e 425.35434 547.16975 13
e 360.39291 544.01160 6
e 216.76063 246.29188 8
e 292.38839 201.00349 11
e 294.24714 456.89038 9
e 423.77945 611.22796 13
e 381.29247 642.42693 7
e 408.67049 641.62547 9
e 299.05020 569.36471 13
e 307.82682 378.52586 9
e 200.37048 779.18833 14
e 324.30867 390.71139 11
e 271.11218 682.42066 8
e 303.35143 806.74095 8
e 289.46078 801.10920 4
e 321.79982 633.19423 7
e 367.60805 731.06925 15
e 184.70453 587.62857 7
e 224.48141 558.14925 9
e 233.58508 423.15930 13
e 358.79362 617.70433 6
e 388.41266 622.23621 9
e 414.53208 484.18174 9
e 182.12495 270.72132 9
e 315.36915 713.76662 10
e 461.96540 606.32398 11
e 182.93588 465.34223 7
e 381.29850 516.30138 7
e 275.71557 282.65184 11
e 276.90959 485.30552 11
e 236.27663 268.47317 7
e 400.91318 286.11256 8
e 286.97898 692.70422 10
e 370.21214 549.35315 10
e 383.70565 589.98117 14
e 391.50604 547.99698 8
e 254.63152 271.05762 13
e 280.95579 283.80708 12
e 282.68783 361.15985 9
e 293.14253 554.64404 7
e 265.56899 174.32724 7
e 202.47149 338.45990 14
e 359.71783 798.62389 9
e 226.16163 651.39778 9
e 253.02620 469.63271 6
e 249.80764 483.42976 4
e 388.41396 563.75689 9
e 197.46821 605.98913 7
e 361.87897 379.69439 7
e 114.03877 765.53535 14
e 348.52078 577.29012 13
e 282.68948 672.75445 10
e 248.55104 782.05916 8
e 217.03463 871.56820 10
e 256.90314 513.46758 8
e 196.00121 599.20781 5
e 364.04791 579.43319 5
e 220.20431 369.72310 9
e 280.88411 442.81483 11
e 251.83348 754.61993 7
e 263.45307 677.41953 8
e 148.53703 700.87063 10
e 221.69120 574.74081 5
e 298.98844 676.16112 11
e 245.56671 861.90941 12
e 340.40408 508.59814 5
e 344.11001 916.48313 8
e 282.22488 428.21529 5
e 319.73618 631.47637 13
e 305.57966 337.91461 15
e 454.35969 276.60120 7
e 271.34460 697.27084 10
e 501.06576 547.82438 10
e 324.11943 709.16373 5
e 327.75225 456.86667 8
e 310.85216 548.89921 4
e 323.96294 895.88547 11
e 321.49933 530.86152 8
e 438.51598 513.40532 13
e 277.85987 587.72064 15
e 318.83688 739.37411 7
e 249.81100 592.20080 6
e 350.36192 679.39388 8
e 190.18449 533.69517 5
e 231.52906 489.76138 8
e 262.97897 436.95761 7
e 288.20039 656.05731 7
e 308.22824 400.81305 6
e 321.17808 551.34383 12
e 318.70909 218.53539 7
e 266.29787 472.02941 6
e 441.54684 380.28133 8
e 216.47826 555.98374 8
e 231.25972 459.02958 8
e 317.36966 470.93773 9
e 312.72249 765.52307 10
e 223.42930 504.86988 8
e 407.15110 498.69372 4
e 288.46312 675.17294 8
e 480.78835 595.92791 8
e 348.07552 266.54827 13
e 469.33357 545.20972 6
e 219.09297 423.16487 10
e 497.92676 503.56614 6
e 350.42398 445.62186 13
e 307.14510 558.95276 5
e 188.81185 499.92226 7
e 410.26954 352.84110 4
e 408.76066 630.68175 7
e 178.24456 543.52721 5
e 217.94942 857.98128 9
e 231.31513 725.55579 9
e 234.41263 373.34009 10
e 251.04134 248.28571 6
e 231.46617 488.59365 11
e 397.09033 927.45596 11
e 325.20813 454.05937 3
e 299.37816 601.46746 14
e 222.69120 528.00335 9
e 232.71927 656.30278 7
e 377.57445 426.91081 7
e 216.37554 523.94828 12
e 217.99987 522.36330 13
e 203.70331 517.48556 5
e 196.43759 915.37670 18
e 313.39864 589.19920 11
e 276.22165 651.70656 13
e 217.69627 237.14236 10
e 238.66419 457.22002 6
e 268.65877 477.91024 9
e 274.40444 486.25495 13
e 270.71816 449.85020 10
e 367.74076 435.20733 6
e 352.41280 707.09920 9
e 126.82046 453.55070 8
e 186.00179 612.68161 7
e 173.92128 405.32638 8
e 242.19398 413.93700 10
e 179.84407 532.39571 12
e 359.51579 622.76026 13
e 240.59158 596.28951 6
e 193.56122 711.66104 8
e 293.13762 852.23631 12
e 250.22893 647.35788 9
e 326.01741 670.90114 12
e 240.22892 793.98549 10
e 213.40453 635.42073 9
e 363.91927 686.27883 7
e 303.22604 362.02293 7
e 305.48674 734.70686 10
e 342.31901 503.15469 12
e 282.65399 559.99664 6
e 186.28042 552.52032 11
e 88.19389 662.02799 9
e 254.26248 466.30394 5
e 233.81207 665.40325 5
e 248.13831 501.17598 10
e 389.93779 670.68506 8
e 400.83063 746.19200 9
e 216.65122 568.99984 13
e 179.57723 659.34201 8
e 314.05178 450.62878 5
e 376.63387 692.26344 6
e 279.00916 320.33367 7
e 224.64730 270.75717 6
e 293.70876 502.54766 13
e 302.45665 576.71221 10
e 197.71956 708.05239 7
e 465.24596 655.50024 12
e 272.87152 514.46145 12
e 140.95933 603.64256 11
e 308.50814 617.90943 6
e 305.83792 547.22849 9
e 330.88896 556.29046 9
e 326.83849 565.50991 10
e 407.34368 420.74440 7
e 253.13821 437.28130 9
e 382.25165 412.73222 13
e 229.82825 710.78058 9
e 342.48090 752.31700 11
e 151.62093 484.46717 11
e 216.95936 536.17039 8
e 249.84959 332.67143 4
e 216.73303 664.65977 11
e 419.00948 503.27534 7
e 367.85679 631.30299 6
e 222.18462 423.61333 15
e 256.61927 687.77610 8
e 254.81959 392.61485 10
e 407.37587 713.17176 7
e 83.91041 690.88752 11
e 267.98736 533.34047 7
e 221.99107 361.57841 11
e 300.92991 415.73614 9
e 234.64391 560.60018 8
e 332.72141 262.02765 10
e 314.07881 776.51287 8
e 280.22285 612.21707 10
e 298.76846 273.83592 10
e 145.60181 316.02303 16
e 339.49958 634.82770 8
e 321.46160 373.28758 3
e 243.84562 395.49253 7
e 357.86006 524.50991 13
e 207.05518 536.39846 14
e 207.61921 516.34663 6
e 329.86179 683.51223 7
e 396.28366 551.02668 9
e 100.64927 580.78838 9
e 241.14843 450.26160 10
e 374.42926 242.91918 5
e 316.32009 627.29440 11
e 419.21147 422.37127 15
e 200.28727 572.07994 7
e 449.16326 616.62033 6
e 226.59604 267.42623 17
e 220.69587 458.63046 7
e 412.39318 668.03351 9
e 178.63724 277.45398 6
e 317.20585 522.36766 11
e 158.30442 738.51262 8
e 207.88487 558.37344 8
e 136.41319 291.18577 10
e 180.71949 578.98412 9
e 232.35000 873.93343 10
e 184.39792 460.23382 5
e 303.69199 425.51710 9
e 210.93913 546.04451 10
e 295.70183 440.75750 12
e 449.52985 466.91118 8
e 267.72950 475.52210 10
e 307.86781 707.24710 9
e 238.91187 469.27110 5
e 344.44148 496.21411 6
e 395.93538 567.56304 9
e 171.85456 483.63243 10
e 407.40192 697.21209 8
e 297.14020 753.48650 9
e 386.50474 308.30417 4
e 304.64216 726.44235 9
e 255.48137 388.02338 12
e 316.21177 752.55388 6
e 314.76827 226.80357 6
e 171.14957 812.60088 14
e 288.01728 659.09041 10
e 289.81538 475.65098 10
e 328.45992 520.86922 9
e 286.84257 465.20498 6
e 276.23720 530.24402 6
e 235.20116 359.08133 7
e 415.46868 563.21334 13
e 220.59439 728.87232 7
e 399.84323 509.04561 6
e 218.11065 667.35276 7
e 304.80787 913.55539 6
e 257.59354 679.05632 8
e 195.84036 507.71598 7
e 32.39610 479.73119 11
e 312.31086 405.76304 12
e 381.21281 660.12233 9
e 327.97411 617.24062 10
e 310.37929 291.42238 11
e 158.29541 713.51264 9
e 365.33624 862.51877 8
e 504.11562 438.52214 5
e 311.63077 596.15638 7
e 363.18658 283.24454 7
e 322.99767 527.73979 10
e 213.35062 577.70182 9
e 185.59442 785.20310 13
e 254.60956 289.42198 13
e 268.88020 468.17465 12
e 251.12544 345.34287 11
e 242.04549 562.20663 9
e 129.50396 319.36107 13
e 451.98892 568.79352 12
e 311.75684 478.44206 11
e 340.18384 489.03920 7
e 250.16489 436.08224 10
e 184.70650 408.42182 12
e 308.09353 630.83327 8
e 23.16602 464.50351 7
e 288.85609 450.69537 5
e 241.12005 359.46820 6
e 240.10032 726.82096 9
e 305.91606 456.25811 10
e 237.68838 331.21985 14
e 216.88011 506.28933 13
e 189.75644 453.62783 10
e 214.16571 682.97871 8
e 352.75718 484.88963 10
e 389.45841 599.17534 5
e 232.89579 255.78264 16
e 225.25333 482.62635 5
e 271.63334 550.47246 14
e 285.56975 467.88636 9
e 302.48812 513.22388 8
e 375.66395 822.73404 18
e 365.65377 349.57068 8
e 196.26514 1028.43334 13
e 413.88767 378.68571 10
e 385.85592 727.41120 11
e 256.78371 638.20401 11
e 89.50000 427.02875 7
e 283.99081 377.24877 12
e 392.18584 692.46407 5
e 192.64527 776.93279 9
e 270.32603 712.24743 7
e 360.43683 500.12609 6
e 352.34914 603.09250 9
e 321.84534 310.48337 10
e 203.57765 447.04459 14
e 246.88146 595.95246 8
e 217.74038 522.68711 8
e 342.93576 678.25996 13
e 106.53833 824.65777 10
e 204.79429 765.45640 6
e 220.53941 389.09001 12
e 212.68817 361.72881 12
e 327.66702 392.10925 6
e 252.56111 498.99079 6
e 191.15780 274.59812 7
e 369.71921 725.57610 15
e 304.20911 426.33510 9
e 318.78582 640.77678 13
e 352.39230 781.74107 8
e 270.45419 483.92357 9
e 295.61335 717.97793 8
e 267.30990 770.56804 6
e 250.46543 483.49819 10
e 64.15284 443.33238 12
e 308.71905 512.42317 8
e 375.56345 417.30152 8
e 294.20685 451.75773 13
e 285.30690 453.11199 7
e 350.93532 444.10122 9
e 357.08609 891.94210 7
e 397.85455 600.89836 9
e 234.46068 605.61692 14
e 316.05113 605.12227 6
e 323.30838 716.03436 9
e 461.15035 766.62675 12
e 399.47380 708.11066 9
e 303.72296 590.55624 8
e 178.46506 552.93400 6
e 143.76075 371.85684 11
e 241.44401 652.25105 10
e 165.93498 739.06946 10
e 240.48182 804.00359 9
e 160.68225 271.26287 14
e 391.71124 497.82369 11
e 299.30379 768.56442 10
e 406.52762 634.71829 10
e 255.37066 690.76786 6
e 379.78417 608.08814 5
e 93.90533 478.03286 7
e 125.38584 743.29766 9
e 284.04148 388.88752 8
e 194.37034 604.80206 10
e 307.77291 745.15882 7
e 236.70844 474.55384 13
e 216.42726 536.55080 8
e 161.62508 841.43447 7
e 247.40764 660.54566 10
e 256.00523 706.89974 6
e 379.42057 797.48524 7
e 359.80949 280.70757 9
e 224.73690 634.50115 5
e 19.18073 136.99424 9
e 397.26298 360.92289 12
e 266.52662 727.31360 13
e 158.85786 574.74563 4
e 134.17473 616.08416 14
e 124.88837 619.85525 7
e 328.27800 406.76548 7
e 192.19681 436.89906 11
e 214.70339 529.82368 7
e 240.22705 378.69842 11
e 363.99286 375.58170 8
e 233.70601 643.11574 4
e 515.88074 641.36904 8
e 254.70133 777.20742 10
e 286.29361 719.41155 10
e 141.43613 652.33704 8
e 587.56894 576.57811 7
e 203.86322 774.50800 8
e 242.83263 604.82829 6
e 206.91884 547.70844 8
e 227.46094 537.88881 11
e 301.49042 609.48914 4
e 265.92239 368.03726 7
e 210.14952 216.72879 5
e 273.09633 562.85815 11
e 358.25655 574.89618 13
e 332.48575 624.19829 8
e 276.41026 697.26556 10
e 430.69951 629.74565 8
e 143.43329 364.00633 7
e 234.41144 579.42671 11
e 289.20359 670.28668 8
e 101.17482 456.12865 9
e 91.18148 397.62276 6
e 419.70105 509.12680 7
e 236.91496 381.48671 11
e 301.26080 575.13954 6
e 295.56065 588.47129 9
e 299.54491 181.52413 9
e 118.26873 642.92216 7
e 376.89970 577.07676 13
e 262.60714 707.02751 8
e 388.15106 398.96499 3
e 5.94158 902.84020 5
e 251.29895 832.68872 5
e 245.67867 645.46007 12
e 240.44898 609.47153 6
e 347.57568 348.54998 13
e 485.62928 574.07421 15
e 277.68142 539.87889 6
e 306.22751 529.26419 11
e 132.96396 509.65016 11
e 369.88225 521.13512 9
e 246.00001 229.89453 8
e 122.82207 456.27139 13
e 254.57093 483.90383 6
e 420.22789 430.12767 8
e 192.45036 676.64919 10
e 345.27849 553.19236 9
e 324.88948 678.43739 9
e 192.00391 206.16007 11
e 265.97927 338.25975 7
e 243.43754 553.04384 11
e 278.25852 555.49140 11
e 201.50205 713.51053 6
e 353.28339 686.95217 9
e 259.57553 502.36433 15
e 370.60572 526.87315 9
e 157.56777 452.25541 9
e 260.19198 701.78889 9
e 226.77338 566.91382 7
e 268.79527 713.39613 9
e 310.90227 347.53075 12
e 450.38890 769.45210 9
e 206.77546 639.01728 14
e 181.86171 651.57646 13
e 178.05825 431.04896 9
e 481.84869 741.39439 9
e 353.00298 434.25094 12
e 420.32719 456.98762 6
e 329.16801 525.49548 8
e 298.94676 514.32082 13
e 236.04454 441.92838 8
e 328.19981 740.26854 19
e 122.75467 410.72408 7
e 169.45501 284.41621 9
e 421.05130 753.78663 10
e 229.55227 613.53431 7
e 335.98182 582.70178 10
e 539.50012 413.12112 9
e 224.08325 379.82407 10
e 359.47060 755.98704 9
e 369.26569 462.45818 12
e 281.84736 689.13460 8
e 218.95611 521.22574 15
e 199.83753 711.89711 12
e 250.27203 595.72483 12
e 151.51908 823.27713 9
e 100.38006 663.55484 11
e 374.00161 460.53390 10
e 210.45387 530.84681 10
e 349.46076 511.55474 10
e 156.34303 608.42318 7
e 208.78871 332.01925 11
e 237.12000 255.55163 7
e 360.95866 703.00450 11
e 322.32401 253.75718 6
e 506.25755 706.47636 11
e 382.32694 797.64537 12
e 265.18241 776.27444 9
e 371.62676 564.17862 6
e 192.58011 321.30429 13
e 261.54386 790.30690 9
e 238.15688 629.83260 9
e 355.58453 786.83031 10
e 81.19096 675.39251 12
e 201.56838 319.32196 5
e 187.97034 518.96709 7
e 387.69949 494.24757 13
e 515.76208 688.74768 7
e 267.22135 457.23419 5
e 162.45515 532.14891 8
e 294.17277 378.36702 8
e 251.89722 594.88406 9
e 269.06761 579.33081 10
e 276.78415 756.17553 7
e 191.46510 870.74162 10
e 282.24656 333.31707 9
e 171.36283 295.83560 11
e 220.51089 554.65513 11
e 310.85909 587.75269 7
e 223.57448 719.46015 13
e 320.80838 549.63480 11
e 226.96970 465.46646 10
e 390.93431 426.53760 10
e 219.37187 613.05556 8
e 51.88823 547.86234 7
e 159.80225 490.38496 4
e 244.13133 319.34412 4
e 232.42621 673.03002 9
e 245.82592 460.67531 7
e 240.58100 337.11491 14
e 278.47248 603.17931 6
e 119.59415 395.40866 4
e 352.63381 241.50000 6
e 407.40143 683.45173 12
e 253.19655 531.38465 9
e 222.94559 768.13068 12
e 220.72978 527.74195 10
e 139.36109 869.04153 4
e 380.64323 365.39753 8
e 307.95456 503.01396 11
e 280.43957 801.11233 5
e 249.70135 434.09780 7
e 89.24461 571.43138 10
e 150.66467 328.20096 7
e 136.69448 654.18284 8
e 263.29754 647.10330 10
e 347.56548 272.62369 12
e 260.87865 652.64989 13
e 308.45610 532.50101 10
e 415.95362 666.97477 10
e 195.74193 313.13312 5
e 255.69041 819.43552 5
e 212.28410 334.39918 11
e 339.84112 529.03048 7
e 372.40441 240.62381 9
e 217.40075 686.03649 10
e 191.54924 400.33570 7
e 130.52975 680.74363 7
e 336.56309 637.00905 10
e 360.27468 547.89970 12
e 171.63011 458.44802 9
e 364.02030 518.77419 10
e 232.19977 337.02922 21
e 351.83905 604.56293 7
e 219.47512 610.88578 8
e 357.02570 287.46018 9
e 332.93494 797.44814 10
e 173.31383 585.15321 7
e 389.76144 533.51089 8
e 252.39126 453.58005 12
e 272.94675 678.02483 6
e 235.38150 568.12830 10
e 206.78793 773.02730 16
e 122.22029 677.76681 4
e 190.86913 562.30227 10
e 35.50710 644.84048 9
e 188.10563 238.96009 7
e 242.53612 727.58742 4
e 3.75145 543.53733 6
e 266.53539 532.36626 9
e 294.19961 301.90506 8
e 424.30792 243.46881 5
e 241.49391 500.67229 9
e 373.55185 758.82384 8
e 156.37447 621.01976 13
e 261.32876 479.29053 8
e 227.85100 414.50976 8
e 292.32082 369.79502 8
e 274.06458 533.79739 15
e 271.56170 531.22850 6
e 99.73117 431.16483 9
e 276.70186 424.83354 10
e 196.12307 551.69038 8
e 273.28471 380.34629 11
e 284.21358 390.93146 10
e 238.99261 283.16664 11
e 321.65205 512.48499 8
e 144.61326 546.39907 16
e 170.38306 696.18378 8
e 212.84029 731.98566 12
e 255.62303 726.74396 10
e 317.69546 123.83076 13
e 243.54793 687.10160 9
e 327.49917 623.40679 10
e 357.89950 614.47607 13
e 190.58801 229.00917 4
e 288.81263 714.71666 12
e 105.16307 605.55339 5
e 356.54317 668.55219 8
e 317.36169 274.08074 13
e 236.69324 434.04600 8
e 107.03242 744.69238 8
e 129.93978 713.08649 12
e 343.80955 440.93545 6
e 173.72820 477.51708 7
e 508.37888 518.24694 11
e 154.44639 551.02035 6
e 310.48452 675.71726 4
e 288.05317 391.82967 11
e 219.77460 557.76923 17
e 353.22879 867.42777 15
e 338.22828 636.50021 6
e 300.40322 426.70492 14
e 186.46764 550.16159 8
e 446.67107 469.78649 9
e 362.87597 507.72498 7
e 186.08597 544.88864 9
e 334.85251 478.83028 9
e 471.57678 351.54426 9
e 300.92239 296.79649 7
e 378.81875 469.70867 6
e 209.91991 408.24052 9
e 283.95436 441.62589 10
e 252.36693 803.34492 12
e 348.97676 900.62946 7
e 354.07959 554.53104 9
e 238.29327 522.06125 7
e 187.39754 367.02019 9
e 283.58854 253.01767 12
e 349.40387 611.24679 8
e 270.29816 968.75182 8
e 456.99701 996.97075 5
e 382.75773 943.21013 7
e 494.59219 853.36796 6
e 294.22296 965.17105 5
e 381.80484 969.30979 9
e 460.65285 859.28999 13
e 422.16741 822.02734 10
e 377.45434 1043.30284 8
e 431.35623 1023.32146 11
e 180.22557 717.77830 6
e 544.10999 780.93655 8
e 558.02692 899.25477 9
e 329.81098 822.64219 9
e 427.93994 911.50439 7
e 433.62414 746.96720 7
e 323.86696 873.67890 7
e 531.75910 1062.00260 9
e 207.17879 996.65296 11
e 532.89236 715.68333 3
e 318.32740 810.96192 7
e 338.93617 1008.40403 12
e 323.76245 820.34227 15
e 295.51673 974.66417 13
e 273.35606 863.98175 8
e 357.92721 945.17670 11
e 419.31584 990.37943 8
e 396.99650 1017.27122 8
e 386.93354 1060.67203 12
e 456.94518 1031.63831 13
e 410.18803 942.20681 10
e 372.76790 950.91121 10
e 556.87006 877.37969 12
e 451.88619 1007.55148 7
e 418.42616 913.47820 16
e 365.29983 820.88873 6
e 391.29082 924.53752 4
e 293.83492 486.92764 5
e 260.11346 963.51827 7
e 244.34676 1037.18138 9
e 441.33501 805.92731 5
e 404.19884 812.89407 9
e 361.95477 922.08493 6
e 147.59519 1061.84243 5
e 426.60632 888.01248 14
e 329.70212 1065.24166 12
e 399.34609 874.83374 7
e 461.65316 1040.62197 10
e 257.73680 948.40470 9
e 417.98179 795.96689 15
e 303.02099 857.72074 9
e 390.92874 971.28128 7
e 397.88615 883.13149 11
e 460.92938 879.03552 7
e 509.77930 686.70071 9
e 368.90287 830.81842 6
e 403.99770 966.69956 7
e 374.83289 767.03991 11
e 428.27624 826.01695 10
e 251.70344 733.09878 10
e 370.57892 1058.27793 7
e 536.54830 786.29193 8
e 263.81432 682.46056 11
e 487.12534 1008.98575 7
e 408.10415 1052.11394 10
e 355.77775 947.58760 16
e 414.33738 863.29539 8
e 401.59679 790.58661 7
e 390.74212 1026.25340 11
e 414.14778 1028.64168 8
e 413.99970 907.83646 9
e 360.44361 950.63481 7
e 348.59432 944.73403 6
e 387.78652 846.50157 9
e 396.75525 827.80515 10
e 443.98213 777.48185 9
e 510.20943 942.10743 11
e 524.58188 921.62522 5
e 262.95642 1033.35589 8
e 382.31051 943.06363 9
e 204.69877 1078.95222 12
e 411.44624 946.71693 11
e 448.71622 1040.43750 12
e 522.75008 800.13733 8
e 327.80158 993.60285 14
e 398.35670 1065.12163 19
e 442.69331 1033.27457 5
e 541.38963 995.50478 11
e 265.42868 988.43207 9
e 397.99406 985.37545 10
e 242.93233 945.98739 5
e 336.89312 1019.96399 8
e 293.31231 946.62875 6
e 357.10484 941.65902 11
e 448.74847 961.68753 10
e 440.93224 1011.16270 13
e 243.33368 1022.03236 8
e 462.53857 1017.77591 9
e 350.88887 725.87261 4
e 312.10217 784.75347 10
e 483.46262 735.34032 4
e 313.37435 863.91436 7
e 283.32936 1012.71159 12
e 501.33973 634.53457 8
e 238.09124 849.32373 10
e 598.25379 961.71799 7
e 366.64173 900.91201 6
e 329.94673 950.98515 6
e 630.48005 857.46864 10
e 433.78163 681.20229 10
e 430.59667 561.50577 9
e 399.55659 927.52411 6
e 385.79998 943.45763 6
e 519.61112 1003.05784 18
e 520.14289 937.86167 9
e 311.50036 739.48971 7
e 227.36169 744.81529 7
e 306.34355 866.56741 11
e 372.73320 810.27912 9
e 348.67593 962.60024 11
e 385.18695 891.56937 13
e 390.50611 1024.85778 5
e 355.14904 1039.21376 5
e 516.25619 951.76247 10
e 455.18545 896.21436 3
e 437.30152 823.05235 7
e 414.65680 1038.22285 9
e 431.05597 663.19464 11
e 581.33204 793.42435 9
e 368.21423 690.48602 15
e 263.52772 1012.74010 6
e 452.15760 895.80935 10
e 382.94904 1045.91301 7
e 377.23320 866.32946 13
e 310.67682 809.39679 9
e 425.25420 979.99138 13
e 327.32991 902.69537 7
e 483.54950 730.50871 15
e 428.31716 761.26361 13
e 397.60877 931.42460 4
e 429.72985 870.23821 7
e 270.23746 963.09809 18
e 234.73035 975.33793 19
e 371.39295 920.71320 14
e 454.22992 903.74798 8
e 250.52353 718.30868 8
e 462.24618 915.88260 12
e 468.49748 943.54723 6
e 318.36918 852.46067 9
e 326.00201 864.70950 12
e 218.81479 878.04873 5
e 350.79547 807.37730 5
e 526.45817 855.70754 6
e 404.06812 966.22690 10
e 435.72186 954.66765 8
e 292.39662 1004.88844 12
e 273.05132 1014.29520 11
e 42.53748 1035.83290 9
e 496.23827 987.97671 11
e 287.31404 929.38720 6
e 251.96354 905.66497 9
e 450.41817 866.71439 4
e 263.92274 906.09349 7
e 330.81337 748.26568 7
e 321.81807 958.52456 13
e 534.22593 849.69189 6
e 491.11297 918.39364 11
e 428.27607 1019.94149 5
e 464.21308 663.03042 11
e 357.03861 1046.78740 8
e 411.11794 766.91015 17
e 370.31024 774.78379 8
e 418.81577 911.11904 10
e 199.40692 703.27771 9
e 503.59680 863.12931 10
e 273.38753 743.96837 9
e 441.61797 933.15688 8
e 388.12566 769.18262 7
e 467.52968 930.36400 5
e 423.89456 1060.77496 8
e 413.13399 953.12972 8
e 396.10217 893.97926 8
e 332.04120 412.62958 11
e 402.79612 789.79689 6
e 253.06889 626.38886 6
e 402.63564 796.62857 12
e 381.67363 527.64823 8
e 362.81457 964.20586 11
e 482.41554 628.72364 11
e 416.72462 1069.86177 10
e 508.97745 887.27781 14
e 478.21622 632.31206 4
e 477.17948 847.96480 10
e 484.60272 906.93251 7
e 407.62383 798.44829 9
e 434.09555 936.63671 7
e 321.66127 935.81145 8
e 397.61814 864.02531 15
e 469.57838 1055.73292 9
e 365.36513 931.62134 8
e 385.36248 856.83499 9
e 445.33773 881.49543 5
e 298.28948 955.26873 6
e 398.75815 697.65318 9
e 360.92847 955.93160 9
e 116.60374 938.49757 7
e 256.43474 740.89238 11
e 439.63845 865.22539 7
e 405.58819 905.21088 6
e 318.66824 996.88037 7
e 221.21323 954.89136 7
e 359.11262 858.09397 17
e 380.98721 961.23970 7
e 388.35057 743.87315 9
e 161.45512 979.74464 2
e 417.63301 1011.81032 8
e 471.22945 1014.44279 10
e 321.45031 1062.08819 13
e 278.15442 997.94743 8
e 330.80439 806.42017 4
e 354.22438 1049.10863 10
e 318.01709 938.89717 15
e 241.81444 903.46135 6
e 474.53928 908.97881 11
e 346.09377 1069.62267 7
e 301.84539 932.89639 7
e 295.31205 799.06426 5
e 373.72576 776.52594 12
e 281.08769 898.72471 9
e 456.18882 787.78513 15
e 472.22842 762.18710 11
e 242.87949 729.65318 9
e 243.92156 733.74676 9
e 381.96877 1027.77581 17
e 478.28935 731.23781 10
e 325.90228 947.44976 6
e 374.12097 900.48979 15
e 404.57686 1055.27362 5
e 359.16696 1077.68092 9
e 255.28270 957.62057 12
e 250.71170 977.52130 12
e 268.48895 1036.51792 7
e 513.44888 922.66061 13
e 446.57261 1067.91350 10
e 354.43782 935.84150 3
e 660.41261 763.24282 7
e 349.94068 799.09850 7
e 307.23949 906.20577 11
e 409.37065 893.27410 14
e 343.32505 821.95694 7
e 470.44836 887.06086 8
e 338.11608 804.70862 9
e 394.60660 972.40736 7
e 192.98405 789.32770 9
e 483.30308 699.32057 13
e 442.16272 987.69138 8
e 330.39441 818.24169 5
e 430.75588 761.62930 13
e 286.36768 801.38595 14
e 507.46480 1033.36850 7
e 509.65692 950.44443 9
e 326.83914 826.11064 10
e 534.45891 724.26799 10
e 496.52931 1012.24235 8
e 393.57620 999.38459 15
e 348.81841 988.33341 8
e 384.66541 704.73880 13
e 451.19147 817.28599 8
e 517.08021 861.00935 9
e 463.65077 939.61424 7
e 533.48245 909.60217 11
e 480.73748 961.65498 6
e 364.18047 881.75942 12
e 303.70007 966.74964 9
e 406.74745 932.46679 9
e 394.15215 909.48145 11
e 446.25423 842.26167 5
e 308.66705 872.79825 12
e 385.91338 845.21063 9
e 361.33051 1009.36768 11
e 465.75800 699.72861 5
e 385.19295 835.78594 10
e 457.38428 883.12972 13
e 365.82333 983.53265 11
e 291.50205 945.63495 4
e 364.16029 732.75975 6
e 445.98745 1042.69856 9
e 298.50831 929.17134 14
e 471.63658 844.26116 14
e 292.00994 947.87517 11
e 208.52635 1065.32168 12
e 235.52458 746.86306 9
e 403.66735 990.17014 9
e 348.84753 1009.98976 7
e 538.91321 888.65552 7
e 446.26951 734.12120 5
e 278.16808 899.37703 8
e 513.18202 1037.31273 7
e 347.09972 805.48747 8
e 629.22888 729.57610 11
e 262.55933 505.14590 11
e 338.98747 892.17468 5
e 368.77561 845.17732 4
e 364.06656 832.41683 7
e 385.87473 1037.07737 14
e 366.03773 949.29855 13
e 374.46671 805.68771 13
e 343.84096 1059.77366 10
e 377.78996 784.28162 11
e 380.27905 749.88483 11
e 246.27220 1037.18126 12
e 573.63129 1046.45826 10
e 302.53286 712.38209 10
e 364.42139 855.21037 14
e 418.27827 1046.57911 12
e 388.13238 893.23882 9
e 320.41258 720.54268 9
e 558.29066 754.46662 9
e 346.80862 965.40567 12
e 259.36091 973.47367 6
e 397.85294 1079.81841 11
e 556.04283 894.52703 5
e 273.60991 811.44548 9
e 439.62975 928.54471 4
e 300.28719 814.73696 7
e 468.33847 790.63770 6
e 419.96209 869.20004 8
e 340.42236 890.13401 6
e 336.66153 1050.79894 6
e 186.72139 760.69833 8
e 467.46961 1061.51667 11
e 336.84300 829.62273 13
e 407.36899 869.32484 10
e 493.95236 795.34186 10
e 475.82065 923.76376 9
e 358.80848 1020.84943 8
e 362.13087 909.43252 6
e 398.08764 938.45265 14
e 377.44680 974.60076 13
e 401.69461 1062.03618 9
e 318.70258 964.14586 5
e 446.50872 928.23397 8
e 289.00414 931.66751 10
e 182.81992 968.30597 12
e 340.51482 795.74410 9
e 432.86897 1055.62235 9
e 307.61584 1048.82215 9
e 396.57831 860.85626 8
e 455.53775 925.91077 6
e 421.53567 853.92317 6
e 542.64999 872.82261 13
e 324.17451 839.57074 8
e 250.21203 654.87308 4
e 261.17609 1061.26651 13
e 412.37983 888.96099 6
e 419.03208 1001.13502 9
e 560.69023 1063.12745 9
e 310.51027 764.11586 7
e 470.59523 1074.35445 7
e 486.92791 1005.89662 8
e 305.72829 1017.18783 6
e 407.42167 926.20528 10
e 316.75655 957.82398 8
e 347.07345 751.44203 12
e 484.42704 1035.38959 14
e 393.40107 804.01165 11
e 421.58260 946.77548 7
e 375.82135 1025.76104 7
e 363.09291 902.75311 6
e 312.12925 736.73851 11
e 466.38906 950.49546 6
e 385.99670 979.79003 13
e 366.27239 1047.03204 7
e 503.78196 989.75899 7
e 487.20987 1045.29503 12
e 236.57048 840.90547 6
e 550.15612 666.50780 9
e 307.52707 971.23396 9
e 394.10528 509.72424 8
e 283.31607 762.56802 7
e 504.86562 729.26177 8
e 327.50416 674.86835 9
e 277.97693 601.53512 7
e 405.39489 784.49331 11
e 261.78827 830.90034 9
e 281.38476 586.96495 4
e 493.47953 964.38450 7
e 345.83048 893.08922 8
e 420.29728 785.90838 8
e 298.91014 606.30300 11
e 253.60792 833.03180 13
e 220.13115 909.93820 10
e 440.10339 857.72756 9
e 341.19613 861.48048 11
e 341.36049 910.61295 12
e 473.83096 772.87027 3
e 417.96096 986.61630 7
e 415.73179 776.78831 4
e 347.28970 1078.17401 7
e 422.08304 768.55963 10
