c ./output/rectangle/gaussian/gaussian-rectangle-5-4000
p rectangle 4000 720.00000 1080.00000
e 181.20511 207.53452 14
e 358.15279 126.80247 10
e 418.16091 239.90483 10
e 306.23451 110.86995 12
e 408.75323 172.07097 11
e 638.30091 178.27075 9
e 434.82293 103.88716 8
e 458.16315 122.67014 3
e 317.41512 125.63757 9
e 228.20041 386.95827 7
e 331.59684 165.90001 14
e 395.93602 87.24906 9
e 247.83489 28.46499 7
e 174.56708 241.71790 7
e 432.06843 228.55410 10
e 205.59806 306.20440 7
e 309.43432 8.99601 11
e 318.33125 243.97399 6
e 382.47740 5.98455 8
e 392.77068 366.73726 7
e 329.37620 29.32034 10
e 246.43444 227.49378 11
e 448.41504 294.11609 8
e 191.86712 123.99253 7
e 326.66051 138.30895 8
e 420.69420 127.60066 8
e 323.51263 78.97093 7
e 454.20600 249.09555 5
e 316.52546 178.40526 6
e 325.84913 0.13845 14
e 63.55601 113.37735 9
e 385.87904 19.55981 8
e 234.61714 197.90864 10
e 259.45466 61.47669 13
e 341.58853 164.66721 8
e 323.93987 256.87939 5
e 227.00734 126.41900 6
e 364.81649 111.41923 7
e 442.20975 126.12834 8
e 150.51462 115.15162 11
e 468.93047 154.60707 9
e 394.27479 187.10879 9
e 342.06761 73.23577 11
e 338.53367 179.72413 10
e 303.90709 327.00879 13
e 346.80344 18.94015 16
e 269.93625 241.23640 11
e 234.14152 169.96707 9
e 341.30270 10.16229 9
e 327.96013 165.41796 9
e 265.14231 140.86873 16
e 335.17378 0.86099 5
e 114.56384 83.36598 8
e 281.88533 20.60694 12
e 432.47326 164.12165 6
e 146.60126 404.38756 5
e 306.72139 145.71856 10
e 329.38737 126.23221 10
e 331.85179 134.28016 15
e 432.74097 271.53146 8
e 329.41758 241.97064 8
e 316.22417 262.50902 9
e 419.83366 75.37873 5
e 331.51151 352.77361 13
e 406.92516 123.50055 6
e 203.22583 4.67559 8
e 353.57826 235.95050 8
e 151.88759 385.91050 10
e 298.99873 73.65353 13
e 365.18825 98.80236 11
e 314.06153 106.17330 12
e 434.83255 135.18406 10
e 226.81142 237.28970 7
e 180.72932 211.94074 12
e 306.01063 202.01409 5
e 417.82281 211.54897 6
e 463.50131 148.90769 9
e 339.91007 166.42120 5
e 365.22823 45.76481 8
e 409.63573 120.27123 8
e 209.42285 233.12226 11
e 242.17371 155.96203 8
e 437.79957 61.28305 7
e 219.04465 119.81254 9
e 326.12085 61.12240 12
e 178.99006 142.62582 7
e 382.27519 92.98336 12
e 262.92557 54.70820 11
e 233.68746 119.69180 10
e 447.75707 80.26851 11
e 434.16436 238.60528 15
e 359.41510 124.55642 4
e 213.46504 185.33567 9
e 355.57960 275.23705 13
e 306.26870 134.81289 10
e 290.69966 25.64052 14
e 421.53690 51.92495 8
e 312.06024 46.41895 13
e 394.38702 175.45110 9
e 256.69035 120.51117 9
e 256.49560 176.98428 12
e 347.23521 254.70424 5
e 410.39414 13.74197 9
e 311.90125 183.89310 11
e 380.33866 111.81243 5
e 297.65805 31.35778 4
e 244.71269 216.31428 8
e 359.62839 118.04790 4
e 359.60474 117.17553 11
e 223.89706 159.74261 8
e 331.13920 6.70185 11
e 336.66443 191.93673 8
e 237.29410 225.11252 13
e 334.46031 155.25009 7
e 481.19612 114.38212 12
e 233.29125 304.50148 12
e 408.07248 109.44574 10
e 182.37957 100.17508 7
e 504.38339 9.68129 15
e 359.21001 69.39380 11
e 383.65929 126.83207 7
e 328.25167 174.35886 12
e 196.67070 106.54524 8
e 358.55824 205.94766 12
e 404.67579 154.21467 9
e 417.10747 38.02974 8
e 174.74134 219.07943 12
e 167.42414 108.70054 8
e 305.24236 94.88569 10
e 412.23138 17.57517 7
e 333.63463 204.17686 17
e 453.23313 4.41490 11
e 373.81535 171.03099 10
e 352.67268 76.79341 11
e 371.17863 247.29440 8
e 260.97177 119.23178 8
e 381.30996 14.65340 12
e 233.18750 103.61348 13
e 217.94400 52.88419 6
e 278.68543 318.40200 10
e 182.07260 230.30534 9
e 295.47159 190.12083 10
e 490.77888 279.29128 11
e 350.15578 374.12344 5
e 387.14351 118.89845 9
e 536.74965 122.04513 13
e 223.09455 120.62085 10
e 429.16262 55.32902 8
e 215.85151 18.18883 6
e 216.82808 162.62882 14
e 352.97280 57.45140 10
e 503.53096 220.61504 11
e 175.67141 19.06240 5
e 152.48131 73.24949 9
e 473.74196 97.12680 8
e 289.92362 125.43020 8
e 468.21331 154.56808 5
e 201.45880 113.13823 12
e 394.34538 221.89907 8
e 375.38196 358.85685 5
e 329.70956 167.19794 11
e 269.61299 63.59720 13
e 497.02293 32.68882 11
e 342.55407 54.05164 10
e 239.39206 195.26373 20
e 290.32689 60.15568 9
e 466.60559 65.96861 10
e 421.07125 78.90058 15
e 453.62266 353.04194 9
e 286.74849 186.30175 7
e 283.84498 224.69707 9
e 116.62365 208.36908 11
e 257.10212 380.51558 12
e 273.32315 119.36802 9
e 182.89940 132.45007 6
e 345.99632 194.54376 8
e 382.85022 261.65732 9
e 193.98568 39.96888 5
e 353.73977 53.14185 10
e 316.17883 73.94162 7
e 451.72158 92.34234 5
e 346.24304 178.97339 6
e 347.42067 283.48025 7
e 426.73260 44.88799 12
e 464.23949 93.39095 7
e 365.87803 77.24167 13
e 393.19847 65.27621 11
e 244.35470 93.93292 9
e 336.35402 62.02089 8
e 314.51908 14.88973 9
e 298.45625 180.57683 12
e 209.87820 189.27060 10
e 230.44200 120.81634 8
e 302.31668 364.53855 13
e 242.27912 47.29388 9
e 267.62345 25.91409 4
e 330.20882 125.57079 3
e 241.33957 69.71569 13
e 367.74972 138.47477 15
e 273.69391 254.75519 9
e 456.05974 63.45813 3
e 350.85380 211.90383 10
e 157.37710 71.76934 8
e 308.03853 112.52346 9
e 296.20736 333.20367 13
e 426.62012 100.48692 8
e 404.71369 261.81617 12
e 394.37012 44.76439 9
e 281.16813 87.34792 9
e 325.28807 332.67395 10
e 572.33672 118.91792 13
e 409.10788 189.19733 8
e 254.84895 185.68629 7
e 368.08909 0.85739 7
e 199.09597 397.06600 8
e 345.27525 55.82232 4
e 576.32065 97.85189 10
e 401.50800 161.93132 8
e 384.25280 151.12499 8
e 326.07816 314.38517 8
e 350.99529 168.51266 8
e 364.42735 173.25919 7
e 329.73068 31.26432 14
e 313.59392 81.54214 10
e 343.42664 55.11590 17
e 363.45724 121.82279 8
e 404.14478 344.10641 5
e 217.68209 387.33888 8
e 368.51891 122.43631 10
e 240.48773 71.38339 9
e 313.03325 136.98838 8
e 296.72674 194.55290 9
e 363.67419 248.64844 9
e 393.80139 30.42562 11
e 215.64581 72.34393 13
e 361.41642 44.84723 19
e 131.86122 57.74807 14
e 429.65910 9.95249 8
e 434.23617 115.83654 12
e 331.44265 216.57140 21
e 349.70061 46.79761 8
e 274.44519 93.21982 11
e 391.23517 4.19517 10
e 230.22091 127.09756 13
e 248.96008 319.34839 10
e 365.14524 201.43927 7
e 302.62035 139.94386 7
e 316.48162 115.23939 9
e 396.48243 36.87798 14
e 122.56473 285.96626 10
e 424.70591 297.54193 10
e 362.69861 130.78516 9
e 341.75757 99.87801 9
e 427.75183 85.40070 12
e 228.06454 25.37408 8
e 311.90923 220.60697 17
e 443.08065 137.58279 12
e 282.95750 124.01709 7
e 372.27436 218.23192 6
e 248.55682 17.38722 9
e 369.70198 37.19040 14
e 137.98835 60.86181 10
e 332.69140 71.20291 11
e 205.81453 0.71890 10
e 409.89039 152.61174 7
e 400.81664 203.99012 8
e 195.50249 68.02190 6
e 291.72871 37.04555 7
e 290.15119 4.32733 12
e 276.74009 168.77503 14
e 352.00298 225.61963 9
e 425.60131 64.08886 10
e 211.58461 67.86243 10
e 438.76829 172.72115 9
e 146.49868 31.90417 11
e 335.32709 92.09202 16
e 406.00388 59.64753 11
e 352.07319 75.51165 11
e 329.75908 319.91482 7
e 332.69683 161.42440 14
e 327.80999 87.49385 10
e 323.00691 148.90836 16
e 399.29548 159.02637 5
e 360.30002 76.47041 6
e 206.79251 183.88117 9
e 367.47823 346.80216 6
e 298.85394 221.74160 15
e 400.87839 281.12458 10
e 326.41744 11.81950 6
e 292.05676 108.14396 8
e 385.57461 55.49216 8
e 418.86109 432.85264 7
e 426.98804 363.04314 13
e 397.45792 217.78224 9
e 380.93535 9.20206 9
e 354.84793 90.19639 8
e 403.56658 103.73732 7
e 258.59710 108.51551 11
e 346.66906 121.73814 9
e 357.77680 94.54152 13
e 470.70017 153.18530 8
e 422.24201 103.92589 10
e 417.64567 6.21746 7
e 84.45962 62.58702 9
e 252.28924 175.52275 7
e 285.84063 255.69035 8
e 343.16651 84.59538 7
e 240.28189 139.57934 13
e 330.96617 74.15579 13
e 377.59775 40.69528 18
e 407.39269 77.16177 13
e 285.38248 107.67553 4
e 213.26902 317.13589 6
e 435.28436 180.67660 12
e 452.71905 255.83379 5
e 357.50104 271.81586 8
e 378.98753 367.20884 6
e 318.19381 14.75048 9
e 342.05319 48.38547 6
e 329.89178 202.98212 8
e 242.94302 226.49210 5
e 266.13165 278.94317 9
e 389.91483 44.40132 7
e 378.73098 300.41097 7
e 216.83085 52.68883 11
e 307.20791 142.61494 14
e 579.46022 182.29445 5
e 328.58900 53.01263 10
e 441.85182 63.73981 15
e 243.50553 64.48380 10
e 483.77157 97.84110 11
e 224.41778 41.61914 12
e 422.06242 227.34271 7
e 342.56748 123.64189 6
e 452.09454 82.36790 14
e 197.56455 45.65580 7
e 328.02501 183.08178 18
e 285.97635 160.50654 8
e 293.09064 93.79117 9
e 362.45442 116.51692 6
e 389.05196 85.29802 7
e 342.91718 256.70049 7
e 419.84310 40.81639 18
e 435.26610 143.70980 8
e 455.95713 47.74613 6
e 332.76775 259.85925 12
e 419.72391 45.56498 9
e 186.30331 237.07309 4
e 403.81219 186.42469 7
e 339.82200 59.65275 9
e 162.59497 92.72734 8
e 256.93356 234.30382 13
e 314.50028 107.35292 6
e 247.57306 148.28572 12
e 407.08682 26.12006 5
e 334.10313 21.59471 11
e 307.48633 58.12901 10
e 272.70882 64.23405 13
e 454.46740 146.92832 8
e 393.16347 41.61282 10
e 309.55047 61.86053 11
e 313.01034 126.38271 9
e 359.34459 177.58167 17
e 258.99174 48.98489 4
e 554.71397 54.17224 10
e 152.58595 287.17783 6
e 374.25868 92.16482 9
e 352.12372 49.95949 9
e 405.70242 193.07782 8
e 310.16857 107.71389 10
e 183.78011 60.83395 10
e 440.89945 48.34668 8
e 358.55476 58.57572 6
e 335.34495 31.78781 5
e 385.75002 210.48937 6
e 315.89743 248.19168 8
e 334.49570 46.67205 12
e 323.08519 125.63886 10
e 193.92599 349.74326 8
e 224.70290 145.35527 11
e 364.16736 44.59572 16
e 501.90125 70.93581 8
e 400.54004 32.03950 7
e 304.45602 35.73140 5
e 176.21927 296.33594 9
e 382.83435 108.92403 6
e 418.04842 44.66038 6
e 469.18653 380.39984 6
e 439.62462 47.99405 15
e 201.37693 153.07630 14
e 266.74706 71.71697 12
e 381.04793 250.38156 6
e 250.95269 22.88783 7
e 345.81920 33.04294 12
e 209.68160 152.63944 13
e 331.60829 49.88652 6
e 336.26716 13.36568 13
e 437.05733 197.41037 9
e 376.46100 58.22327 6
e 368.02766 134.25742 6
e 266.94281 17.51272 11
e 288.64737 276.59189 12
e 434.69943 190.10027 6
e 292.03545 16.70674 6
e 328.90885 95.78074 15
e 380.18466 352.59873 9
e 320.50296 130.45089 11
e 471.84646 306.35464 9
e 508.60897 26.25728 12
e 211.66479 42.16078 5
e 436.80197 139.46846 10
e 332.30449 12.73377 8
e 224.31873 60.99508 9
e 378.27926 283.16828 7
e 417.28367 308.60657 7
e 219.98420 128.57509 7
e 341.43608 160.16865 9
e 344.44478 88.54498 8
e 303.03293 371.23556 16
e 326.08306 89.06972 10
e 164.17830 262.19525 8
e 281.37308 251.36509 12
e 315.61878 86.76017 9
e 447.93142 84.13470 11
e 260.20438 71.24040 8
e 461.46713 127.63525 9
e 451.06850 117.17389 8
e 337.51829 126.13605 8
e 345.81606 272.65356 5
e 447.78551 126.29820 8
e 183.70065 17.25432 12
e 296.60358 203.83563 9
e 269.22605 161.01403 8
e 502.92229 295.48366 6
e 333.31901 177.64864 9
e 226.59717 272.01391 6
e 459.84161 245.52590 11
e 276.67535 96.12797 9
e 370.33678 51.38809 10
e 289.61342 16.76845 10
e 212.64877 204.51507 8
e 370.77427 237.39187 10
e 458.43174 82.19263 7
e 225.32403 5.64918 11
e 426.97129 66.36903 9
e 316.83893 179.53737 8
e 331.77382 348.31299 11
e 199.87673 85.52735 5
e 413.48508 212.59368 8
e 308.35679 30.98150 10
e 338.90655 21.50336 10
e 306.15053 125.67411 12
e 345.77665 303.98087 10
e 490.59459 12.70448 8
e 450.39091 340.49114 12
e 256.48039 116.19887 5
e 357.32751 22.73692 10
e 281.12633 178.18097 7
e 196.17702 108.44623 5
e 152.29049 168.42090 7
e 327.91720 133.19289 4
e 269.55575 191.30977 13
e 327.54975 174.33413 10
e 355.49459 213.65687 10
e 384.17560 363.17958 9
e 218.75766 10.48969 6
e 506.90948 101.28001 10
e 318.44121 72.85928 5
e 455.61975 369.14296 6
e 370.12909 176.75318 11
e 391.12520 203.43509 5
e 327.12644 106.97182 4
e 411.28032 91.49548 5
e 196.68904 198.81721 5
e 336.20167 32.14951 6
e 471.93654 169.87856 7
e 377.99534 17.49548 9
e 373.53634 341.75645 13
e 455.53839 128.59923 8
e 504.42286 160.74791 14
e 184.44393 87.83238 17
e 421.36508 37.48598 13
e 248.78566 166.82468 9
e 383.18413 30.72625 8
e 268.62299 224.78989 9
e 446.12080 186.83902 7
e 203.04484 167.24093 12
e 271.19900 169.22189 9
e 188.00132 85.46121 11
e 302.75664 112.59314 11
e 397.01766 166.99486 4
e 392.83071 160.74375 12
e 307.10004 181.23585 13
e 348.31982 156.24070 14
e 333.56068 106.51482 10
e 274.77007 85.35567 9
e 271.07380 103.55997 5
e 409.82189 41.66419 11
e 180.24628 192.69815 7
e 468.50093 148.78218 11
e 318.75937 103.27389 11
e 231.18803 273.41125 9
e 339.13712 28.90114 16
e 448.78447 335.88832 5
e 350.38479 109.08514 5
e 407.55884 3.25796 9
e 551.98187 66.41979 9
e 327.12261 379.90939 11
e 229.44160 107.34671 7
e 334.78504 75.93927 11
e 284.24014 125.81775 7
e 486.49822 104.68156 12
e 305.52910 162.25243 10
e 272.64028 179.63300 7
e 295.33745 194.46862 13
e 370.72484 71.70199 8
e 432.11723 117.76118 9
e 291.36106 47.06955 4
e 454.08208 49.97726 10
e 351.40912 154.38163 11
e 173.97125 139.28395 10
e 278.84158 44.42393 7
e 289.15325 225.79597 11
e 522.27435 319.89644 11
e 254.74903 55.70560 7
e 292.56887 0.25603 9
e 439.19057 15.17843 13
e 250.94661 76.94357 11
e 379.09143 13.37065 9
e 294.55263 161.93563 7
e 379.63033 57.01328 6
e 383.63026 27.12049 10
e 158.10287 251.88808 6
e 362.74661 213.29769 10
e 271.69911 129.87800 10
e 564.89219 323.23131 10
e 254.32805 105.68280 11
e 272.49189 241.38103 4
e 404.76040 177.59823 11
e 419.78360 193.43470 7
e 385.20826 11.53227 8
e 241.87652 29.01022 8
e 348.36490 391.15225 7
e 255.16647 154.65202 9
e 359.21702 163.90425 12
e 539.31471 71.44119 9
e 369.69032 51.77441 14
e 613.57184 69.01831 8
e 151.37272 243.36951 5
e 387.73742 33.18793 10
e 321.99003 49.44022 10
e 203.72989 37.94394 11
e 354.78342 69.04897 7
e 394.11930 23.81878 7
e 439.61021 173.03934 7
e 421.82893 202.01733 12
e 230.26567 306.47293 12
e 383.37045 198.86854 14
e 269.32190 116.24290 11
e 426.94761 34.00789 9
e 387.76952 201.99986 12
e 198.76938 84.56960 9
e 380.78607 232.26287 11
e 142.65193 174.71120 11
e 266.80051 22.85533 10
e 343.64776 329.10225 6
e 469.94106 52.33289 9
e 301.34046 279.73925 8
e 331.48911 70.18597 9
e 288.72814 30.98552 9
e 342.59354 206.77372 9
e 415.65782 46.92521 11
e 316.30588 181.39041 9
e 140.72417 89.81502 10
e 363.18406 224.61629 8
e 237.66256 456.00907 11
e 308.93644 244.76233 11
e 218.01059 141.80987 6
e 464.23318 50.10340 11
e 401.48740 148.35522 18
e 279.29065 38.82863 10
e 367.65092 19.34057 17
e 366.36546 179.18831 6
e 362.96261 182.81474 9
e 231.79406 25.98033 10
e 299.74224 10.67644 7
e 380.40579 161.45834 6
e 340.34268 191.39691 8
e 397.46316 113.03755 10
e 390.30432 216.72849 11
e 462.57219 303.91584 16
e 205.30955 103.85479 5
e 336.35011 61.08355 11
e 222.12581 61.88968 16
e 310.24543 288.69247 7
e 252.41429 82.11483 13
e 327.54375 2.94686 12
e 348.23919 215.30356 11
e 500.11797 7.72896 8
e 320.15559 203.57573 11
e 531.68348 183.90497 11
e 467.28224 251.45076 13
e 383.28251 49.48973 13
e 352.60853 81.11228 9
e 346.47367 224.65496 11
e 352.60241 107.35904 12
e 320.77995 194.02568 5
e 370.23213 108.41030 7
e 347.68137 78.11807 7
e 458.99734 176.78563 11
e 252.14854 60.52633 8
e 322.22736 244.31360 6
e 472.88604 101.10464 11
e 315.89946 23.08887 12
e 340.36594 292.92946 13
e 385.94400 93.02758 8
e 305.61550 333.36596 12
e 292.63834 246.20258 9
e 357.90383 59.41743 8
e 279.47053 167.26267 7
e 519.08383 294.37040 11
e 333.94458 108.32168 6
e 213.43738 136.27593 9
e 424.66082 157.36388 8
e 300.95918 164.00211 5
e 345.67448 129.69732 7
e 135.49448 4.76689 9
e 231.66471 30.98836 11
e 416.76859 89.19996 8
e 338.09995 129.27042 12
e 158.57729 84.51692 8
e 215.50188 206.25975 5
e 387.47913 101.56868 11
e 325.68682 34.17419 16
e 192.27732 10.31418 6
e 411.11109 115.16470 12
e 196.23469 81.54412 6
e 231.66533 84.72404 16
e 276.58926 130.78467 7
e 203.08048 205.79274 10
e 230.91818 202.24505 8
e 367.93570 109.77886 11
e 300.40290 22.56038 14
e 268.05462 217.48028 8
e 457.22115 142.89903 2
e 343.97614 128.96587 7
e 288.94392 50.51146 9
e 202.50620 185.29810 21
e 371.56411 293.34466 9
e 207.94416 64.66435 8
e 277.25832 165.19176 20
e 255.19064 49.36520 8
e 279.83678 57.34758 7
e 147.89980 189.39513 10
e 275.28721 110.74174 11
e 104.86195 248.92913 5
e 142.69703 210.24230 7
e 262.97960 447.36991 11
e 190.44555 129.08411 11
e 512.15491 154.39117 10
e 401.50190 28.90692 10
e 355.21673 129.92802 11
e 505.92193 414.79804 7
e 528.23259 41.88293 8
e 267.16556 64.20336 8
e 452.05907 41.13592 6
e 243.06188 57.14922 13
e 441.94380 178.38362 12
e 325.24238 11.97202 7
e 303.56365 67.23769 7
e 510.90656 250.71102 7
e 309.24128 103.35404 6
e 412.94762 179.22833 5
e 269.29162 185.28054 12
e 424.60858 101.17728 10
e 335.71102 98.77230 8
e 358.64090 137.75357 12
e 265.73379 335.68548 10
e 281.10141 240.57368 5
e 141.12522 325.28181 12
e 420.86945 210.69184 8
e 317.41802 4.29962 10
e 256.67773 211.74596 8
e 455.74779 207.19671 11
e 386.70202 30.15140 10
e 475.26093 264.82088 11
e 401.96317 421.79869 4
e 242.98844 222.24211 6
e 387.45171 157.03052 10
e 173.87801 94.49166 6
e 365.47040 33.99636 8
e 386.15203 119.46335 12
e 467.87305 70.24390 8
e 271.80229 139.55830 11
e 198.17106 13.25590 10
e 274.52622 190.41264 11
e 123.21270 271.87909 8
e 395.82956 16.06048 8
e 319.08918 21.85523 10
e 259.00130 21.94110 8
e 499.82329 28.12129 11
e 234.84691 19.48331 11
e 388.68363 200.37183 12
e 271.00205 91.83248 12
e 347.69268 186.92790 9
e 339.51932 178.41284 10
e 318.29901 160.52685 7
e 307.56278 98.32732 9
e 509.97493 147.16233 8
e 348.65895 102.06224 14
e 178.97103 31.24851 5
e 286.99057 62.86286 7
e 267.56393 313.02748 12
e 329.47190 80.66321 8
e 424.19784 177.34724 17
e 354.32497 25.94614 11
e 211.30009 264.89657 10
e 198.22742 198.59845 6
e 335.96391 139.33923 7
e 290.94508 21.12935 12
e 218.37470 67.53429 11
e 497.67447 13.14289 5
e 242.94937 144.39279 11
e 429.83626 184.84745 5
e 342.67650 9.72116 9
e 233.57250 522.49078 7
e 393.22767 152.43618 7
e 233.41703 132.67007 9
e 346.28746 324.51616 9
e 232.64066 10.60388 9
e 291.98852 205.51836 9
e 193.61877 88.21305 6
e 298.30501 142.65342 8
e 199.50764 153.65656 9
e 365.23382 106.06706 8
e 362.97693 99.14323 6
e 336.51613 238.52600 8
e 339.34937 89.25516 9
e 366.81512 202.19997 8
e 323.68560 10.73869 10
e 227.88447 303.80194 8
e 229.59853 55.57992 12
e 412.91499 136.60584 8
e 283.19894 1.86168 15
e 523.84116 297.70456 6
e 321.49577 106.66159 9
e 384.89569 396.99151 9
e 476.98692 19.69893 6
e 291.19383 76.44248 9
e 339.84452 351.16863 9
e 278.97108 47.80493 13
e 320.72546 28.69881 12
e 333.91655 110.29299 8
e 291.27506 300.85234 10
e 321.52578 94.43076 6
e 425.36522 107.72787 5
e 301.12017 135.52016 9
e 310.87346 131.16031 8
e 320.44527 117.47117 10
e 261.20179 84.00525 15
e 283.80624 375.12830 12
e 284.04608 291.45400 8
e 402.00501 218.88067 11
e 345.60308 72.82170 10
e 252.65558 161.75998 6
e 333.81284 235.51586 9
e 307.58564 153.13341 9
e 241.12842 189.40288 10
e 447.27053 112.42786 14
e 302.00817 51.10630 6
e 318.67543 163.35858 11
e 252.44599 134.60144 6
e 189.75020 182.33525 10
e 396.24042 255.32153 9
e 236.27048 96.90447 15
e 288.28786 276.38344 9
e 343.56906 160.50826 10
e 416.67132 234.30107 7
e 283.16302 171.68349 10
e 278.21759 55.26501 8
e 395.49888 141.12581 7
e 380.41023 282.99689 12
e 413.92423 249.96543 4
e 288.39301 140.53214 11
e 174.78624 202.08439 8
e 476.06102 50.34892 11
e 289.88646 104.17371 7
e 241.47598 156.86137 6
e 387.93313 17.82518 6
e 429.73171 201.34097 7
e 190.18562 48.50916 5
e 236.36794 91.91659 10
e 390.75902 93.55614 14
e 234.13247 151.37155 10
e 223.07594 249.43286 7
e 250.69822 102.17308 7
e 332.80048 74.52196 13
e 413.69893 186.71698 10
e 190.11955 17.92174 8
e 360.35683 106.28445 17
e 156.52724 87.98850 8
e 337.00786 211.48148 9
e 238.34223 314.05179 9
e 325.45574 11.32122 10
e 404.84462 32.63369 8
e 411.10761 185.12109 7
e 369.06070 313.20210 10
e 432.63010 101.98919 11
e 433.59035 42.18191 10
e 338.15213 162.40381 5
e 340.93333 22.32197 13
e 332.10624 228.71728 10
e 416.44636 45.93600 10
e 358.72987 169.10992 7
e 377.77264 131.69651 7
e 363.16063 30.17592 8
e 442.45495 125.96076 14
e 278.45158 107.81797 11
e 291.26870 129.96456 7
e 394.35094 111.58830 6
e 210.76502 17.46187 17
e 448.70069 48.41926 12
e 157.52481 24.86685 7
e 263.63798 9.40266 8
e 277.31627 109.48733 11
e 331.18506 26.88440 5
e 386.94970 70.59616 5
e 315.21040 188.10365 9
e 154.05547 224.21629 10
e 192.52467 208.07964 7
e 328.88524 326.37524 12
e 271.84145 166.08751 7
e 246.65167 315.12186 7
e 122.40529 230.25273 7
e 491.43704 10.85785 7
e 464.12263 258.38684 8
e 387.85581 172.42896 11
e 296.97274 15.46213 11
e 195.33781 86.28108 10
e 365.92786 65.32635 9
e 527.91978 65.23729 10
e 109.89683 114.24531 9
e 218.41758 53.74744 11
e 303.90519 155.93124 11
e 250.93585 43.13069 10
e 449.28979 138.71960 19
e 435.29001 188.60751 10
e 391.34380 30.79747 5
e 320.46602 51.22949 13
e 328.22310 188.08043 5
e 351.27256 144.82046 9
e 300.86937 55.80773 8
e 288.20926 13.13437 7
e 310.81721 42.29459 17
e 375.75831 196.96741 4
e 416.57929 205.79520 11
e 307.25470 65.19161 5
e 174.14895 202.84016 8
e 323.13142 62.49698 15
e 393.57729 89.98690 8
e 168.82435 93.98105 7
e 169.73127 111.85685 7
e 375.77612 13.54076 8
e 240.70391 84.31092 6
e 335.38489 90.80920 8
e 327.37236 269.93022 6
e 188.70530 252.70317 10
e 404.15752 163.31214 7
e 349.48479 104.66025 7
e 282.20124 333.58652 15
e 146.70484 94.05230 10
e 221.21678 93.17368 8
e 572.05584 98.47471 12
e 223.31582 60.30228 9
e 342.68659 124.84068 9
e 231.48357 135.80391 15
e 317.05035 159.88687 12
e 196.69195 123.52622 9
e 460.86962 93.12048 7
e 360.81601 77.16866 5
e 186.73621 33.73097 6
e 432.91049 94.08953 14
e 227.98181 70.86670 9
e 262.06455 223.55107 7
e 536.03785 147.99978 5
e 372.68172 95.76617 10
e 376.47181 222.75452 12
e 317.65031 194.14021 7
e 302.61070 88.23859 7
e 466.22234 47.54891 9
e 461.36748 95.26079 8
e 625.13734 57.89671 13
e 258.10220 53.51497 8
e 183.83819 193.49663 7
e 356.38583 57.58018 8
e 292.20844 197.35796 8
e 318.47051 151.19795 7
e 310.27470 193.27583 9
e 309.96028 227.95397 7
e 278.01721 99.23679 8
e 313.00020 128.24989 14
e 390.23149 240.50753 9
e 458.54761 89.33342 10
e 449.29725 51.74425 9
e 219.54386 92.77135 10
e 217.36657 71.93767 9
e 291.10182 17.82691 11
e 37.28231 13.26367 8
e 267.60474 106.02065 5
e 508.70167 44.02941 13
e 235.86774 34.61011 9
e 317.80349 3.63021 9
e 266.19154 288.93106 7
e 487.19267 215.28826 11
e 253.26882 471.21928 9
e 440.24045 264.55357 11
e 223.48665 15.63152 6
e 298.31728 159.43689 8
e 357.51175 186.28949 12
e 313.30448 70.45513 7
e 564.62759 101.00432 8
e 308.22420 227.45802 7
e 418.20528 208.94276 10
e 336.40665 50.37214 11
e 249.31187 410.38994 8
e 298.71892 19.84892 5
e 457.85651 160.42971 7
e 166.78761 141.26833 13
e 378.86680 274.80503 6
e 411.54074 64.32317 9
e 389.57141 154.22885 10
e 234.24787 163.26748 7
e 315.34847 117.62507 16
e 456.03791 184.52172 12
e 330.91873 334.02392 5
e 264.51387 199.76039 7
e 371.23441 48.71090 14
e 344.09822 73.36100 9
e 412.67566 71.50956 9
e 251.49058 149.18487 10
e 439.27869 349.51188 11
e 216.48956 101.92481 7
e 305.34695 22.93206 4
e 397.09788 131.40543 10
e 314.06959 159.50027 8
e 468.93761 152.33852 9
e 229.34844 294.55115 8
e 367.11855 23.44142 14
e 462.07952 118.48217 8
e 343.65351 141.71757 5
e 343.14721 5.82075 10
e 257.05391 268.46923 8
e 373.70085 91.10346 6
e 267.71030 162.23263 8
e 463.58551 124.83228 14
e 305.65995 142.16128 5
e 439.29549 80.23742 8
e 317.64792 309.68487 10
e 469.07306 81.45010 8
e 310.68672 69.12829 12
e 357.87282 42.44652 10
e 278.36949 99.55360 7
e 253.99292 340.13221 14
e 233.94582 287.77425 10
e 292.37101 42.25394 9
e 286.82111 147.40788 16
e 190.70225 166.46707 14
e 271.95570 52.71169 6
e 285.45140 130.45984 7
e 92.86286 27.51826 14
e 509.04518 110.25941 8
e 420.26239 207.37416 11
e 267.31616 358.06714 9
e 351.77988 218.98236 11
e 241.83530 87.25328 6
e 351.19605 94.72306 5
e 319.10065 13.27342 7
e 316.45375 123.29140 11
e 402.56993 60.26435 11
e 508.58293 247.01312 5
e 329.16499 142.80669 10
e 231.31641 58.91362 7
e 333.94250 39.72267 11
e 385.60334 20.64459 9
e 297.77542 280.55970 7
e 479.60025 402.36051 8
e 282.73352 408.74885 7
e 341.00347 217.56565 11
e 323.80260 15.97549 6
e 240.23989 118.47895 8
e 191.91628 164.01863 10
e 353.55617 141.48730 8
e 388.65067 12.83821 10
e 250.33278 77.28207 12
e 249.83415 156.13164 9
e 321.42279 170.99440 2
e 327.12692 13.18835 8
e 471.00926 123.25044 12
e 360.68674 187.17876 13
e 209.85511 61.36949 5
e 390.49063 145.48002 7
e 269.72275 297.64780 9
e 386.85645 67.26235 9
e 246.82372 133.54160 8
e 293.42131 56.32329 8
e 310.77344 26.42079 9
e 159.08611 242.08295 6
e 374.59402 421.27253 9
e 220.73216 240.45826 5
e 331.11175 207.55617 8
e 358.02515 131.78499 5
e 544.29118 7.78356 6
e 265.39481 190.40858 8
e 343.52911 27.28317 10
e 377.76364 127.66980 7
e 247.77426 361.87868 11
e 269.58009 22.76049 11
e 458.22601 92.16525 10
e 234.04807 115.16563 11
e 302.15844 172.40465 11
e 221.35488 134.74684 7
e 370.74056 110.65999 12
e 277.00954 55.68341 13
e 255.54774 227.47383 7
e 168.99627 57.36846 7
e 401.67316 153.03371 10
e 286.22760 198.95420 9
e 282.95972 249.88857 9
e 391.27309 159.48368 12
e 250.71614 177.06593 11
e 292.07242 192.97270 11
e 214.43135 45.72507 7
e 441.92327 164.84414 5
e 350.47685 109.35281 11
e 198.70815 102.13164 9
e 268.29434 270.47435 10
e 326.36031 136.60754 7
e 267.17144 106.35915 11
e 380.11601 142.53144 9
e 402.67233 318.34412 10
e 227.13131 79.85376 8
e 405.32340 117.45544 10
e 326.03506 23.56605 13
e 446.20228 199.28582 6
e 247.06593 289.33148 15
e 265.55478 74.29292 5
e 286.82368 184.60400 6
e 358.05134 24.52110 6
e 195.41164 356.72332 11
e 418.30258 137.01666 10
e 295.98758 149.48426 13
e 371.98814 375.87513 9
e 287.11175 69.21926 8
e 331.78583 187.03633 12
e 339.14042 76.76569 11
e 361.62719 70.35721 12
e 152.01126 259.17758 6
e 499.85218 150.76203 8
e 392.35667 99.12358 10
e 426.76603 3.74182 12
e 481.37436 31.63628 10
e 255.23939 105.94338 16
e 132.19767 98.44543 16
e 339.91928 3.34889 10
e 361.97744 246.07670 8
e 348.81490 167.44868 11
e 367.18311 217.01861 10
e 466.11459 78.12262 4
e 360.20423 119.54302 12
e 201.41998 115.23390 9
e 403.88981 197.58120 12
e 301.00232 115.19789 13
e 259.61660 120.25087 8
e 285.62261 113.20924 14
e 280.29221 243.71771 9
e 137.89215 100.66677 3
e 431.42193 2.20228 11
e 163.91062 91.14852 9
e 370.35770 321.16278 14
e 323.46621 92.20617 10
e 347.02963 70.12925 10
e 485.36891 230.97956 7
e 353.59593 42.84283 9
e 358.49598 49.90866 5
e 428.34917 353.49782 9
e 393.90415 141.50778 8
e 389.79934 94.67953 12
e 457.07854 165.86085 7
e 442.30422 148.09142 9
e 493.08675 157.08277 8
e 291.88837 21.17575 13
e 274.79170 20.88740 12
e 228.45752 219.19338 4
e 526.27169 119.54758 7
e 427.76097 85.29339 7
e 415.11759 114.76587 9
e 403.59366 94.46470 5
e 267.11753 193.45202 7
e 360.23568 158.47315 17
e 458.08371 57.06542 14
e 385.77188 135.22481 8
e 391.96230 155.82684 7
e 372.70539 103.76010 7
e 287.52510 47.07203 11
e 242.15949 136.71241 11
e 333.54478 86.42201 11
e 170.39126 155.56286 8
e 414.71971 129.22535 9
e 302.20675 406.66590 7
e 290.89825 16.92516 5
e 408.77261 59.65952 9
e 329.51620 168.82434 9
e 245.24554 44.34307 11
e 473.18255 82.34173 7
e 315.29994 135.51878 8
e 286.15586 97.16054 12
e 439.11530 190.36139 10
e 256.05852 193.35800 6
e 387.24258 172.01335 8
e 291.59314 289.44248 9
e 300.68434 185.76900 14
e 351.70129 73.94490 11
e 392.18175 60.39450 8
e 410.96116 173.52360 10
e 142.60901 198.83289 10
e 185.48207 16.15184 5
e 283.13397 74.89900 12
e 349.41110 73.50724 16
e 427.34606 170.58614 4
e 297.07079 80.28393 10
e 293.17675 5.56187 10
e 294.62669 82.84878 10
e 468.12907 245.64090 6
e 348.78671 24.60660 6
e 381.57172 353.30369 9
e 390.26902 264.61316 11
e 298.25283 166.68212 12
e 390.97810 302.08362 14
e 386.00417 47.51804 6
e 403.44962 72.16205 8
e 538.65970 63.83026 12
e 283.76722 176.66970 9
e 399.93755 81.57167 9
e 427.67656 350.41443 8
e 411.46996 247.80368 10
e 388.95016 121.27251 7
e 391.33031 137.40955 11
e 183.80607 103.29264 9
e 385.84803 66.10411 6
e 369.37399 317.47930 12
e 391.13863 195.97837 10
e 285.16412 329.30921 12
e 362.23467 572.86689 14
e 302.14460 208.15627 8
e 245.67915 326.71703 7
e 331.70667 62.31222 9
e 173.56065 310.57539 8
e 247.71965 21.55335 9
e 369.24358 78.33100 8
e 272.74650 183.67573 6
e 350.47934 164.17976 12
e 361.05296 48.10946 10
e 225.71112 88.08728 8
e 342.88335 96.53789 7
e 232.03468 31.22478 8
e 315.25333 139.29102 9
e 444.67513 179.59410 9
e 341.84332 29.01102 10
e 396.60463 61.70871 6
e 372.40773 102.99941 8
e 391.86944 101.97059 5
e 380.71966 44.45984 10
e 252.69531 294.36570 8
e 386.64845 80.21876 8
e 227.07513 221.29274 9
e 443.90665 141.52001 8
e 377.93877 202.91281 8
e 338.20658 299.41912 21
e 240.42716 261.99145 8
e 416.45596 78.19248 13
e 551.27374 71.71499 7
e 495.21017 171.13073 11
e 366.35162 78.60002 6
e 205.27900 185.97930 11
e 230.25474 137.13196 5
e 299.64697 93.36867 11
e 368.35308 31.32402 13
e 256.84772 82.01307 5
e 304.59430 261.87833 11
e 228.44530 40.56271 8
e 353.97107 97.46486 8
e 365.32240 173.89021 7
e 335.79764 161.22901 17
e 417.81196 110.57593 9
e 397.51909 97.82465 7
e 185.31789 255.24887 15
e 257.71503 432.39376 8
e 398.58335 6.08147 9
e 151.30998 136.82391 8
e 357.49959 4.22804 7
e 317.10636 13.32846 8
e 430.64098 335.44147 13
e 449.23854 21.54520 5
e 266.06536 353.45047 12
e 262.95866 134.11246 8
e 345.63286 168.09363 7
e 343.67552 41.36220 9
e 383.81542 129.72547 13
e 240.33809 95.18132 8
e 258.50289 106.73264 8
e 311.01015 248.06305 7
e 510.17575 116.09065 6
e 343.86643 17.06026 9
e 355.44003 236.69312 12
e 324.20585 120.88336 8
e 308.15851 22.07136 9
e 307.19531 55.36237 8
e 357.85209 25.96815 10
e 266.04243 17.13579 11
e 208.16678 100.64379 9
e 389.01357 268.03110 12
e 453.02155 50.18223 12
e 264.01388 71.62978 14
e 406.91960 59.98228 16
e 213.13217 151.31233 11
e 423.30371 251.61094 5
e 355.43694 121.67229 10
e 383.61657 36.82876 9
e 208.69216 316.75476 13
e 271.51704 130.92218 9
e 331.43086 7.11449 11
e 367.59691 43.83892 9
e 184.77168 103.49998 6
e 257.97247 165.86781 9
e 196.35924 65.68907 7
e 406.44083 219.79695 9
e 318.98853 210.86048 9
e 247.60387 311.61104 9
e 421.57945 176.06942 10
e 436.14385 62.31697 7
e 427.08200 142.94377 9
e 407.80779 41.40441 20
e 275.14419 178.68944 9
e 275.41665 231.47323 6
e 290.82579 94.43804 10
e 342.76367 178.41289 5
e 345.90350 53.95234 11
e 342.17360 163.00557 12
e 316.80643 103.57737 11
e 310.26984 270.68507 7
e 242.94469 76.77990 11
e 300.37748 13.87661 6
e 268.73632 44.88319 5
e 226.74796 17.10220 11
e 328.26447 296.12310 7
e 343.23940 183.75428 8
e 271.87938 45.76959 9
e 349.72557 67.35869 9
e 312.72135 190.16861 4
e 457.12491 330.12553 6
e 387.29347 173.21610 11
e 415.41440 189.49872 19
e 507.48923 20.56371 8
e 306.93744 57.84597 9
e 351.34925 92.70157 9
e 301.54299 238.56147 10
e 377.71354 17.32882 12
e 338.67728 290.98341 12
e 114.42471 195.68670 16
e 306.19943 65.83223 10
e 484.88554 95.57485 5
e 216.25977 260.10875 8
e 476.04916 222.59091 7
e 291.54671 235.20952 10
e 373.33382 113.78518 11
e 244.67946 104.43696 16
e 420.28124 147.09212 5
e 465.75347 237.42466 15
e 237.36300 253.15651 10
e 152.49081 229.45962 14
e 447.10834 244.49324 10
e 484.69796 223.17451 9
e 428.14428 157.51769 10
e 428.55282 225.70359 20
e 270.89093 276.33421 6
e 230.83435 56.20454 13
e 400.25647 58.69201 9
e 369.57024 58.10606 10
e 279.45046 96.99685 7
e 309.03502 12.77112 15
e 360.25646 130.41495 7
e 153.36731 8.41823 11
e 230.19694 144.15661 5
e 208.02115 28.03880 5
e 363.67550 4.40146 10
e 167.40721 94.58820 10
e 249.91023 42.36867 14
e 394.18505 372.31862 9
e 386.74043 48.81607 11
e 377.83200 293.81929 14
e 336.76671 128.65719 7
e 275.23807 76.70393 8
e 437.13761 219.43299 10
e 221.17062 50.51472 14
e 426.52535 16.64625 6
e 406.33940 38.24861 11
e 256.25221 99.07001 7
e 340.87066 3.58383 8
e 496.75048 234.76809 11
e 259.04677 119.33922 13
e 442.35304 153.82339 11
e 391.06535 160.11146 9
e 292.43219 195.33923 15
e 373.60000 81.69756 5
e 344.17412 158.17581 4
e 251.44762 314.32680 11
e 159.04364 245.70777 7
e 154.12195 37.61035 9
e 290.59113 125.17486 11
e 304.43729 175.40923 14
e 305.54638 46.65980 8
e 458.23483 329.81874 13
e 446.66171 243.01041 6
e 434.11474 168.40296 7
e 402.76702 90.16088 5
e 421.72434 117.19864 15
e 380.88932 357.60661 7
e 386.71070 18.82008 14
e 282.92867 101.41847 13
e 222.61234 5.67095 10
e 212.68719 37.10330 4
e 276.86299 27.49969 12
e 202.79473 44.78411 6
e 363.97510 211.20164 8
e 267.41354 46.63450 9
e 422.28988 228.84965 10
e 355.57981 232.31665 7
e 391.11418 78.76537 6
e 284.41467 170.69027 8
e 187.93555 32.02903 9
e 101.53473 90.17830 14
e 274.03222 59.37573 11
e 155.87986 165.23734 8
e 541.30051 69.34669 9
e 213.20013 22.61997 6
e 408.83502 113.74794 7
e 369.08654 296.51903 6
e 411.57284 148.00239 12
e 266.99886 103.60474 7
e 343.05669 256.25767 11
e 250.59953 328.69640 10
e 504.46482 346.09812 12
e 195.63377 336.32007 12
e 398.68520 149.03182 12
e 490.69415 158.17734 11
e 446.70230 33.87473 12
e 434.53193 85.51081 6
e 227.12983 186.28908 8
e 401.04114 102.90545 11
e 275.92638 141.11774 13
e 345.76896 194.09801 7
e 386.40288 192.95229 6
e 367.65011 56.16817 9
e 233.44191 66.40603 4
e 418.59964 247.19547 7
e 300.69178 61.26615 15
e 301.84608 288.88238 8
e 354.89300 428.75332 13
e 264.49854 91.60984 7
e 287.03575 286.85768 11
e 192.70668 16.79436 8
e 388.64130 176.36827 12
e 285.48766 122.99292 9
e 387.32631 183.93683 11
e 363.24413 10.36748 11
e 192.99000 249.12426 8
e 397.19083 404.83238 8
e 367.28164 196.92855 5
e 169.16037 49.37861 11
e 331.38041 39.26233 6
e 205.10985 22.19990 9
e 208.39872 102.67101 11
e 307.75497 174.57148 11
e 132.74036 22.45703 9
e 373.71986 29.01891 11
e 359.66440 60.88640 5
e 217.44483 168.55048 10
e 272.99778 71.53947 13
e 376.25832 244.34640 12
e 205.49467 2.19940 6
e 373.26146 125.90329 7
e 368.36178 185.48765 9
e 600.48074 185.16622 8
e 366.12045 68.14994 8
e 188.66367 166.90744 11
e 317.28807 139.98851 10
e 282.58775 268.42351 6
e 201.50696 221.68808 5
e 263.24517 46.74782 8
e 338.81891 280.51345 11
e 390.47846 93.53910 8
e 403.41204 189.70188 8
e 190.31487 205.59084 10
e 286.94478 204.38356 13
e 363.13365 249.95171 13
e 259.90782 390.50867 13
e 265.61220 41.44370 7
e 574.15261 119.21990 11
e 404.37934 225.61834 4
e 269.43188 95.13475 5
e 379.69121 77.88360 10
e 343.97364 242.41569 10
e 475.36984 110.15597 7
e 395.57716 109.48968 8
e 270.78395 108.60334 7
e 284.05901 76.45997 5
e 179.23727 54.54474 6
e 446.92673 45.19604 6
e 373.31558 64.35241 6
e 189.02601 44.76668 12
e 337.94304 101.89608 9
e 314.52235 174.49657 12
e 423.23257 58.11486 8
e 305.94334 62.50890 8
e 302.06894 24.88212 7
e 216.53773 88.30281 6
e 344.61394 127.38663 7
e 285.93989 147.29624 6
e 290.44139 441.44387 7
e 256.14488 117.44523 6
e 409.00148 192.15456 12
e 342.91146 197.64312 9
e 373.73507 13.12847 8
e 424.13885 158.26854 7
e 432.12398 203.94707 8
e 282.19786 15.27291 9
e 172.06511 340.47508 5
e 291.60509 156.71379 10
e 199.59606 70.35623 12
e 272.69328 147.00257 11
e 338.93785 68.80841 10
e 237.60755 14.49354 16
e 325.51967 308.40762 6
e 462.60227 129.73207 8
e 247.03967 228.12269 6
e 403.99412 496.09776 10
e 280.28401 129.63998 9
e 300.74356 115.90219 9
e 360.36093 64.49346 10
e 298.66064 286.52876 8
e 459.46131 79.88364 10
e 299.18621 109.32810 8
e 292.26997 206.35133 13
e 302.54558 14.85949 8
e 479.95835 182.87461 7
e 245.89145 38.68550 8
e 341.59743 3.13424 10
e 253.50611 303.69992 10
e 310.38683 34.67809 9
e 432.81038 35.47286 12
e 298.67270 13.29592 7
e 323.09540 182.88026 4
e 311.57423 276.20901 10
e 345.30868 148.04354 5
e 337.48101 93.41381 7
e 200.37229 121.66671 13
e 252.11205 115.51104 9
e 313.04985 302.15672 8
e 442.63067 62.55317 14
e 485.87659 187.93845 10
e 392.16826 327.61073 7
e 396.48603 175.46998 11
e 267.68514 120.41098 11
e 385.32019 48.30228 8
e 203.83566 69.61225 9
e 223.48742 108.88390 9
e 191.26145 289.38504 9
e 416.25029 142.24179 9
e 458.91227 89.99561 18
e 301.01475 173.53380 9
e 245.71856 134.07711 10
e 303.45769 289.65265 7
e 238.51697 394.29001 11
e 312.88659 123.20375 12
e 299.41406 57.20178 11
e 238.69007 1.02789 8
e 408.41437 13.72202 13
e 317.12124 161.63479 11
e 281.12326 239.43677 5
e 428.11708 150.64414 11
e 402.62301 146.89741 7
e 381.36409 137.78870 10
e 240.46599 48.26415 7
e 356.59049 6.11562 9
e 261.59870 465.13475 8
e 440.49070 197.49692 10
e 298.05389 127.95183 11
e 301.93257 304.03883 11
e 250.70424 60.78015 14
e 454.82681 106.52144 11
e 268.15042 110.30688 6
e 336.41678 43.37037 10
e 263.23520 92.00457 8
e 199.24043 143.47221 11
e 318.81160 227.37600 5
e 332.53630 176.07057 4
e 257.61910 63.22540 5
e 278.29005 404.58657 12
e 338.16541 43.21312 13
e 256.96364 441.94904 7
e 280.71893 4.89137 10
e 200.65350 133.63859 13
e 406.41766 116.20398 10
e 341.37352 246.90417 5
e 360.81229 127.07079 8
e 276.11388 275.19421 11
e 385.35916 246.57331 7
e 301.25736 240.43702 7
e 429.66360 260.58063 12
e 440.78328 352.45557 8
e 556.69521 195.90418 9
e 193.61381 106.63945 13
e 415.99000 278.32157 4
e 421.11699 131.41130 8
e 481.92427 1.50631 10
e 479.10076 16.73846 11
e 411.51804 12.39140 9
e 303.22855 110.71416 11
e 413.03751 63.50841 9
e 385.14864 39.49261 4
e 354.22717 273.92288 9
e 254.72812 108.60755 6
e 424.20635 173.03896 10
e 322.99297 56.80980 11
e 220.46944 14.13193 5
e 459.18642 13.00621 7
e 337.88817 213.66342 10
e 458.82387 167.11459 4
e 146.30390 57.53798 14
e 318.17759 100.35381 6
e 279.88577 101.99089 10
e 302.63323 13.94739 11
e 221.57582 34.46420 12
e 253.08407 343.07663 12
e 369.14305 100.22930 6
e 418.68772 1.05535 9
e 433.92571 23.14157 7
e 277.08552 102.30111 9
e 133.75365 136.66035 11
e 277.10024 78.11668 10
e 304.10392 11.74677 11
e 324.35011 47.37511 6
e 152.94372 125.36966 7
e 191.11984 80.85513 3
e 295.51859 330.25021 5
e 340.91934 24.28801 14
e 283.96389 28.37398 9
e 360.92425 216.09957 9
e 190.24807 131.81277 10
e 205.70050 194.61579 12
e 432.89484 7.16102 12
e 303.28174 193.54981 13
e 329.45256 89.22664 10
e 226.03655 133.38521 15
e 359.32857 128.22345 11
e 164.64252 307.50903 4
e 284.26446 55.62265 10
e 378.25904 218.97301 7
e 189.71268 222.38082 6
e 327.16150 126.49085 8
e 480.74254 348.82419 12
e 526.96830 80.29772 6
e 430.62966 95.35162 7
e 393.77155 132.59327 5
e 397.73545 161.02096 6
e 380.86634 45.97184 6
e 307.40500 76.94985 12
e 196.16975 324.10982 10
e 393.68691 111.69387 8
e 414.18196 22.44409 10
e 333.79071 152.49947 7
e 444.44500 209.31745 11
e 456.87487 193.30621 20
e 422.81571 20.40225 7
e 272.91875 180.98681 11
e 265.35975 144.85361 11
e 375.35463 27.25500 11
e 214.17057 241.95012 11
e 191.88803 140.74050 8
e 389.81942 104.61630 7
e 264.00691 73.35223 13
e 320.37099 344.84825 14
e 243.39384 170.47063 8
e 309.72919 10.94933 10
e 227.14663 6.49880 8
e 456.08122 246.86563 6
e 278.11694 88.85701 9
e 329.63077 10.57286 8
e 214.54338 83.84015 15
e 441.31643 167.89909 8
e 306.89214 96.36070 5
e 341.74937 104.17571 12
e 289.90300 175.49739 9
e 356.38025 203.65607 11
e 238.73235 91.11728 6
e 395.96657 16.74950 7
e 324.69456 8.97067 8
e 306.39793 99.38927 8
e 298.85382 12.53933 7
e 373.37577 156.88767 8
e 446.36826 203.64588 7
e 327.45178 198.22839 7
e 363.68690 151.63761 9
e 300.30551 42.64621 8
e 187.94189 410.54938 9
e 263.05107 37.01350 15
e 448.61709 114.67812 12
e 274.20076 70.10540 2
e 237.21357 84.46844 9
e 277.71592 73.43736 6
e 365.88181 67.00809 12
e 140.79677 102.80743 8
e 546.44011 63.15066 7
e 365.51624 60.30492 8
e 304.67901 242.53145 8
e 501.46475 138.06670 12
e 318.42182 218.17961 10
e 225.92922 216.53987 8
e 309.97754 74.29957 9
e 410.35099 13.83220 9
e 317.69558 70.89033 9
e 444.79485 135.65799 5
e 229.05935 16.07970 5
e 373.69342 352.27477 6
e 570.77568 142.45878 10
e 359.07706 274.52654 13
e 272.14230 51.96547 10
e 368.44681 196.35887 11
e 350.81350 172.96027 8
e 393.55653 172.17142 8
e 445.99563 224.26850 8
e 219.47686 235.33637 12
e 302.00631 241.24832 9
e 489.65130 224.16562 10
e 350.59517 145.25858 10
e 107.50306 222.97855 13
e 273.45999 44.85092 4
e 360.73801 180.68977 8
e 228.46493 87.08326 4
e 249.53821 139.11314 9
e 388.57676 298.84222 7
e 240.94714 110.59775 9
e 340.62191 41.30251 11
e 348.48555 140.43701 7
e 308.70012 220.93726 10
e 292.80053 43.74084 10
e 337.35778 120.19606 6
e 269.18163 11.68748 10
e 401.35177 150.65104 6
e 361.41862 5.61693 8
e 330.99644 100.19294 9
e 490.16443 195.10341 9
e 395.65513 85.68221 4
e 342.73729 176.07218 14
e 313.10133 228.08879 12
e 228.12329 57.13400 14
e 355.72639 283.52173 9
e 223.27917 237.10653 5
e 222.68664 87.89332 6
e 337.33459 258.68381 14
e 269.96974 277.84810 7
e 367.32616 5.97516 5
e 408.86699 278.69655 10
e 208.73796 86.59737 5
e 330.92216 35.14427 9
e 159.79954 75.49689 9
e 293.03648 77.42909 9
e 375.75659 14.89612 13
e 336.13898 48.08530 12
e 219.27611 72.39142 11
e 397.50556 55.11988 7
e 357.35992 121.19592 8
e 364.49406 58.03370 9
e 397.49201 225.23439 5
e 420.48154 109.75507 9
e 341.85572 15.84768 9
e 372.53269 166.83058 8
e 244.40183 6.43512 14
e 249.52305 181.33957 11
e 423.30074 102.69532 11
e 425.34012 148.17751 10
e 207.53581 126.24707 11
e 308.89387 295.88462 6
e 384.83139 67.20728 8
e 373.42173 152.00782 6
e 429.18028 182.52745 6
e 346.37331 151.93681 18
e 179.43869 406.93837 9
e 298.43807 209.30238 10
e 463.09415 240.60472 10
e 283.17913 158.54721 13
e 200.69711 76.13595 12
e 328.13705 271.12002 6
e 394.55525 404.64719 11
e 378.61618 22.98451 12
e 468.61655 197.26459 8
e 422.11028 58.11429 8
e 369.14485 1.18097 7
e 432.69514 292.10759 14
e 254.69668 87.61536 7
e 268.88392 7.19394 7
e 177.51863 211.05002 6
e 319.83906 255.59924 8
e 339.75355 110.75216 6
e 262.38910 486.73540 6
e 363.59700 150.98748 7
e 314.86799 122.83691 11
e 202.80155 106.90954 9
e 289.42111 88.59550 8
e 366.42543 192.06829 9
e 178.92698 118.62056 5
e 288.89882 163.43878 11
e 343.28092 57.61007 4
e 388.09576 157.23983 10
e 266.76331 100.11602 5
e 208.75931 269.16311 9
e 218.87557 27.19117 9
e 396.82301 204.68972 9
e 402.76557 13.43793 7
e 326.88072 122.27788 6
e 339.68243 34.13362 10
e 245.52182 63.82915 8
e 258.76899 209.94904 10
e 268.12733 211.38795 12
e 275.39894 16.79411 16
e 297.13350 88.52300 15
e 204.38286 142.29290 9
e 306.85693 351.38698 12
e 342.58360 20.82349 11
e 237.04885 217.56809 10
e 425.41889 15.73903 11
e 284.09149 257.48715 9
e 478.88431 141.90043 8
e 391.94840 61.82953 7
e 331.47803 21.64770 8
e 419.99019 17.06180 8
e 459.10746 263.73764 7
e 205.82394 1.83019 13
e 288.22607 67.93089 5
e 323.10579 17.00198 11
e 352.68664 85.90712 7
e 141.66990 186.53343 8
e 462.52422 50.33775 16
e 271.89977 184.51058 10
e 220.23457 84.27858 8
e 312.03346 267.84027 8
e 229.24343 104.70599 7
e 494.88805 79.57600 7
e 335.70602 63.71934 8
e 407.36798 27.27065 5
e 218.62590 129.97900 6
e 304.12707 63.77783 10
e 385.92964 302.84062 9
e 302.28277 20.97820 6
e 442.52033 72.44544 7
e 288.07739 86.77810 12
e 440.40630 63.67579 7
e 234.44799 76.14342 12
e 392.61418 226.60896 7
e 186.18939 234.01888 10
e 148.53426 242.08544 15
e 313.47217 208.79639 6
e 398.95590 231.91600 5
e 327.50376 183.58982 10
e 437.62252 76.90899 10
e 489.27708 49.71425 8
e 344.25710 46.76200 9
e 193.03437 0.46101 11
e 292.45034 334.27863 14
e 454.32322 57.41171 13
e 277.06484 291.34905 5
e 305.21549 47.28347 6
e 340.69497 172.71935 11
e 147.81926 79.28809 13
e 500.78339 216.72988 7
e 275.71593 303.40920 9
e 479.35418 185.16221 6
e 338.70564 171.71681 4
e 367.56635 86.64933 8
e 447.21425 309.13665 8
e 293.47230 97.63712 7
e 338.20106 266.54015 8
e 431.52687 308.82542 12
e 325.20998 185.37268 13
e 255.16675 32.46789 11
e 146.41776 120.65953 8
e 414.35679 33.59202 10
e 287.60908 12.50061 12
e 371.58539 206.77329 7
e 521.00812 341.91206 5
e 329.72853 16.35010 10
e 322.47119 52.96517 8
e 133.27862 251.52327 10
e 540.46641 192.15207 6
e 375.95559 59.96405 12
e 252.56233 139.09209 8
e 310.24708 12.32164 10
e 294.16515 206.29825 10
e 142.07971 204.13613 10
e 375.23847 171.75216 11
e 344.02077 322.22217 11
e 254.26767 100.67875 10
e 436.04704 85.86702 10
e 261.03799 37.28101 8
e 276.41509 327.07134 9
e 397.57700 141.46739 11
e 305.50358 33.74128 10
e 296.86524 76.22770 7
e 391.23788 188.93258 7
e 239.87924 31.14694 12
e 234.33440 108.69436 8
e 307.22431 168.88850 9
e 343.19562 178.87671 8
e 319.03006 143.00822 14
e 241.92576 101.98731 6
e 268.47863 21.56846 11
e 200.66668 129.83882 6
e 381.45313 162.02513 13
e 435.48863 336.43564 9
e 395.20354 93.19874 6
e 300.97676 254.82218 10
e 258.53499 179.86305 10
e 398.82792 3.77341 16
e 442.34356 246.49949 11
e 434.32926 30.91128 5
e 242.58792 72.67885 11
e 436.00200 428.15914 7
e 481.49621 204.77957 4
e 186.26125 59.21344 9
e 336.05235 65.71600 7
e 470.83109 21.11749 15
e 213.63389 238.81178 8
e 259.96295 269.37313 11
e 155.20817 46.05962 7
e 329.53183 333.04541 9
e 453.67914 129.89834 14
e 370.62751 312.03859 7
e 304.09468 212.09719 11
e 386.12875 64.64951 5
e 280.17520 276.90672 6
e 341.82024 20.74893 6
e 423.24960 29.46388 10
e 366.21646 51.58826 11
e 188.47002 96.16928 6
e 474.36751 44.32125 16
e 440.48403 166.99747 4
e 296.06593 128.19402 11
e 348.01882 21.61376 10
e 193.25777 82.83124 8
e 379.29047 141.74576 7
e 268.05802 132.57679 16
e 488.70556 280.53699 8
e 210.74412 154.10544 11
e 276.40629 100.35564 9
e 420.12368 37.31509 7
e 339.30628 44.36689 9
e 288.88895 153.49247 10
e 496.31037 236.84290 12
e 362.05248 21.88843 9
e 351.84126 197.72409 7
e 427.02253 157.71192 13
e 323.44014 129.22084 4
e 492.80778 25.67592 6
e 334.70612 312.48512 8
e 339.97663 130.41795 7
e 370.46883 451.27515 14
e 302.49696 230.89498 10
e 268.13995 317.42495 8
e 344.54870 262.47789 11
e 137.41175 187.92707 13
e 413.17767 82.57315 9
e 304.14724 231.69884 7
e 374.57983 41.01997 12
e 437.86594 59.57134 10
e 188.85357 97.94934 11
e 307.82279 281.97067 8
e 169.24640 155.10987 6
e 499.11344 21.67733 13
e 329.38053 79.50211 7
e 467.38183 70.10147 13
e 293.46299 149.06932 6
e 234.87374 218.00668 7
e 400.26562 28.47351 10
e 299.13521 89.77260 8
e 307.39477 289.33161 8
e 382.24528 5.11272 10
e 128.19803 128.07413 7
e 347.80028 94.11854 6
e 226.92726 85.95241 9
e 252.37695 107.20148 7
e 323.00961 121.23642 15
e 495.95011 11.58283 11
e 305.78470 36.88565 11
e 323.84993 66.35876 7
e 320.44457 64.61221 10
e 474.36165 195.53951 10
e 406.36413 106.57729 10
e 467.46385 289.89265 9
e 343.70700 8.01548 5
e 386.02603 44.80769 15
e 263.20642 100.44283 7
e 327.42039 50.51391 13
e 450.60506 113.08559 11
e 553.98127 452.21007 11
e 390.83043 20.72780 7
e 258.01669 289.30497 8
e 217.97111 161.51013 11
e 330.72018 27.62605 7
e 386.43976 206.34968 15
e 385.84056 32.40079 6
e 442.39194 187.39204 10
e 452.16887 199.09034 5
e 483.04800 434.12042 8
e 365.60396 197.39520 9
e 516.00656 167.19091 11
e 360.32311 222.47264 12
e 416.59513 18.24656 12
e 285.81080 67.81858 6
e 392.20039 86.92252 9
e 329.31598 251.97241 10
e 238.08340 317.19010 8
e 255.67883 117.12857 12
e 345.92874 129.70843 9
e 375.20831 28.10821 10
e 259.05472 149.58983 7
e 155.64389 133.35132 11
e 475.48691 256.30552 13
e 313.01769 412.87408 7
e 275.45127 41.92347 10
e 248.70769 78.99091 13
e 233.71934 308.54545 10
e 404.08688 99.53573 5
e 268.10783 205.24798 7
e 310.28554 261.39958 7
e 333.96223 46.26141 10
e 339.27653 183.95677 7
e 268.41493 368.61016 7
e 387.58868 47.65256 10
e 316.67284 146.76336 7
e 547.24857 197.10329 7
e 179.78086 72.33277 5
e 234.28725 44.76635 5
e 264.69678 468.35375 12
e 378.07823 107.32913 9
e 291.71726 73.26607 10
e 357.25264 298.90880 7
e 426.07256 203.15723 5
e 388.48772 114.79941 16
e 263.58554 271.77859 10
e 331.92810 122.98851 6
e 438.73196 149.88627 13
e 459.18802 169.28475 7
e 390.44615 23.92076 6
e 261.21179 81.97129 10
e 387.21802 330.72762 10
e 351.76092 111.13315 9
e 318.70363 42.28393 11
e 322.34269 72.79119 6
e 175.88385 205.45703 9
e 248.99988 17.32861 12
e 239.11096 33.47067 8
e 402.47617 184.23552 12
e 241.86595 205.87036 8
e 492.44492 209.98333 11
e 364.26672 109.01888 9
e 467.79881 40.30495 9
e 349.58722 309.95035 8
e 316.42962 344.42305 9
e 361.08141 18.21892 8
e 430.92754 85.15228 8
e 326.05554 81.18044 8
e 249.05790 46.95778 6
e 366.54156 149.87959 7
e 412.88629 166.26085 4
e 313.50846 231.55550 9
e 289.65229 90.19104 5
e 416.20554 226.40157 6
e 373.13028 335.17549 6
e 260.39399 76.41712 13
e 365.34334 109.06677 11
e 412.47401 153.83974 10
e 305.47902 16.70697 11
e 351.74237 165.66837 10
e 313.77964 251.26210 6
e 356.95173 190.70394 8
e 265.56367 133.22960 8
e 250.37086 1.81478 9
e 185.54762 219.12700 7
e 217.11571 82.89633 7
e 217.92256 35.71977 9
e 401.88423 103.82915 8
e 302.63010 169.14846 10
e 305.63928 115.12418 7
e 354.56284 96.48808 15
e 554.24270 194.04255 11
e 449.70624 16.74552 5
e 103.37540 279.32991 8
e 396.92431 152.17067 9
e 263.67954 156.01949 9
e 239.47035 5.90446 11
e 243.49498 5.81543 7
e 507.08934 102.36763 9
e 394.78604 152.15373 6
e 247.67109 279.70440 7
e 225.69078 53.25585 8
e 195.83421 130.92405 9
e 188.77932 40.99551 8
e 222.43502 117.31383 8
e 373.42007 29.15932 14
e 314.01012 148.56150 11
e 424.25189 68.09456 7
e 325.91605 181.31369 10
e 290.12130 39.78498 7
e 284.66210 294.48242 10
e 347.56390 65.25271 7
e 290.39850 14.32360 5
e 253.13716 156.23794 6
e 289.79817 526.86493 9
e 257.80628 142.55851 15
e 301.95710 245.65777 9
e 246.79980 50.67856 8
e 254.59352 137.61692 7
e 372.07673 420.25950 9
e 322.13255 201.99811 8
e 368.38603 50.75931 11
e 241.30631 190.15941 11
e 212.49487 207.96241 9
e 467.31603 317.42178 11
e 264.04750 175.59130 6
e 160.27634 74.56516 6
e 201.25186 190.67380 8
e 313.69125 51.77308 9
e 339.73387 72.88063 8
e 238.08602 65.43442 7
e 427.56073 314.49150 10
e 435.73819 195.52697 8
e 227.60144 66.07594 12
e 365.36422 133.86282 11
e 432.01505 10.89507 10
e 312.75775 230.43641 9
e 390.16297 349.83767 9
e 448.19720 138.02740 6
e 507.66177 56.08911 8
e 326.02618 201.24375 15
e 207.75061 103.08240 6
e 394.59195 100.72059 9
e 244.46151 111.64694 12
e 285.92005 35.86894 13
e 352.57012 135.17340 6
e 304.03053 94.08978 9
e 173.42592 37.94903 8
e 385.14954 373.45980 14
e 339.66526 96.44987 10
e 239.10729 7.73027 8
e 225.92951 56.16032 9
e 370.38002 224.51438 9
e 479.88340 15.87708 17
e 191.79821 133.28051 8
e 454.02284 306.31418 6
e 492.63899 333.75638 6
e 265.17309 165.61879 11
e 479.91315 36.55434 11
e 374.15910 83.43366 9
e 273.56061 85.50271 8
e 321.85030 37.76700 5
e 225.82179 137.07553 7
e 260.38214 168.08044 5
e 442.35352 60.47165 15
e 260.69068 303.01576 4
e 324.17961 183.45422 10
e 224.20649 87.79177 6
e 379.48268 43.67353 10
e 268.69754 226.35363 8
e 432.63253 141.40745 11
e 371.36893 145.47206 9
e 417.11709 340.81753 10
e 389.58915 26.62458 12
e 285.38234 90.25502 9
e 377.83057 201.83953 15
e 411.36541 26.32128 16
e 422.26611 150.72426 6
e 292.56315 214.71104 8
e 279.13061 417.04859 10
e 307.91050 127.76857 12
e 563.11861 485.95282 6
e 463.58365 221.07105 6
e 179.88046 83.87728 9
e 453.66801 241.62773 8
e 265.72440 148.74984 10
e 267.30791 72.57709 6
e 172.99639 56.01045 7
e 421.10042 11.40495 12
e 229.74456 96.36215 6
e 330.10133 57.92557 10
e 388.94689 424.17196 17
e 456.46992 308.36941 7
e 218.78952 39.92306 8
e 482.26064 78.81685 21
e 398.61055 78.93777 7
e 352.38728 177.80466 11
e 298.22202 283.73832 10
e 365.14253 204.79240 10
e 279.92655 160.66436 12
e 403.60670 50.14823 5
e 367.60155 155.92610 13
e 353.76223 363.64572 8
e 376.74477 45.98751 12
e 319.31073 68.76393 5
e 228.54366 205.49611 8
e 483.69036 74.69667 10
e 348.69152 177.85394 4
e 314.21682 451.62349 8
e 179.48915 158.95116 6
e 455.27212 87.35573 9
e 383.01024 25.23427 12
e 343.54906 295.56901 10
e 402.87652 6.50310 10
e 594.65029 140.13074 4
e 270.24642 266.93553 9
e 315.96497 91.72715 9
e 189.05174 142.69499 13
e 420.25678 51.63692 3
e 427.24018 3.40644 10
e 168.72169 118.96258 10
e 431.08596 235.40085 11
e 171.06233 79.83475 9
e 289.05661 87.50767 10
e 603.38968 197.91580 7
e 331.96670 89.18224 13
e 430.48052 165.64809 11
e 377.90101 148.26180 6
e 254.52617 393.36291 9
e 242.73228 134.08419 5
e 217.97466 39.29083 5
e 367.79456 39.54735 7
e 217.75871 61.31800 5
e 260.47612 40.10418 13
e 298.21637 167.40038 11
e 208.38549 316.62030 11
e 203.39011 122.61940 6
e 331.79451 217.68978 10
e 358.74966 47.36247 7
e 299.82899 87.24625 11
e 212.64158 112.45241 4
e 229.15404 157.30512 10
e 304.28750 286.82084 6
e 287.80441 97.41650 11
e 307.69056 115.32858 8
e 349.53088 118.38428 4
e 184.12979 33.30626 10
e 495.83299 164.18202 16
e 207.13025 25.90674 6
e 291.33134 59.40489 13
e 214.09549 156.92547 11
e 311.44503 501.32288 8
e 235.21173 118.00930 12
e 402.99411 61.56679 7
e 258.49347 90.91292 14
e 282.24698 81.80840 14
e 438.73056 0.45482 8
e 352.03787 236.43822 10
e 420.91006 331.61600 7
e 415.81788 246.48183 13
e 212.67161 58.79210 10
e 311.99913 13.96345 9
e 295.86246 226.18054 5
e 378.35464 237.94162 7
e 375.75111 19.27054 15
e 334.54885 187.16746 8
e 394.36084 12.09545 11
e 632.31770 91.38129 10
e 329.98178 58.18394 8
e 370.15193 5.29444 10
e 373.32758 314.32692 10
e 332.00080 13.95745 9
e 431.01252 57.58771 6
e 271.77445 233.15491 7
e 167.45951 121.95611 11
e 387.78948 253.86443 6
e 338.63028 154.63506 14
e 365.20797 121.22410 5
e 362.95056 167.58712 12
e 281.26235 60.66597 7
e 299.41731 116.55509 4
e 372.70262 12.45877 10
e 323.57410 81.50570 10
e 335.25516 149.89734 12
e 282.12783 94.34651 14
e 151.67421 432.84636 9
e 325.65992 94.79815 9
e 258.68928 212.01160 14
e 266.46818 330.77781 11
e 392.35459 502.67201 10
e 389.81416 103.02465 13
e 90.10946 121.23820 20
e 281.97731 227.10094 8
e 440.99273 4.60943 9
e 242.83771 197.37872 10
e 315.37490 241.38083 13
e 373.40577 108.79826 14
e 367.60314 8.25204 4
e 291.97744 53.37112 14
e 456.20829 108.88195 10
e 276.07631 247.49895 11
e 279.73044 83.37862 14
e 392.46993 136.90385 16
e 423.25905 176.52632 10
e 492.14654 311.20747 13
e 323.29439 272.77585 8
e 221.82791 150.83361 11
e 247.02276 228.66019 7
e 235.92115 210.34409 13
e 448.75628 140.91610 17
e 236.02336 138.67076 5
e 319.47921 22.18742 7
e 291.82080 270.37547 14
e 392.56192 17.47760 8
e 381.67033 13.42194 6
e 306.59657 136.66484 9
e 300.87003 201.84717 7
e 175.95935 78.24942 7
e 341.74723 147.75719 14
e 217.89060 124.52439 7
e 375.55030 232.55324 15
e 357.31709 318.13521 7
e 306.45428 336.39564 8
e 470.62588 244.64947 8
e 361.29686 29.05944 10
e 412.97236 99.48175 6
e 261.04943 27.37461 11
e 260.48851 316.68579 9
e 220.74267 321.50570 7
e 210.37116 257.28720 7
e 406.91702 89.83800 14
e 377.27080 82.37762 13
e 353.94134 136.09757 13
e 262.82449 65.16984 10
e 141.74864 316.45214 12
e 297.58079 23.04738 5
e 360.38342 286.55054 9
e 267.49393 15.87387 6
e 397.57650 154.39728 8
e 380.20056 179.21962 13
e 328.26507 304.53741 8
e 302.63537 354.17599 9
e 264.34389 67.61327 9
e 233.49767 115.95352 7
e 434.55942 420.96232 8
e 320.52780 136.78582 9
e 282.86228 368.12789 9
e 248.23040 142.33274 13
e 330.69195 12.04657 13
e 366.83920 43.93673 8
e 259.94850 158.01101 8
e 299.00103 75.10946 11
e 314.70448 117.41943 9
e 338.58021 52.00604 10
e 489.50126 103.81176 17
e 376.06315 97.86598 8
e 350.79173 160.37188 6
e 370.79664 28.35658 11
e 231.93321 129.46405 8
e 358.25589 2.81238 12
e 399.86600 54.63953 10
e 460.76853 28.11711 14
e 441.62945 245.71748 6
e 272.09969 75.11321 7
e 261.28773 50.46020 11
e 482.69138 9.33909 20
e 369.55660 133.62874 10
e 247.99758 98.80201 12
e 264.48523 34.05578 14
e 384.61331 135.60490 4
e 426.76845 66.80575 9
e 381.62630 1.58640 10
e 500.85012 157.70719 8
e 169.39215 225.51312 9
e 324.25940 92.19046 11
e 240.94579 14.66858 9
e 288.75010 153.03056 8
e 317.27240 89.65882 11
e 341.46661 40.33252 6
e 238.43691 164.01841 11
e 515.12597 27.06278 6
e 258.81528 477.62506 5
e 299.84191 12.56027 20
e 470.95206 17.29668 11
e 418.96496 99.22889 10
e 369.55554 86.62699 12
e 271.69087 108.39590 13
e 299.23532 4.28832 11
e 363.81360 2.93557 4
e 431.03741 86.78328 15
e 293.92528 157.02793 15
e 197.39824 80.21750 14
e 334.67207 163.94895 10
e 497.23394 12.05757 14
e 430.52763 175.93441 5
e 318.43411 192.92224 12
e 405.52101 49.17145 10
e 233.87668 155.14387 10
e 341.33670 122.33892 8
e 307.40292 173.12641 12
e 315.32794 120.56651 7
e 463.44047 342.94778 10
e 208.40578 76.70717 12
e 284.37284 277.02712 7
e 317.05087 242.87273 9
e 364.85746 205.55251 8
e 524.54263 404.89765 8
e 428.66966 228.26704 7
e 372.46850 14.73624 12
e 198.18820 7.73585 10
e 391.97505 93.99141 7
e 300.12705 142.13571 8
e 484.20774 88.96792 10
e 312.72477 579.67441 5
e 414.08984 126.57735 9
e 339.21453 230.47722 14
e 210.92553 87.29844 8
e 332.38977 129.45064 9
e 384.12241 31.53466 8
e 235.75175 186.89373 8
e 447.13228 178.87156 10
e 206.43672 292.04206 6
e 182.00841 10.93470 8
e 209.42520 79.42824 8
e 346.89035 32.30627 13
e 307.69990 9.87062 8
e 326.53389 213.22252 14
e 428.61042 287.12719 9
e 350.20327 108.90904 5
e 325.39239 403.54491 12
e 347.12309 152.06231 10
e 413.27305 102.59452 10
e 301.80814 162.93355 6
e 223.90566 40.61579 10
e 271.47417 276.58984 13
e 334.79231 166.08874 7
e 286.70698 142.13776 7
e 357.46269 102.37924 10
e 338.21726 181.82760 7
e 500.75473 260.67320 8
e 334.80393 84.30584 11
e 257.04944 108.22846 9
e 239.85144 357.82826 13
e 329.35284 194.86486 7
e 261.64433 164.22930 10
e 321.88976 84.51429 7
e 268.13464 237.05380 5
e 274.71191 107.52570 8
e 386.56703 88.85542 7
e 503.90849 35.85146 7
e 405.26048 150.21174 8
e 393.27510 228.01413 6
e 431.28740 132.45890 11
e 360.26855 135.95720 15
e 472.47685 363.48329 9
e 384.84113 234.46467 11
e 474.58908 113.87630 11
e 285.45753 161.31421 9
e 455.53806 66.77009 8
e 293.42270 162.28671 9
e 398.97237 295.74690 8
e 174.43885 481.78385 14
e 138.30550 122.45269 9
e 213.09615 126.05614 7
e 211.59100 96.62642 8
e 319.17130 17.67644 7
e 261.17647 72.84529 9
e 304.85869 198.04433 5
e 517.37279 67.98015 10
e 394.07339 33.38510 18
e 402.20321 161.14559 12
e 240.53698 111.26989 8
e 270.28149 134.84650 7
e 434.80411 148.31554 10
e 461.37023 21.16277 6
e 171.04430 231.09890 8
e 210.99276 27.28077 10
e 406.64694 32.37074 8
e 233.23070 175.55334 12
e 296.20077 84.00706 8
e 459.16534 203.60283 6
e 252.52091 330.11863 5
e 386.29576 406.70803 8
e 313.82819 6.51008 11
e 205.47808 243.96725 5
e 331.27917 336.30345 8
e 321.14091 128.22055 9
e 271.71453 36.51881 7
e 328.94179 109.69006 6
e 284.72874 39.42026 10
e 338.82391 116.07770 13
e 249.21361 68.64039 13
e 344.33820 73.17485 6
e 343.84821 7.88954 12
e 324.32744 119.55715 4
e 400.13161 66.08929 10
e 381.68221 85.53481 6
e 447.54500 96.96018 7
e 405.31288 181.76658 11
e 474.54339 135.53760 9
e 343.81229 142.05091 11
e 364.33742 73.95004 5
e 257.89163 354.71959 11
e 328.57756 17.63360 7
e 532.29772 241.95963 6
e 103.50230 172.48974 9
e 310.78876 128.62838 11
e 397.24306 87.52134 10
e 317.72845 97.19326 8
e 369.24454 256.59874 10
e 267.23825 190.43123 10
e 263.06648 55.68479 6
e 283.71241 35.11338 10
e 324.08187 442.45529 5
e 216.57390 128.60627 6
e 395.44252 48.19600 7
e 449.46517 4.75185 6
e 345.84695 181.63840 14
e 532.06302 3.69092 10
e 319.60546 264.52437 12
e 317.91055 201.58791 5
e 195.41684 142.32074 11
e 469.82325 173.82593 6
e 384.38828 36.83319 7
e 314.62959 93.70524 8
e 489.55705 321.57309 10
e 372.04500 45.85104 11
e 405.74223 112.78141 6
e 227.74655 256.68759 9
e 312.85246 65.69154 11
e 316.26030 115.37736 10
e 438.19871 197.79082 4
e 450.91812 61.06669 7
e 466.24560 7.43044 11
e 388.34121 23.87063 12
e 347.50463 283.81272 10
e 325.32591 190.85365 5
e 229.67230 96.08077 10
e 302.94412 73.64426 9
e 445.74974 122.49179 6
e 426.34188 168.01454 12
e 381.74788 101.51008 7
e 465.58612 206.85364 7
e 141.46347 256.96364 9
e 340.83641 134.76351 8
e 319.10322 19.25983 7
e 408.88841 47.59907 13
e 391.02072 238.62471 17
e 230.97973 485.92125 6
e 439.94316 82.34709 12
e 263.11695 35.73451 9
e 446.87322 159.75800 13
e 276.06623 77.68985 9
e 290.27721 64.64459 8
e 322.44445 191.96057 10
e 116.27848 79.82478 12
e 229.60553 154.14765 9
e 156.95602 171.38016 8
e 309.51751 326.24631 6
e 165.92599 135.94230 6
e 382.61224 91.89269 6
e 282.86995 284.36871 5
e 406.51222 2.63828 13
e 451.00272 10.83870 10
e 371.60177 203.62250 6
e 466.60846 134.07685 16
e 334.59650 29.98271 6
e 477.63838 278.66425 10
e 618.56059 137.97971 10
e 292.24166 153.21054 9
e 395.92799 131.07929 9
e 376.65996 254.43326 11
e 301.92128 134.64125 6
e 360.65569 128.74474 14
e 209.59128 125.58879 8
e 268.80664 157.66070 11
e 244.13251 134.69508 15
e 508.54302 350.49984 10
e 290.23365 2.75885 8
e 112.55517 113.86599 6
e 305.54572 364.23116 6
e 276.41644 32.78597 10
e 394.24241 69.67267 9
e 300.11007 202.93976 12
e 198.47923 27.94743 6
e 516.30852 128.39126 12
e 102.30170 84.85553 12
e 239.08467 58.43148 15
e 146.48715 14.04000 12
e 335.77815 181.45184 10
e 487.78198 280.30601 7
e 272.55094 150.95315 10
e 362.07224 46.73251 6
e 286.77538 83.64814 10
e 338.71213 119.19072 8
e 279.78181 211.40284 10
e 401.55966 112.91486 11
e 342.11957 45.60173 10
e 284.87840 91.76182 8
e 244.04582 204.34875 10
e 408.85056 183.16813 7
e 404.47572 243.09662 8
e 512.90187 196.54453 7
e 370.35693 17.10656 7
e 311.02586 309.20091 11
e 395.22292 34.67523 6
e 296.25952 101.43752 9
e 350.84233 224.34447 9
e 430.66298 42.02240 10
e 213.83704 5.34998 8
e 490.83047 193.67908 4
e 381.46536 47.99019 10
e 286.87928 118.69475 14
e 163.74906 162.21857 7
e 551.12626 533.52585 3
e 442.55509 321.14256 8
e 363.04646 161.80117 7
e 445.80886 148.48545 9
e 412.71555 213.37270 8
e 246.89259 67.10397 8
e 206.14293 240.10010 7
e 410.74413 9.67599 8
e 301.45518 52.43045 9
e 246.84341 93.16417 11
e 267.87236 254.00849 9
e 199.38657 6.69804 9
e 219.25137 109.03081 7
e 349.43975 122.23887 7
e 288.86704 15.59207 12
e 364.00347 379.11952 10
e 394.21628 140.83962 9
e 263.14199 11.37657 12
e 239.47812 57.89290 10
e 299.31860 136.21909 7
e 329.58443 481.84047 12
e 309.57196 68.12877 8
e 329.62430 366.82068 10
e 447.99309 71.98300 9
e 422.22808 88.24893 7
e 336.31110 154.02713 10
e 278.99061 325.55747 11
e 351.54231 36.98212 7
e 351.44082 149.22093 7
e 349.53565 149.27105 6
e 274.69317 298.87632 9
e 419.04441 27.18658 9
e 351.70185 243.68373 6
e 337.04239 60.11419 4
e 320.29742 116.01815 9
e 479.89708 397.78198 7
e 230.93160 84.30592 7
e 185.23689 200.52216 9
e 174.20703 117.68070 9
e 356.37689 240.25469 10
e 414.24186 169.65613 15
e 312.89697 9.65681 13
e 210.75206 159.15304 8
e 394.70711 145.15140 6
e 394.37434 147.69644 11
e 493.37822 31.20012 6
e 332.39379 256.79805 10
e 195.44498 42.46869 6
e 254.43539 153.66843 7
e 387.35989 311.70875 10
e 284.84572 259.91794 9
e 160.67707 101.83448 10
e 366.29362 113.59425 5
e 344.11112 118.58569 13
e 255.67516 2.23829 13
e 418.88894 164.14283 13
e 179.76293 148.18170 10
e 382.61015 227.76079 10
e 374.05898 282.71190 10
e 316.66662 236.75891 5
e 298.70946 76.01667 14
e 551.37780 169.32429 10
e 459.88168 163.64012 15
e 528.15353 99.77997 12
e 357.66763 135.94585 12
e 287.11325 218.41982 6
e 438.55041 189.07740 10
e 190.72345 56.76015 8
e 197.70202 144.06017 12
e 302.04056 206.66651 11
e 288.50707 138.14371 8
e 296.31252 52.38932 5
e 357.43322 4.72587 8
e 238.93736 263.62760 7
e 203.92854 145.19308 5
e 356.94487 164.77083 10
e 117.17912 134.71969 9
e 389.78507 49.70625 7
e 287.23110 56.18306 6
e 462.84500 86.92629 9
e 381.14078 11.75924 10
e 321.62315 157.33216 8
e 335.48299 257.41669 13
e 326.11293 195.71193 14
e 154.48996 241.77406 12
e 435.90019 162.34939 5
e 259.67797 142.34892 12
e 391.10248 8.09866 7
e 305.26312 155.42770 9
e 433.73135 2.31821 7
e 365.27095 6.55528 11
e 338.96145 29.79872 8
e 342.44904 443.17814 5
e 392.99519 230.43168 7
e 323.28971 91.14553 12
e 427.04168 19.48445 9
e 364.55324 411.20390 11
e 343.86282 235.88914 13
e 229.81559 80.80477 4
e 328.41008 132.14712 5
e 272.89448 207.80223 6
e 257.56364 226.06518 10
e 376.96298 192.76782 11
e 205.33027 240.91872 8
e 346.92788 157.58357 8
e 217.44017 152.91503 7
e 434.76908 80.50456 13
e 334.06293 174.59783 7
e 377.69436 229.53266 21
e 351.36483 235.52897 10
e 234.75398 99.54058 8
e 303.54264 73.11624 8
e 207.36901 84.84352 12
e 331.73523 68.46480 12
e 308.88912 140.71141 11
e 237.75722 73.90531 6
e 449.59062 230.84629 8
e 355.35370 15.87337 4
e 473.52816 33.48307 8
e 182.05792 198.19368 4
e 323.95863 88.19683 6
e 238.50880 352.67333 11
e 411.10294 56.09513 9
e 372.94620 4.85205 12
e 353.02081 170.37995 13
e 290.83675 249.28435 10
e 339.83931 71.11877 8
e 271.93984 118.80810 10
e 386.91788 277.92553 12
e 296.09077 115.33876 10
e 283.21826 78.36292 7
e 313.55698 22.21740 4
e 381.88523 165.94386 9
e 252.64713 12.29573 10
e 348.50941 36.84309 9
e 141.96328 144.21747 8
e 281.88196 34.17744 6
e 289.80313 71.96890 5
e 371.71382 122.16606 6
e 338.59913 9.66867 7
e 436.42448 344.86981 11
e 400.42678 163.00298 11
e 407.84070 2.86061 14
e 327.34520 190.26072 10
e 138.78755 75.47306 6
e 257.57299 179.07065 9
e 399.25420 292.24234 7
e 372.76140 0.54067 13
e 367.19515 8.45103 10
e 392.56061 485.48432 12
e 379.04189 11.02039 10
e 321.01051 392.99515 6
e 387.04981 171.37891 7
e 338.57051 203.02518 12
e 496.54662 67.42281 9
e 452.98298 22.96366 10
e 359.07115 189.79079 4
e 372.60497 218.76912 11
e 330.79526 234.47106 6
e 263.43420 381.59729 5
e 332.01084 37.11774 7
e 272.90476 158.65286 9
e 444.26346 33.71229 9
e 290.12904 170.78668 14
e 347.24933 92.25647 10
e 294.02526 344.32059 11
e 551.36056 410.83455 6
e 290.99841 99.98874 5
e 433.37810 12.45587 10
e 301.59811 271.34612 9
e 250.57708 62.45631 9
e 326.32071 127.03037 9
e 327.74911 261.19416 12
e 256.99396 13.79561 13
e 446.56914 208.36255 11
e 316.05300 194.82816 13
e 345.39592 5.33270 9
e 304.27793 2.81223 7
e 412.80911 20.52138 5
e 315.49572 278.29243 5
e 437.48271 131.45610 8
e 387.33748 231.43967 6
e 359.28230 16.03838 11
e 414.68393 78.83812 13
e 368.05823 279.43255 11
e 291.74593 178.28631 9
e 316.05155 122.04413 11
e 508.93731 21.33482 11
e 253.78159 231.30663 10
e 409.78335 184.37810 9
e 511.12006 15.21892 13
e 283.89124 252.18587 9
e 302.39074 69.53591 12
e 324.15686 376.15359 7
e 271.42378 135.89186 6
e 335.23492 36.71673 12
e 238.49357 16.03556 12
e 312.53551 88.11052 14
e 217.37915 322.64651 8
e 289.68302 74.52570 6
e 227.98280 194.10913 9
e 408.29403 157.91521 6
e 285.37265 193.16781 9
e 430.27262 46.20023 9
e 344.45619 128.55770 10
e 434.86585 138.40203 5
e 364.32584 375.92799 7
e 274.03325 116.23009 11
e 411.65800 233.70103 9
e 226.36676 384.27833 10
e 348.64919 98.03460 8
e 337.56342 16.41709 18
e 306.80403 358.95128 9
e 290.91748 89.97890 12
e 451.27172 43.81301 13
e 344.27147 22.17774 10
e 276.04566 181.99199 13
e 400.58518 240.67388 11
e 504.75459 57.63669 9
e 225.86304 28.19372 4
e 316.62361 34.50823 5
e 215.26269 248.43597 10
e 324.50423 62.04239 12
e 295.80575 46.19257 13
e 352.89624 78.86635 11
e 303.26821 216.78971 9
e 234.20667 0.70297 5
e 380.28040 107.92407 10
e 315.67849 304.44602 13
e 310.94276 201.16533 6
e 268.53891 291.38658 11
e 385.49298 43.37359 7
e 255.21973 136.47721 5
e 243.13106 122.24938 10
e 354.48221 67.56048 9
e 386.23791 157.08747 8
e 327.13293 369.98717 6
e 457.42413 337.47535 9
e 298.44713 340.10710 9
e 353.14565 185.66296 14
e 393.50306 193.26182 11
e 165.69161 283.22061 10
e 232.05391 113.02914 10
e 226.34578 119.60499 8
e 384.35286 154.61367 6
e 415.66295 8.99512 10
e 313.52348 2.57035 9
e 412.36529 258.50496 11
e 451.56508 59.65647 11
e 257.38029 109.67833 13
e 328.31622 179.65137 12
e 244.40507 358.37737 10
e 458.20717 71.80683 6
e 225.94179 2.07333 7
e 249.57477 141.57693 11
e 212.20265 240.78792 11
e 362.45728 255.91463 12
e 318.57867 239.21551 9
e 88.09841 33.99030 4
e 405.87711 102.87929 11
e 322.41817 342.16959 8
e 303.48645 101.60741 8
e 348.99782 103.09959 8
e 391.88239 500.88809 7
e 201.62150 66.08322 8
e 485.83044 32.32055 7
e 288.88752 345.79389 9
e 168.80812 81.74764 7
e 544.37529 50.82175 7
e 454.31098 144.86862 7
e 212.28189 385.77890 8
e 390.67404 6.28941 12
e 306.29420 4.77773 19
e 330.22007 682.48836 11
e 308.17618 684.80983 10
e 296.61524 528.83027 10
e 298.68346 689.80132 6
e 409.56369 681.26779 14
e 355.58783 584.20498 13
e 238.27592 876.75525 9
e 404.83141 949.23301 6
e 442.47021 735.20954 11
e 377.09791 608.93369 8
e 230.75244 770.83720 9
e 301.97832 590.71077 5
e 290.31492 574.88613 9
e 192.81558 779.79102 12
e 418.87899 775.51468 7
e 543.14693 464.17756 7
e 259.67087 614.39042 7
e 444.04805 572.20146 12
e 492.54774 900.18991 10
e 420.93801 789.19251 15
e 215.15365 766.92475 8
e 381.73257 704.34588 7
e 137.20415 448.57296 11
e 391.46701 621.95723 10
e 426.35541 671.16979 10
e 363.11778 801.95844 12
e 453.24144 707.20061 10
e 198.56122 716.07848 9
e 343.18916 702.72844 11
e 332.45899 842.34683 14
e 272.98701 699.94748 10
e 473.51163 706.94078 10
e 367.59955 589.68047 15
e 372.92543 393.38242 11
e 499.15633 817.40034 12
e 394.37108 697.30336 14
e 326.33478 468.20461 11
e 427.09367 674.12717 10
e 376.29799 589.58502 11
e 301.16115 635.94857 11
e 299.79690 740.12060 7
e 440.52987 569.18369 12
e 559.67399 611.08340 11
e 331.16171 573.69876 9
e 311.39470 672.85187 10
e 254.76998 751.54654 8
e 189.40363 885.28057 9
e 292.32297 857.33462 6
e 461.25671 803.86169 8
e 276.64573 735.72556 7
e 209.91632 853.76188 8
e 217.20897 548.76208 10
e 483.54138 689.26312 8
e 274.00705 782.87155 7
e 276.55246 859.47733 10
e 215.16126 584.50588 13
e 345.43481 529.85048 8
e 283.54880 722.65702 7
e 210.54174 694.68556 12
e 347.80994 493.89416 10
e 207.05259 1002.52339 13
e 296.74041 462.92468 8
e 206.92622 772.06427 14
e 462.56382 646.00973 9
e 295.27516 803.53675 9
e 348.60003 759.01473 11
e 339.44118 589.18001 11
e 330.16284 651.02588 14
e 301.93692 664.14930 10
e 365.71150 220.23803 10
e 478.24676 367.58401 9
e 242.49043 940.41883 8
e 488.35813 660.89074 9
e 305.25682 826.98361 13
e 363.10171 1050.55164 9
e 347.63805 711.05418 6
e 443.53254 778.67057 11
e 85.96702 528.64510 7
e 449.11980 657.55779 5
e 304.34291 793.62983 12
e 273.63479 701.66783 9
e 404.76247 698.99451 7
e 317.90900 983.34422 9
e 216.98922 509.24227 14
e 349.53051 856.63435 10
e 302.92306 547.92161 6
e 300.21381 742.26400 8
e 386.42321 775.20689 8
e 429.23321 569.38639 10
e 355.38952 845.35011 8
e 308.91365 623.30501 10
e 288.09845 741.81259 8
e 455.10037 729.35476 15
e 310.31401 648.73876 14
e 374.00337 541.31255 8
e 385.28948 856.51447 7
e 308.99139 368.06738 8
e 376.07618 609.93444 7
e 407.63312 694.15402 5
e 401.28833 745.70523 14
e 213.15493 521.50535 7
e 428.28267 739.85391 8
e 367.56827 900.65294 11
e 272.53358 713.34087 17
e 329.89487 584.25047 4
e 273.75524 605.80695 5
e 296.13974 726.84938 6
e 432.77116 418.07356 9
e 309.67070 620.71819 6
e 366.53481 722.25832 6
e 323.49744 834.26767 9
e 528.44930 760.40258 10
e 201.13391 515.28080 11
e 302.14904 753.76401 7
e 456.24438 692.22100 6
e 326.00436 807.63613 12
e 240.79913 610.45328 6
e 408.27993 511.61235 11
e 352.56831 604.38649 10
e 302.99094 902.19722 10
e 271.59109 692.71367 10
e 119.47866 719.52837 7
e 408.60348 862.88219 10
e 429.42996 591.53515 6
e 292.97263 339.01147 9
e 295.65597 586.65802 9
e 275.23539 964.68610 6
e 285.39921 396.98693 12
e 537.96354 966.03066 8
e 403.64283 867.88976 8
e 221.38875 779.51456 7
e 368.85949 518.31060 10
e 392.60023 843.03524 10
e 311.40316 836.71060 10
e 438.57290 843.34915 7
e 313.87309 592.23100 9
e 236.08298 460.65924 14
e 504.35983 508.89393 9
e 307.66794 499.08923 12
e 307.19631 824.85428 13
e 99.44093 685.61354 8
e 364.50272 486.47191 12
e 414.26074 486.01167 8
e 414.71379 617.86578 11
e 413.75328 969.08765 10
e 364.49920 912.55895 16
e 390.56682 860.25271 7
e 326.60018 576.95582 10
e 411.11053 696.98879 9
e 373.23241 714.62835 9
e 308.53023 761.27528 8
e 461.47232 640.83053 9
e 383.23482 879.51117 11
e 234.26851 481.59690 10
e 340.57954 839.17954 11
e 448.98623 644.02722 8
e 335.69701 644.67139 7
e 307.45052 377.63745 10
e 435.57231 714.13474 7
e 281.70596 664.05836 5
e 373.88019 539.10116 9
e 447.80674 820.57744 12
e 331.03580 919.74762 7
e 388.52987 450.79018 9
e 144.36576 473.93647 6
e 379.29928 677.14098 10
e 282.27020 555.46242 10
e 361.00852 881.01533 13
e 289.92030 712.73170 11
e 323.56156 675.66459 5
e 324.33888 678.56555 10
e 391.39449 555.23593 5
e 47.56066 669.59893 10
e 498.47041 804.73146 9
e 359.24864 948.93780 13
e 313.67799 772.25173 9
e 281.60447 841.26434 11
e 268.28976 884.72603 9
e 345.22832 687.89004 10
e 272.25151 955.23241 3
e 409.66205 768.04846 12
e 298.46113 642.42992 16
e 395.14798 592.93692 9
e 390.87146 467.79712 6
e 354.81160 543.92034 6
e 278.06449 816.90860 6
e 277.94521 722.40752 8
e 320.49659 367.28221 12
e 234.54116 715.99220 6
e 357.28678 767.10846 10
e 296.97980 815.16571 10
e 491.02159 795.74664 7
e 494.52475 896.17976 12
e 332.26618 576.38671 8
e 375.95513 645.40109 7
e 202.63455 635.22060 9
e 353.33325 528.75164 4
e 299.40387 487.56709 14
e 389.62163 660.16156 8
e 332.59448 671.71001 8
e 422.16518 852.95590 10
e 482.82322 666.17533 10
e 414.12309 617.02667 12
e 338.45861 579.17957 8
e 327.03336 623.14955 8
e 397.15971 441.36121 7
e 327.29769 496.70119 12
e 441.49764 659.07568 7
e 375.77256 483.78755 9
e 357.75577 520.59672 8
e 327.38190 817.29327 8
e 374.14262 519.86983 9
e 272.43564 669.34407 9
e 411.92883 785.23895 10
e 304.20967 672.32741 9
e 371.34643 502.73925 10
e 268.58597 570.38986 10
e 158.02521 763.04892 9
e 512.86931 808.96890 10
e 258.56224 891.06228 15
e 360.49194 348.03246 13
e 327.62687 738.84818 7
e 332.61988 439.18688 8
e 402.30157 726.56053 7
e 391.02220 721.00681 9
e 326.40771 446.25941 11
e 575.83330 706.65515 12
e 231.21743 921.80441 5
e 212.33164 559.69203 8
e 385.37379 743.91498 12
e 404.29692 462.72813 6
e 361.38266 658.33942 9
e 441.86979 739.61708 8
e 357.15801 731.84319 12
e 306.50122 687.62570 8
e 434.30705 919.96673 14
e 374.62912 465.36505 13
e 340.69210 414.52349 8
e 307.98391 726.73939 10
e 485.68271 910.45809 12
e 368.07768 786.95730 5
e 442.90811 532.38167 6
e 359.37472 675.78133 10
e 274.56928 378.33740 5
e 406.18476 720.92259 9
e 410.72897 911.06912 4
e 299.83737 635.51641 6
e 442.75089 689.30454 10
e 305.39378 677.40230 11
e 351.45977 808.48180 7
e 208.50123 474.65949 9
e 466.81236 680.53062 11
e 415.58150 471.76499 11
e 377.92581 631.58407 10
e 361.14152 664.33296 9
e 237.15265 623.37757 14
e 299.97817 741.77777 9
e 390.92039 728.05443 11
e 357.62047 609.05493 13
e 523.04218 679.82112 8
e 378.33180 665.21969 17
e 375.83089 699.48631 9
e 397.14576 822.20518 10
e 494.32840 783.19971 7
e 441.36735 591.07524 8
e 525.35846 764.89190 11
e 456.99524 799.79047 5
e 479.90003 826.87195 10
e 181.58676 590.89847 5
e 125.85551 504.25098 10
e 402.83742 438.40071 7
e 442.01685 985.21283 8
e 295.27317 381.01534 11
e 299.73236 608.92850 10
e 567.26104 555.99666 8
e 271.73730 698.16258 11
e 216.37456 627.04199 7
e 415.81304 822.74488 8
e 429.82559 710.77728 14
e 398.41395 707.84382 11
e 253.86160 763.48252 6
e 344.30418 573.11070 8
e 370.39003 584.60116 8
e 304.04592 476.03847 14
e 267.32104 745.29084 7
e 500.12276 634.41077 9
e 467.41455 796.81043 6
e 435.99866 609.27480 4
e 501.50767 777.92278 8
e 366.54454 472.26695 12
e 456.69327 394.07124 10
e 478.01423 682.62621 12
e 527.41414 629.08145 12
e 432.83254 717.11967 5
e 279.91127 282.86068 6
e 218.92949 941.07316 10
e 288.27560 674.54280 11
e 218.89045 663.12582 9
e 288.42472 760.97497 10
e 454.87551 581.33269 5
e 496.39326 468.73543 11
e 576.00505 917.71044 7
e 197.26334 761.12957 11
e 246.07160 791.80484 13
e 394.15908 899.91382 14
e 447.47361 903.88556 9
e 326.34923 589.09516 6
e 362.93655 458.46490 8
e 369.15456 803.51726 7
e 401.68782 903.76492 13
e 376.02603 495.59153 14
e 304.47399 849.15225 7
e 270.13844 693.14237 9
e 364.19077 1011.55488 7
e 299.05207 571.03595 6
e 376.32765 721.49106 9
e 329.00166 561.38362 4
e 442.97929 1008.57884 10
e 468.12868 540.13272 10
e 423.32741 245.35058 12
e 439.32158 804.58183 6
e 345.65919 548.94092 11
e 199.60400 851.16314 8
e 413.36341 988.19564 8
e 321.49533 808.60922 16
e 378.58663 513.99723 9
e 216.92024 574.02412 13
e 351.16620 860.27887 7
e 413.77602 712.80059 3
e 174.37589 422.71067 9
e 189.20715 526.81277 11
e 414.78568 360.32374 9
e 451.86679 662.87478 7
e 271.72403 749.47725 10
e 458.55937 448.47809 10
e 326.97281 509.15389 10
e 538.91205 815.61965 8
e 384.44728 573.69087 11
e 416.68287 864.28171 9
e 319.21730 397.42413 4
e 432.83672 752.89019 10
e 436.91280 740.92744 6
e 304.83835 869.24155 10
e 498.84942 648.33462 16
e 456.78028 377.61004 15
e 495.57457 828.70671 6
e 371.96817 208.25559 10
e 308.16658 475.40971 10
e 273.99245 541.01047 8
e 376.68461 892.85136 12
e 336.90900 668.27439 4
e 317.95497 616.86841 6
e 472.53814 854.30402 11
e 435.60971 1006.96959 6
e 383.39610 809.05315 7
e 382.55683 774.59595 9
e 449.05387 753.72382 9
e 309.34832 709.13745 7
e 276.74638 765.89599 13
e 398.10471 605.72612 6
e 391.26590 557.68802 8
e 314.25146 826.94292 10
e 307.57050 892.88725 5
e 372.58332 689.97574 9
e 590.46645 638.22359 5
e 231.74500 938.18948 8
e 383.37539 492.24025 10
e 431.92332 814.72451 11
e 361.72682 554.18222 6
e 371.58703 609.42554 9
e 395.56214 741.99271 15
e 470.87449 814.80699 12
e 454.17604 905.93398 6
e 205.10195 575.31901 9
e 344.54078 666.93958 10
e 406.58438 940.78549 9
e 273.94906 771.74251 12
e 485.87499 1033.50097 6
e 347.41698 496.66363 8
e 314.40032 229.84381 12
e 421.07059 511.06976 7
e 403.21561 595.52380 11
e 536.71324 708.39692 13
e 283.93694 580.91521 10
e 349.83372 551.84168 10
e 351.02979 755.72134 9
e 442.48709 893.69136 8
e 197.04914 621.73361 5
e 418.83826 629.49021 8
e 394.64843 617.43621 11
e 207.59565 744.82913 9
e 345.31836 806.87472 5
e 326.74233 713.67333 15
e 389.04591 1021.19276 16
e 407.71404 997.44985 9
e 384.10988 805.97109 9
e 245.21871 571.91202 9
e 263.13949 503.96198 7
e 591.68191 751.09549 8
e 274.14147 581.93461 8
e 447.37347 780.87259 11
e 289.94887 481.19672 7
e 386.98223 829.14352 9
e 424.16997 926.52140 7
e 416.09913 920.19338 4
e 365.28158 908.56526 8
e 284.00184 528.89840 5
e 270.55179 678.36408 13
e 337.49295 511.76513 10
e 256.16626 708.63091 6
e 522.93138 433.94614 6
e 266.82542 785.51264 14
e 337.71860 768.20286 15
e 387.15053 576.47292 7
e 370.43549 600.23781 9
e 326.95854 729.87575 6
e 350.49559 717.50866 11
e 368.06346 713.62435 11
e 351.77257 497.05260 9
e 188.00883 322.91643 6
e 338.43512 653.25378 8
e 432.25133 679.20835 6
e 307.56168 879.80431 9
e 446.53000 502.85219 10
e 321.42848 566.97080 13
e 444.52617 440.18490 11
e 217.33992 748.39139 6
e 441.22396 765.78924 4
e 298.92747 575.13374 14
e 284.55842 802.47809 11
e 297.43165 963.96227 11
e 441.57434 716.11204 12
e 251.44264 924.01007 14
e 341.23202 742.85027 10
e 337.43444 721.90910 8
e 402.85116 841.95134 9
e 399.21795 929.50347 12
e 370.42450 919.65344 12
e 378.66485 830.24940 9
e 350.28322 775.40755 4
e 345.23476 543.13559 9
e 284.51482 594.39726 5
e 271.27891 476.45636 7
e 509.60768 403.17771 16
e 350.16301 828.40818 9
e 501.51376 786.88038 10
e 310.62727 638.74657 7
e 401.03076 784.21982 10
e 372.72396 760.93297 12
e 376.71916 596.84588 9
e 303.38329 405.74610 8
e 262.16146 585.15814 8
e 449.25375 1021.01186 11
e 288.06656 477.88996 14
e 323.56159 635.78244 7
e 248.89539 478.56664 13
e 85.52384 880.20772 11
e 350.32867 791.22053 8
e 207.37952 459.44126 8
e 448.46180 643.58899 15
e 423.97980 582.61711 8
e 359.14181 616.40910 11
e 438.92210 603.38094 12
e 326.86795 728.47289 5
e 339.33087 567.75887 5
e 241.02188 666.38767 7
e 398.28111 773.70009 10
e 259.45747 1007.83476 11
e 338.19525 592.58318 13
e 240.80149 683.30969 6
e 356.53410 620.47676 12
e 334.82752 658.80941 8
e 269.21060 515.29556 8
e 358.57086 523.68963 9
e 433.57724 857.78879 9
e 467.67197 528.17844 12
e 318.88615 585.76151 7
e 202.68734 845.61975 13
e 338.42834 539.82605 8
e 240.96384 703.41563 11
e 174.89994 299.84111 8
e 164.54698 767.23304 8
e 387.41708 500.33903 6
e 332.60931 648.20849 10
e 424.82732 966.58061 9
e 392.33165 939.38574 11
e 299.82167 767.13009 3
e 246.97079 458.23335 11
e 254.31804 772.76346 9
e 406.93764 839.52859 8
e 320.83731 635.31982 11
e 233.62999 955.99261 9
e 389.96576 572.23966 6
e 323.85748 529.35562 7
e 313.78429 612.66915 14
e 293.26088 769.16242 8
e 388.92465 710.25816 7
e 417.34154 628.09218 7
e 447.30463 825.87335 16
e 493.33832 669.23069 8
e 333.85547 571.59043 8
e 408.11238 734.76807 7
e 342.24248 997.23276 12
e 246.43981 870.22498 10
e 305.91731 853.99678 6
e 443.68987 953.61862 10
e 420.36182 777.47310 10
e 370.52043 770.54555 8
e 473.26537 921.90028 10
e 410.94425 686.67903 9
e 416.22711 727.27935 17
e 372.63579 943.85742 12
e 399.85694 833.24536 9
e 434.65836 666.87503 7
e 362.68795 764.44143 11
e 285.10207 666.41659 14
e 368.16476 533.86552 10
e 375.71375 621.23366 13
e 261.27101 807.86294 7
e 411.12911 531.83992 5
e 376.16085 742.99405 12
e 322.37780 670.66433 10
e 310.60012 684.21800 10
e 437.70536 610.85700 9
e 333.91604 695.35492 8
e 413.34574 733.13041 10
e 281.77314 618.95842 10
e 320.15725 727.98353 12
e 291.52470 722.94864 7
e 211.15944 668.41551 8
e 365.62954 569.48733 8
e 380.12348 561.02561 11
e 331.99091 726.33281 14
e 250.67399 654.22298 10
e 331.45040 834.22796 8
e 417.83637 583.23525 10
e 358.02253 907.34322 11
e 395.80146 820.68517 6
e 445.28682 907.68186 13
e 265.27244 399.42421 12
e 271.60663 831.46066 7
e 352.52415 646.04017 3
e 470.27848 537.88677 8
e 341.62018 733.17919 13
e 357.53711 551.89498 10
e 275.72964 541.27427 13
e 333.51845 632.91579 8
e 457.37574 851.30911 10
e 494.49121 719.68612 6
e 355.44647 810.89387 6
e 381.64094 881.17570 19
e 448.45919 431.05357 10
e 417.92905 542.03110 5
e 350.77811 580.91148 7
e 319.59230 524.38264 9
e 331.96155 771.23004 10
e 525.61883 766.06935 6
e 341.50363 966.76357 6
e 354.43627 876.24679 8
e 334.23311 681.23114 9
e 352.66052 747.07051 9
e 279.44796 561.41651 14
e 311.49298 956.83726 6
e 320.72790 809.12124 11
e 505.76521 681.38441 9
e 380.36218 714.64194 9
e 280.20321 533.04215 7
e 466.41665 725.33864 11
e 400.83438 519.46047 14
e 320.15154 789.72363 10
e 223.61160 425.43866 7
e 380.33300 488.67354 8
e 351.94722 670.47681 9
e 418.18301 530.95703 12
e 324.06980 642.13327 10
e 435.87132 509.12897 10
e 243.05271 591.15512 9
e 313.80249 704.08802 17
e 403.23403 731.90866 8
e 308.89146 807.97832 10
e 390.90937 539.94424 8
e 270.82112 505.16098 4
e 212.49131 710.26815 7
e 233.86132 721.12346 12
e 197.75085 902.18724 10
e 430.93140 907.74958 7
e 376.86601 447.89750 9
e 270.66553 671.78163 5
e 362.75451 680.40909 9
e 419.36345 832.05607 10
e 235.99244 980.58297 9
e 375.39691 581.02599 4
e 410.21434 499.97825 7
e 336.02373 740.78210 6
e 333.48497 765.11873 8
e 309.93890 1045.48902 5
e 507.90646 1000.52197 6
e 365.22135 714.18878 7
e 407.60317 709.79064 9
e 625.67949 586.46588 8
e 387.12668 777.58876 11
e 326.58139 547.49890 13
e 335.51359 943.20683 12
e 495.21087 756.29048 7
e 316.00268 578.17067 11
e 357.01879 666.37452 9
e 84.07952 759.05905 5
e 464.58747 567.49769 11
e 305.33148 1011.82883 9
e 439.37763 674.50499 9
e 497.94372 903.32728 9
e 259.73510 764.26813 16
e 447.24710 766.96491 13
e 442.01224 612.33467 7
e 318.06298 632.24753 5
e 480.67168 670.69331 6
e 388.27046 586.81630 13
e 307.73714 725.18795 7
e 316.15566 831.36820 7
e 182.89461 757.30177 5
e 373.14299 529.92553 10
e 251.29747 689.06606 6
e 435.27970 625.70714 10
e 410.10234 562.58078 12
e 411.19904 829.99552 10
e 158.77135 552.30831 7
e 273.09668 646.14880 4
e 166.35936 885.57536 11
e 388.59746 481.44860 14
e 445.72415 641.01144 7
e 419.90442 715.40851 10
e 291.78020 397.52713 5
e 259.32265 393.04120 5
e 454.57613 523.47047 13
e 371.39665 820.88411 14
e 334.35571 736.37723 10
e 365.31807 517.05430 8
e 344.61366 927.57106 10
e 389.51068 821.16649 8
e 347.59737 686.50649 9
e 316.51690 726.55010 7
e 562.16463 781.51928 6
e 338.16608 682.50093 12
e 534.03168 760.73722 10
e 165.19742 728.57110 13
e 258.06999 518.33745 10
e 291.56583 734.17746 7
e 332.60278 763.42664 12
e 354.12370 670.98220 12
e 282.09251 801.04257 10
e 507.96416 601.21571 16
e 339.16358 889.42132 7
e 225.44225 624.82011 9
e 268.33229 746.59843 5
e 408.45547 820.27096 7
e 332.61100 569.18379 16
e 313.60292 700.10398 12
e 252.89367 693.50889 9
e 252.71014 422.67772 10
e 363.41937 803.02744 9
e 324.30282 510.99979 9
e 448.81307 690.64777 10
e 282.94341 925.26787 10
e 518.56517 815.62701 11
e 214.37737 965.72378 8
e 398.32642 861.35162 13
e 409.35502 675.78407 9
e 424.17083 775.25152 3
e 354.48113 669.11310 12
e 339.67135 733.60831 7
e 441.54165 669.04389 14
e 257.91397 684.41170 8
e 255.53758 569.50220 5
e 404.22273 744.85946 9
e 322.73322 585.11011 9
e 522.30244 718.41392 6
e 506.61696 769.00309 13
e 281.93238 357.26928 11
e 321.45012 693.51263 9
e 383.91588 768.10379 5
e 293.77499 550.28162 6
e 341.06178 492.30021 15
e 509.81956 831.31511 9
e 179.12137 723.39222 9
e 446.52079 491.72658 8
e 462.74754 760.87670 11
e 351.79412 767.77546 11
e 405.18447 607.08063 7
e 198.95854 546.86126 5
e 409.42815 352.10098 11
e 402.34065 763.57854 10
e 343.77506 556.33713 10
e 330.91924 557.16914 13
e 487.48597 857.76318 9
e 406.52149 515.82426 8
e 379.21598 891.79913 9
e 381.41372 456.64016 14
e 363.93367 743.83193 11
e 405.73340 733.68935 13
e 288.41861 635.29057 6
e 422.92044 741.88912 13
e 336.42827 893.79656 8
e 511.07215 863.91833 11
e 333.02007 608.56831 8
e 349.73222 851.42268 10
e 304.23136 984.80673 18
e 464.86038 659.89180 6
e 343.39969 371.47363 10
e 367.21564 597.83150 8
e 401.72863 487.50682 7
e 206.56753 488.40970 8
e 553.63013 489.48168 7
e 303.86501 671.83732 7
e 270.81264 627.43627 6
e 428.89894 621.29033 8
e 239.39703 479.32109 9
e 544.36029 828.26501 9
e 321.99016 550.47460 12
e 360.80828 863.61425 9
e 383.83441 908.27087 8
e 348.85952 577.54832 3
e 423.91535 944.42211 13
e 372.86049 317.46504 11
e 287.11813 780.60796 6
e 246.22062 586.54125 11
e 443.19634 566.46886 9
e 327.14924 677.08663 8
e 409.37938 816.02942 16
e 402.53165 827.79311 8
e 364.83826 520.14483 6
e 311.79984 385.55177 7
e 433.17920 791.45382 6
e 286.16804 324.66627 7
e 550.96093 780.14038 11
e 371.05430 693.77969 8
e 246.30667 513.67241 4
e 293.48353 716.76875 9
e 232.41832 616.85048 9
e 318.32798 907.31432 7
e 561.25011 626.93945 15
e 331.63958 1037.28065 10
e 299.22487 534.67902 11
e 310.23785 554.44244 6
e 329.56959 936.65179 13
e 355.73625 700.40466 6
e 478.36694 666.63301 8
e 319.98926 598.72615 9
e 446.53751 892.05467 7
e 279.87647 990.70194 5
e 423.55927 836.33241 5
e 236.58633 756.93336 11
e 289.53029 681.04082 6
e 294.89652 644.37842 6
e 281.66339 601.01694 6
e 482.35707 875.96535 6
e 365.20280 626.16061 12
e 372.57723 700.42063 8
e 325.21027 710.51256 8
e 339.44450 646.20163 7
e 409.39307 862.55531 13
e 352.98252 889.71551 7
e 274.30990 499.97999 10
e 398.87782 499.95755 14
e 338.97433 459.31009 7
e 287.73193 853.96804 11
e 278.05990 760.17204 13
e 321.38836 626.51961 9
e 314.49537 866.64764 9
e 462.22270 720.46450 8
e 383.39316 702.98355 10
e 388.84536 455.97113 6
e 498.73085 589.18509 10
e 412.29054 653.64938 17
e 381.58475 739.72997 6
e 372.80746 667.57384 7
e 472.95950 699.86833 7
e 257.59621 673.47467 8
e 267.28236 717.43386 6
e 411.96504 928.22689 7
e 284.23428 658.73284 8
e 321.17202 957.02847 10
e 442.75741 887.99542 7
e 501.53885 780.55275 9
e 444.50427 606.65097 11
e 339.27224 747.76442 9
e 89.97217 602.70236 14
e 532.30316 482.84656 11
e 333.46265 532.85646 9
e 354.45456 775.39799 9
e 376.65575 710.15342 7
e 241.62136 896.70160 12
e 358.79242 475.45991 8
e 347.83450 921.49776 7
e 407.69356 553.84600 5
e 324.74038 914.03133 14
e 376.10648 722.64878 11
e 452.55180 706.96640 7
e 500.86508 645.11857 4
e 489.52228 746.85943 8
e 464.46272 726.02031 8
e 679.72797 114.14376 10
e 616.18807 131.68262 12
e 552.12348 286.02340 7
e 551.69157 53.97843 11
e 668.20181 23.00461 7
e 652.18102 18.80245 7
e 714.62573 57.49861 6
e 677.29979 63.38887 12
e 602.65143 115.10538 21
e 655.85651 136.70615 10
e 687.51134 178.29742 10
e 706.14317 221.57123 11
e 695.33389 22.57732 7
e 596.90423 186.33669 8
e 625.44848 284.08299 7
e 706.61248 176.65811 7
e 696.36015 41.95943 8
e 639.29058 65.46656 11
e 496.12689 31.90500 6
e 634.59323 186.89048 8
e 700.30174 123.58417 10
e 669.78379 282.41627 10
e 637.67759 91.51904 7
e 661.23030 159.54646 9
e 609.29069 392.66950 10
e 614.55270 226.50560 4
e 675.53908 85.19980 11
e 715.24020 50.20654 7
e 694.80824 23.33357 4
e 708.35461 456.00505 11
e 659.02237 281.84050 9
e 654.59192 300.68421 10
e 697.58999 74.12862 11
e 550.11220 155.85416 14
e 719.55825 145.19197 11
e 546.39403 191.28555 6
e 511.35897 174.80073 7
e 646.92239 280.77948 10
e 715.11147 192.82025 13
e 594.51466 131.02106 14
e 683.06363 279.98413 6
e 663.61086 348.19114 9
e 587.70663 139.52212 8
e 635.95563 0.48018 13
e 653.42907 240.12280 7
e 645.62354 89.55971 12
e 687.11129 40.61751 14
e 690.82116 222.52176 9
e 671.73640 10.96877 9
e 695.44060 121.61153 13
e 670.68325 264.37507 11
e 694.06157 243.30323 10
e 675.59717 38.93372 4
e 717.01536 192.70906 12
e 620.18965 0.56895 4
e 698.18186 307.17408 9
e 668.50195 379.92970 8
e 691.70152 271.95507 8
e 546.71816 376.40184 9
e 687.42724 120.61975 7
e 684.50781 201.58180 9
e 613.39007 43.71284 6
e 599.49541 131.53515 3
e 630.60242 141.02575 6
e 600.94727 374.49381 8
e 674.70685 49.49174 11
e 628.64931 312.93193 9
e 711.68768 58.14402 7
e 700.97688 157.32340 9
e 683.26396 55.60312 5
e 670.98726 13.01490 7
e 479.61268 198.93711 8
e 672.55443 200.71474 11
e 685.34585 223.38538 6
e 546.14865 140.92134 14
e 680.69198 85.92152 8
e 645.30128 364.26727 4
e 639.83973 186.45242 8
e 628.27354 312.00135 11
e 712.76379 95.67257 8
e 651.77589 41.28326 6
e 704.38050 373.09542 12
e 555.78565 221.26374 12
e 458.38323 38.42330 11
e 621.26779 181.73747 7
e 610.68762 23.62027 7
e 716.87460 22.34056 7
e 593.25987 111.14528 6
e 691.80781 310.76096 10
e 586.95807 186.47021 11
e 651.58137 229.60349 14
e 578.92635 138.34948 6
e 644.00294 4.01681 8
e 642.20393 565.24029 4
e 478.04931 313.12165 9
e 568.15048 295.95849 8
e 624.28988 265.13810 10
e 715.51947 37.22670 8
e 588.82243 74.62545 6
e 701.23571 104.03596 13
e 613.13680 362.34755 10
e 707.87437 77.66211 10
e 581.45906 398.47652 8
e 709.36831 224.49941 10
e 518.26754 72.30111 10
e 680.44829 364.06817 12
e 674.13653 149.00231 13
e 631.33814 89.08522 8
e 468.20717 190.46383 7
e 681.16766 157.25857 8
e 687.28220 56.08840 6
e 605.56814 64.32452 8
e 552.35096 2.24587 9
e 661.62937 79.08502 9
e 570.72402 162.10585 9
e 678.30507 176.77425 7
e 577.07302 112.51718 9
e 686.54981 233.65399 6
e 703.17640 31.71899 14
e 637.49384 317.24023 12
e 655.56128 183.24782 7
e 686.21508 2.42172 10
e 674.82891 177.96425 9
e 577.37875 230.79499 8
e 661.22228 320.71167 12
e 632.80768 51.95520 7
e 700.46303 27.02624 4
e 656.84691 123.37624 12
e 639.03609 322.75455 11
e 622.01483 56.49305 5
e 682.14762 75.55332 7
e 607.89173 347.76595 8
e 683.85476 33.10788 8
e 659.84153 1.36108 11
e 623.88780 201.78963 6
e 699.54969 30.11223 8
e 544.27861 75.60648 15
e 615.50977 86.97531 6
e 694.19425 194.48745 7
e 649.94679 213.10265 12
e 692.76190 137.96819 12
e 673.12008 138.65508 11
e 717.67372 132.87184 13
e 480.13503 185.11535 4
e 706.66256 309.93325 8
e 680.87988 237.77038 10
e 703.13091 214.89910 8
e 653.31216 130.27175 5
e 505.70808 42.64861 9
e 636.06824 131.90697 7
e 712.59222 388.72965 12
e 619.25223 275.30083 9
e 565.19029 224.55344 6
e 639.51660 248.84014 13
e 558.65586 257.95171 10
e 608.87504 46.19297 10
e 671.21484 108.41715 9
e 717.50978 122.52674 9
e 609.06306 152.63442 14
e 699.20665 263.47730 14
e 684.56515 247.01805 9
e 581.91139 286.75388 7
e 646.28922 199.52949 6
e 676.12466 120.62980 13
e 639.62780 108.98028 12
e 672.40421 133.81790 5
e 699.65755 194.66851 5
e 649.66828 246.92361 8
e 634.39205 66.61114 11
e 434.72033 76.03623 8
e 632.81956 124.30040 8
e 671.31120 313.43579 9
e 696.63990 148.13464 14
e 650.30864 212.21245 9
e 663.34081 178.41557 7
e 692.74839 231.93925 10
e 665.35715 316.35622 16
e 638.24312 234.28120 7
e 623.38750 121.01397 5
e 711.08100 201.86643 8
e 717.40835 213.72811 8
e 646.72647 62.19236 8
e 650.21375 121.58114 8
e 705.42296 157.26580 10
e 672.22788 12.21447 11
e 661.58168 2.59100 8
e 685.87186 131.66063 10
e 645.47106 152.06543 14
e 719.11452 142.37984 9
e 676.58751 146.55975 4
e 682.52390 194.09793 9
e 643.01965 110.53253 8
e 708.62892 42.31587 4
e 566.47709 41.38698 13
e 659.00482 45.77470 11
e 704.57484 322.35913 9
e 617.23717 171.14805 7
e 692.13838 336.03414 10
e 656.50693 83.70509 10
e 631.15054 137.14521 8
e 630.64073 33.32432 12
e 636.98177 58.83145 12
e 653.43207 76.05437 6
e 500.28338 76.13019 8
e 656.83499 79.08636 9
e 605.89893 53.76899 9
e 658.81842 379.28115 11
e 688.12179 104.57422 8
e 609.18285 59.37445 13
e 651.48797 357.33399 12
e 601.63983 166.17967 13
e 482.05279 163.58445 11
e 530.53440 132.70487 5
e 700.46444 71.83673 14
e 705.44898 6.95731 10
e 717.16068 225.43088 11
e 643.97219 190.33630 5
e 691.23888 238.08386 11
e 616.18174 31.84939 10
e 607.65842 88.65927 7
e 629.38685 129.81509 8
e 649.26256 56.45143 9
e 686.79916 73.19481 5
e 614.02892 193.51969 5
e 656.58534 53.63682 6
e 715.18519 45.73256 12
e 529.47811 176.71000 7
e 589.00997 68.87274 11
e 505.83602 84.24009 8
e 677.57034 384.22649 12
e 667.50781 262.44009 7
e 691.24151 271.60550 8
e 628.65005 219.25524 12
e 609.45875 261.10089 12
e 712.84602 138.07156 13
e 657.48928 261.96687 13
e 698.19911 119.59737 7
e 646.93073 63.87209 6
e 700.44763 128.84875 15
e 684.60564 99.85318 10
e 697.97107 202.68471 7
e 545.72048 174.52009 9
e 719.20331 225.26861 11
e 567.89124 339.56288 10
e 622.15476 130.89484 8
e 637.52279 62.64913 17
e 572.01083 135.66405 7
e 637.07517 208.14020 10
e 694.02403 137.19049 15
e 496.75622 58.08232 6
e 666.54067 449.54213 10
e 564.37051 91.64209 9
e 673.69533 31.86847 11
e 647.63972 237.23001 12
e 655.36973 281.09894 7
e 688.71137 294.81451 4
e 596.62938 278.68771 19
e 641.01695 101.37848 7
e 578.67846 120.27157 9
e 670.79635 339.96363 10
e 531.95418 224.51921 11
e 678.17039 17.45956 9
e 620.55172 29.33590 11
e 706.59895 246.78936 6
e 714.58165 288.90597 7
e 679.70693 62.42577 11
e 662.84719 537.34013 10
e 465.44548 113.18804 9
e 659.79995 145.33931 5
e 710.62633 130.16430 12
e 687.50433 3.47336 13
e 663.99754 73.94012 14
e 712.04662 70.31564 11
e 682.67791 32.70278 7
e 549.52232 10.20733 8
e 677.36899 35.14501 10
e 691.49512 183.55701 12
e 694.75091 94.44816 11
e 552.27523 132.16027 21
e 624.30382 162.28596 11
e 673.76624 230.15998 12
e 706.55926 232.84340 5
e 691.93154 113.65531 7
e 700.53292 238.17138 12
e 708.05627 50.59266 6
e 688.38626 34.27289 11
e 702.81677 106.28128 9
e 564.05454 13.48783 9
e 604.25116 26.34914 9
e 665.45262 277.03588 7
e 653.56043 21.25721 9
e 692.61536 50.58830 7
e 590.49825 65.51687 7
e 683.00066 98.89097 7
e 629.51956 172.88477 11
e 586.75483 206.52418 7
e 639.34149 171.62013 9
e 584.45204 77.23538 15
e 632.77840 296.40096 7
e 667.27715 163.74050 8
e 660.70197 209.02475 9
e 697.57850 74.89204 8
e 681.77266 22.69501 15
e 704.86762 172.42264 11
e 716.82604 102.23376 11
e 676.10365 85.76920 7
e 580.17744 48.79655 9
e 667.18414 12.45795 11
e 683.43876 171.11124 10
e 681.90571 66.47819 9
e 631.99449 140.79348 11
e 710.56991 90.54900 12
e 665.67550 114.56384 9
e 475.43622 441.52860 8
e 701.92239 189.57064 4
e 628.05439 177.38992 11
e 631.11989 120.10921 11
e 719.71206 245.23967 13
e 690.14624 258.64244 6
e 713.85265 187.59460 6
e 547.84665 228.17441 12
e 639.91214 97.21390 4
e 513.18417 52.20108 7
e 594.40177 111.47668 9
e 566.79875 17.41825 5
e 714.22950 295.66716 10
e 671.85707 97.42346 14
e 687.01440 379.78420 9
e 621.25170 365.54761 12
e 676.29736 42.82833 10
e 623.86919 252.87891 10
e 589.40840 36.51114 14
e 632.22159 80.91418 5
e 697.92533 215.72121 12
e 618.79378 98.83740 11
e 669.59404 73.36427 15
e 668.04869 85.16908 9
e 617.76934 30.46480 13
e 708.00201 13.66791 10
e 609.58636 170.85802 6
e 623.32797 57.80762 12
e 557.45424 45.42464 8
e 698.85183 52.93804 10
e 559.35094 249.90081 11
e 686.67547 81.63435 10
e 641.09445 99.79209 5
e 641.09510 140.45548 10
e 677.32880 81.40043 8
e 694.84180 180.34193 8
e 682.23926 81.43584 10
e 678.87744 177.61856 11
e 631.80358 48.44301 10
e 594.72334 85.67655 11
e 700.34997 311.53556 6
e 709.09648 309.11279 13
e 666.96766 80.38017 5
e 708.16700 238.23807 5
e 601.31965 253.50681 10
e 658.21469 100.13876 10
e 489.12777 27.17468 7
e 546.12508 86.04200 8
e 687.47246 151.11398 7
e 702.41876 41.62209 6
e 716.47715 234.69071 13
e 673.07887 51.32816 8
e 710.43613 319.72324 8
e 687.49722 324.45638 9
e 624.20133 340.63639 6
e 654.87117 69.46320 7
e 712.54997 206.96346 9
e 630.87880 114.75745 11
e 667.10184 138.05128 8
e 699.16522 34.14341 9
e 639.00024 239.65891 9
e 688.25875 204.36438 6
e 678.37398 246.27508 14
e 560.63380 203.75622 8
e 563.12838 123.99189 8
e 709.30759 76.56468 6
e 634.70740 269.73352 9
e 657.53267 26.94270 11
e 613.80397 71.63040 6
e 648.99044 193.68430 11
e 657.57886 283.19271 7
e 632.01940 12.10134 8
e 590.70754 84.83288 13
e 599.77380 107.54182 14
e 690.55468 277.86842 5
e 677.77438 276.15135 6
e 673.90203 265.28175 12
e 711.73566 79.95227 6
e 614.68339 29.41069 8
e 710.94107 161.98136 8
e 668.61748 158.27277 7
e 693.97686 275.94171 8
e 691.16537 16.37706 8
e 418.48115 211.20549 6
e 488.26120 234.81401 7
e 618.47346 212.58825 10
e 689.57953 344.67423 12
