c ./output/rectangle/gaussian/gaussian-rectangle-7-1000
p rectangle 1000 720.00000 1080.00000
e 176.69922 657.96919 6
e 83.74088 786.60351 8
e 94.15264 799.62131 9
e 60.22298 538.58171 12
e 54.24995 892.90872 13
e 92.45446 814.65411 12
e 180.37310 778.88374 12
e 114.34763 707.45326 10
e 79.67352 585.80355 6
e 177.99992 871.13225 14
e 159.62454 596.49280 11
e 219.78238 777.77669 7
e 148.97806 751.51822 10
e 53.39418 724.84143 10
e 4.75278 685.66558 6
e 15.15420 774.06631 12
e 71.78805 779.36632 5
e 76.49900 837.69902 12
e 158.13843 658.33884 9
e 115.84506 770.64193 12
e 290.63474 561.47947 11
e 274.15555 504.27500 8
e 238.68797 703.40763 10
e 86.13578 855.58272 7
e 152.16742 879.90926 10
e 217.25708 610.47250 5
e 203.98948 729.67246 10
e 56.38737 598.61724 8
e 151.35168 754.69258 5
e 28.85952 693.51431 10
e 29.38362 1044.23673 9
e 203.75027 738.42959 13
e 196.40932 681.89665 9
e 155.39520 545.86666 11
e 162.56903 676.50564 4
e 29.04813 447.61855 8
e 181.39497 903.96529 9
e 109.35724 457.42408 7
e 181.15504 755.10564 12
e 68.55217 557.10027 11
e 225.16392 942.58514 6
e 223.30645 728.26221 4
e 32.16641 645.23327 6
e 34.31048 1056.06068 8
e 181.85514 576.68032 14
e 85.40020 434.04715 6
e 106.68157 921.95985 13
e 113.45121 698.32636 8
e 108.89076 1005.52778 10
e 234.01517 594.02010 8
e 34.76820 732.75800 7
e 70.34112 512.88290 8
e 79.64808 531.88732 6
e 309.67853 795.87509 14
e 57.93278 651.43137 12
e 127.63510 920.62068 13
e 63.25150 581.44980 10
e 49.57583 589.40393 13
e 86.59606 594.65442 5
e 201.21946 628.57516 9
e 239.02432 728.53214 10
e 207.98316 486.49791 7
e 4.54786 785.10523 8
e 202.68459 703.17893 9
e 260.46259 750.67286 6
e 228.32972 426.32341 12
e 3.08330 619.36477 6
e 213.84319 714.05675 9
e 227.22100 407.03882 9
e 212.98488 596.13592 8
e 146.06980 518.27391 12
e 103.58630 598.81606 7
e 67.30944 541.37170 9
e 241.96486 725.24378 7
e 42.42435 609.58065 11
e 129.06437 586.31970 7
e 39.59129 654.48147 6
e 133.63762 414.54159 12
e 69.09331 544.74790 8
e 126.49488 696.65669 10
e 104.79237 744.30246 5
e 105.64295 774.61674 7
e 147.00901 703.10855 5
e 46.89134 678.05747 10
e 140.86172 603.20148 12
e 84.37051 531.03616 8
e 129.80539 962.99731 7
e 169.48087 698.65559 7
e 24.41119 936.38872 8
e 67.09793 58.70666 9
e 56.96913 780.26642 10
e 103.56422 847.04833 9
e 223.82437 733.57428 14
e 53.20950 645.49672 10
e 23.99564 437.40308 8
e 6.16308 933.72535 14
e 118.64063 1071.80802 11
e 164.03061 516.01562 9
e 150.49691 697.62763 9
e 209.48624 631.79239 6
e 123.59993 513.62727 13
e 153.36715 842.27368 12
e 45.95692 779.03307 10
e 140.87498 827.04636 8
e 94.86789 855.78954 13
e 254.87013 603.42967 11
e 166.15448 657.38823 6
e 107.80429 650.40330 5
e 197.34831 734.07688 11
e 192.60920 770.53993 8
e 68.78101 595.47182 8
e 79.14766 746.06972 6
e 132.22684 557.89864 14
e 33.69611 747.31112 10
e 192.60086 606.50258 14
e 158.95768 507.07429 10
e 5.22108 752.43309 14
e 147.05852 727.76906 10
e 251.50988 773.50374 7
e 188.78154 861.48838 7
e 138.21595 868.37286 14
e 100.64701 835.61329 9
e 108.94264 776.92144 11
e 117.34202 951.57286 6
e 109.93435 453.27345 11
e 72.34377 720.92459 7
e 128.73858 736.96243 9
e 139.82452 716.68291 12
e 158.92426 829.50504 8
e 82.31526 712.49141 11
e 84.73136 720.19858 13
e 0.59898 699.91213 8
e 155.80517 864.17359 5
e 93.72685 493.74332 11
e 124.01280 765.99679 10
e 279.76705 790.92627 10
e 48.07205 538.92322 8
e 111.55662 710.43613 8
e 132.33659 851.46188 9
e 144.01837 607.13598 7
e 51.08275 799.21046 11
e 198.46815 825.14250 6
e 100.93664 611.48041 4
e 152.85299 802.33840 10
e 65.85399 576.29553 7
e 71.79095 674.24562 9
e 142.26947 641.28347 7
e 109.72581 334.01900 9
e 136.21415 459.71663 11
e 150.74268 616.45502 9
e 21.39309 498.46936 9
e 107.14908 686.63627 11
e 182.79949 637.05044 9
e 142.06859 888.68057 8
e 126.44673 833.15045 11
e 178.63577 746.05544 8
e 46.76528 553.39856 5
e 4.18337 590.40044 9
e 208.16150 449.67268 8
e 106.01018 561.79639 13
e 127.91445 548.70784 9
e 62.58807 586.17712 7
e 129.72649 733.62524 10
e 13.60637 563.12185 7
e 177.23590 356.34010 7
e 282.54919 468.54735 14
e 127.09552 839.88728 8
e 136.31909 614.71488 8
e 74.09319 690.75819 8
e 153.71026 842.36023 11
e 199.43304 939.10959 10
e 86.23665 594.66952 14
e 162.38647 868.40431 13
e 35.29862 550.28328 10
e 127.30379 837.29396 6
e 50.99666 635.48882 7
e 110.17032 668.64342 13
e 45.27955 884.61800 8
e 53.25446 676.64600 4
e 114.35887 606.70629 6
e 106.25194 483.90192 13
e 89.74769 632.65470 8
e 115.83200 741.75386 15
e 141.53462 726.54135 8
e 168.41884 604.43553 12
e 201.47640 493.56738 9
e 39.25945 592.88017 8
e 245.66349 684.48570 8
e 182.79768 489.18125 9
e 120.54535 751.95274 8
e 184.04820 613.03511 10
e 7.81778 800.32123 11
e 137.33307 589.35737 8
e 290.64863 424.84734 8
e 128.38853 650.55096 7
e 197.70773 762.79228 15
e 183.65809 918.63770 9
e 222.63698 531.09279 8
e 72.09299 513.95235 13
e 151.30568 671.18451 11
e 31.12163 703.34898 8
e 111.32864 481.01698 8
e 168.64667 649.38033 12
e 166.86071 651.23329 7
e 76.23702 504.88950 11
e 75.61478 868.14190 11
e 148.07491 697.64807 16
e 7.54721 717.26630 8
e 326.65042 706.40367 9
e 93.42746 862.30290 9
e 220.74352 955.36533 8
e 163.29756 653.63621 12
e 52.15326 473.57430 8
e 51.87950 497.65097 6
e 188.36089 962.29024 9
e 147.17830 586.03986 7
e 312.93826 676.18140 9
e 123.52557 811.66402 9
e 117.16700 743.04746 13
e 68.13812 563.69758 8
e 36.22492 760.56948 8
e 65.66264 430.61743 7
e 195.95192 647.93096 7
e 2.42569 793.42101 9
e 145.87613 628.63376 14
e 135.19225 640.64669 14
e 264.09032 354.70657 10
e 211.22369 815.55264 6
e 148.73748 680.55315 6
e 135.67159 605.18727 10
e 125.54716 797.12199 10
e 28.39701 695.59560 11
e 53.20299 582.13297 7
e 109.10094 831.74778 4
e 36.70128 639.06778 10
e 140.23402 993.00241 7
e 8.86388 836.52576 10
e 37.56185 780.70131 4
e 34.84398 977.49119 8
e 123.50696 676.52666 5
e 286.12733 707.24770 6
e 122.15127 620.15431 11
e 6.66716 718.58560 13
e 173.91957 783.62910 7
e 174.62214 964.39949 10
e 53.22252 693.81726 10
e 109.90011 729.63370 7
e 238.29197 459.21991 17
e 171.79938 732.79895 6
e 207.15783 758.75903 9
e 240.90190 639.22355 8
e 158.10646 662.33231 13
e 100.89288 750.89658 8
e 217.31930 972.84412 10
e 219.28351 1012.45876 10
e 127.51818 770.49882 7
e 176.16108 541.48510 8
e 18.75553 730.75179 11
e 15.73127 509.69346 7
e 17.18682 777.35653 7
e 224.22484 846.37047 8
e 126.25042 666.93188 6
e 229.55461 597.55812 12
e 169.47576 671.15709 4
e 154.86264 780.64691 7
e 203.20765 669.28530 14
e 135.91702 918.02221 11
e 170.15853 646.88667 7
e 115.56087 726.35684 7
e 186.88238 347.40358 6
e 167.77349 595.79830 10
e 36.02729 636.23357 7
e 291.02350 734.81993 14
e 133.56743 741.37384 8
e 77.76767 670.70444 11
e 92.02897 630.30589 4
e 66.06282 470.83592 9
e 227.05599 653.16961 8
e 66.32197 650.61740 10
e 59.99967 943.39396 14
e 134.64362 818.55394 7
e 124.89342 915.62519 8
e 9.24729 721.78699 10
e 25.49843 803.17125 9
e 132.51069 563.24661 16
e 86.49967 489.45432 13
e 7.20603 680.75807 9
e 39.10567 587.33408 13
e 129.23752 743.09295 8
e 168.55638 534.62145 8
e 113.93701 681.95392 7
e 120.90180 627.56338 10
e 166.98143 725.22819 10
e 227.01261 477.13150 14
e 186.68098 1000.84238 9
e 295.55481 858.58117 10
e 172.67234 774.20318 10
e 58.98975 784.61376 6
e 158.98965 838.62209 9
e 203.31824 596.89367 9
e 88.06025 621.47891 6
e 117.79296 652.87711 11
e 138.94716 758.77000 12
e 32.29143 834.33558 6
e 216.09123 642.36235 8
e 95.73741 657.08413 6
e 127.34702 498.05663 14
e 201.60207 611.71831 6
e 121.15873 841.65183 13
e 123.43419 772.15118 9
e 162.30611 487.06856 4
e 35.83063 911.79329 10
e 84.27352 869.54488 7
e 79.98477 601.76055 9
e 80.81143 591.32905 12
e 31.92961 573.45910 16
e 86.48763 658.89459 4
e 153.98916 377.47236 10
e 18.38710 625.26473 5
e 63.82435 514.52666 4
e 135.86694 701.34365 7
e 182.61838 659.08225 8
e 193.35214 346.65302 18
e 146.03075 642.02056 13
e 57.56174 938.64359 10
e 45.20893 734.34818 11
e 33.30819 543.90689 10
e 38.67315 526.75894 7
e 154.88687 829.65192 9
e 86.62328 809.05410 11
e 102.79123 606.40493 9
e 199.19002 692.63576 12
e 10.55705 946.44234 14
e 111.30833 734.74055 8
e 71.19875 860.39606 7
e 140.32197 801.40095 6
e 35.66558 503.05756 10
e 93.32752 720.82863 9
e 14.66240 782.96068 8
e 135.11642 712.94803 12
e 312.58494 634.45171 7
e 89.18725 631.63027 8
e 111.82072 703.57457 8
e 28.66811 912.94998 7
e 7.69095 549.14357 8
e 138.31479 835.76512 12
e 215.46402 934.45994 6
e 29.64065 731.53931 6
e 171.05776 855.84193 7
e 133.20580 962.25905 8
e 46.83056 709.65455 11
e 48.83416 422.17215 13
e 133.13020 479.05787 7
e 115.33529 648.17431 9
e 238.99250 626.51738 9
e 108.44328 883.55585 8
e 25.26429 649.28686 7
e 118.67353 644.71420 9
e 18.47103 1075.13802 11
e 170.35629 607.44226 10
e 126.98959 742.82121 10
e 196.93126 536.89853 5
e 74.47320 512.03926 5
e 36.54013 740.59039 10
e 202.65864 612.09900 5
e 92.48600 912.46464 6
e 142.25350 987.24611 13
e 11.87872 731.63922 11
e 155.71430 801.27389 4
e 78.98757 756.94300 11
e 105.41720 696.58789 14
e 76.30257 754.55185 9
e 114.22797 743.66254 7
e 110.61122 587.95229 12
e 263.51081 649.73984 4
e 169.32242 721.02389 7
e 166.61210 682.27527 11
e 143.91342 605.47042 6
e 86.12084 916.70205 11
e 226.18467 620.42607 15
e 276.66422 911.91064 7
e 108.46420 590.10821 11
e 134.34739 818.56910 6
e 5.46858 797.93516 5
e 116.98488 748.87067 15
e 226.38418 743.00123 16
e 164.13083 631.99571 13
e 103.17961 495.77141 12
e 144.54862 948.98419 7
e 179.71556 381.43362 8
e 208.10928 975.99388 13
e 75.68697 722.14454 11
e 81.17992 319.63670 13
e 163.01205 847.50646 8
e 65.71592 502.45832 12
e 97.55447 716.45973 5
e 139.62190 911.45511 11
e 41.01433 769.42571 9
e 70.38611 641.80230 9
e 24.77386 613.30167 15
e 150.83169 381.32969 16
e 219.29833 851.58134 14
e 114.51281 540.15567 11
e 107.83723 797.59271 15
e 48.16229 822.35034 18
e 28.18585 729.01350 6
e 228.00671 400.13636 8
e 184.61978 560.18893 3
e 76.98580 607.87047 7
e 47.01578 769.65343 9
e 199.59091 780.70216 4
e 9.69148 669.19679 8
e 180.11599 776.48237 10
e 78.35122 327.45257 7
e 110.11779 712.03621 7
e 188.66130 718.10732 10
e 106.54660 736.23405 7
e 158.99390 298.48586 8
e 216.57076 561.90891 10
e 177.70028 759.65749 12
e 266.87296 603.97221 10
e 66.45293 500.93394 12
e 279.04930 562.20709 7
e 371.48831 594.53387 10
e 217.36403 879.86608 12
e 116.58921 445.91893 4
e 73.47672 850.88172 12
e 71.97592 573.94597 6
e 41.19255 597.92282 11
e 280.53189 457.32755 16
e 109.95965 708.78189 12
e 13.76476 749.21988 9
e 141.61462 560.14590 11
e 102.83241 468.36934 10
e 102.65520 597.13293 10
e 54.31203 563.17089 9
e 141.83581 621.03398 11
e 166.85244 647.13147 7
e 60.12259 753.54829 8
e 316.44471 637.19708 13
e 283.50459 591.23355 14
e 209.72095 513.84039 18
e 109.31673 591.51505 12
e 200.74051 897.81272 12
e 273.01209 845.61835 6
e 132.63274 728.13045 13
e 56.73247 661.27183 8
e 78.28829 668.32351 9
e 2.39648 721.20764 7
e 165.10200 546.92836 8
e 151.78384 788.19184 6
e 207.90532 774.13147 9
e 214.66717 783.78095 4
e 87.10461 752.66023 11
e 48.87884 813.72062 10
e 175.57074 655.71119 13
e 57.95492 647.68388 9
e 68.22962 660.52388 9
e 312.70756 540.36624 7
e 158.87325 644.86781 7
e 206.23196 942.81233 9
e 200.48747 722.88328 7
e 146.88810 976.20562 7
e 19.49049 611.24141 13
e 203.56885 786.85921 9
e 163.79613 559.71599 14
e 208.30137 639.38091 10
e 5.85690 1012.66057 7
e 106.70752 877.03224 9
e 26.17963 445.14989 11
e 216.20548 842.35209 8
e 237.36303 669.27754 9
e 123.11816 614.61708 7
e 161.42563 740.90365 9
e 125.69458 772.99282 5
e 173.45474 592.76189 12
e 142.81149 653.23830 13
e 70.10472 851.83255 13
e 23.11546 478.62416 16
e 66.26073 832.45019 5
e 199.26373 541.02737 12
e 162.38889 706.59529 13
e 188.52875 648.33129 7
e 24.07563 813.53826 9
e 45.27586 823.61075 5
e 56.71025 780.39908 7
e 38.50741 971.17398 9
e 35.93595 477.69724 5
e 72.74506 547.90068 4
e 248.01124 884.31742 7
e 171.54881 871.08972 7
e 421.99233 799.98319 11
e 122.18777 532.43910 9
e 77.62110 636.94517 12
e 176.05100 723.74572 8
e 172.00489 718.78837 9
e 226.15250 1046.50251 8
e 154.18896 807.01576 10
e 124.36770 588.23626 12
e 92.09989 638.01617 10
e 212.72453 805.22800 7
e 173.34787 562.34982 11
e 137.08885 440.24011 12
e 57.28372 750.41309 12
e 45.35575 724.33373 10
e 122.93099 741.68673 11
e 89.57449 775.14480 8
e 185.57394 510.81317 16
e 141.65593 621.79509 12
e 156.74919 321.93134 7
e 144.72457 794.70624 10
e 47.82007 1052.40577 10
e 113.19262 691.22545 8
e 223.71670 795.92696 7
e 96.06257 623.21628 6
e 93.72286 639.77632 10
e 63.74915 548.94628 10
e 29.07878 811.82233 10
e 78.90646 489.73684 11
e 109.45915 712.20342 14
e 78.91360 704.65138 13
e 227.29423 779.14146 7
e 194.40793 157.65847 11
e 103.33414 924.68280 5
e 151.28876 429.72348 10
e 70.90474 660.74560 6
e 147.38424 744.50318 7
e 129.98029 728.61774 4
e 139.67396 694.02914 9
e 43.14300 537.44152 7
e 57.38033 650.61642 6
e 141.58272 801.68851 9
e 97.26762 634.47430 12
e 243.14217 428.49946 12
e 1.60452 755.49642 4
e 139.14257 788.01641 5
e 124.71570 580.73271 6
e 126.14719 858.64461 9
e 93.25995 411.86953 11
e 285.83060 680.45772 8
e 41.80938 673.11085 8
e 83.28656 454.13852 4
e 3.29970 560.87777 5
e 116.13860 841.92411 9
e 140.84999 888.57649 13
e 105.17642 697.59354 10
e 172.43515 682.55128 8
e 115.68188 807.67244 8
e 180.69968 679.54394 12
e 66.51986 706.14741 9
e 77.67027 562.06801 10
e 258.41629 473.50366 11
e 126.86578 797.11465 7
e 70.68910 708.67393 16
e 146.99183 620.99032 5
e 145.31967 606.78033 7
e 279.21335 857.34038 13
e 218.73444 707.96401 12
e 23.04710 367.93261 9
e 217.73047 582.98241 4
e 235.24222 551.61822 9
e 151.13879 576.97705 7
e 116.73429 697.98782 7
e 190.71689 746.12057 13
e 51.27607 654.00606 13
e 134.03593 633.40986 11
e 165.36809 725.94997 10
e 13.88183 752.24612 14
e 200.60394 1005.39154 16
e 184.48406 427.12048 6
e 233.37547 627.90163 11
e 77.75720 621.23619 6
e 94.52615 630.57547 13
e 328.65067 628.53146 11
e 81.70601 529.21072 7
e 94.53932 618.16589 12
e 65.42424 593.37647 4
e 219.29437 528.31348 7
e 194.63652 704.22926 10
e 323.74025 418.59638 13
e 37.21529 791.44639 9
e 39.31754 797.12565 11
e 161.30837 778.36818 10
e 223.35692 645.42355 5
e 137.51706 552.54402 8
e 93.72520 287.55209 8
e 48.36203 538.26040 8
e 114.65049 940.25031 10
e 114.43937 471.29737 13
e 75.69399 258.80864 5
e 105.81713 687.87369 13
e 145.92551 441.63923 10
e 177.24271 621.74248 7
e 288.75908 958.64153 12
e 134.68344 592.07299 10
e 147.55700 628.13337 8
e 275.56713 815.89142 12
e 146.82943 779.51711 11
e 114.10585 672.37550 10
e 70.31665 832.78804 8
e 118.11748 539.95761 9
e 61.88560 627.96927 8
e 40.64767 644.14074 11
e 300.30921 473.76974 12
e 96.79904 632.70971 13
e 159.24455 474.05899 8
e 19.74682 507.95263 8
e 52.17819 542.71769 12
e 176.46799 600.74897 12
e 128.64248 299.69376 10
e 74.16683 906.35620 9
e 45.73392 1059.36278 10
e 105.24483 626.70983 6
e 196.05336 695.33833 3
e 118.54297 714.23892 13
e 143.38761 621.04154 11
e 136.73878 350.86786 9
e 223.83613 634.60364 8
e 253.99502 1034.06491 8
e 62.97249 473.98911 10
e 40.17030 814.64198 8
e 117.75274 698.22306 8
e 17.78520 745.91652 11
e 65.13440 496.28108 9
e 206.40468 686.03753 11
e 239.14450 943.47661 15
e 94.43516 420.90776 9
e 258.64968 682.57125 13
e 7.74919 984.00727 8
e 92.33890 540.85363 9
e 248.89088 870.88930 8
e 111.07156 789.05937 8
e 74.22343 620.77677 6
e 26.93135 412.79830 11
e 103.56228 490.48482 7
e 102.70665 873.40259 10
e 27.29325 685.58235 6
e 150.68214 520.46817 8
e 109.26062 984.04156 9
e 18.35815 589.06105 11
e 64.66870 663.85160 9
e 5.29785 550.60680 10
e 124.82020 604.55694 10
e 238.61003 758.21553 11
e 84.02301 354.73466 12
e 77.32457 647.55505 9
e 147.47275 457.42992 11
e 2.14097 723.47940 15
e 78.51977 850.70040 5
e 85.54858 337.31347 12
e 101.03852 658.40499 5
e 130.20409 546.93164 6
e 118.56467 711.38917 19
e 79.54057 596.76608 11
e 48.08365 814.72992 7
e 62.31806 729.23044 6
e 180.19291 876.67882 6
e 255.61705 526.44689 4
e 251.29647 379.11146 10
e 107.33413 796.98266 5
e 22.18340 783.41506 8
e 63.95189 563.89169 9
e 42.08571 401.30118 10
e 225.33833 721.26697 9
e 171.36888 619.43462 11
e 318.26283 319.91860 9
e 20.29264 812.41232 6
e 95.30715 605.51919 10
e 4.05978 445.46573 10
e 67.55795 701.37781 9
e 104.67890 638.88484 7
e 23.45183 601.61759 8
e 50.41133 630.54307 10
e 110.87680 744.43390 5
e 177.66074 611.86713 13
e 182.28945 735.99171 7
e 182.74805 537.75926 10
e 65.20381 748.99831 4
e 120.90074 746.62833 9
e 236.23976 851.16391 12
e 170.88976 804.12623 8
e 196.28634 805.46064 8
e 45.50478 418.24825 6
e 32.34847 683.72712 10
e 214.00977 592.44994 9
e 48.57897 637.59851 9
e 50.65341 751.06447 11
e 222.06751 788.44095 12
e 87.88579 932.29653 8
e 36.20124 434.53498 19
e 54.75454 942.73115 9
e 178.62021 393.78395 10
e 128.25327 592.98748 9
e 69.70228 689.30281 6
e 79.17703 706.69247 5
e 107.14725 524.36986 12
e 242.23817 529.77306 3
e 122.51454 744.82106 12
e 77.02301 832.49978 7
e 77.76069 558.02121 5
e 207.47607 302.32681 9
e 178.27552 544.34346 11
e 272.45802 507.66714 11
e 261.58197 149.38253 11
e 200.45308 104.06147 10
e 159.86452 336.13600 10
e 503.77146 465.19826 8
e 200.13112 429.46687 7
e 197.21206 430.29482 5
e 171.35148 384.60038 8
e 350.70430 430.70107 6
e 402.43332 182.80143 13
e 226.82168 335.55133 4
e 269.71010 279.46786 11
e 284.61815 82.90863 10
e 397.35124 423.76273 13
e 261.90251 376.34149 9
e 414.45007 574.82284 9
e 179.15084 231.12333 9
e 228.47933 428.00583 12
e 257.79270 624.43860 9
e 386.14021 423.68911 5
e 227.39682 395.72539 8
e 255.80077 292.31385 6
e 376.10995 515.92658 6
e 206.49340 581.27313 8
e 426.02003 384.04466 11
e 287.76880 301.07457 13
e 268.46166 82.57534 9
e 326.98774 291.61589 9
e 284.56442 302.62912 15
e 205.41877 474.02536 6
e 284.78420 524.54274 7
e 256.58440 650.91067 9
e 188.55561 701.91296 14
e 249.67492 442.35483 6
e 403.24413 380.14254 21
e 433.25355 177.59516 13
e 286.26280 211.50724 4
e 215.95078 405.91577 10
e 324.64160 650.92713 15
e 274.22805 494.85884 6
e 166.72923 352.87667 9
e 448.30887 634.01009 10
e 227.90152 434.72628 12
e 304.40499 135.26049 10
e 507.04487 226.37230 10
e 342.70566 532.30133 11
e 306.06277 614.15104 7
e 306.18692 479.09859 8
e 374.68516 489.84310 12
e 441.20647 289.80024 8
e 223.75328 407.31421 7
e 242.95721 536.11129 7
e 252.59878 470.16239 10
e 440.29579 140.98343 11
e 234.69086 518.68380 16
e 49.12776 485.76387 7
e 420.65518 427.95454 7
e 167.05318 439.04188 9
e 379.28821 544.53391 8
e 331.64839 340.83753 11
e 382.96009 374.70931 14
e 365.65600 300.26871 9
e 173.25453 239.21603 12
e 200.89807 301.59551 13
e 337.46578 393.32006 4
e 297.55719 149.61436 7
e 35.66718 527.32677 11
e 386.71004 321.27226 8
e 118.75600 133.46443 9
e 317.43309 350.40661 8
e 491.93942 436.34305 14
e 207.01005 182.15686 6
e 293.69556 425.90033 14
e 301.44607 332.92299 11
e 308.37826 235.33922 13
e 214.45386 193.13916 10
e 290.65771 133.88306 5
e 317.58514 347.77657 9
e 380.41849 446.76846 5
e 370.21239 349.80434 11
e 185.57051 363.12898 12
e 407.00852 629.77889 9
e 363.60158 150.94432 8
e 273.98202 332.37022 9
e 278.03330 440.25629 5
e 199.62327 404.58908 9
e 280.65882 161.37597 11
e 308.92375 403.99820 17
e 356.79664 594.50093 8
e 359.56512 458.82008 10
e 350.28765 171.95455 7
e 303.38146 335.86461 12
e 221.97979 135.78289 9
e 315.85496 409.58434 15
e 223.40726 249.34120 9
e 517.09140 221.03449 10
e 358.01025 458.68014 10
e 293.19591 305.64803 6
e 406.62902 443.91019 12
e 286.35126 303.04390 7
e 232.76485 592.43110 11
e 383.11494 324.70009 9
e 226.56643 447.23600 11
e 132.04949 369.53985 8
e 311.68606 626.94603 7
e 263.21156 289.34104 11
e 277.04597 370.89998 9
e 358.06485 382.92824 10
e 429.95751 300.56027 11
e 185.92899 33.81568 12
e 301.07814 246.95650 9
e 161.74311 429.78860 13
e 228.30926 133.64117 8
e 323.14891 458.91367 8
e 428.88026 308.77138 4
e 280.63100 360.13814 7
e 122.64299 349.46535 5
e 364.68356 503.83045 7
e 247.46525 52.90642 9
e 232.45923 40.24018 13
e 457.66773 288.38906 8
e 299.66268 557.86092 9
e 156.02706 469.44941 6
e 174.61469 144.35397 6
e 329.31315 686.23858 15
e 327.34514 189.41097 9
e 356.90496 441.53935 8
e 296.61140 205.68405 9
e 362.64808 556.70993 13
e 502.04853 316.62762 7
e 122.26115 160.47595 9
e 86.30258 602.14440 8
e 320.41342 355.76971 10
e 312.16172 493.76167 10
e 160.21515 195.63926 5
e 315.97431 326.80050 7
e 272.19438 275.87891 7
e 335.98145 566.89087 4
e 227.78537 292.88471 11
e 271.32500 168.60094 9
e 225.13069 435.41905 8
e 119.39623 267.55465 8
e 342.35340 557.71034 11
e 256.89961 296.80319 11
e 337.27010 326.12481 7
e 388.90701 245.78835 11
e 267.00731 209.07823 8
e 212.28075 336.98393 4
e 273.55097 583.47152 9
e 197.20788 71.37580 9
e 247.56725 451.29512 5
e 268.25213 256.20278 6
e 232.74040 361.83080 9
e 262.28068 418.19106 11
e 245.38827 193.04303 11
e 266.28780 497.05400 5
e 216.08513 446.61019 14
e 397.63851 570.56429 9
e 295.62206 435.76664 7
e 298.72682 557.77348 9
e 381.15058 109.91345 11
e 287.85925 508.56991 10
e 94.00177 428.83225 5
e 320.97376 299.07424 13
e 352.30567 271.22785 11
e 332.88712 377.69077 7
e 273.73305 162.08314 9
e 190.94365 343.38191 7
e 135.31358 515.31270 4
e 388.29740 394.34051 11
e 8.03144 321.74031 5
e 160.96222 560.32626 8
e 403.01189 545.57905 11
e 352.09754 269.97040 5
e 341.34196 160.24194 11
e 313.49582 261.75628 8
e 253.80660 209.01641 9
e 452.43080 313.26527 7
e 354.20864 427.53931 8
e 218.28835 472.34717 6
e 331.08636 230.89035 9
e 182.37023 282.73507 9
e 331.21414 332.81716 8
e 134.24351 533.54446 11
e 439.41745 381.31476 9
e 112.91862 588.19118 6
e 117.52322 222.85510 9
e 392.38069 278.59968 4
e 86.18500 444.50529 5
e 317.66588 335.31285 9
e 424.62964 200.26105 13
e 312.00677 467.72915 3
e 313.79267 602.03858 5
e 238.63171 502.06204 11
e 264.59257 208.80605 12
e 170.25149 561.85441 15
e 247.86186 880.31647 12
e 336.20421 644.20459 10
e 552.10775 728.56017 10
e 533.69903 771.24960 8
e 717.71796 496.73504 10
e 640.64692 543.28344 8
e 597.23862 856.88246 12
e 676.82627 639.82663 6
e 567.66993 862.07415 10
e 561.00144 810.21094 13
e 490.62073 657.43763 8
e 568.79197 721.42471 7
e 638.28587 1006.75414 11
e 671.06055 621.39961 6
e 622.25452 791.60856 10
e 536.85218 720.43776 8
e 687.69078 880.49929 13
e 596.78247 799.68535 14
e 620.55930 328.39727 11
e 623.80916 678.30379 11
e 599.28680 721.45669 12
e 648.77655 782.84896 9
e 495.25530 781.65577 14
e 542.62187 549.25362 11
e 574.16547 704.51655 6
e 717.93251 920.35306 11
e 563.80718 682.53784 5
e 611.45929 464.84962 7
e 459.45583 546.41960 10
e 610.56786 688.04688 10
e 613.06951 598.92669 6
e 587.74846 663.27242 6
e 531.56932 754.60192 6
e 611.67559 670.10827 9
e 598.09832 816.74457 11
e 694.75397 456.87205 9
e 589.79158 806.12322 8
e 699.71212 901.61197 8
e 630.61909 755.77743 8
e 628.98771 640.77533 12
e 578.52423 754.77116 9
e 617.56301 568.16008 11
e 707.26982 776.54258 7
e 613.55994 731.77825 9
e 621.69124 743.11797 11
e 701.74979 478.61560 7
e 656.02435 416.88101 5
e 605.46443 697.78010 7
e 542.30225 707.89368 10
e 705.25219 666.20385 8
e 662.25700 855.51273 9
e 678.68509 649.38248 10
e 555.43908 596.81384 10
e 677.94120 591.19300 10
e 527.21239 801.00893 6
e 528.85235 574.33863 8
e 598.98826 846.32616 8
e 591.75673 488.99030 9
e 537.01915 767.06989 7
e 428.30524 520.88041 4
e 478.47495 752.41474 5
e 599.97038 924.12976 7
e 643.89091 333.35763 7
e 662.48653 450.65451 11
e 627.90188 341.60755 10
e 620.26252 683.49512 9
e 568.24819 726.25775 5
e 503.55637 653.64949 5
e 683.16992 424.40616 13
e 588.89433 682.99368 10
e 493.25401 615.89342 11
e 679.96903 537.22180 11
e 501.96304 426.64692 8
e 669.15776 669.62479 8
e 567.91283 815.75574 8
e 517.93936 618.55049 10
e 639.06170 379.38256 7
e 651.76380 665.14336 13
e 699.51210 674.85456 13
e 709.24031 772.80609 8
e 683.75843 549.51429 11
e 691.20710 774.63512 9
e 649.44865 708.99371 7
e 717.87596 717.58906 7
e 669.09109 753.87781 5
e 533.74198 769.71619 9
e 689.29559 661.03129 11
e 553.89304 969.64862 8
e 672.41524 752.66649 9
e 570.71432 929.72595 7
e 621.12252 532.54676 16
e 536.67225 607.29620 7
e 617.95521 711.11806 11
e 540.47441 554.42123 5
e 626.47197 504.29934 9
e 534.40344 543.95141 13
e 713.00967 452.48354 12
e 454.67202 865.27182 16
e 638.94286 335.56981 14
e 497.22263 975.41286 10
e 573.08452 516.98260 11
e 686.18972 601.47895 11
