c json/middle_hotels_AT
p rectangle 2249 1080 720
e 514.444 182.451 19
e 595.497 468.986 8
e 887.588 614.288 13
e 989.927 479.69 8
e 855.22 140.316 5
e 989.543 478.957 7
e 988.685 478 15
e 100.555 169.635 2
e 281.635 212.817 20
e 900.627 522.389 16
e 1012.97 463.155 10
e 986.583 472.941 12
e 678.348 26.4148 30
e 478.666 189.814 17
e 680.005 488.797 9
e 670.577 516.847 12
e 439.855 240 16
e 35.3175 177.159 12
e 235.245 226.414 7
e 571.041 342.757 26
e 231.403 241.681 8
e 506.25 363.138 9
e 378.57 299.888 19
e 1059.69 380.116 19
e 821.143 63.5089 14
e 932.99 209.898 13
e 922.699 209.468 14
e 715.817 482.654 19
e 863.471 400.354 19
e 1075.01 463.654 18
e 593.737 160.781 17
e 615.15 247.137 17
e 716.674 484.531 10
e 563.703 542.525 24
e 505.79 365.564 12
e 805.215 240.945 9
e 781.583 364.662 21
e 933.36 213.035 12
e 691.306 26.3297 5
e 857.322 590.091 27
e 334.392 218.96 20
e 113.813 147.501 5
e 41.6367 160.403 25
e 993.057 473.514 16
e 606.101 250.386 10
e 0 200.265 1
e 440.849 237.41 11
e 333.679 225.289 11
e 999.691 179.386 21
e 112.967 207.511 24
e 384.906 312.949 32
e 578.35 204.111 8
e 642.916 272.585 27
e 930.035 71.2805 23
e 929.99 209.278 24
e 855.242 152.685 7
e 537.083 264.682 15
e 952.953 500.917 9
e 965.144 148.377 20
e 368.496 276.539 31
e 1021.4 586.274 15
e 947.706 584.313 34
e 874.067 533.097 34
e 1029.79 615.877 16
e 1070.88 390.595 21
e 265.055 209.265 13
e 1022.78 630.908 15
e 880.273 565.768 21
e 707.041 71.2377 16
e 859.4 86.2758 34
e 868.033 54.4157 14
e 1054.03 408.913 22
e 536.854 414.863 13
e 301.875 219.486 10
e 592.901 160.486 9
e 408.454 210.831 20
e 45.3497 214.532 13
e 426.965 53.4273 8
e 866.02 65.3529 37
e 914.753 232.175 26
e 400.57 258.22 7
e 241.381 146.234 8
e 589.699 255.418 10
e 665.172 0 15
e 840.767 486.646 16
e 690.582 501.785 31
e 598.261 26.8088 5
e 605.82 247.764 40
e 128.844 155.615 7
e 961.908 186.163 17
e 367.637 261.595 21
e 636.896 12.6057 20
e 650.096 23.8939 20
e 44.7023 281.878 16
e 635.939 284.924 20
e 203.627 144.337 18
e 500.019 241.852 16
e 384.873 255.99 24
e 861.434 215.439 18
e 399.727 260.714 17
e 597.589 26.4631 5
e 582.063 202.763 13
e 504.4 360.337 11
e 858.648 154.815 14
e 977.442 458.899 10
e 591.249 255.713 10
e 906.647 548.639 15
e 1040.41 638.242 13
e 502.855 361.551 12
e 505.408 364.593 13
e 188.099 193.935 12
e 633.802 487.005 8
e 997.212 484.708 13
e 991.072 471.112 22
e 992.976 480.083 21
e 989.17 482.932 25
e 687.366 32.7357 25
e 149.162 143.489 28
e 1003.29 487.883 11
e 1067.55 345.948 18
e 991.767 483.732 26
e 988.673 277.651 11
e 679.494 30.3614 19
e 103.56 135.204 6
e 850.545 126.323 8
e 256.532 167.059 14
e 1052.11 426.959 16
e 1044.93 404.583 7
e 860.206 38.1347 22
e 103.466 135.047 13
e 104.061 136.203 8
e 537.621 265.085 35
e 986.613 476.75 18
e 589.465 149.034 26
e 89.1431 123.223 4
e 397.483 280.007 9
e 360.998 259.477 10
e 267.851 155.876 11
e 49.6331 124.144 9
e 170.05 139.163 9
e 925.065 96.6122 27
e 953.911 127.94 20
e 613.696 79.6639 21
e 954.717 125.089 10
e 940.764 132.005 24
e 637.929 12.3925 23
e 663.583 25.6733 20
e 988.414 476.944 21
e 171.161 249.684 19
e 525.456 125.114 9
e 997.864 409.68 25
e 506.154 374.841 20
e 634.783 6.65488 9
e 474.557 216.188 6
e 494.337 216.04 14
e 400.229 256.893 11
e 446.391 139.72 10
e 581.428 203.249 13
e 433.173 132.336 28
e 51.4652 238.178 5
e 108.775 142.022 9
e 442.09 242.216 9
e 209.813 128.841 23
e 209.2 124.409 10
e 867.711 535.583 15
e 136.897 275.527 9
e 592.528 160.576 12
e 992.024 479.608 7
e 118.615 151.593 14
e 804.625 399.573 28
e 486.113 249.001 8
e 880.457 540.712 18
e 991.407 476.775 25
e 167.294 272.78 17
e 820.958 79.8567 12
e 707.007 429.189 16
e 987.33 478.816 30
e 264.985 209.223 25
e 424.57 61.57 12
e 666.501 28.7158 20
e 674.926 24.5969 18
e 634.311 9.48462 16
e 1007.41 284.337 19
e 273.442 172.657 5
e 236.312 211.075 10
e 685.217 478.558 10
e 643.155 40.7299 19
e 562.608 553.868 11
e 256.475 167.919 8
e 301.508 218.94 8
e 696.935 283.643 12
e 843.65 409.165 19
e 876.227 218.478 11
e 926.118 465.264 11
e 876.817 539.732 26
e 848.872 146.71 13
e 662.82 242.593 9
e 104.026 136.119 8
e 310.943 232.617 7
e 991.574 482.585 26
e 993.398 479.061 16
e 992.092 482.541 25
e 687.42 508.384 13
e 497.575 359.633 37
e 506.335 363.171 26
e 505.237 361.633 14
e 858.734 150.488 8
e 333.86 225.505 9
e 527.658 307.2 10
e 265.158 208.634 13
e 506.453 363.164 9
e 833.702 659.271 33
e 706.888 431.587 17
e 742.218 180.439 25
e 883.07 479.502 21
e 378.826 299.474 14
e 666.119 438.263 10
e 941.677 195.444 16
e 415.171 282.562 15
e 333.36 223.547 23
e 251.965 200.321 19
e 188.8 123.716 26
e 398.392 262.784 16
e 262.178 196.917 21
e 601.121 246.019 16
e 410.616 260.261 17
e 516.271 113.917 19
e 580.736 204.103 19
e 333.654 180.06 16
e 190.621 247.308 18
e 321.152 209.873 17
e 613.015 250.319 15
e 64.1122 221.931 16
e 614.076 78.6568 19
e 424.207 211.994 17
e 468.761 93.922 20
e 257.796 175.548 19
e 49.9842 124.872 19
e 469.555 224.919 16
e 317.452 253.304 38
e 103.62 135.466 17
e 309.659 279.597 19
e 566.558 301.018 23
e 465.406 83.4787 10
e 596.552 254.377 16
e 779.621 163.552 17
e 442.196 242.281 17
e 188.305 131.236 27
e 403.081 261.787 32
e 835.609 259.971 11
e 686.986 510.895 11
e 864.925 131.295 29
e 829.244 83.0817 9
e 971.502 492.377 11
e 969.197 415.953 16
e 486.638 249.627 11
e 630.933 40.1325 18
e 934.184 218.443 23
e 942.607 279.18 16
e 266.677 198.016 25
e 537.781 261.466 9
e 729.392 20.6993 9
e 47.7187 243.034 5
e 188.455 128.532 9
e 415.746 214.295 11
e 46.4393 213.58 9
e 327.147 223.709 14
e 992.004 474.628 18
e 261.947 208.478 21
e 997.011 477.905 21
e 531.327 318.976 8
e 673.606 24.9893 5
e 205.245 126.157 18
e 151.345 270.634 15
e 903.273 116.954 11
e 359.515 254.59 12
e 853.226 196.185 9
e 991.447 478.024 7
e 149.644 143.671 12
e 985.387 484.345 20
e 851.328 194.775 13
e 984.372 472.457 31
e 744.152 187.396 31
e 1075.48 405.592 26
e 852.979 193.959 35
e 188.862 190.266 40
e 598.232 240.128 9
e 103.182 134.779 10
e 511.252 412.174 26
e 878.559 484.677 7
e 582.225 208.09 10
e 659.277 23.7269 16
e 549.885 376.943 27
e 633.692 14.41 17
e 570.151 339.099 14
e 542.392 52.3001 21
e 645.486 46.0438 17
e 470.204 226.278 17
e 310.35 258.538 18
e 472.911 225.226 17
e 707.108 74.5093 6
e 642.225 38.4923 19
e 576.108 374.13 18
e 472.741 222.776 28
e 563.704 27.8177 33
e 252.937 164.439 15
e 768.997 116.285 12
e 852.784 194 13
e 127.113 154.5 12
e 770.728 486.572 16
e 264.558 209.343 14
e 100.564 169.747 15
e 524.224 303.821 15
e 205.664 220.646 7
e 306.193 218.992 13
e 600.287 244.288 15
e 557.498 248.98 9
e 366.708 279.876 13
e 144.327 172.209 13
e 932.06 216.123 19
e 511.331 367.643 16
e 557.432 28.5148 29
e 855.379 153.799 16
e 471.351 230.596 15
e 536.952 364.929 14
e 629.633 30.6485 25
e 651.996 22.4185 19
e 431.368 272.274 21
e 801.074 596.097 20
e 969.779 422.484 16
e 964.49 616.511 21
e 150.818 148.421 17
e 550.898 378.869 15
e 424.456 214.775 18
e 586.47 162.174 11
e 251.828 176.784 13
e 658.054 477.724 12
e 612.226 366.254 20
e 602.58 247.696 15
e 558.089 216.612 33
e 765.515 495.85 26
e 446.846 244.649 10
e 46.4424 120.58 15
e 852.627 122.157 12
e 24.3312 164.236 7
e 989.917 480.005 10
e 774.11 150.659 22
e 485.361 249.122 14
e 473.507 258.226 11
e 265.767 207.893 6
e 334.117 180.754 16
e 446.808 134.968 29
e 264.639 207.019 24
e 37.2732 192.773 14
e 992.244 479.833 17
e 994.983 480.595 23
e 987.752 477.723 16
e 993.132 481.815 10
e 207.993 122.668 5
e 960.326 486.961 6
e 670.6 165.539 15
e 714.811 483.623 8
e 900.407 123.901 15
e 470.401 225.412 25
e 56.389 263.304 24
e 623.298 22.8598 27
e 687.269 24.6864 7
e 990.807 509.815 8
e 537.421 14.6339 29
e 458.454 258.516 18
e 477.407 253.119 30
e 581.711 203.476 12
e 991.151 483.971 16
e 928.399 132.774 16
e 918.121 219.735 6
e 472.912 225.199 20
e 506.793 363.764 22
e 851.288 505.197 15
e 472.923 225.101 35
e 101.685 171.337 9
e 860.707 535.946 34
e 370.872 203.353 8
e 972.831 225.558 31
e 959.565 182.048 24
e 959.692 181.992 23
e 972.705 224.95 22
e 635.558 261.848 11
e 520.228 37.6886 13
e 971.341 229.279 12
e 971.809 229.165 14
e 498.728 199.031 11
e 826.991 105.293 9
e 231.469 238.546 13
e 552.454 30.349 9
e 991.225 481.593 24
e 48.6695 261.217 13
e 979.677 470.639 10
e 694.559 299.523 17
e 702.102 143.765 12
e 959.496 181.589 10
e 34.9192 195.081 21
e 378.61 299.947 14
e 1053.36 439.805 28
e 333.996 180.457 19
e 379.992 328.334 19
e 600.475 244.811 9
e 393.618 204.686 18
e 812.878 34.0518 13
e 680.675 11.0565 13
e 358.824 250.183 6
e 564.732 345.021 30
e 172.95 185.076 20
e 469.55 219.186 12
e 370.987 203.912 15
e 485.853 248.773 13
e 987.867 478.94 9
e 459.507 257.712 9
e 758.847 2.37417 6
e 738.467 58.5388 12
e 208.053 121.48 5
e 309.435 258.82 21
e 415.545 60.9812 7
e 772.951 439.344 30
e 100.131 168.867 14
e 763.899 648.774 18
e 506.702 363.535 24
e 658.794 53.5829 17
e 71.223 123.328 15
e 610.713 314.782 14
e 208.229 124.787 14
e 839.748 486.401 20
e 618.808 169.03 13
e 150.525 271.78 20
e 325.658 249.398 15
e 685.874 24.0207 14
e 923.84 359.414 14
e 71.2202 123.409 18
e 648.398 269.234 13
e 400.113 259.644 17
e 926.204 98.1415 21
e 188.366 129.175 18
e 994.307 480.308 17
e 945.193 516.795 21
e 420.242 289.935 17
e 400.046 319.355 17
e 188.329 129.12 15
e 399.378 251.916 15
e 682.801 3.52854 14
e 956.448 319.916 17
e 984.992 474.025 19
e 990.62 483.315 19
e 418.154 285.968 22
e 1021.16 279.465 20
e 425.507 201.189 19
e 990.148 482.472 16
e 719.199 569.401 18
e 417.544 280.038 15
e 761.068 621.347 18
e 499.196 39.8473 17
e 990.268 478.695 14
e 839.626 486.35 17
e 400.718 260.958 18
e 357.985 250.507 17
e 982.684 457.624 13
e 499.336 197.239 17
e 990.844 483.624 21
e 400.513 319.31 21
e 991.623 482.376 14
e 989.334 481.123 18
e 150.893 143.211 9
e 333.625 178.002 19
e 150.843 143.27 13
e 1036.18 362.522 20
e 648.926 296.463 16
e 1056.62 593.645 14
e 644.917 45.9901 18
e 151 271.258 16
e 804.357 399.382 13
e 980.163 423.997 11
e 590.56 336.892 16
e 719.265 569.462 16
e 997.554 473.188 19
e 248.682 161.089 21
e 217.104 224.934 14
e 506.99 357.118 15
e 150.54 271.635 30
e 825.947 113.26 21
e 988.582 477.985 15
e 749.38 474.429 14
e 998.806 248.94 24
e 872.154 47.7311 29
e 986.252 476.814 17
e 999.132 183.622 12
e 507.347 360.159 16
e 661.904 48.5435 18
e 770.148 486.971 17
e 54.3208 267.539 13
e 986.136 475.45 13
e 454.635 300.703 20
e 392.431 260.021 19
e 991.477 488.031 16
e 249.828 198.824 16
e 988.487 482.752 14
e 54.809 264.097 12
e 988.418 483.181 13
e 75.1202 265.471 13
e 1021.29 508.504 17
e 414.241 60.5619 16
e 470.358 225.906 15
e 505.761 364.905 7
e 415.586 61.6592 10
e 595.347 253.429 17
e 92.4589 126.275 13
e 766.593 194.056 11
e 469.627 77.7859 24
e 981.997 474.735 21
e 879.245 539.116 15
e 266.982 198.613 38
e 857.405 153.116 14
e 553.756 354.363 18
e 971.241 229.236 9
e 991.577 481.753 17
e 659.749 27.4079 25
e 610.447 391.743 24
e 853.729 75.3323 38
e 954.864 124.657 23
e 19.7986 250.575 27
e 59.1583 163.299 25
e 371.863 204.411 21
e 855.642 153.047 29
e 991.652 481.027 21
e 991.645 483.413 30
e 992.858 480.331 13
e 651.039 14.1262 12
e 735.231 542.163 5
e 949.394 339.871 10
e 884.532 540.806 18
e 991.959 479.762 12
e 104.854 136.718 7
e 292.4 157.726 12
e 430.209 273.17 8
e 111.653 206.682 16
e 1003.02 515.264 18
e 977.271 448.805 14
e 661.555 47.9336 11
e 992.681 474.823 25
e 993.22 474.465 25
e 996.087 485.705 36
e 149.677 143.967 6
e 83.3729 193.922 30
e 104.692 136.743 6
e 433.228 268.847 9
e 135.137 101.42 11
e 705.963 68.1275 28
e 202.563 153.131 21
e 85.6382 230.459 23
e 191.869 190.499 21
e 615.349 246.611 32
e 856.331 153.724 12
e 646.098 560.935 11
e 499.128 197.205 11
e 213.162 99.7492 13
e 236.933 226.175 17
e 552.197 354.489 11
e 380.526 276.58 12
e 331.692 244.655 24
e 500.036 39.9808 28
e 505.219 365.426 27
e 485.607 249.053 9
e 759.654 119.838 11
e 210.943 193.41 6
e 97.8912 168.063 11
e 628.622 435.364 19
e 149.692 143.797 8
e 89.7103 235.223 12
e 100.528 169.647 7
e 47.4844 154.648 14
e 264.613 209.43 10
e 489.754 90.8881 14
e 582.47 202.56 7
e 528.005 193.566 8
e 623.333 23.3833 11
e 966.715 134.823 5
e 676.22 429.604 9
e 462.049 259.136 10
e 595.019 161.296 12
e 704.817 118.432 15
e 24.8845 277.18 7
e 992.451 481.98 20
e 987.375 476.301 26
e 994.477 479.644 36
e 228.222 218.235 12
e 998.115 488.001 13
e 992.707 484.242 29
e 992.527 472.858 32
e 889.983 655.363 21
e 257.654 173.08 11
e 23.669 250.907 11
e 556.032 266.435 11
e 49.6336 123.889 8
e 153.552 166.353 18
e 537.299 14.6298 18
e 837.986 354.432 14
e 840.888 164.522 8
e 954.674 126.596 18
e 333.644 178.177 14
e 489.344 90.1739 13
e 135.168 101.28 19
e 992.398 482.216 10
e 573.213 119.88 12
e 881.581 532.079 23
e 992.267 479.877 14
e 940.377 141.269 33
e 93.0086 169.069 8
e 104.447 136.515 7
e 211.706 95.9351 9
e 751.138 187.835 8
e 620.688 310.277 37
e 509.305 364.853 17
e 218.341 220.325 6
e 150.993 271.447 8
e 74.8058 265.473 6
e 454.161 138.537 11
e 485.456 248.167 12
e 211.901 96.3068 7
e 416.153 283.887 17
e 576.149 114.087 15
e 251.84 187.764 10
e 251.525 188.488 10
e 681.147 296.322 12
e 857.919 670.218 23
e 992.568 483.919 24
e 858.15 670.273 14
e 208.929 124.482 11
e 730.955 486.284 10
e 795.558 720 22
e 460.09 258.9 8
e 432.087 239.048 12
e 690.688 25.3706 6
e 463.27 78.5075 13
e 267.264 208.294 13
e 503.783 365.787 10
e 560.51 86.1689 10
e 150.936 148.171 22
e 580.848 203.974 11
e 469.846 219.196 30
e 466.524 79.8604 6
e 959.943 181.688 7
e 377.195 296.727 12
e 270.13 199.905 10
e 597.895 159.684 22
e 878.385 218.383 33
e 875.877 218.711 19
e 495.932 248.949 20
e 519.149 382.014 17
e 962.261 178.536 24
e 608.739 68.774 19
e 876.118 152.977 18
e 137.907 274.902 19
e 55.8244 263.729 18
e 170.165 260.575 25
e 646.742 611.761 19
e 520.778 383.213 21
e 617.47 392.5 19
e 126.812 296.813 18
e 584.134 528.642 28
e 948.704 99.8105 13
e 573.757 76.7374 15
e 501.801 63.4266 15
e 248.703 161.648 14
e 556.764 238.646 16
e 128.533 296.975 20
e 137.69 274.12 19
e 378.886 194.981 19
e 124.575 120.64 17
e 257.718 175.508 14
e 479.468 257.618 14
e 922.803 100.299 19
e 358.81 256.837 15
e 661.143 277.139 16
e 934.934 49.9672 13
e 134.394 102.566 16
e 1018.78 506.619 15
e 641.99 43.6479 17
e 1010.94 541.327 19
e 654.333 81.8407 26
e 536.699 374.416 19
e 177.224 252.738 16
e 1033.89 535.459 20
e 135.535 99.5369 18
e 337.264 215.681 17
e 689.447 152.135 23
e 565.591 81.9281 24
e 335.53 261.192 18
e 398.599 242.473 23
e 280.75 216.812 19
e 588.965 148.299 17
e 920.431 452.012 19
e 170.682 175.289 8
e 550.44 294.027 14
e 24.1072 164.433 6
e 144.449 128.955 13
e 699.097 204.261 11
e 700.754 514.901 12
e 687.384 32.695 8
e 208.925 192.922 19
e 999.854 469.488 14
e 447.939 132.933 11
e 515.166 412.238 12
e 901.396 416.667 18
e 716.694 204.541 32
e 760.821 122.519 14
e 655.145 526.973 23
e 1022.61 423.419 38
e 988.869 479.241 5
e 378.672 300.027 14
e 354.374 193.002 8
e 676.521 26.6626 16
e 16.6965 272.94 10
e 24.7395 276.537 5
e 649.198 465.814 18
e 553.59 86.0746 10
e 776.552 437.019 10
e 267.861 213.584 6
e 753.515 179.152 30
e 990.05 478.206 24
e 993.752 468.292 21
e 24.4 231.442 24
e 823.182 79.9768 12
e 992.453 473.492 7
e 573.765 219.868 20
e 763.608 498.822 21
e 1074.52 386.513 24
e 814.399 443.97 20
e 558.306 521.713 15
e 1080 383.789 14
e 432.405 269.955 13
e 773.155 19.8243 18
e 883.669 634.514 15
e 243.752 202.562 7
e 578.49 63.7636 14
e 938.968 448.014 11
e 403.984 267.902 23
e 915.516 192.65 21
e 860.364 536.359 22
e 329.5 253.234 14
e 735.307 542.088 16
e 168.513 181.134 18
e 425.368 211.796 18
e 634.476 15.4801 42
e 852.072 143.349 9
e 664.847 562.902 13
e 981.193 476.909 8
e 589.557 149.072 13
e 589.831 149.28 16
e 166.496 270.957 15
e 66.8445 254.954 12
e 506.928 361.528 12
e 366.206 277.981 9
e 235.229 226.678 12
e 634.967 15.1702 9
e 462.014 207.431 20
e 514.974 411.603 21
e 386.014 313.542 11
e 230.065 221.88 9
e 390.239 283.599 18
e 899.046 390.207 19
e 987.677 492.089 18
e 996.29 481.492 9
e 769.551 194.46 15
e 469.55 219.724 23
e 992.083 482.673 16
e 989.87 479.563 9
e 667.738 157.104 29
e 544.661 231.709 18
e 583.392 391.977 28
e 363.35 300.219 19
e 211.304 95.235 22
e 649.362 528.041 25
e 528.201 203.524 11
e 196.863 172.231 7
e 669.685 27.2925 7
e 170.76 176.239 11
e 680.492 27.9036 10
e 149.236 144.181 17
e 387.707 202.93 22
e 777.559 375.183 19
e 535.791 365.505 7
e 496.042 249.254 18
e 930.347 70.2685 30
e 909.227 198.057 25
e 695.354 323.241 16
e 644.854 94.671 14
e 869.563 69.4283 25
e 912.952 95.3817 22
e 762.642 14.8049 27
e 506.179 368.184 13
e 987.701 477.607 15
e 228.722 221.54 12
e 204.345 250.656 19
e 63.6511 258.134 9
e 175.06 191.633 9
e 993.147 474.465 22
e 994.949 482.828 29
e 508.12 370.954 24
e 995.92 485.152 53
e 266.048 207.706 10
e 608.642 537.468 15
e 852.824 153.507 25
e 485.5 249.132 8
e 605.342 424.528 20
e 877.919 150.656 12
e 277.135 210.733 16
e 697.468 335.545 11
e 834.928 366.316 8
e 234.032 247.288 11
e 1000.75 182.216 19
e 732.656 20.0382 24
e 798.801 699.574 22
e 653.622 439.34 30
e 510.489 413.255 24
e 983.367 478.645 33
e 229.034 222.166 19
e 685.514 495.796 22
e 994.367 476.318 19
e 984.052 509.673 25
e 1023.02 266.066 21
e 385.727 253.694 22
e 617.656 395.347 25
e 229.845 221.989 23
e 870.384 70.6873 20
e 992.14 479.794 27
e 986.391 521.124 15
e 383.875 306.167 16
e 502.626 362 29
e 502.654 361.955 14
e 801.326 502.668 15
e 649.308 465.904 24
e 337.063 215.65 17
e 838.556 354.446 21
e 470.06 225.185 18
e 837.951 355.34 24
e 150.677 148.332 16
e 925.057 96.9364 18
e 985.971 484.062 16
e 990.855 482.894 15
e 992.207 475.541 22
e 906.64 548.593 15
e 583.419 76.0755 26
e 612.429 316.658 12
e 992.659 479.132 21
e 440.611 241.054 20
e 865.199 141.589 21
e 506.166 363.743 22
e 992.947 478.541 20
e 766.548 193.919 23
e 10.274 228.681 18
e 506.459 362.13 12
e 988.389 478.841 24
e 410.719 260.567 15
e 856.393 152.755 30
e 600.899 246.643 14
e 334.135 180.476 20
e 265.591 205.603 15
e 973.523 366.094 13
e 581.411 203.378 15
e 265.697 208.472 10
e 669.504 23.3378 12
e 170.921 249.379 10
e 568.062 402.739 32
e 599.899 244.549 18
e 832.018 405.74 16
e 578.995 204.495 12
e 113.098 207.845 16
e 890.03 306.616 13
e 994.525 484.068 17
e 423.121 213.102 17
e 263.755 180.172 15
e 441.956 241.883 15
e 947.678 472.319 13
e 1004.18 486.69 18
e 986.974 478.061 14
e 705.972 429.509 16
e 171.294 147.683 19
e 506.825 361.848 18
e 881.568 532.39 30
e 873.407 53.4349 17
e 870.612 69.1649 14
e 860.599 535.734 27
e 443.06 49.7639 12
e 862.723 599.444 18
e 446.67 244.76 19
e 443.066 269.38 18
e 991.949 481.482 11
e 738.767 492.981 14
e 390.465 281.608 13
e 581.341 203.427 12
e 716.167 457.187 17
e 507.443 368.111 20
e 611.876 315.395 14
e 870.132 50.7853 20
e 994.258 484.369 12
e 103.271 134.838 14
e 652.55 21.7103 26
e 208.83 123.242 10
e 371.776 204.396 14
e 495.893 248.887 18
e 994.665 482.302 12
e 506.021 341.159 16
e 394.156 204.987 16
e 959.928 460.319 9
e 590.013 261.358 15
e 381.219 276.803 11
e 509.979 367.006 16
e 691.52 501.07 14
e 633.635 255.863 16
e 410.729 260.692 19
e 363.319 299.923 18
e 415.569 281.249 20
e 335.122 188.62 14
e 863.984 668.551 11
e 166.592 248.634 15
e 363.078 300.16 12
e 990.377 478.587 14
e 381.793 276.741 17
e 264.202 209.843 16
e 202.069 168.14 16
e 581.574 203.629 16
e 581.446 203.353 17
e 86.5769 231.878 15
e 992.39 481.64 12
e 358.638 250.212 16
e 853.129 152.624 14
e 335.918 251.717 17
e 640.805 186.642 17
e 1000.32 532.799 11
e 25.2545 266.468 13
e 169.797 202.584 11
e 580.596 204.087 13
e 567.613 242.694 17
e 839.902 486.601 16
e 317.045 254.67 23
e 581.852 203.623 15
e 366.67 261.739 17
e 188.615 128.807 25
e 188.517 128.832 14
e 594.01 160.728 15
e 634.533 37.5348 18
e 170.816 142.12 15
e 104.106 135.978 11
e 102.579 172.16 15
e 316.276 255.132 13
e 589.458 149.621 13
e 693.046 517.02 16
e 580.783 204.035 13
e 580.784 203.941 15
e 997.906 472.624 12
e 50.0505 124.996 15
e 58.2903 159.487 15
e 262.674 198.293 11
e 831.614 53.0586 18
e 611.92 315.027 14
e 624.929 27.7626 15
e 103.565 135.085 14
e 598.946 292.974 13
e 403.153 319.641 17
e 403.071 319.465 12
e 580.995 203.788 13
e 382.028 276.961 17
e 23.4992 273.443 17
e 506.39 363.201 22
e 135.072 101.62 21
e 959.637 350.686 14
e 1026.61 304.526 15
e 985.376 510.634 18
e 581.71 202.856 15
e 682.418 494.859 19
e 181.164 231.463 26
e 908.86 202.001 24
e 935.012 184.495 28
e 670.574 35.5837 22
e 505.225 359.199 26
e 665.882 29.3881 23
e 664.476 435.638 13
e 596.042 421.033 17
e 330.48 229.029 14
e 505.617 366.246 13
e 561.391 239.721 14
e 1036.6 362.559 13
e 151.021 143.309 14
e 563.045 355.566 21
e 989.432 478.952 17
e 384.625 309.594 17
e 581.525 203.49 12
e 440.568 241.023 14
e 103.316 135.009 15
e 506.052 363.045 12
e 995.434 478.946 41
e 983.893 476.45 13
e 992.213 480.945 11
e 650.296 9.149 19
e 979.734 478.716 17
e 189.012 123.865 14
e 88.9461 234.9 17
e 336.621 216.444 12
e 867.673 535.486 24
e 839.859 486.47 25
e 788.493 367.675 26
e 1000.79 408.866 22
e 147.092 178.519 24
e 868.502 74.3536 28
e 830.425 102.517 28
e 408.332 263.185 25
e 11.3597 215.426 24
e 184.902 152.402 30
e 730.994 21.2229 25
e 446.669 244.814 25
e 775.138 588.245 27
e 650.786 25.9566 22
e 171.03 142.88 26
e 582.358 445.207 21
e 956.981 286.946 26
e 189.516 120.458 34
e 134.446 101.473 26
e 623.573 22.5528 24
e 993.548 484.671 14
e 410.431 260.233 11
e 581.757 203.6 12
e 256.319 169.547 18
e 1003.92 448.985 15
e 993.065 475.066 17
e 381.583 276.789 14
e 981.176 276.357 23
e 993.076 481.597 15
e 46.982 242.261 10
e 404.594 269.369 13
e 149.444 143.987 13
e 124.957 295.542 36
e 65.0789 129.881 13
e 530.706 432.815 16
e 121.596 174.775 12
e 581.889 202.94 18
e 446.648 245.086 11
e 581.324 203.593 12
e 988.208 479.233 25
e 528.467 195.003 23
e 172.213 176.459 23
e 382.461 278.266 19
e 63.1299 222.759 23
e 989.408 482.386 21
e 248.742 161.143 30
e 103.596 135.225 15
e 101.55 170.962 19
e 988.216 488.066 16
e 415.566 281.138 10
e 991.48 477.342 14
e 171.58 177.401 14
e 690.684 25.6352 19
e 432.304 132.58 13
e 525.846 124.802 12
e 991.744 482.438 12
e 464.628 210.663 12
e 251.934 188.227 13
e 385.132 313.454 14
e 581.375 203.283 16
e 486.022 249.059 18
e 533.611 493.144 16
e 875.06 66.4588 13
e 333.752 181.006 13
e 333.909 180.821 15
e 993.672 483.855 13
e 688.025 509.302 22
e 381.456 277.526 16
e 990.745 486.292 12
e 623.692 23.6423 12
e 574.661 80.5478 14
e 99.2182 168.468 14
e 260.287 179.547 13
e 166.444 273.364 12
e 506.764 364.984 11
e 465.342 86.1247 13
e 598.252 244.644 17
e 639.726 6.66455 18
e 103.484 136.038 14
e 248.779 161.017 18
e 433.032 269.151 17
e 987.141 478.12 30
e 992.763 483.066 23
e 991.103 478.809 28
e 507.586 364.897 36
e 507.167 365.238 27
e 854.665 154.203 23
e 264.883 208.989 17
e 253.005 164.819 16
e 595.244 253.098 15
e 103.456 136.01 12
e 624.779 38.3667 18
e 1009.04 429.289 21
e 988.074 474.781 21
e 1063.77 452.937 16
e 129.222 156.036 13
e 333.84 180.703 15
e 706.91 431.655 11
e 50.0656 155.107 12
e 229.537 221.85 23
e 589.397 149.074 28
e 474.096 214.828 16
e 474.064 214.787 16
e 687.83 505.377 16
e 392.595 260.497 18
e 371.027 278.813 11
e 850.78 124.671 16
e 670.694 164.474 13
e 987.531 477.048 14
e 967.887 532.602 11
e 550.684 378.542 18
e 390.216 285.171 15
e 991.317 479.416 48
e 715.765 482.395 15
e 397.264 275.971 13
e 992.452 481.659 12
e 689.511 152.274 20
e 578.707 204.054 15
e 499.95 41.4188 16
e 494.296 358.998 15
e 247.582 198.627 13
e 992.766 481.611 18
e 677.535 25.942 14
e 994.651 484.744 14
e 989.041 478.14 12
e 172.132 176.493 17
e 46.8638 267.233 11
e 528.326 203.733 14
e 581.746 203.333 16
e 988.083 482.575 13
e 784.114 77.5781 13
e 613.306 79.1639 13
e 580.636 204.235 14
e 627.511 532.493 12
e 932.962 65.7249 17
e 880.406 540.799 17
e 980.13 477.457 11
e 255.275 165.963 11
e 195.332 93.1722 11
e 576.222 81.3072 11
e 399.795 260.286 17
e 999.312 447.888 11
e 583.164 201.691 18
e 722.218 472.117 18
e 553.026 352.83 13
e 1036.92 363.515 15
e 308.572 258.253 14
e 636.02 15.0655 10
e 972.513 529.615 16
e 992.213 480.722 24
e 390.265 283.41 21
e 410.458 262.434 12
e 302.973 213.269 15
e 567.983 240.083 19
e 991.786 477.18 20
e 507.705 364.727 15
e 89.479 235.326 13
e 105.059 137.312 12
e 335.345 259.038 10
e 978.567 121.544 16
e 682.883 486.496 20
e 264.818 209.154 15
e 23.9381 276.274 10
e 993.654 483.791 28
e 505.808 364.931 21
e 677.651 26.0039 14
e 191.296 246.615 17
e 44.8906 231.742 14
e 274.695 214.451 14
e 8.77653 210.347 20
e 432.118 132.505 17
e 510.935 366.247 13
e 499.837 241.425 16
e 234.361 226.453 14
e 757.878 189.022 16
e 477.292 254.814 16
e 498.211 359.592 17
e 801.456 150.51 12
e 470.066 225.299 15
e 212.221 96.6673 16
e 505.467 366.242 20
e 990.389 484.46 14
e 368.318 260.91 16
e 367.168 301.192 14
e 358.14 253.739 18
e 382.64 277.129 15
e 511.963 377.486 20
e 870.439 72.3465 16
e 506.326 344.202 13
e 380.832 277.206 11
e 528.328 202.21 20
e 856.959 151.724 13
e 410.096 322.348 16
e 433.113 132.8 14
e 623.514 23.1726 19
e 770.535 486.559 20
e 550.248 294.351 20
e 838.213 354.804 20
e 505.71 362.376 21
e 506.641 363.432 19
e 577.891 82.3545 14
e 385.214 257.064 18
e 591.583 254.359 20
e 470.052 225.353 18
e 569.141 240.902 19
e 25.3443 277.715 14
e 987.168 483.306 17
e 552.903 352.919 22
e 276.515 216.628 20
e 399.283 251.906 21
e 369.764 279.839 22
e 276.698 216.625 20
e 171.221 196.654 20
e 622.851 22.0306 20
e 497.562 365.812 19
e 502.35 362.918 20
e 424.142 213.391 26
e 40.0222 251.06 36
e 85.5487 234.43 22
e 274.909 173.085 19
e 379.942 299.157 26
e 380.806 324.823 26
e 64.596 221.549 19
e 104.973 136.713 16
e 104.05 135.298 22
e 89.6334 124.156 19
e 104.174 136.059 24
e 248.867 160.907 17
e 45.1529 214.51 17
e 152.082 148.457 20
e 212.228 96.8393 22
e 104.347 136.278 19
e 103.822 135.253 19
e 21.1196 275.045 16
e 556.358 234.357 23
e 578.721 204.449 21
e 104.087 173.324 16
e 498.332 198.106 21
e 151.892 148.39 23
e 335.321 215.575 19
e 274.035 214.908 22
e 149.75 143.785 20
e 249.045 161.177 20
e 151.414 148.446 19
e 943.558 167.829 27
e 104.465 136.372 19
e 84.8001 172.316 19
e 104.201 136.141 19
e 45.6454 214.563 18
e 149.048 144.041 22
e 104.205 136.054 20
e 882.478 674.718 31
e 507.878 364.598 14
e 581.675 203.154 16
e 149.093 144.113 14
e 759.882 547.551 12
e 357.643 255.212 17
e 698.459 66.8855 17
e 363.11 300.488 15
e 705.021 118.455 19
e 439.177 240.363 17
e 373.165 279.982 11
e 151.769 148.684 21
e 195.412 249.073 14
e 470.157 225.12 17
e 381.588 277.494 14
e 987.473 474.823 12
e 986.99 483.014 22
e 992.017 480.462 17
e 623.725 23.7694 12
e 991.502 477.249 22
e 333.815 226.116 22
e 581.99 202.74 12
e 39.7773 263.756 11
e 995.636 477.618 13
e 400.196 256.186 21
e 104.519 136.355 15
e 506.22 362.317 14
e 1049.32 579.724 10
e 981.707 474.718 25
e 382.041 277.061 15
e 969.495 422.407 10
e 49.6306 124.052 15
e 548.039 231.7 23
e 528.285 202.032 24
e 581.869 203.255 15
e 457.154 300.728 15
e 328.199 176.706 11
e 148.814 144.02 15
e 853.851 152.884 16
e 507.811 364.668 16
e 987.473 479.431 13
e 316.502 178.965 16
e 987.521 483.014 17
e 208.897 124.248 13
e 615.961 79.4389 14
e 234.576 226.625 36
e 991.383 484.724 20
e 636.127 14.51 13
e 991.607 482.237 15
e 212.291 97.0869 13
e 993.322 482.603 18
e 987.835 483.526 20
e 623.792 23.9627 10
e 396.368 279.182 15
e 553.014 352.735 19
e 104.137 135.785 12
e 134.814 101.455 13
e 1060.09 630.485 13
e 586.133 410.798 14
e 651.84 22.7583 15
e 984.92 483.827 12
e 994.235 483.137 17
e 255.248 167.575 14
e 861.531 135.972 14
e 641.712 609.521 19
e 256.441 168.216 14
e 595.71 70.4364 17
e 77.7001 190.185 13
e 912.788 587.823 12
e 634.89 559.313 15
e 385.199 257.148 11
e 248.936 160.941 18
e 1007.76 493.459 16
e 896.436 161.89 20
e 984.559 456.77 24
e 23.6038 286.351 12
e 50.1014 124.938 16
e 48.5541 154.395 10
e 24.9936 277.366 14
e 513.691 328.413 14
e 990.129 483.959 15
e 581.145 203.719 12
e 358.213 250.631 17
e 356.978 255.015 18
e 150.867 271.885 13
e 104.328 136.915 15
e 89.285 237.715 14
e 991.014 478.65 15
e 446.626 244.776 11
e 100.7 170.089 12
e 991.725 483.171 13
e 470.189 230.198 13
e 458.52 258.481 23
e 414.879 60.6102 14
e 381.835 277.029 13
e 774.378 496.555 14
e 359.171 249.089 18
e 856.528 150.059 10
e 986.857 479.766 14
e 989.804 484.576 13
e 503.488 361.344 13
e 985.445 510.458 11
e 150.572 143.38 14
e 893.727 210.029 18
e 984.506 510.264 12
e 992.001 480.357 16
e 149.561 143.978 24
e 506.724 363.617 13
e 990.241 483.872 22
e 993.039 480.254 17
e 506.552 362.389 14
e 930.576 642.44 17
e 235.073 226.368 19
e 267.361 208.677 15
e 581.07 203.749 12
e 390.301 283.831 11
e 209.226 119.455 12
e 989.458 481.684 11
e 86.202 231.41 16
e 377.7 275.888 20
e 358.956 196.95 26
e 89.6062 124.037 15
e 382.171 278.33 19
e 530.078 212.007 16
e 529.01 113.193 14
e 170.732 176.048 17
e 688.758 23.7863 17
e 521.412 329.762 15
e 605.805 175.608 13
e 248.723 161.478 12
e 990.192 473.089 13
e 993.882 481.875 25
e 309.587 279.312 19
e 677.043 25.3851 19
e 419.082 280.257 29
e 408.426 108.011 28
e 81.9217 192.498 22
e 465.564 258.792 15
e 475.239 270.549 21
e 982.388 432.089 32
e 620.969 18.4114 25
e 990.645 476.767 23
e 507.633 365.012 20
e 218.323 220.382 10
e 671.156 377.172 18
e 134.953 101.598 8
e 100.712 169.589 8
e 89.0273 237.8 18
e 993.818 480.391 13
e 988.228 468.952 30
e 255.228 166.946 9
e 824.54 39.8016 11
e 971.921 423.237 9
e 151.172 148.249 11
e 982.179 467.783 11
e 611.9 250.157 18
e 663.151 25.2354 22
e 592.301 465.063 15
e 567.169 242.841 18
e 24.2805 276.639 8
e 332.487 228.279 4
e 620.761 93.8648 11
e 646.637 465.834 31
e 989.301 478.363 11
e 719.256 569.515 17
e 151.031 271.296 11
e 335.967 251.679 15
e 986.977 478.188 11
e 208.222 124.707 10
e 97.789 167.72 15
e 393.477 204.558 16
e 149.157 143.899 15
e 150.76 271.587 11
e 857.181 150.917 11
e 481.185 253.696 12
e 151.086 270.864 9
e 150.312 272.026 14
e 477.886 141.91 14
e 135.167 101.956 13
e 580.685 203.999 18
e 89.3599 235.4 12
e 148.982 144.284 14
e 307.197 165.338 14
e 150.997 271.142 15
e 150.935 271.237 12
e 292.372 157.684 13
e 236.244 228.029 18
e 134.582 101.064 16
e 149.036 144.203 13
e 579.699 204.587 12
e 378.414 195.23 13
e 563.182 344.947 10
e 508.727 362.664 13
e 556.026 238.959 12
e 733.012 20.6057 13
e 556.704 238.592 7
e 994.361 490.412 11
e 867.757 145.473 12
e 394.121 205.044 5
e 255.156 166.067 12
e 997.441 405.917 13
e 537.02 14.4042 28
e 592.356 160.939 7
e 491.053 241.225 10
e 89.1054 235.088 18
e 168 272.153 13
e 834.206 670.794 14
e 466.304 87.4676 9
e 999.218 471.052 10
e 982.494 481.723 8
e 564.209 238.915 10
e 984.268 442.532 11
e 983.972 476.514 3
e 937.881 183.165 23
e 506.316 366.374 17
e 252.303 200.173 11
e 163.668 269.711 20
e 1006.14 300.938 25
e 700.032 503.65 22
e 85.4149 228.541 19
e 487.596 341.884 18
e 701.073 480.784 28
e 644.582 45.5198 18
e 858.84 56.2468 22
e 943.874 169.705 24
e 876.587 535.634 21
e 627.804 19.4631 18
e 403.626 319.584 19
e 860.707 151.82 18
e 957.092 279.147 20
e 415.367 60.8715 16
e 935.947 43.4565 15
e 859.794 61.0558 20
e 65.0788 220.504 7
e 2.87359 200.249 9
e 537.148 264.779 27
e 211.31 95.1226 8
e 439.841 239.817 6
e 913.52 360.396 12
e 268.441 193.08 14
e 697.716 332.981 11
e 993.125 483.504 29
e 606.491 250.529 10
e 1043.31 608.938 15
e 987.897 494.822 14
e 676.435 26.5489 5
e 46.6038 241.365 7
e 855.677 156.885 7
e 863.948 159.339 8
e 265.672 209.478 11
e 415.152 254.592 57
e 412.693 259.567 34
e 992.161 479.267 16
e 266.056 208.196 18
e 992.599 479.322 15
e 103.294 134.938 8
e 989.462 481.509 12
e 385.076 313.507 22
e 524.256 303.958 8
e 956.277 179.02 21
e 396.725 322.212 27
e 915.732 221.049 12
e 507.312 364.041 16
e 590.405 336.199 13
e 166.504 272.771 15
e 281.58 212.809 13
e 690.811 25.2594 16
e 686.857 511.976 14
e 993.981 479.846 14
e 265.278 207.695 13
e 506.435 362.216 12
e 589.56 316.309 11
e 476.633 143.934 11
e 623.923 21.4708 11
e 586.51 243.863 13
e 377.972 299.865 6
e 633.214 45.8578 20
e 633.553 16.1458 18
e 169.825 202.863 16
e 691.333 26.2663 5
e 775.332 589.434 28
e 876.416 322.352 34
e 923.295 106.347 25
e 415.591 61.0259 6
e 659.231 54.2314 7
e 103.855 136.027 8
e 857.153 72.1518 31
e 1030.16 615.682 19
e 149.882 143.582 17
e 88.5364 235.234 9
e 978.714 127.4 22
e 819.103 115.191 26
e 595.348 579.099 28
e 385.23 319.187 25
e 264.523 212.351 15
e 893.694 572.224 23
e 71.0744 123.553 25
e 900.634 522.441 18
e 338.504 207.873 18
e 876.139 535.328 24
e 607.093 567.263 27
e 951.659 493.166 27
e 573.758 219.259 16
e 816.112 483.27 27
e 333.521 182.509 17
e 265.151 209.097 21
e 370.823 302.747 29
e 934.278 70.437 19
e 89.6474 235.35 20
e 658.14 160.828 21
e 175.23 195.408 14
e 43.8034 153.945 16
e 563.766 383.617 17
e 211.054 193.556 21
e 649.526 527.692 13
e 331.033 257.699 13
e 210.678 152.908 15
e 993.734 527.422 21
e 867 213.376 15
e 909.955 514.014 14
e 498.881 196.925 22
e 865.634 535.854 16
e 642.692 7.54879 14
e 696.909 529.395 14
e 536.925 414.458 12
e 194.162 183.004 16
e 679.579 30.0055 12
e 498.528 200.014 20
e 921.404 248.725 32
e 844.137 383.013 27
e 333.238 188.854 23
e 952.723 294.097 27
e 381.713 282.018 18
e 839.088 114.813 14
e 691.613 33.5442 15
e 520.937 312.328 19
e 846.753 383.211 13
e 595.287 161.074 30
e 840.985 292.716 17
e 673.952 484.29 32
e 718.501 553.327 13
e 596.628 422.5 15
e 466.453 217.376 18
e 693.452 24.4363 15
e 813.725 686.614 22
e 10.4433 255.465 16
e 164.631 272.694 13
e 255.125 164.939 19
e 571.44 256.672 20
e 622.248 465.564 13
e 808.909 469.749 14
e 264.602 209.51 18
e 589.698 261.404 18
e 596.529 160.354 21
e 881.035 530.088 32
e 573.811 219.191 24
e 939.12 181.001 21
e 685.461 46.9981 14
e 612.625 436.303 16
e 593.216 290.649 15
e 750.323 469.141 17
e 498.936 198.205 16
e 144.427 172.19 23
e 166.863 271.43 21
e 191.86 91.7438 21
e 498.471 345.989 21
e 464.477 280.385 17
e 522.515 68.1 19
e 208.022 121.607 21
e 381.713 276.915 17
e 598.839 245.145 15
e 323.872 243.73 19
e 643.099 544.222 13
e 311 230.66 24
e 782.44 578.868 15
e 485.682 248.984 12
e 861.914 213.996 14
e 498.927 197.803 13
e 989.35 444.708 16
e 167.022 244.659 17
e 194.771 183.407 18
e 587.872 11.6181 40
e 781.272 363.105 27
e 939.547 625.178 23
e 468.469 259.667 17
e 25.3479 232.922 26
e 67.1224 254.543 18
e 227.23 235.973 18
e 716.913 272.069 22
e 550.996 291.959 19
e 234.99 226.678 26
e 910.968 193.632 20
e 29.4194 285.989 14
e 690.791 32.3964 14
e 960.436 263.51 16
e 789.944 457.813 22
e 793.796 677.036 16
e 710.731 189.423 16
e 938.451 515.423 30
e 358.928 197.087 12
e 866.471 539.229 19
e 410.56 261.612 31
e 889.124 175.341 25
e 378.416 300.065 18
e 688.695 506.849 17
e 945.642 165.29 17
e 150.477 143.04 18
e 58.4046 133.482 10
e 408.535 77.5266 9
e 494.974 51.5272 13
e 981.386 448.019 7
e 506.378 363.111 11
e 307.768 230.574 12
e 783.289 30.7093 8
e 785.314 29.2261 14
e 802.014 652.745 14
e 987.481 477.609 11
e 331.853 233.494 11
e 630.388 36.0815 26
e 307.23 165.384 31
e 400.079 259.934 30
e 631.178 473.933 26
e 653.629 19.6072 22
e 839.399 209.828 15
e 312.823 223.731 7
e 626.399 543.932 24
e 693.418 339.943 41
e 381.386 278.071 9
e 985.908 336.046 18
e 152.472 167.682 11
e 987.308 478.554 15
e 989.458 481.381 16
e 556.971 231.662 12
e 468.194 47.9327 9
e 91.7982 125.685 8
e 999.49 181.035 22
e 207.397 112.047 19
e 999.354 183.473 19
e 498.633 199.406 19
e 111.573 206.742 24
e 988.718 277.587 25
e 518.115 60.0577 20
e 633.125 15.2768 21
e 465.799 258.913 21
e 234.829 226.755 22
e 531.813 402.859 18
e 380.767 277.123 17
e 565.018 392.81 19
e 947.502 117.855 25
e 919.247 109.857 17
e 561.024 240.011 21
e 149.235 143.925 20
e 419.633 289.648 20
e 473.938 202.54 18
e 611.504 87.5022 21
e 371.728 204.319 26
e 565.716 345.084 29
e 601.684 246.102 18
e 645.226 183.952 20
e 556.142 238.849 9
e 552.946 352.81 26
e 672.332 19.7381 14
e 650.604 528.06 14
e 903.481 242.761 16
e 418.928 287.968 29
e 620.903 18.4031 16
e 569.652 238.072 25
e 861.394 213.971 20
e 621.506 93.4862 27
e 613.102 127.605 41
e 403.013 209.409 42
e 832.013 309.38 35
e 601.334 246.162 13
e 264.406 209.224 8
e 444.407 267.417 9
e 414.745 280.303 25
e 196.73 171.643 24
e 102.159 172.117 11
e 634.849 7.0925 27
e 572.471 74.8941 19
e 687.89 96.7796 5
e 469.915 259.351 20
e 557.129 230.529 7
e 45.8114 218.222 13
e 208.105 121.68 9
e 150.959 271.315 15
e 897.861 196.879 10
e 1029.54 616.003 12
e 775.016 288.017 14
e 156.061 153.171 19
e 406.345 252.355 14
e 592.658 160.571 9
e 884.709 196.567 19
e 509.62 362.968 31
e 875.77 218.414 4
e 432.407 131.263 21
e 485.447 249.213 9
e 136.961 274.968 11
e 990.982 478.131 11
e 838.118 355.032 10
e 366.569 279.516 11
e 763.876 575.627 21
e 749.707 514.282 29
e 642.899 272.636 15
e 824.065 94.0906 19
e 860.28 535.394 20
e 804.526 471.659 11
e 992.708 480.991 7
e 932.972 65.7117 21
e 687.156 507.995 8
e 858.286 72.4805 25
e 475.025 79.2081 19
e 511.968 356.297 10
e 944.968 517.18 24
e 854.298 151.637 27
e 98.3362 167.58 11
e 467.057 225.832 16
e 517.312 382.079 11
e 861.534 151.613 13
e 461.161 257.991 14
e 67.0306 254.848 12
e 647.394 293.213 9
e 265.464 208.807 6
e 719.581 570.154 4
e 135.525 89.6335 15
e 855.251 152.367 11
e 990.31 478.912 9
e 991.483 477.881 10
e 615.097 375.701 12
e 419.73 289.647 11
e 635.962 15.0233 24
e 586.992 102.381 29
e 926.411 332.249 10
e 389.346 261.468 12
e 502.715 362.014 43
e 149.882 143.685 8
e 44.2505 212.767 13
e 992.112 481.088 11
e 581.824 203.025 8
e 992.39 472.872 5
e 415.702 281.434 22
e 1019.92 507.108 11
e 989.314 478.364 8
e 103.414 134.698 7
e 404.721 266.438 7
e 989.341 478.551 11
e 252.811 200.708 18
e 635.451 288.989 31
e 130.825 157.743 25
e 131.305 157.942 22
e 631.448 33.3537 14
e 471.092 244.585 24
e 882.234 480.264 13
e 506.429 363.349 23
e 649.553 466.907 15
e 992.266 481.529 12
e 690.811 25.1504 23
e 981.163 445.702 19
e 1006.76 462.16 19
e 689.38 507.53 10
e 368.407 260.896 11
e 104.081 136.151 11
e 89.5224 235.762 13
e 212.048 96.8626 16
e 545.24 24.7075 16
e 265.565 208.586 7
e 651.983 23.2894 12
e 992.165 472.399 8
e 991.077 477.733 13
e 691.285 25.5361 33
e 418.174 292.106 26
e 399.675 279.64 14
e 336.644 216.437 21
e 378.901 276.92 15
e 415.01 280.393 36
e 248.487 198.602 19
e 1036.27 362.7 11
e 553.974 26.7279 12
e 31.2455 208.041 6
e 528.536 407.904 15
e 1.37156 201.975 24
e 988.953 476.264 26
e 198.27 197.868 7
e 999.887 248.293 20
e 820.523 79.4837 26
e 213.526 104.161 21
e 81.9203 194.761 16
e 832.546 427.703 17
e 632.653 12.3818 42
e 391.301 205.539 6
e 506.452 375.649 9
e 594.375 293.383 22
e 251.318 162.102 10
e 321.8 210.56 25
e 506.126 363.343 7
e 583.226 201.613 13
e 372.195 302.595 10
e 395.593 315.688 12
e 582.943 384.103 8
e 860.277 535.733 25
e 986.584 478.409 24
e 649.338 466.744 21
e 909.005 199.315 19
e 506.989 364.391 33
e 649.791 468.566 20
e 992.968 481.902 19
e 267.376 198.505 10
e 137.676 273.343 10
e 75.936 261.96 14
e 103.253 123.293 8
e 177.513 252.266 22
e 501.857 350.955 13
e 505.668 362.317 10
e 582.619 167.94 9
e 592.255 249.117 14
e 267.756 206.688 25
e 267.181 209.514 24
e 505.455 37.9921 9
e 730.604 80.9767 17
e 231.394 238.28 23
e 853.065 61.2919 12
e 634.202 15.6213 27
e 190.892 221.026 29
e 370.039 302.224 22
e 508.502 405.994 24
e 561.015 239.876 28
e 562.761 554.5 15
e 991.05 470.832 11
e 377.481 296.857 33
e 996.148 484.712 17
e 837.972 488.356 29
e 2.86867 199.799 35
e 968.819 532.865 12
e 633.322 15.3599 19
e 528.606 202.575 8
e 796.021 161.873 14
e 106.534 173.763 8
e 789.496 323.274 22
e 253.382 165.428 9
e 461.459 226.751 24
e 89.237 123.2 15
e 46.0507 213.672 18
e 413.488 218.654 19
e 670.476 332.227 16
e 561.469 399.721 14
e 516.624 244.405 10
e 438.705 320.937 31
e 476.188 152.682 23
e 446.597 244.469 19
e 991.205 482.14 31
e 913.24 314.438 9
e 990.427 486.356 8
e 641.25 41.4914 17
e 595.262 475.322 31
e 649.883 468.187 14
e 879.659 228.563 26
e 135.061 101.691 14
e 483.689 40.2429 14
e 264.588 208.824 11
e 836.873 357.957 11
e 990.413 483.539 5
e 464.094 209.709 10
e 544.356 357.313 13
e 445.571 244.227 13
e 376.485 274.736 7
e 378.496 300.065 23
e 490.561 243.295 11
e 459.393 258.577 10
e 333.88 225.069 13
e 440.907 242.128 7
e 102.769 172.702 9
e 419.774 289.537 7
e 573.664 94.1864 16
e 574.658 99.262 9
e 24.534 276.363 22
e 589.689 149.531 30
e 853.43 152.996 8
e 363.656 299.944 22
e 662.148 588.868 18
e 463.05 208.981 30
e 688.178 507.27 32
e 500.479 370.882 34
e 989.953 482.498 31
e 996.288 486.612 28
e 853.056 153.125 26
e 996.886 474.514 26
e 988.413 477.059 26
e 989.625 476.171 26
e 994.721 483.624 26
e 992.946 481.622 7
e 1046.45 495.24 28
e 856.141 150.32 13
e 612.965 90.157 8
e 595.26 422.754 8
e 592.724 159.398 7
e 690.827 23.2351 17
e 506.393 365.047 20
e 210.895 193.32 7
e 649.653 528.082 12
e 581.77 203.442 19
e 317.234 253.557 13
e 989.951 487.782 12
e 992.102 481.701 20
e 877.187 539.345 16
e 506.109 365.608 10
e 505.444 362.57 9
e 989.316 474.297 9
e 103.892 135.807 5
e 991.306 471.722 5
e 372.047 301.234 6
e 112.19 174.878 22
e 92.9095 168.952 12
e 989.207 478.398 5
e 993.663 481.763 8
e 688.686 511.144 12
e 863.564 326.304 8
e 210.7 193.524 20
e 598.954 244.198 19
e 207.36 111.995 15
e 557.068 234.179 22
e 728.704 88.039 19
e 424.165 212.766 19
e 203.885 144.294 22
e 329.292 177.67 28
e 593.891 255.154 26
e 595.449 240.453 32
e 371.31 203.6 20
e 595.761 240.559 23
e 679.762 29.6328 25
e 495.391 175.922 22
e 854.902 147.903 23
e 642.394 38.3521 27
e 992.388 483.907 23
e 528.292 201.465 25
e 377.248 260.284 31
e 470.267 226.063 22
e 567.847 239.973 24
e 260.67 179.974 18
e 565.029 344.713 11
e 235.865 227.717 16
e 235.073 226.092 18
e 966.016 149.285 16
e 400.312 260.656 17
e 413.803 60.3343 24
e 578.862 204.54 24
e 432.979 132.629 20
e 991.931 486.136 23
e 394.633 205.264 22
e 987.603 481.059 18
e 883.187 195.462 15
e 415.592 280.405 20
e 381.922 276.655 22
e 562.327 238.705 19
e 589.792 149.637 17
e 517 32.4382 30
e 382.432 275.942 19
e 440.935 241.441 16
e 155.883 153.073 19
e 152.026 148.494 21
e 104.003 135.922 11
e 126.888 153.914 31
e 100.125 169.159 5
e 856.701 528.232 14
e 148.856 144.094 12
e 913.92 199.444 7
e 16.0707 272.071 8
e 355.569 194.347 6
e 582.036 202.813 16
e 501.569 385.285 11
e 812.965 147.02 5
e 911.952 588.526 21
e 505.333 365.617 29
e 509.116 365.107 21
e 509.919 354.615 30
e 991.429 479.393 12
e 715.502 483.587 8
e 931.45 141.016 20
e 994.008 484.885 11
e 506.748 363.789 27
e 465.885 84.1189 17
e 378.254 299.521 36
e 267.229 209.387 8
e 1074.8 463.128 13
e 900.382 123.94 28
e 855.904 155.452 14
e 933.023 212.873 17
e 729.755 23.6011 9
e 490.259 404.864 13
e 89.1355 123.295 16
e 252.014 188.626 27
e 615.967 79.6303 20
e 587.829 241.09 12
e 589.495 149.36 6
e 79.2222 221.321 20
e 104.05 135.89 15
e 557.291 233.613 9
e 639.341 377.937 22
e 235.683 227.368 16
e 520.652 167.209 18
e 529.209 231.576 20
e 469.708 43.2922 25
e 411.407 59.1747 23
e 89.2671 123.629 16
e 51.7452 151.281 19
e 83.2465 233.081 17
e 334.005 180.711 21
e 249.175 161.282 16
e 103.447 135.152 22
e 251.192 163.459 17
e 168.034 272.062 18
e 776.095 346.996 10
e 483.32 40.3519 19
e 650.368 116.139 16
e 313.103 223.67 17
e 307.587 165.607 8
e 49.9436 124.79 18
e 519.574 154.666 35
e 522.693 68.5934 22
e 548.926 252.287 36
e 227.762 169.845 20
e 560.131 275.437 23
e 437.814 216.918 23
e 449.892 322.333 19
e 385.436 272.448 22
e 548.477 296.058 23
e 588.203 150.009 19
e 667.638 156.914 28
e 565.39 280.213 24
e 518.158 241.472 12
e 688.641 23.6282 22
e 485.764 249.094 11
e 563.677 27.8721 11
e 253.458 164.597 8
e 142.865 278.228 13
e 354.153 193.117 6
e 489.486 25.4038 22
e 641.657 609.386 11
e 485.586 249.171 9
e 343.442 249.25 23
e 600.467 155.63 7
e 959.74 181.792 15
e 987.707 479.683 9
e 991.219 477.185 32
e 506.927 363.594 16
e 684.896 23.9026 29
e 992.746 483.458 12
e 149.525 143.776 10
e 272.795 204.786 13
e 103.363 135.06 6
e 500.553 13.8294 34
e 540.475 6.86718 11
e 984.79 150.498 9
e 415.673 281.122 18
e 398.038 279.769 21
e 188.495 131.359 26
e 990.032 479.331 7
e 252.886 164.857 22
e 103.968 135.294 8
e 987.255 478.829 17
e 1001.47 491.128 25
e 508.584 360.186 18
e 202.517 152.173 9
e 436.051 300.823 20
e 253.065 200.404 13
e 265.494 207.493 20
e 985.045 468.121 27
e 687.787 482.163 20
e 505.84 366.484 28
e 465.671 54.0524 28
e 860.212 536.674 11
e 566.852 530.418 32
e 515.706 330.296 18
e 987.465 479.965 9
e 1031.6 282.198 18
e 987.099 481.483 25
e 506.645 364.831 17
e 982.073 466.493 15
e 990.531 477.73 40
e 987.797 477.287 19
e 987.781 476.649 22
e 492.251 353.147 15
e 48.3319 153.549 42
e 992.193 472.81 18
e 1028.92 618.331 7
e 443.781 50.0283 11
e 205.525 195.4 13
e 647.274 375.541 9
e 516.776 113.299 9
e 987.058 477.127 37
e 504.862 365.012 22
e 237.86 161.165 12
e 989.899 474.438 30
e 441.551 234.948 10
e 505.46 362.333 9
e 560.333 242.75 9
e 989.549 479.017 12
e 982.387 408.29 33
e 583.398 200.728 10
e 986.834 476.732 13
e 171.615 195.515 9
e 878.309 538.798 35
e 988.46 475.211 17
e 783.086 30.9102 11
e 734.694 336.518 10
e 843.687 349.779 15
e 991.128 475.786 23
e 437.345 213.926 12
e 189.758 206.47 20
e 266.278 174.98 11
e 994.01 484.884 34
e 506.979 361.449 14
e 264.994 208.979 8
e 504.659 360.212 13
e 201.894 198.852 9
e 203.797 197.455 6
e 171.813 277.758 21
e 989.557 479.026 9
e 986.75 473.01 25
e 882.862 479.219 11
e 953.442 568.113 23
e 717.849 564.997 18
e 746 380.794 11
e 946.198 517.417 18
e 15.2973 272.263 34
e 766.331 604.032 12
e 601.928 247.061 15
e 883.224 480.928 26
e 841.44 485.718 19
e 644.559 613.23 20
e 440.948 242.02 10
e 881.349 527.14 26
e 992.983 491.515 33
e 553.338 353.273 31
e 685.776 505.817 21
e 375.253 199.565 29
e 846.195 549.87 20
e 728.903 570.917 35
e 711.877 295.051 51
e 686.852 190.874 21
e 641.004 606.526 24
e 510.3 357.016 26
e 474.363 465.254 14
e 976.029 476.64 18
e 589.77 316.933 18
e 206.057 241.991 14
e 716.411 205.937 6
e 918.798 319.574 18
e 560.384 242.687 13
e 186.183 193.187 12
e 910.234 205.682 16
e 987.562 476.809 11
e 964.682 489.268 18
e 855.43 166.453 8
e 775.466 287.09 17
e 780.588 373.485 19
e 882.081 295.85 21
e 456.692 297.355 12
e 584.036 248.217 6
e 257.001 173.641 10
e 883.981 318.606 21
e 437.545 213.013 21
e 705.203 136.681 16
e 986.963 474.239 16
e 865.791 212.275 20
e 909.629 200.177 23
e 354.59 274.481 18
e 826.867 397.162 22
e 224.45 128.918 7
e 697.08 161.657 14
e 986.428 478.143 11
e 988.539 482.553 16
e 989.441 489.251 16
e 283.294 214.125 25
e 884.866 483.441 12
e 878.527 540.107 24
e 910.231 204.847 16
e 685.135 541.858 25
e 127.554 199.241 20
e 988.619 480.198 17
e 911.995 203.431 20
e 909.41 206.623 22
e 911.365 204.211 22
e 909.82 203.852 19
e 911.031 205.229 19
e 910.085 206.781 15
e 988.863 482.582 4
e 918.506 423.525 7
e 456.528 297.015 20
e 456.637 297.078 32
e 456.556 297.112 23
e 940.822 52.6477 9
e 241.959 165.492 12
e 506.172 366.795 42
