c json/small_post_CH
p rectangle 661 1080 720
e 35.0171 141.784 9
e 220.21 457.04 4
e 204.717 262.482 30
e 653.378 699.571 13
e 545.19 668.567 14
e 692.199 592.991 4
e 883.415 587.355 6
e 566.302 610.793 16
e 844.911 464.933 9
e 245.478 322.797 29
e 145.097 259.952 7
e 205.569 232.75 5
e 846.147 423.333 11
e 725.243 1.79718 25
e 734.305 8.37632 32
e 726.224 44.7608 27
e 726.733 81.5686 15
e 732.258 128.839 22
e 737.428 135.313 24
e 725.799 11.9918 31
e 725.442 107.902 21
e 634.581 256.821 22
e 671.45 121.45 15
e 323.153 456.362 3
e 354.549 420.819 20
e 50.4155 131.708 6
e 27.0585 135.391 20
e 395.363 336.679 18
e 694.282 683.856 16
e 815.374 593.822 27
e 138.035 400.676 13
e 552.497 465.145 7
e 807.665 266.013 8
e 559.546 463.57 4
e 385.201 646.137 6
e 575.876 594.303 31
e 242.734 170.518 32
e 1053.4 365.554 10
e 628.481 422.118 19
e 382.534 176.138 14
e 386.873 646.14 11
e 505.131 503.537 17
e 598.624 606.304 20
e 586.231 594.855 14
e 723.409 498.562 14
e 481.466 507.21 18
e 532.414 630.698 18
e 672.267 597.791 22
e 383.062 651.43 22
e 662.725 666.871 24
e 562.219 453.26 23
e 424.783 177.225 15
e 496.693 542.866 22
e 659.447 500.777 23
e 459.625 550.582 19
e 461.24 322.336 22
e 412.176 536.834 20
e 536.338 471.601 21
e 1080 293.747 19
e 414.285 563.967 21
e 451.967 583.774 24
e 612.289 500.294 19
e 558.351 666.298 20
e 287.555 393.214 18
e 614.125 431.146 17
e 698.421 503.634 19
e 670.335 512.679 21
e 663.1 510.847 16
e 651.251 660.341 22
e 737.888 615.689 28
e 866.298 556.2 27
e 790.07 477.182 27
e 755.145 649.793 26
e 729.453 663.234 30
e 630.36 591.292 27
e 639.695 602.716 27
e 631.018 589.683 43
e 621.901 594.28 35
e 622.778 598.075 26
e 606.407 582.435 36
e 628.6 570.601 34
e 619.261 593.544 34
e 625.34 587.921 41
e 618.286 589.937 35
e 607.782 587.233 33
e 604.558 581.228 37
e 605.116 577.226 38
e 609.758 593.684 36
e 617.128 583.283 44
e 612.553 561.884 35
e 610.268 577.935 35
e 616.506 573.958 33
e 615.891 565.292 38
e 615.054 583.907 36
e 613.436 575.341 35
e 621.017 570.233 35
e 619.643 580.245 37
e 621.385 572.649 38
e 615.773 580.321 44
e 615.333 572.982 31
e 617.54 576.492 33
e 619.074 574.281 39
e 616.457 577.678 34
e 836.278 452.372 23
e 575.669 419.035 21
e 568.154 425.882 25
e 591.466 487.992 24
e 598.437 503.541 22
e 609.3 501.945 27
e 611.852 498.118 21
e 523.382 518.026 26
e 581.749 479.045 20
e 561.769 456.514 15
e 564.727 612.034 39
e 549.712 623.861 15
e 379.611 630.365 23
e 384.094 306.337 19
e 393.997 373.929 29
e 366.958 347.954 25
e 385.375 366.449 22
e 436.909 387.598 23
e 395.229 389.603 27
e 396.466 406.514 22
e 398.021 398.436 33
e 365.055 442.41 35
e 322.094 472.15 26
e 301.176 441.999 24
e 272.021 406.565 22
e 311.445 451.401 23
e 319.87 447.262 26
e 331.571 459.683 30
e 343.521 459.068 29
e 315.531 473.132 22
e 257.973 439.636 24
e 267.649 450.756 22
e 270.034 436.547 19
e 279.201 432.787 29
e 289.247 417.184 32
e 291.01 424.838 23
e 306.796 416.674 26
e 326.206 417.113 30
e 290.397 378.032 25
e 304.501 380.058 28
e 319.27 383.838 26
e 317.624 394.509 24
e 319.588 392.889 23
e 335.751 406.342 37
e 338.256 391.503 29
e 363.742 381.718 22
e 365.59 394.23 20
e 358.222 400.586 24
e 383.985 375.828 25
e 375.95 396.456 23
e 379.85 386.782 26
e 344.812 405.423 22
e 346.161 408.766 25
e 358.133 389.572 26
e 353.375 407.591 22
e 380.639 408.152 20
e 372.834 408.462 29
e 361.67 408.667 29
e 366.306 409.006 25
e 361.212 417.906 31
e 371.372 418.736 24
e 364.616 424.766 29
e 361.318 424.702 23
e 335.938 450.103 25
e 352.493 442.158 31
e 335.812 422.378 30
e 338.472 414.625 33
e 339.516 412.403 32
e 348.688 417.046 33
e 353.713 414.85 32
e 353.266 412.61 34
e 358.666 413.921 42
e 353.593 417.515 37
e 354.171 419.721 35
e 359.015 411.357 38
e 348.564 412.754 33
e 354.443 414.533 29
e 292.401 459.903 26
e 305.612 478.595 20
e 302.083 482.291 21
e 317.056 477.383 25
e 307.294 367.326 26
e 29.5187 133.05 15
e 758.554 534.475 10
e 377.277 417.702 22
e 41.8478 164.259 11
e 301.052 478.288 23
e 658.336 642.264 11
e 613.7 583.598 40
e 331.247 147.609 13
e 295.994 90.0078 16
e 31.2331 124.6 18
e 162.013 260.058 20
e 203.09 475.181 22
e 311.966 143.971 16
e 257.644 170.216 16
e 340.737 138.869 12
e 138.792 281.49 16
e 178.643 261.055 16
e 243.403 492.668 20
e 18.9693 144.918 23
e 21.6559 146.457 17
e 190.638 397.861 16
e 175.028 338.334 18
e 124.548 288.908 17
e 205.72 235.299 16
e 140.07 324.934 18
e 212.593 125.35 18
e 34.7686 128.23 21
e 173.101 319.064 16
e 155.039 298.733 17
e 284.673 135.496 17
e 306.573 138.773 14
e 182.548 359.27 13
e 265.076 89.8474 12
e 34.0923 138.714 14
e 189.407 394.964 24
e 288.368 122.769 13
e 154.94 254.951 13
e 99.9696 246.817 13
e 262.499 98.457 29
e 252.766 453.862 14
e 148.313 278.802 14
e 334.658 144.662 14
e 218.612 233.529 12
e 257.844 252.87 18
e 121.864 249.83 5
e 829.502 297.489 23
e 437.66 166.122 22
e 669.193 523.923 19
e 650.124 598.18 24
e 596.836 624.014 21
e 769.751 666.6 25
e 612.103 706.493 21
e 575.172 630.863 38
e 604.979 720 23
e 396.067 455.625 21
e 515.653 549.473 20
e 763.072 603.661 23
e 620.669 701.346 22
e 560.909 454.437 27
e 662.346 589.092 18
e 673.69 676.127 23
e 620.17 542.229 20
e 566.164 625.57 21
e 433.916 169.443 20
e 636.356 687.581 29
e 623.012 652.15 20
e 600.53 553.938 22
e 490.407 185.01 18
e 769.602 654.717 16
e 743.293 651.14 37
e 636.689 619.435 33
e 640.152 571.398 24
e 609.715 589.612 41
e 611.081 583.862 29
e 604.625 584.863 32
e 629.502 587.636 35
e 618.559 586.428 37
e 602.408 591.606 42
e 606.663 574.261 32
e 609.532 571.441 41
e 612.248 570.404 35
e 622.372 577.023 33
e 613.25 583.689 44
e 621.408 574.783 34
e 614.322 577.47 38
e 625.902 511.499 24
e 530.513 581.403 31
e 578.706 641.772 27
e 450.369 465.035 24
e 394.541 414.777 27
e 308.83 458.142 25
e 299.225 457.188 27
e 295.538 411.975 24
e 299.104 394.429 26
e 330.314 397.593 28
e 331.387 402.533 36
e 341.568 396.777 22
e 375.935 374.086 26
e 344.648 400.361 36
e 341.564 386.765 25
e 349.173 406.771 33
e 364.246 418.187 39
e 331.882 438.247 25
e 344.91 434.517 29
e 309.404 434.962 25
e 330.26 423.803 32
e 350.566 411.019 32
e 334.809 413.518 30
e 345.515 412.311 40
e 313.602 480.794 25
e 779.004 612.087 11
e 715.908 57.081 17
e 684.361 125.846 16
e 720.42 64.5695 15
e 675.489 122.842 13
e 665.388 243.052 17
e 722.128 67.5863 16
e 712.763 54.599 12
e 897.801 210.395 12
e 718.93 65.1557 26
e 732.006 124.966 15
e 706.975 42.06 12
e 739.498 139.21 12
e 886.777 235.211 16
e 674.666 314.12 37
e 483.697 644.828 12
e 597.756 469.856 14
e 670.279 556.47 12
e 751.854 546.453 18
e 637.943 560.474 12
e 472.914 543.496 13
e 792.02 631.964 17
e 661.309 508.51 13
e 823.2 609.239 15
e 470.108 572.745 12
e 672.186 618.924 20
e 673.941 626.013 22
e 600.119 688.531 15
e 601.808 562.504 13
e 834.106 447.837 10
e 643.251 590.501 11
e 559.447 561.516 17
e 463.32 646.643 13
e 612.134 471.975 13
e 538.861 633.179 13
e 522.252 600.273 13
e 761.504 600.434 10
e 660.483 567.354 10
e 641.919 699.269 15
e 450.063 316.063 14
e 595.346 591.347 21
e 561.06 248.969 13
e 650.777 534.25 12
e 657.782 621.181 10
e 836.787 343.851 11
e 445.134 607.563 13
e 657.637 718.503 13
e 623.103 546.879 12
e 661.449 525.59 11
e 836.464 625.342 13
e 296.917 355.573 14
e 932.321 245.36 20
e 728.84 609.817 12
e 704.932 500.841 12
e 847.852 480.96 12
e 525.21 565.972 9
e 533.314 485.86 12
e 740.107 494.65 13
e 644.474 442.145 11
e 747.109 602.536 21
e 594.607 585.863 14
e 639.952 465.008 11
e 1059.65 413.943 12
e 307.147 242.456 11
e 625.384 654.526 15
e 546.028 498.637 15
e 578.776 574.182 18
e 402.104 656.196 11
e 654.686 513.582 27
e 388 621.794 17
e 301.978 346.591 16
e 684.495 703.59 11
e 617.533 667.007 9
e 350.276 415.009 13
e 864.469 344.143 11
e 538.549 586.545 17
e 657.691 513.922 23
e 514.605 493.848 21
e 709.038 53.4213 22
e 822.724 599.535 11
e 759.289 597.735 14
e 676.037 449.78 14
e 560.424 450.948 14
e 497.987 569.503 18
e 598.858 589.711 20
e 395.686 449.461 13
e 644.071 604.022 16
e 654.494 575.094 13
e 744.771 472.235 12
e 560.608 595.476 19
e 648.596 634.834 15
e 728.84 615.897 16
e 747.271 470.379 11
e 598.43 526.676 19
e 793.728 592.453 15
e 517.357 648.773 11
e 531.484 331.917 14
e 649.526 563.253 9
e 566.443 632.565 12
e 464.163 283.241 18
e 368.926 517.632 15
e 857.324 320.403 9
e 791.804 361.627 9
e 554.475 447.469 11
e 674.315 607.825 14
e 735.141 515.316 14
e 587.587 649.599 16
e 582.391 546.788 28
e 451.085 315.776 15
e 779.557 349.665 10
e 400.463 338.53 14
e 629.671 532.606 20
e 631.503 533.434 11
e 563.715 502.94 14
e 642.741 706.261 16
e 772.845 679.601 18
e 342.459 352.127 12
e 647.177 709.362 15
e 651.843 649.542 13
e 847.753 513.687 9
e 607.265 701.865 16
e 414.13 326.262 11
e 886.267 427.728 13
e 447.768 133.114 13
e 339.874 507.695 15
e 651.52 574.014 15
e 405.069 345.339 13
e 666.153 622.365 15
e 751.187 579.124 17
e 420.013 625.31 17
e 642.197 575.538 15
e 799.261 368.837 19
e 379.135 484.294 23
e 606.92 696.838 22
e 595.151 539.163 31
e 844.208 471.571 32
e 677.473 560.015 72
e 670.76 628.206 45
e 388.055 655.434 26
e 825.724 625.034 12
e 643.235 697.698 16
e 785.488 359.235 11
e 698.524 680.69 12
e 710.071 525.779 15
e 749.673 689.526 15
e 630.645 626.824 12
e 569.395 622.189 16
e 642.089 568.118 15
e 548.487 653.505 15
e 661.076 703.579 16
e 473.654 568.521 13
e 392.131 620.209 22
e 584.568 588.658 21
e 933.405 362.917 15
e 619.701 625.498 37
e 922.236 231.503 18
e 884.004 606.423 10
e 375.257 583.952 15
e 717.498 500.601 13
e 645.286 699.856 35
e 503.753 582.204 13
e 639.447 595.393 18
e 633.553 433.296 12
e 495.668 341.997 11
e 375.903 588.954 16
e 384.088 652.751 34
e 826.397 363.482 12
e 394.874 644.905 15
e 536.948 601.401 16
e 383.255 640.417 16
e 531.252 195.612 9
e 532.701 513.411 17
e 668.557 689.76 15
e 394.158 622.207 14
e 802.241 642.431 13
e 792.014 667.275 11
e 388.76 613.027 21
e 379.833 244.027 14
e 676.589 573.86 7
e 634.932 542.584 20
e 646.289 580.735 23
e 693.58 561.985 20
e 597.518 617.631 19
e 613.867 508.077 14
e 856.838 382.271 6
e 498.229 592.255 19
e 382.563 633.696 20
e 463.92 567.216 6
e 592.999 562.476 14
e 544.652 579.425 4
e 739.063 610.128 29
e 643.45 630.554 8
e 28.2394 130.285 13
e 308.932 203.83 20
e 47.5181 121.349 17
e 462.001 567.267 14
e 233.412 329.481 33
e 154.653 348.968 18
e 71.9591 228.439 26
e 144.254 255.618 40
e 363.949 102.149 24
e 217.299 429.626 27
e 234.619 437.665 43
e 57.5466 286.855 31
e 0 122.524 27
e 14.576 146.191 36
e 168.476 248.534 26
e 161.467 250.404 26
e 150.621 252.29 36
e 150.955 254.41 41
e 147.496 256.748 39
e 159.612 256.268 40
e 162.629 297.756 15
e 46.8716 133.728 32
e 27.4284 145.515 15
e 609.408 489.967 15
e 758.156 342.646 17
e 55.4845 202.888 16
e 391.299 632.408 15
e 569.191 538.234 7
e 119.194 249.127 13
e 733.246 2.65083 27
e 202.812 473.75 7
e 305.961 483.394 15
e 393.502 340.154 9
e 382.194 650.622 12
e 721.344 62.4788 16
e 717.651 61.836 8
e 117.685 398.744 14
e 196.448 468.546 13
e 434.492 516.595 12
e 209.699 229.523 16
e 123.029 367.54 23
e 305.209 484.364 50
e 155.031 253.619 8
e 705.11 58.5541 8
e 692.975 127.029 20
e 943.131 384.937 8
e 389.437 345.495 5
e 382.811 648.482 10
e 771.34 684.429 10
e 559.607 453.769 14
e 796.518 580.493 9
e 796.544 582.626 9
e 413.188 369.976 13
e 858.891 603.285 6
e 662.358 624.51 25
e 561.492 453.757 9
e 591.504 512.305 9
e 388.812 640.473 12
e 279.608 341.79 14
e 122.64 253.458 15
e 32.0638 129.866 21
e 36.6403 137.609 20
e 391.866 642.84 7
e 400.876 279.917 13
e 701.142 644.551 18
e 702.612 647.855 19
e 703.909 645.786 10
e 622.589 599.001 21
e 296.77 488.029 16
e 58.8215 212.588 20
e 387.678 644.073 11
e 226.331 432.057 6
e 483.765 178.648 19
e 398.148 350.97 26
e 719.86 610.155 18
e 588.447 555.427 18
e 678.652 555.43 8
e 132.573 257.604 16
e 343.089 414.489 13
e 357.349 437.78 24
e 709.625 125.129 8
e 361.908 176.407 15
e 280.922 388.024 19
e 734.947 0 19
e 203.125 475.52 10
e 223.13 227.28 6
e 833.004 329.968 5
e 201.953 273.168 43
e 35.5972 143.863 15
e 311.596 481.441 9
e 588.008 585.501 6
e 707.165 65.4182 7
e 310.331 489.929 18
e 308.768 492.254 23
e 304.348 487.606 35
e 302.768 485.114 29
e 64.6631 251.635 29
e 229.881 432.994 11
e 551.711 601.038 16
e 561.043 613.689 7
e 561.316 615.613 7
e 387.901 642.259 7
e 803.322 471.553 18
e 383.384 646.349 12
e 685.295 59.9451 15
e 164.262 248.814 26
e 412.939 306.027 16
e 747.312 570.727 15
e 836.984 503.67 10
e 843.34 526.923 13
e 798.577 570.166 17
e 838.607 571.458 9
e 581.212 552.74 18
e 595.169 547.598 13
e 655.529 628.61 29
e 650.372 613.919 13
e 637.041 694.281 29
e 613.713 653.446 12
e 926.426 238.232 14
e 940.812 259.889 12
e 874.934 282.288 13
e 867.87 308.028 17
e 869.906 226.019 8
e 753.129 304.603 9
e 772.861 332.642 13
e 810.909 356.243 11
e 885.932 371.581 14
e 845.353 376.361 13
e 723.803 61.3313 15
e 720.934 85.3578 14
e 718.359 73.3222 11
e 713.661 44.2171 11
e 716.053 42.5696 11
e 695.749 220.739 13
e 691.382 217.755 14
e 713.664 257.382 12
e 661.187 128.797 15
e 728.183 129.888 18
e 735.518 131.926 15
e 642.294 389.728 17
e 589.031 424.735 11
e 690.373 224.497 12
e 604.225 508.894 4
e 571.466 470.765 13
e 569.569 465.999 11
e 570.039 567.694 20
e 570.438 567.763 15
e 548.931 591.17 17
e 552.443 593.236 14
e 544.963 616.72 15
e 555.659 606.382 19
e 538.006 609.77 14
e 371.059 498.551 4
e 522.314 208.626 10
e 409.52 436.288 26
e 403.28 440.631 19
e 395.19 457.183 13
e 245.132 514.124 17
e 149.828 400.585 13
e 206.529 413.475 15
e 209.586 421.713 17
e 207.521 230.955 19
e 252.056 341.395 12
e 277.125 331.843 13
e 204.291 296.212 9
e 241.733 291.866 12
e 219.295 256.736 24
e 205 274.53 20
e 80.4524 309.584 12
e 101.812 332.484 15
e 93.4637 325.728 13
e 3.391 113.819 12
e 51.7263 231.327 11
e 30.6036 145.225 18
