c json/large_hamlets-CH
p rectangle 4381 1080 720
e 423.074 176.491 8
e 655.317 517.731 7
e 419.172 609.481 9
e 721.992 576.601 6
e 645.867 150.972 9
e 336.238 424.799 4
e 0 123.052 9
e 842.127 520.464 12
e 410.203 406.453 17
e 702.652 572.316 6
e 335.316 455.365 9
e 306.194 347.707 12
e 393.113 423.344 9
e 723.104 458.454 9
e 386.597 380.249 8
e 537.353 485.898 11
e 459.008 343.989 10
e 719.987 455.902 11
e 484.442 462.132 7
e 455.273 316.428 7
e 501.003 476.743 9
e 575.479 417.298 8
e 495.77 193.761 10
e 436.19 380.866 6
e 531.195 224.315 7
e 406.43 374.443 9
e 427.159 356.473 7
e 642.53 156.216 7
e 683.522 616.926 8
e 385.53 299.732 7
e 486.37 500.705 8
e 287.087 328.85 8
e 468.803 326.458 4
e 831.462 557.596 7
e 735.107 552.152 8
e 813.681 604.596 15
e 744.748 650.016 9
e 592.32 480.806 7
e 491.88 481.878 6
e 359.552 298.214 9
e 454.717 145.24 10
e 407.677 165.567 13
e 418.915 64.527 7
e 458.354 158.325 11
e 737.921 556.292 10
e 619.35 146.347 4
e 791.637 604.759 4
e 514.015 497.157 9
e 347.507 380.647 5
e 510.338 495.763 7
e 415.333 64.511 5
e 523.364 450.905 6
e 307.435 373.85 7
e 501.553 471.184 10
e 343.561 453.24 10
e 724.333 330.943 6
e 820.405 548.684 4
e 686.342 493.418 9
e 327.111 440.414 10
e 641.16 618.047 13
e 703.847 572.902 9
e 752.134 271.347 9
e 439.264 128.858 9
e 457.423 156.136 10
e 456.988 145.032 8
e 440.464 163.317 11
e 451.39 162.209 11
e 810.469 619.542 8
e 784.669 572.865 12
e 534.468 224.112 4
e 445.612 310.786 11
e 449.547 151.017 10
e 426.939 66.1658 9
e 467.384 121.188 8
e 464.463 122.897 7
e 456.555 153.97 16
e 525.321 192.357 8
e 783.602 331.745 8
e 715.813 99.0824 5
e 994.225 149.036 7
e 335.673 138.398 7
e 492.783 466.546 11
e 838.994 589.579 11
e 703.048 548.966 5
e 659.186 545.498 6
e 489.003 566.964 9
e 315.336 421.747 12
e 597.365 522.754 9
e 679.152 529.101 12
e 778.035 596.1 10
e 436.434 213.402 8
e 385.028 508.908 7
e 483.706 476.308 11
e 535.106 318.53 6
e 690.44 506.652 9
e 503 342.568 7
e 580.614 683.613 13
e 573.219 492.223 4
e 301.303 347.103 9
e 298.768 351.101 9
e 745.131 655.017 10
e 543.574 451.264 11
e 724.992 628.212 8
e 458.811 318.338 11
e 927.41 364.896 8
e 795.834 602.041 11
e 490.175 475.537 10
e 766.898 563.276 11
e 705.346 571.595 6
e 329.613 409.316 10
e 329.182 412.544 6
e 330.342 414.871 10
e 257.599 421.483 7
e 534.011 500.628 8
e 533.741 503.059 6
e 704.649 603.866 13
e 303.953 420.346 9
e 466.76 120.667 11
e 456.175 390.809 10
e 472.844 445.915 9
e 341.353 355.517 8
e 645.461 611.77 6
e 798.987 602.696 3
e 696.225 550.758 7
e 571.068 394.106 8
e 626.793 494.587 9
e 751.342 560.706 9
e 327.837 435.006 10
e 495.574 332.709 11
e 409.486 376.618 10
e 564.628 514.205 12
e 792.283 644.622 12
e 574.637 490.469 12
e 435.869 132.076 12
e 530.214 505.248 11
e 786.766 554.226 8
e 424.352 405.768 10
e 655.821 559.162 7
e 831.848 473.194 6
e 808.619 612.503 6
e 499.066 426.669 9
e 715.328 488.198 9
e 525.455 464.737 9
e 498.447 508.814 7
e 527.695 495.557 4
e 670.337 568.406 6
e 526.591 193.241 6
e 320.322 443.685 17
e 313.182 366.805 14
e 648.935 557.531 9
e 631.756 387.532 8
e 464.928 321.774 11
e 379.517 339.836 12
e 785.728 615.405 5
e 530.26 493.956 6
e 565.607 507.398 7
e 744.99 553.079 9
e 663.986 517.381 8
e 502.018 337.689 6
e 573.318 486.914 8
e 729.433 415.903 9
e 890.834 320.928 11
e 683.109 688.246 8
e 778.074 615.6 12
e 570.202 398.627 10
e 703.969 567.535 4
e 335.961 447.21 17
e 338.116 444.572 20
e 337.878 447.22 9
e 802.873 587.024 15
e 732.139 656.212 4
e 664.438 516.49 6
e 427.816 459.964 9
e 443.289 308.602 9
e 678.321 521.721 9
e 652.453 520.455 9
e 754.355 613.522 8
e 653.502 521.888 8
e 626.436 512.128 9
e 760.021 615.071 5
e 443.42 307.945 4
e 733.697 502.821 8
e 312.584 415.755 9
e 450.014 158.415 10
e 518.314 214.457 6
e 385.994 322.881 5
e 634.392 534.428 7
e 723.164 624.453 11
e 335.857 261.864 9
e 803.363 608.409 11
e 423.928 171.22 10
e 754.874 623.338 9
e 820.501 289.306 11
e 651.528 646.113 7
e 683.456 604.222 8
e 310.395 345.232 10
e 576.068 334.354 12
e 663.297 630.384 8
e 505.327 513.583 7
e 700.317 560.375 8
e 753.029 609.581 11
e 668.11 590.442 10
e 334.958 425.801 12
e 418.252 502.363 11
e 358.073 302.699 15
e 718.903 619.529 10
e 701.247 612.268 6
e 728.286 634.085 9
e 747.405 597.063 7
e 642.663 523.769 10
e 453.869 315.876 11
e 758.256 616.26 10
e 754.898 637.937 10
e 626.109 314.327 9
e 383.234 404.446 17
e 433.642 176.282 11
e 500.124 390.654 11
e 825.452 530.853 10
e 638.056 619.597 8
e 733.657 673.057 8
e 293.524 375.09 6
e 692.31 544.089 10
e 808.182 602.551 14
e 504.714 545.169 9
e 807.347 601.367 11
e 671.855 373.515 8
e 676.062 622.394 8
e 570.684 513.473 12
e 429.954 121.018 11
e 762.008 467.664 11
e 751.672 605.262 8
e 751.987 540.412 10
e 341.69 301.408 15
e 558.538 546.224 12
e 580.168 625.407 10
e 412.833 429.388 8
e 804.992 619.264 11
e 753.833 589.948 9
e 719.532 668.86 5
e 454.815 316.836 8
e 778.938 611.913 6
e 328.085 362.473 7
e 738.255 650.576 9
e 614.464 627.456 11
e 750.917 642.194 12
e 500.566 468.703 5
e 682.067 552.809 6
e 797.518 599.911 11
e 244.013 136.261 10
e 318.968 148.805 6
e 158.728 313.368 10
e 764.514 467.187 8
e 637.938 380.922 8
e 500.958 340.436 7
e 795.683 594.502 11
e 331.027 451.827 9
e 480.459 453.454 9
e 697.981 560.967 16
e 696.91 569.351 11
e 712.53 546.02 15
e 440.802 360.54 19
e 439.799 412.261 16
e 699.067 534.246 16
e 717.21 528.181 11
e 637.951 512.139 11
e 409.933 445.232 16
e 697.505 560.102 12
e 687.573 643.331 12
e 708.671 623.049 14
e 668.674 633.86 11
e 611.658 478.43 16
e 345.207 366.272 14
e 672.766 529.24 16
e 710.204 555.108 15
e 456.507 384.038 19
e 582.18 507.087 18
e 437.076 387.786 16
e 363.887 259.677 16
e 441.493 310.95 14
e 703.91 626.248 13
e 641.564 611.72 14
e 689.222 580.271 16
e 411.442 417.943 17
e 438.395 435.721 18
e 655.331 518.708 17
e 621.937 520.033 16
e 382.259 533.416 13
e 436.969 437.695 13
e 518.14 503.441 16
e 573.299 387.717 17
e 286.588 358.647 12
e 692.623 548.328 15
e 855.796 222.865 15
e 709.646 435.423 7
e 366.28 402.53 12
e 605.889 521.237 10
e 833.555 593.36 8
e 761.09 469.396 9
e 501.551 195.958 9
e 293.901 379.775 9
e 636.736 383.328 9
e 558.005 578.743 10
e 465.424 322.556 9
e 624.47 136.135 8
e 324.003 171.725 5
e 713.836 201.672 6
e 33.5408 157.154 8
e 75.9669 229.867 5
e 242.873 164.578 5
e 288.098 343.402 17
e 262.608 568.678 21
e 101.18 282.29 13
e 229.21 301.672 9
e 234.756 357.888 8
e 274.273 371.531 8
e 214.886 305.656 10
e 221.802 301.552 11
e 608.826 246.871 14
e 720.881 10.5402 5
e 831.401 447.226 4
e 386.392 454.659 10
e 247.697 365.145 5
e 703.457 50.4723 7
e 703.23 59.1237 6
e 655.67 121.503 6
e 521.227 602.707 10
e 244.172 253.82 12
e 283.367 61.0122 9
e 814.959 356.183 6
e 833.675 314.985 8
e 241.237 181.299 6
e 845.206 190.172 4
e 212.716 355.333 5
e 689.029 132.466 6
e 227.926 186.765 7
e 299.434 85.8393 11
e 238.661 172.662 9
e 164.718 406.987 17
e 233.336 354.226 16
e 229.888 351.263 16
e 71.6026 289.717 18
e 127.009 359.614 17
e 236.089 181.776 11
e 169.416 404.557 19
e 234.72 182.565 10
e 147.794 400.762 16
e 325.785 128.312 6
e 181.031 380.37 8
e 815.168 440.105 6
e 276.845 77.5375 9
e 693.396 73.309 5
e 736.149 123.206 7
e 9.33936 112.571 5
e 635.121 210.906 6
e 642.998 202.13 6
e 973.016 184.601 10
e 861.769 305.193 7
e 232.845 527.762 11
e 175.046 454.022 9
e 837.14 408.56 6
e 740.981 283.001 8
e 246.646 112.785 12
e 764.895 283.399 5
e 867.229 407.241 8
e 826.633 303.873 7
e 228.928 206.914 8
e 733.67 23.0535 7
e 1020.72 343.375 10
e 252.804 400.825 16
e 251.84 398.321 17
e 876.249 422.573 8
e 838.286 414.607 6
e 295.35 85.1587 7
e 259.874 560.329 7
e 617.699 147.175 8
e 1043.31 371.122 12
e 839.162 410.127 6
e 367.983 407.697 10
e 379.071 411.314 7
e 303.139 381.242 7
e 803.281 616.356 11
e 457.141 319.381 13
e 449.819 312.142 12
e 405.066 421.943 11
e 650.074 530.018 14
e 798.566 314.266 12
e 722.425 485.681 8
e 553.456 480.618 6
e 388.577 381.397 8
e 982.07 190.714 6
e 424.583 455.555 14
e 791.942 555.122 14
e 691.574 683.649 9
e 638.08 606.439 14
e 815.542 311.249 15
e 492.93 452.481 11
e 763.915 582.862 10
e 807.266 593.145 13
e 537.95 312.892 10
e 765.351 517.976 10
e 456.568 160.929 12
e 635.174 425.398 17
e 463.254 389.148 14
e 688.462 614.337 12
e 680.961 612.602 15
e 726.545 666.123 10
e 694.321 552.681 16
e 748.543 594.414 12
e 669.333 533.597 12
e 737.699 629.028 12
e 468.362 453.254 16
e 654.35 622.967 13
e 552.647 537.843 15
e 594.533 677.125 12
e 634.807 609.677 19
e 783.199 636.421 15
e 809.142 603.085 11
e 581.63 522.452 12
e 504.415 484.941 15
e 675.399 592.397 15
e 754.634 597.222 9
e 675.326 635.77 11
e 514.485 329.835 9
e 780.474 642.003 10
e 798.467 610.949 14
e 509.14 473.067 12
e 887.423 365.741 18
e 392.863 425.424 16
e 793.583 604.021 15
e 700.354 570.558 17
e 437.467 471.093 16
e 557.471 488.637 12
e 643.804 406.385 14
e 435.295 470.127 13
e 679.702 580.13 15
e 444.127 165.24 14
e 802.989 626.717 15
e 428.543 393.532 14
e 628.448 383.841 9
e 611.099 503.645 13
e 652.505 526.78 14
e 825.964 605.794 9
e 631.579 400.067 9
e 705.984 544.523 12
e 510.101 467.134 9
e 570.64 499.648 11
e 696.746 558.419 17
e 670.661 565.686 14
e 930.662 367.897 11
e 677.454 553.926 10
e 451.005 381.94 11
e 421.164 442.772 11
e 432.839 439.696 11
e 304.841 365.299 17
e 427.687 445.506 10
e 404.445 174.828 13
e 672.092 565.727 10
e 673.207 518.925 13
e 812.271 316.658 15
e 648.951 620.835 12
e 552.742 464.807 16
e 402.391 160.648 18
e 712.779 446.454 15
e 429.614 448.799 10
e 704.378 581.363 13
e 765.034 463.018 11
e 765.803 588.381 14
e 410.587 252.905 14
e 745.335 555.633 15
e 530.694 361.269 16
e 804.69 611.307 15
e 429.645 153.741 15
e 468.354 118.262 12
e 451.381 152.142 9
e 516.524 219.982 10
e 504.39 192.233 11
e 426.668 162.205 17
e 353.942 373.746 10
e 298.829 219.673 13
e 436.684 393.982 13
e 416.981 185.106 17
e 463.956 321.956 9
e 456.568 317.499 10
e 454.872 317.488 10
e 457.097 317.645 14
e 457.477 318.24 19
e 795.804 623.229 7
e 498.785 332.372 14
e 791.696 343.817 12
e 635.359 673.695 8
e 737.322 23.6521 6
e 771.944 582.216 7
e 501.14 341.338 9
e 790.971 343.476 12
e 502.6 325.534 11
e 499.577 299.189 9
e 647.121 545.906 8
e 602.434 507.448 9
e 679.057 650.683 12
e 693.686 568.805 8
e 737.188 606.021 8
e 351.423 431.843 6
e 351.989 371.877 5
e 519.513 613.132 9
e 438.111 471.388 8
e 727.479 634.877 8
e 729.505 574.012 9
e 779.467 549.493 5
e 746.62 536.459 12
e 641.809 616.953 12
e 764.815 591.5 7
e 477.525 194.756 10
e 809.533 614.164 12
e 804.959 605.721 14
e 700.406 602.509 8
e 909.146 396.224 8
e 468.705 176.675 11
e 664.11 534.26 9
e 758.77 670.008 10
e 461.016 319.229 12
e 282.991 131.962 4
e 475.302 318.133 7
e 486.02 450.027 9
e 715.561 487.945 11
e 744.693 478.647 4
e 870.821 279.513 7
e 612.722 462.212 12
e 793.868 343.05 7
e 328.739 139.986 5
e 277.428 409.107 10
e 321.391 234.642 7
e 412.889 166.085 7
e 428.96 72.855 8
e 336.109 291.962 7
e 447.443 461.236 10
e 575.783 448.867 11
e 477.164 193.232 9
e 394.197 182.365 10
e 446.066 307.942 11
e 653.068 299.706 8
e 315.728 175.187 7
e 360.299 72.9491 7
e 679.488 645.726 11
e 455.275 316.919 10
e 815.451 600.849 8
e 795.513 605.395 5
e 679.426 495.81 10
e 550.668 609.604 9
e 316.316 228.646 4
e 451.321 158.708 7
e 202.79 411.535 10
e 167.587 255.634 15
e 450.984 342.032 9
e 421.725 206.815 10
e 471.447 109.45 8
e 184.662 237.582 20
e 623.496 421.143 5
e 720.134 89.3904 7
e 735.137 107.366 17
e 780.174 628.015 15
e 452.067 339.259 8
e 542.346 482.16 10
e 833.335 339.621 5
e 43.0252 204.047 11
e 586.474 523.12 7
e 459.775 323.376 7
e 316.299 103.097 6
e 997.216 145.467 5
e 397.021 192.904 10
e 691.77 49.368 8
e 699.902 46.5043 9
e 981.408 162.667 4
e 777.274 610.634 6
e 334.004 422.34 7
e 800.849 586.244 9
e 497.82 338.258 10
e 677.732 605.672 8
e 801.321 629.122 6
e 639.775 531.947 7
e 361.824 380.853 10
e 746.68 555.123 10
e 689.674 544.837 14
e 675.797 60.7782 9
e 296.779 346.492 6
e 859.52 277.535 8
e 694.839 616.721 7
e 799.211 598.955 10
e 351.582 545.732 10
e 718.388 381.175 8
e 897.303 350.305 5
e 705.477 567.796 8
e 694.307 595.761 11
e 729.358 219.399 6
e 726.086 611.399 6
e 798.24 606.325 11
e 332.557 127.567 5
e 758.63 593.761 8
e 789.829 293.248 9
e 429.704 432.857 18
e 671.231 598.821 4
e 849.323 323.676 9
e 878.587 253.87 8
e 879.85 251.559 10
e 467.619 115.672 8
e 687.787 480.173 7
e 934.192 342.42 5
e 840.983 320.9 7
e 116.995 241.001 11
e 655.278 144.301 14
e 640.374 116.911 13
e 536.338 538.639 7
e 438.181 125.963 7
e 459.556 324.242 4
e 807.494 587.115 6
e 799.45 584.584 6
e 434.894 129.169 4
e 495.097 327.409 10
e 272.835 171.757 9
e 677.677 495.938 6
e 432.044 180.062 4
e 712.484 204.256 4
e 650.95 158.786 6
e 292.273 350.852 7
e 674.72 242.948 9
e 888.242 368.693 8
e 709.301 620.93 9
e 364.295 397.062 9
e 796.763 593.452 10
e 707.613 546.383 6
e 710.164 582.769 7
e 442.968 314.094 9
e 641.333 500.245 18
e 515.702 493.415 8
e 355.778 391.118 9
e 655.055 157.152 7
e 330.108 413.893 7
e 794.318 589.762 9
e 367.207 96.9476 7
e 435.287 113.932 6
e 680.376 527.567 8
e 689.221 577.568 6
e 433.299 162.032 2
e 570.433 478.252 8
e 307.693 396.158 5
e 587.908 606.784 8
e 846.787 551.99 12
e 424.819 359.043 8
e 424.915 356.142 12
e 444.346 504.405 6
e 435.556 435.751 11
e 295.369 413.436 12
e 439.035 132.373 6
e 770.74 573.645 6
e 324.838 588.035 11
e 371.95 367.925 6
e 675.737 63.713 6
e 770.882 318.124 10
e 687.65 491.872 5
e 960.166 292.866 7
e 630.573 322.755 8
e 684.488 292.886 11
e 439.78 384.411 9
e 715.825 80.0963 8
e 765.252 315.016 8
e 249.768 501.147 11
e 170.638 406.332 10
e 236.588 528.999 11
e 242.021 479.798 11
e 277.348 313.263 10
e 1004.63 340.423 6
e 907.035 219.214 10
e 905.6 218.362 12
e 892.904 355.454 11
e 696.539 561.099 10
e 824.684 302.361 9
e 801.232 624.725 9
e 718.105 452.717 9
e 670.666 565.719 8
e 456.252 288.146 7
e 499.592 534.054 12
e 978.788 166.131 11
e 639.02 601.796 10
e 437.538 125.685 9
e 664.793 343.669 10
e 787.542 604.954 12
e 454.297 463.091 12
e 549.958 353.445 9
e 606.992 404.562 8
e 290.312 412.229 18
e 460.128 382.185 9
e 498.198 291.072 13
e 468.669 324.771 7
e 759.877 581.654 8
e 659.298 524.933 13
e 454.415 158.502 17
e 638.876 557.235 7
e 415.687 300.412 8
e 456.335 316.839 9
e 763.878 594.406 8
e 428.55 165.796 7
e 642.74 602.363 9
e 581.483 494.943 8
e 694.998 49.6221 10
e 804.797 629.394 12
e 512.307 479.754 12
e 902.676 369.077 10
e 688.855 633.486 6
e 903.353 394.475 9
e 1066.59 375.716 6
e 419.021 371.609 13
e 733.036 652.665 10
e 783.784 609.636 6
e 376.359 352.141 13
e 312.294 353.286 12
e 592.183 471.69 8
e 309.74 354.519 8
e 752.205 589.253 10
e 523.923 382.632 11
e 635.496 509.068 7
e 930.047 390.006 12
e 581.169 557.74 11
e 639.662 609.323 10
e 372.382 238.24 14
e 806.213 626.7 11
e 495.437 465.16 11
e 708.095 433.988 7
e 736.265 588.576 5
e 586.193 473.358 10
e 738.991 535.532 8
e 700.158 569.919 9
e 305.641 409.974 11
e 294.786 375.546 8
e 320.129 414.953 10
e 494.462 441.51 10
e 525.767 214.881 9
e 825.356 605.198 11
e 513.93 542.35 11
e 688.898 654.193 8
e 597.547 597.301 10
e 840.246 599.187 12
e 686.567 602.83 5
e 743.922 618.538 11
e 757.819 602.281 9
e 715.275 611.497 9
e 686.631 620.782 6
e 748.46 309.73 14
e 709.167 623.564 10
e 810.314 616.691 10
e 795.722 582.065 11
e 860.322 331.664 17
e 867.259 394.307 5
e 504.961 461.88 6
e 434.81 123.026 7
e 416.071 187.947 25
e 840.136 306.497 6
e 924.88 337.029 13
e 580.123 506.945 10
e 64.8861 136.264 20
e 821.129 612.844 7
e 390.556 473.988 11
e 808.471 396.692 26
e 737.599 331.393 10
e 513.339 479.169 14
e 803.298 582.433 11
e 577.445 380.892 9
e 717.844 568.846 12
e 500.701 493.13 10
e 851.132 576.99 9
e 315.725 146.738 11
e 122.885 374.442 10
e 467.181 118.474 10
e 699.365 570.943 11
e 904.874 217.557 13
e 866.418 387.678 12
e 832.968 358.594 11
e 851.077 330.735 6
e 762.18 587.599 10
e 788.564 622.831 11
e 837.642 590.17 6
e 392.984 637.967 14
e 443.529 307.189 9
e 314.907 444.334 5
e 854.534 183.933 5
e 980.248 169.63 11
e 841.683 305.712 5
e 649.543 159.219 4
e 485.236 382.803 9
e 334.983 422.592 12
e 753.155 648.708 12
e 306.434 398.411 11
e 834.511 358.412 7
e 827.748 582.645 16
e 666.607 564.008 5
e 1026.05 345.192 8
e 433.737 128.612 7
e 793.008 595.565 9
e 515.007 605.591 9
e 710.387 667.552 10
e 504.748 474.482 7
e 321.415 416.358 9
e 381.479 156.38 10
e 64.1316 136.218 16
e 292.687 505.028 12
e 264.756 510.344 13
e 209.978 374.962 17
e 67.0291 137.621 11
e 66.1521 137.707 12
e 277.591 79.8536 8
e 775.461 598.952 7
e 703.07 105.574 8
e 704.743 102.758 9
e 698.035 239.032 5
e 437.264 373.46 7
e 503.399 459.126 9
e 224.522 220.93 7
e 749.993 306.427 13
e 569.924 491.658 8
e 736.01 558.709 10
e 640.925 607.036 11
e 762.331 594.776 10
e 612.014 204.831 8
e 230.752 212.343 8
e 669.474 245.913 7
e 526.117 359.169 10
e 501.796 480.76 12
e 660.392 159.958 9
e 968.182 181.811 7
e 720.752 90.1449 7
e 977.879 185.603 7
e 462.284 325.763 9
e 690.815 308.029 6
e 724.024 203.887 7
e 276.305 166.382 7
e 766.691 289.757 9
e 644.5 158.807 6
e 643.444 158.269 4
e 682.123 289.046 10
e 708.074 328.657 13
e 517.53 538.547 3
e 465.788 124.304 6
e 465.001 125.774 8
e 319.307 111.105 6
e 675.327 556.034 9
e 701.63 582.168 8
e 665.367 369.525 10
e 807.737 584.522 12
e 501.105 339.458 6
e 451.268 159.106 8
e 62.8864 147.034 7
e 784.196 612.439 10
e 637.684 171.612 5
e 693.148 559.154 8
e 655.809 342.372 7
e 650.876 702.656 10
e 806.578 589.326 10
e 830.778 357.493 7
e 339.928 155.18 8
e 636.836 173.441 4
e 515.29 449.301 7
e 504.238 476.943 9
e 47.3571 126.06 6
e 1066.26 282.169 6
e 811.657 615.895 12
e 802.046 521.749 14
e 516.562 183.619 14
e 765.727 518.648 6
e 795.467 617.309 10
e 1026.96 346.328 5
e 652.363 160.257 6
e 722.802 0 8
e 705.735 30.3939 8
e 158.753 336.345 6
e 1062.52 371.505 9
e 676.137 526.205 10
e 442.039 482.902 11
e 689.735 601.436 14
e 671.935 569.196 7
e 456.988 142.147 6
e 296.356 530.349 8
e 530.218 468.512 15
e 703.604 51.8098 9
e 990.194 161.412 10
e 974.414 171.037 5
e 645.679 125.527 5
e 751.735 177.869 5
e 598.948 552.237 12
e 533.295 463.429 11
e 644.243 138.201 5
e 669.519 566.471 6
e 640.285 492.352 5
e 370.884 300.312 6
e 682.492 497.475 8
e 529.555 471.17 7
e 666.624 594.467 11
e 623.219 417.262 32
e 623.314 414.628 21
e 644.49 494.551 5
e 706.54 662.474 8
e 594.641 450.84 11
e 644.449 495.839 6
e 614.503 607.163 4
e 776.123 217.403 4
e 801.247 591.074 5
e 732.303 33.97 10
e 698.158 68.1707 5
e 731.451 199.944 7
e 634.299 193.565 11
e 650.307 123.73 6
e 723.662 212.672 9
e 293.754 353.353 10
e 732.639 643.1 9
e 483.002 455.935 8
e 811.337 614.022 10
e 419 507.513 17
e 428.785 558.32 10
e 840.835 598.332 10
e 782.864 574.695 11
e 611.392 478.905 10
e 457.775 476.001 13
e 330.683 360.13 13
e 809.239 604.657 13
e 637.16 465.776 12
e 782.24 640.891 12
e 803.937 590.611 11
e 387.611 415.958 12
e 681.966 566.041 8
e 459.324 378.188 13
e 457.669 384.809 12
e 393.395 424.94 12
e 711.256 518.192 9
e 397.22 413.427 10
e 729.023 464.174 12
e 780.008 570.908 11
e 799.108 520.102 10
e 617.603 417.715 10
e 433.763 120.827 12
e 723.977 406.378 12
e 571.375 477.162 10
e 453.041 468.539 16
e 514.053 388.491 16
e 503.914 339.445 10
e 769.745 609.933 14
e 791.581 606.311 13
e 439.802 459.522 14
e 507.712 467.107 14
e 488.248 326.494 12
e 343.447 321.784 15
e 344.59 320.019 12
e 515.029 307.03 14
e 441.883 465.276 23
e 501.355 437.892 13
e 628.419 487.28 10
e 756.51 656.039 11
e 546.402 601.356 12
e 691.379 573.058 8
e 417.573 437.694 15
e 697.256 540.342 11
e 795.466 599.207 8
e 899.047 425.673 21
e 899.913 423.159 8
e 568.403 254.221 7
e 500.332 336.826 7
e 461.605 322.685 12
e 808.002 597.39 12
e 776.077 602.105 8
e 577.79 513.782 7
e 752.037 558.722 8
e 684.012 593.92 8
e 764.198 586.386 11
e 789.679 624.384 12
e 691.464 541.161 9
e 744.139 640.921 11
e 341.725 374.327 14
e 692.246 614.61 11
e 627.169 479.518 7
e 799.18 588.626 6
e 680.164 612.738 10
e 777.208 591.51 7
e 693.419 544.907 13
e 888.194 317.688 15
e 706.032 552.794 13
e 735.851 627.133 10
e 699.668 578.978 11
e 421.577 460.386 22
e 743.872 659.256 10
e 744.891 657.35 11
e 631.774 544.299 12
e 428.004 431.569 11
e 315.45 266.217 9
e 564.4 635.868 16
e 375.078 337.635 7
e 875.245 421.628 14
e 673.98 647.1 11
e 358.936 404.713 19
e 719.586 454.415 7
e 380.975 440.365 9
e 336.485 424.218 10
e 378.599 241.536 9
e 522.602 438.805 12
e 344.263 386.492 7
e 938.373 393.184 9
e 837.86 336.523 6
e 642.169 522.45 9
e 436.452 398.527 11
e 289.713 379.697 10
e 917.89 382.118 7
e 333.583 457.847 12
e 689.469 597.832 10
e 361.53 401.66 11
e 768.678 641.79 13
e 754.315 537.327 8
e 277.739 459.542 9
e 345.706 381.065 9
e 418.952 437.036 12
e 798.051 602.304 8
e 432.188 466.238 13
e 865.871 310.133 11
e 693.402 538.395 8
e 415.852 437.416 13
e 547.868 469.968 9
e 503.986 496.747 9
e 918.146 353.082 9
e 488.543 168.439 10
e 836.867 331.289 12
e 1080 402.631 7
e 274.211 455.867 7
e 610.373 464.21 10
e 293.409 412.75 10
e 279.554 542.627 5
e 809.131 350.799 9
e 873.284 248.178 8
e 994.295 146.699 5
e 704.726 53.7626 8
e 665.531 99.3204 7
e 32.6799 174.772 8
e 762.678 581.428 10
e 455.291 156.086 8
e 430.62 445.16 12
e 721.462 663.544 9
e 642.134 159.381 15
e 655.996 150.902 9
e 641.685 158.587 7
e 677.916 108.036 13
e 284.681 110.67 9
e 632.533 123.123 7
e 636.871 171.887 7
e 706.738 4.35629 16
e 752.189 189.209 14
e 723.422 6.53463 18
e 668.405 101.85 13
e 831.389 310.479 10
e 585.786 494.656 14
e 507.407 463.148 14
e 607.903 390.484 11
e 831.278 320.328 12
e 453.444 316.736 7
e 327.887 320.691 12
e 325.813 450.362 9
e 456.702 407.287 9
e 553.28 392.635 4
e 718.659 48.8107 10
e 730.447 6.20159 10
e 830.478 358.723 5
e 688.836 620.613 12
e 683.894 156.803 9
e 311.855 417.72 10
e 773.767 220.673 8
e 645.287 122.698 7
e 896.795 427.712 7
e 280.492 337.808 5
e 273.058 56.6757 8
e 776.053 215.571 5
e 879.103 249.216 10
e 738.907 554.549 3
e 23.023 127.926 13
e 113.588 281.528 11
e 429.387 376.6 12
e 905.32 287.324 7
e 522.234 187.309 13
e 521.037 501.013 8
e 33.8699 118.869 22
e 34.3024 121.166 23
e 319.936 125.719 9
e 724.818 576.748 11
e 618.848 194.874 8
e 336.869 587.21 7
e 771.317 659.633 7
e 750.977 590.191 8
e 731.543 460.221 9
e 352.749 346.457 20
e 773.642 654.766 7
e 570.981 509.375 13
e 441.787 490.433 10
e 302.611 398.982 11
e 496.1 468.297 10
e 691.199 551.583 9
e 678.082 517.899 12
e 510.425 458.154 10
e 626.755 623.229 6
e 580.879 623.627 11
e 805.171 597.005 10
e 490.431 461.356 10
e 795.68 588.194 10
e 409.553 608.24 7
e 69.4546 209.727 19
e 792.472 623.55 13
e 771.951 593.962 10
e 282.252 364.874 6
e 808.912 600.725 9
e 459.029 317.787 9
e 315.159 432.511 8
e 637.583 372.107 8
e 415.858 384.009 10
e 444.308 308.923 10
e 454.744 318.91 9
e 672.065 593.755 6
e 806.277 453.721 4
e 785.082 639.599 11
e 48.6444 144.844 4
e 771.516 629.972 12
e 844.806 569.767 6
e 870.211 311.102 7
e 769.228 315.996 4
e 856.977 359.374 9
e 665.421 576.449 8
e 392.578 182.937 8
e 786.104 601.412 11
e 709.373 615.72 11
e 463.147 466.15 7
e 808.768 596.186 9
e 233.399 297.334 17
e 666.744 556.321 11
e 761.285 577.466 6
e 755.714 606.923 8
e 316.801 431.58 7
e 670.54 622.364 7
e 319.469 172.577 4
e 793.98 615.767 9
e 492.056 163.519 8
e 643.289 523.261 7
e 379.039 287.808 7
e 499.602 472.016 4
e 633.734 608.168 9
e 757.571 551.042 9
e 708.26 572.599 8
e 714.822 472.061 14
e 737.426 600.811 9
e 646.261 406.295 8
e 312.58 434.57 10
e 224.711 328.99 7
e 438.932 129.387 6
e 643.221 471.235 9
e 598.939 509.116 6
e 353.347 395.356 9
e 726.588 86.4982 6
e 717.4 607.655 8
e 689.566 628.14 10
e 716.837 488.582 5
e 686.121 493.763 6
e 468.448 177.502 5
e 791.014 625.454 4
e 698.249 207.64 7
e 786.699 596.177 6
e 717.675 212.729 6
e 644.228 165.275 6
e 699.069 48.6098 7
e 687.225 52.3559 12
e 658.091 146.502 8
e 714.491 45.7334 7
e 730.653 31.5487 10
e 752.178 190.404 4
e 674.759 60.749 8
e 709.109 666.119 9
e 761.865 594.46 7
e 385.714 444.437 8
e 479.562 456.23 8
e 800.885 611.247 10
e 732.858 7.26014 8
e 665.157 532.876 11
e 456.343 317.886 8
e 455.839 318.027 7
e 853.382 429.452 6
e 274.16 117.553 5
e 859.384 278.309 5
e 709.46 113.714 9
e 668.587 546.485 6
e 437.592 177.822 9
e 467.524 116.247 7
e 509.419 202.741 6
e 702.043 619.25 11
e 646.342 153.42 8
e 480.789 194.8 9
e 536.267 461.792 14
e 862.129 283.197 4
e 657.22 156.05 5
e 637.034 171.171 5
e 595.722 557.687 9
e 409.939 375.189 7
e 815.684 620.473 13
e 424.817 400.621 9
e 381.589 253.341 10
e 684.368 99.9859 3
e 594.872 442.262 12
e 597.88 440.753 10
e 668.402 469.707 9
e 423.347 62.777 9
e 702.168 567.288 9
e 670.124 628.283 9
e 779.635 515.412 7
e 839.647 588.295 6
e 591.848 589.97 8
e 320.005 346.36 10
e 458.106 148.877 6
e 344.629 572.079 10
e 296.239 382.792 10
e 453.708 159.634 8
e 636.558 406.784 8
e 653.634 421.352 16
e 298.424 379.837 10
e 423.255 474.223 22
e 360.508 301.581 10
e 37.1426 164.851 9
e 494.682 632.702 5
e 826.034 521.813 18
e 752.074 626.131 5
e 729.868 666.299 8
e 581.387 485.976 8
e 578.369 503.467 8
e 406.627 286.458 7
e 521.681 549.357 10
e 420.551 205.033 8
e 230.578 378.479 9
e 753.507 557.816 6
e 136.252 251.726 6
e 703.023 586.333 10
e 698.139 67.0587 6
e 698.857 477.167 6
e 697.477 550.645 8
e 719.209 386.391 9
e 670.298 526.592 6
e 497.54 337.826 7
e 480.948 519.075 10
e 702.307 573.582 7
e 514.187 552.625 9
e 660.498 517.746 8
e 38.6956 198.923 9
e 407.332 554.792 10
e 290.071 396.759 4
e 977.895 187.197 8
e 282.15 555.057 7
e 683.376 570.07 11
e 348.448 373.236 10
e 558.146 455.077 9
e 537.861 464.273 10
e 822.218 332.367 11
e 640.145 118.452 4
e 436.243 176.988 12
e 668.111 103.116 5
e 787.753 625.656 5
e 685.584 155.033 7
e 675.696 60.4321 7
e 413.187 271.87 10
e 754.857 574.626 6
e 715.513 201.522 7
e 538.96 388.281 10
e 654.552 622.404 8
e 340.91 534.196 20
e 630.308 463.187 9
e 840.272 414.547 5
e 817.692 451.979 9
e 713.799 601.561 6
e 855.699 264.959 6
e 768.203 573.402 10
e 452.226 179.636 5
e 704.11 538.285 4
e 721.721 213.652 9
e 255.59 410.618 7
e 247.511 541.582 15
e 901.236 398.529 4
e 516.762 121.65 8
e 888.703 419.72 9
e 686.972 55.0971 17
e 749.791 628.838 8
e 1073.12 292.866 8
e 655.594 153.874 7
e 613.179 195.797 6
e 785.368 636.568 11
e 296.053 352.119 11
e 694.564 67.2522 7
e 101.048 330.637 16
e 365.726 101.78 15
e 271.814 513.175 17
e 263.536 500.164 13
e 227.314 166.51 12
e 93.6825 299.904 12
e 884.546 348.862 10
e 886.73 295.508 15
e 719.171 163.523 7
e 866.037 309.263 12
e 865.133 309.523 14
e 856.498 184.704 11
e 867.069 286.837 12
e 221.997 273.664 7
e 289.898 129.651 17
e 840.476 318.579 12
e 751.443 200.395 12
e 695.73 230.881 12
e 836.977 316.461 4
e 683.135 58.4345 7
e 53.0903 145.202 6
e 711.752 6.30968 6
e 352.18 117.164 9
e 222.867 258.777 7
e 328.297 138.667 11
e 782.683 338.041 10
e 640.353 205.138 13
e 274.481 70.2951 9
e 297.877 86.2713 9
e 285.997 334.546 8
e 207.078 328.645 9
e 877.116 191.831 9
e 394.866 112.03 9
e 338.671 102.686 7
e 804.24 626.652 12
e 974.679 195.874 7
e 1039.82 352.891 8
e 850.384 347.038 11
e 360.047 75.8765 13
e 708.254 224.721 5
e 803.224 456.081 7
e 705.057 56.9106 7
e 721.086 202.784 12
e 727.762 200.244 9
e 721.838 211.498 6
e 726.455 5.58956 9
e 676.746 58.9603 15
e 663.755 129.516 12
e 710.215 247.331 15
e 269.831 153.034 12
e 317.707 155.729 8
e 329.779 419.669 9
e 299.172 348.929 12
e 856.5 224.535 15
e 722.172 4.92394 6
e 818.852 446.546 5
e 847.678 532.278 5
e 834.101 348.218 16
e 896.797 214.803 12
e 687.897 300.972 6
e 270.163 117.698 7
e 988.931 203.844 8
e 301.394 85.4721 9
e 255.88 94.0258 13
e 93.951 252.455 16
e 366.796 96.4749 12
e 243.343 171.721 13
e 277.175 507.295 10
e 365.108 117.395 10
e 250.494 179.412 8
e 191.708 431.473 7
e 367.665 93.6433 23
e 732.03 6.17324 11
e 904.638 217.972 4
e 1023.32 350.982 8
e 714.171 204.562 9
e 979.79 200.36 9
e 891.793 364.383 7
e 661.861 159.198 5
e 380.124 141.878 6
e 643.016 143.242 4
e 748.469 648.354 9
e 868.984 307.825 5
e 752.994 196.322 6
e 287.916 347.791 14
e 597.145 155.614 9
e 615.777 147.974 4
e 695.888 231.837 15
e 715.6 194.406 8
e 991.038 157.146 6
e 715.3 113.282 10
e 704.038 127.193 12
e 629.806 211.553 15
e 697.463 233.045 8
e 598.613 163.217 8
e 644.172 155.362 6
e 732.205 91.9394 8
e 649.281 161.253 12
e 324.979 236.188 8
e 823.829 605.314 10
e 575.288 473.709 8
e 285.839 343.619 10
e 628.965 321.186 13
e 344.067 295.988 11
e 823.113 604.591 11
e 440.801 365.461 14
e 715.048 90.0377 7
e 682.761 97.8086 5
e 130.307 361.586 22
e 187.113 431.103 12
e 208.154 404.136 16
e 47.4834 188.925 12
e 130.112 395.825 12
e 53.0979 130.166 13
e 302.327 582.433 13
e 95.463 248.131 10
e 53.319 202.195 12
e 113.88 394.26 13
e 95.2917 305.844 15
e 680.027 686.338 10
e 705.285 41.797 6
e 62.1503 138.818 5
e 223.154 221.104 6
e 676.708 60.1841 7
e 267.633 180.845 6
e 13.1146 134.733 12
e 14.7553 134.669 13
e 8.99312 138.365 6
e 790.552 607.036 10
e 769.898 323.179 6
e 708.918 56.3561 8
e 825.827 293.164 5
e 715.582 2.17025 8
e 731.923 124.544 5
e 285.744 138.818 7
e 843.118 310.794 7
e 3.17206 119.545 8
e 906.69 218.838 7
e 613.934 147.918 6
e 928.465 424.021 7
e 860.099 282.969 7
e 718.119 49.9992 6
e 700.053 205.078 8
e 687.011 298.488 6
e 782.01 332.184 5
e 683.779 289.207 16
e 743.729 288.283 9
e 650.419 155.554 8
e 246.852 174.567 5
e 707.347 57.9125 14
e 250.677 165.363 9
e 223.097 220.017 7
e 687.441 303.161 4
e 289.65 56.0859 8
e 634.672 117.717 10
e 337.91 124.554 7
e 239.283 244.891 13
e 238.407 243.518 14
e 1076.72 391.6 6
e 360.472 81.8568 8
e 407.102 420.528 8
e 743.2 642.699 8
e 328.376 457.573 8
e 411.224 373.683 9
e 553.023 465.749 10
e 332.122 327.674 9
e 694.055 574.732 8
e 666.2 552.717 11
e 437.835 83.5464 6
e 741.253 446.899 8
e 796.219 607.644 9
e 305.586 425.7 12
e 344.884 128.203 6
e 612.291 247.799 7
e 731.162 92.65 6
e 414.224 477.56 8
e 339.706 422.491 11
e 647.303 151.817 9
e 718.449 210.741 5
e 702.692 555.927 6
e 642.956 166.225 5
e 889.71 204.556 5
e 1045.63 287.684 15
e 387.415 359.605 15
e 305.68 421.962 7
e 806.128 621.379 10
e 763.918 609.414 9
e 709.403 551.641 7
e 541.208 480.08 9
e 764.858 159.521 6
e 719.706 88.1851 5
e 763.163 652.446 12
e 774.718 615.153 12
e 573.434 591.299 8
e 828.097 587.253 8
e 327.275 253.432 10
e 421.588 300.977 22
e 523.714 635.835 9
e 715.764 91.9559 6
e 805.938 582.595 10
e 579.184 537.098 10
e 725.577 13.3041 5
e 633.62 596.722 6
e 426.265 454.927 13
e 789.193 553.5 13
e 688.713 684.35 8
e 637.375 608.078 13
e 348.936 387.801 9
e 404.776 185.896 5
e 446.801 461.656 14
e 358.874 374.065 10
e 764.426 582.091 9
e 611.159 464.921 10
e 912.649 377.115 9
e 506.166 620.305 8
e 816.061 522.976 10
e 457.484 160.916 11
e 694.635 580.153 13
e 790.408 637.154 11
e 723.047 457.02 13
e 637.605 424.841 16
e 498.087 337.84 13
e 679.561 610.84 14
e 464.373 390.229 13
e 690.193 617.826 11
e 679.642 612.837 14
e 343.51 382.957 11
e 741.522 332.155 19
e 743.128 334.096 14
e 741.222 333.431 19
e 742.418 333.233 18
e 727.682 665.746 9
e 428.614 149.854 14
e 370.706 513.648 13
e 618.705 602.946 9
e 695.196 551.433 15
e 307.956 418.597 12
e 499.288 473.73 8
e 430.99 425.176 12
e 288.454 328.666 11
e 577.256 501.741 12
e 354.249 467.896 11
e 670.765 535.347 11
e 735.352 627.944 11
e 550.105 536.643 14
e 788.831 625.707 10
e 838.891 305.885 10
e 353.439 377.838 11
e 311.048 356.865 10
e 636.989 609.559 18
e 324.401 377.006 11
e 417.628 165.692 9
e 314.304 346.995 14
e 569.935 329.98 8
e 784.358 636.714 14
e 810.442 600.608 10
e 583.296 522.131 11
e 526.229 496.562 8
e 652.347 584.458 12
e 434.305 407.104 12
e 420.008 192.53 12
e 468.632 118.71 11
e 494.378 426.494 11
e 528.797 485.03 14
e 756.2 597.881 8
e 323.069 373.95 8
e 434.626 420.642 11
e 674.655 635.214 10
e 602.799 597.422 9
e 805.374 587.752 10
e 794.798 591.956 9
e 780.178 642.49 9
e 786.267 608.513 9
e 799.19 612.48 13
e 510.792 471.797 11
e 527.695 493.75 10
e 514.317 432.421 15
e 325.183 476.575 8
e 457.777 319.088 13
e 794.54 604.332 14
e 424.976 360.039 6
e 437.64 394.867 15
e 644.632 406.339 13
e 334.372 419.024 17
e 646.818 500.358 15
e 672.925 593.193 12
e 400.727 156.458 18
e 453.067 376.581 15
e 433.358 470.379 12
e 680.488 578.995 14
e 702.505 566.455 15
e 445.191 163.22 13
e 410.176 255.976 14
e 456.644 319.115 18
e 580.892 500.839 12
e 630.154 382.156 18
e 755.167 579.907 8
e 663.401 518.826 8
e 337.53 415.791 12
e 651.134 526.778 13
e 354.45 366.509 13
e 699.544 536.713 9
e 755.137 650.801 10
e 587.803 467.888 10
e 730.929 585.393 11
e 314.899 233.609 8
e 351.811 372.88 10
e 680.2 619.772 15
e 450.634 371.526 11
e 622.543 720 10
e 706.708 544.206 11
e 795.243 622.541 6
e 515.178 467.671 8
e 775.948 635.989 10
e 911.736 318.967 7
e 653.358 519.985 13
e 616.416 514.291 9
e 671.295 565.642 13
e 347.484 580.965 15
e 801.204 626.421 13
e 678.98 552.081 9
e 451.725 380.586 10
e 815.151 316.276 11
e 301.877 364.191 16
e 509.046 405.134 13
e 428.252 444.266 9
e 404.785 175.887 12
e 672.63 566.438 9
e 810.869 316.31 14
e 648.127 619.441 11
e 436.222 393.145 14
e 425.073 441.715 14
e 440.124 390.671 9
e 701.726 581.745 12
e 765.097 462.439 10
e 766.041 589.332 13
e 716.126 488.596 15
e 419.785 438.837 15
e 460.793 397.42 12
e 435.46 445.6 14
e 463.082 174.443 10
e 457.93 415.886 26
e 805.276 610.378 14
e 437.853 440.855 11
e 567.302 489.04 10
e 392.592 425.338 16
e 801.543 321.639 16
e 689.428 542.514 8
e 827.675 597.942 13
e 739.059 618.909 12
e 423.241 370.979 12
e 729.088 461.285 13
e 760.409 587.953 11
e 748.526 305.137 7
e 547.644 490.759 6
e 258.819 447.312 7
e 811.291 596.229 5
e 18.2655 116.121 7
e 705.279 56.3437 7
e 160.676 322.222 7
e 1075.87 406.619 7
e 492.345 294.235 9
e 180.059 344.745 8
e 411.684 184.126 8
e 685.391 220 4
e 509.99 473.435 6
e 347.179 387.084 11
e 310.658 415.101 14
e 585.634 399.332 16
e 344.896 423.737 13
e 458.089 156.08 14
e 700.975 594.211 11
e 745.029 618.657 9
e 414.37 175.113 12
e 515.695 204.195 11
e 350.563 366.202 15
e 486.02 144.355 9
e 790.5 632.236 10
e 350.009 579.875 17
e 759.252 470.042 10
e 365.24 302.653 7
e 616.608 602.887 10
e 688.375 562.434 15
e 441.435 371.68 9
e 701.277 558.184 7
e 618.105 481.634 9
e 573.343 493.667 7
e 650.283 623.514 10
e 320.462 444.943 8
e 755.138 655.252 8
e 816.48 600.924 11
e 690.434 557.939 7
e 702.838 537.287 6
e 760.36 599.041 13
e 516.25 603.167 10
e 847.752 602.763 10
e 707.398 552.774 12
e 836.242 575.037 11
e 413.423 599.19 9
e 321.946 587.965 21
e 295.006 352.56 7
e 704.265 594.411 6
e 763.917 614.62 20
e 460.044 326.308 10
e 323.095 425.623 6
e 301.639 403.692 6
e 704.873 572.159 10
e 741.044 568.521 13
e 433.455 390.547 16
e 686.591 548.694 6
e 757.846 595.265 8
e 636.582 545.706 10
e 791.443 580.792 8
e 645.152 609.061 7
e 775.735 618.505 7
e 666.534 589.224 12
e 697.335 588.105 8
e 752.302 516.664 10
e 553.626 323.835 9
e 796.497 499.363 12
e 840.461 378.144 12
e 374.361 406.248 10
e 475.307 186.034 6
e 683.784 66.8827 7
e 754.098 552.842 6
e 830.248 588.848 8
e 713.378 212.369 6
e 320.539 388.681 9
e 596.138 597.525 9
e 755.353 563.321 6
e 583.585 361.219 9
e 631.378 249.945 5
e 874.061 194.789 7
e 757.119 663.339 12
e 642.335 156.638 8
e 545.294 586.893 7
e 991.913 158.435 7
e 573.951 384.276 10
e 760.521 470.114 8
e 598.294 529.616 9
e 771.827 436.294 20
e 636.173 605.09 8
e 807.006 569.075 10
e 719.195 562.825 10
e 730.605 565.646 10
e 447.886 309.034 8
e 667.51 624.86 9
e 509.404 361.749 9
e 327.428 422.212 9
e 713.902 606.305 10
e 724.698 604.081 8
e 580.527 538.724 8
e 807.224 619.945 10
e 320.225 515.745 9
e 297.163 94.706 10
e 440.273 485.655 11
e 387.327 408.358 9
e 763.483 561.753 12
e 816.991 444.769 7
e 653.925 517.026 9
e 775.314 593.752 6
e 685.896 305.551 12
e 904.152 218.555 6
e 205.195 361.065 10
e 428.805 459.627 9
e 678.554 495.283 11
e 322.042 419.286 12
e 319.347 418.992 8
e 456.618 318.05 9
e 786.178 359.652 9
e 616.918 631.758 9
e 564.555 534.763 8
e 649.719 159.741 8
e 667.045 689.901 7
e 545.955 587.838 7
e 438.951 410.972 6
e 358.851 400.895 9
e 747.178 457.546 12
e 264.592 437.456 6
e 650.464 149.875 6
e 585.038 620.707 7
e 871.68 251.889 7
e 644.554 154.629 16
e 644.356 153.534 16
e 781.552 575.539 5
e 111.476 268.027 18
e 147.986 347.588 14
e 119.866 295.592 15
e 715.858 217.223 5
e 896.797 411.93 6
e 392.031 118.727 6
e 676.948 162.189 5
e 602.577 241.324 4
e 798.785 630.75 8
e 680.108 688.696 6
e 391.874 423.961 14
e 392.151 424.558 8
e 289.645 344.599 6
e 114.479 278.218 10
e 656.863 151.976 9
e 690.676 59.6427 8
e 261.372 179.536 6
e 636.9 464.242 9
e 456.678 156.642 8
e 105.122 329.656 8
e 747.555 656.04 8
e 532.92 453.56 10
e 485.435 522.964 10
e 796.451 648.59 8
e 634.124 386.087 7
e 421.578 496.238 4
e 622.252 518.627 11
e 290.08 330.739 8
e 253.027 149.427 12
e 260.732 550.885 10
e 285.095 555.707 17
e 287.023 556.408 16
e 740.473 146.958 10
e 679.609 107.437 16
e 700.634 87.0213 19
e 671.667 101.768 22
e 682.134 108.63 18
e 691.336 133.142 14
e 690.057 132.272 14
e 696.193 129.778 14
e 667.831 98.397 16
e 694.124 134.639 17
e 717.686 94.239 16
e 724.881 138.786 13
e 685.001 99.1525 12
e 697.451 91.0539 11
e 696.346 133.71 11
e 163.014 275.985 9
e 250.032 407.105 19
e 284.165 382.258 10
e 637.808 126.261 15
e 642.704 154.518 17
e 621.326 146.136 17
e 724.878 169.965 14
e 724.903 168.165 12
e 708.353 213.492 14
e 724.504 166.817 11
e 725.081 166.767 12
e 729.376 19.5043 5
e 193.161 350.219 10
e 263.477 544.214 8
e 281.766 514.88 24
e 174.063 297.084 10
e 160.733 300.741 10
e 289.598 130.856 9
e 236.619 472.946 20
e 860.278 187.531 9
e 79.6263 234.538 13
e 241.047 484.196 11
e 83.2013 234.591 11
e 210.6 462.321 10
e 359.057 70.72 11
e 77.1541 149.416 7
e 291.528 527.821 7
e 631.932 116.422 6
e 774.486 216.811 5
e 57.0306 136.017 9
e 680.636 310.253 15
e 686.191 312.239 12
e 791.35 467.299 4
e 793.354 604.944 10
e 679.934 58.8109 22
e 337.505 152.624 8
e 682.143 238.234 6
e 642.172 218.102 5
e 652.46 149.28 8
e 53.5706 131.256 16
e 53.9826 131.599 17
e 54.4328 131.516 16
e 509.979 460.781 12
e 761.628 466.678 9
e 677.853 492.429 11
e 438.17 395.97 18
e 444.903 164.574 16
e 456.004 383.327 18
e 777.095 400.706 14
e 574.589 385.447 18
e 556.669 403.525 16
e 689.783 616.182 13
e 409.985 165.014 9
e 614.073 515.182 11
e 865.328 405.958 12
e 751.36 556.124 8
e 515.441 424.545 14
e 857.31 304.076 7
e 654.245 130.896 6
e 329.571 349.948 6
e 389.782 189.233 7
e 246.584 604.952 8
e 453.751 151.986 8
e 726.956 497.801 7
e 924.72 387.394 10
e 136.465 271.439 11
e 114.855 389.954 6
e 752.546 554.808 7
e 650.356 667.569 11
e 599.701 599.477 12
e 449.926 582.051 10
e 661.744 575.6 7
e 653.091 702.699 13
e 636.572 192.527 8
e 290.997 358.059 9
e 680.019 628.531 11
e 336.631 388.737 10
e 740.479 124.796 8
e 361.448 403.473 15
e 282.85 195.111 9
e 808.851 614.67 14
e 683.551 624.912 8
e 270.46 116.585 11
e 418.407 336.668 10
e 703.215 573.402 11
e 615.754 325.308 5
e 304.781 223.231 11
e 432.207 297.915 10
e 409.914 139.426 5
e 437.601 471.172 3
e 822.628 617.949 9
e 478.97 188.348 8
e 699.674 127.812 8
e 432.176 121.98 5
e 900.041 354.197 8
e 793.921 260.782 19
e 715.45 103.822 8
e 55.0776 140.024 8
e 685.264 173.531 5
e 290.336 85.9031 9
e 318.188 163.645 12
e 215.37 175.825 5
e 305.559 403.409 5
e 805.516 618.303 9
e 105.108 281.545 6
e 438.377 164.438 9
e 734.368 606.244 7
e 324.389 399.934 10
e 575.209 384.321 6
e 762.155 583.123 8
e 668.913 562.038 14
e 788.574 648.209 8
e 646.764 101.785 10
e 445.137 308.423 9
e 459.485 261.282 5
e 686.262 299.505 8
e 659.439 163.194 5
e 24.096 149.303 8
e 982.77 193.76 5
e 751.066 185.06 10
e 492.442 139.651 10
e 663.561 236.611 8
e 770.43 318.947 7
e 648.453 406.759 9
e 256.362 93.0915 14
e 783.452 573.77 7
e 659.063 163.29 9
e 918.495 414.232 9
e 703.68 235.331 7
e 714.44 218.678 7
e 280.36 195.343 6
e 724.046 138.117 4
e 876.898 242.24 9
e 582.835 495.745 9
e 291.972 363.073 9
e 727.747 496.442 15
e 304.331 412.702 12
e 653.104 155.064 6
e 460.567 365.228 10
e 886.17 350.007 5
e 693.255 571.536 9
e 750.389 649.521 12
e 334.127 356.123 9
e 639.762 168.132 6
e 0.885416 138.15 6
e 732.081 628.518 8
e 733.536 93.846 10
e 817.197 617.913 10
e 280.001 75.4407 7
e 808.63 597.938 8
e 42.222 160.233 7
e 692.943 545.96 9
e 58.6801 156.15 14
e 288.065 346.162 12
e 705.452 599.523 12
e 888.641 367.201 10
e 578.31 395.036 11
e 658.617 158.745 7
e 693.254 55.4396 10
e 763.609 573.765 8
e 651.172 146.918 7
e 975.834 170.337 7
e 734.903 218.527 5
e 705.42 589.877 11
e 443.58 304.555 11
e 702.825 518.42 11
e 642.513 524.269 11
e 739.893 567.317 18
e 802.824 475.992 6
e 769.323 434.324 6
e 532.804 515.101 6
e 1053.93 284.038 6
e 428.749 177.509 7
e 1049.87 288.961 9
e 340.176 417.936 6
e 318.717 585.798 10
e 807.725 609.142 13
e 841.519 520.925 7
e 757.158 555.087 12
e 760.269 587.453 7
e 555.377 466.135 11
e 881.146 198.163 7
e 731.092 463.218 11
e 347.162 440.103 6
e 667.526 515.124 5
e 567.764 491.17 11
e 311.71 201.244 10
e 665.021 635.385 14
e 406.3 325.541 15
e 450.562 401.361 12
e 457.634 324.885 6
e 906.73 396.263 6
e 285.319 107.762 3
e 824.113 330.443 6
e 623.157 469.958 11
e 465.333 435.904 11
e 787.948 514.388 11
e 296.1 367.611 7
e 719.859 628.963 8
e 230.507 321.944 23
e 659.884 245.35 7
e 65.6665 145.287 7
e 734.298 673.896 10
e 993.587 143.327 7
e 291.261 375.742 8
e 716.332 84.6768 8
e 714.438 98.2126 5
e 544.426 482.247 8
e 674.837 580.216 9
e 656.995 582.292 10
e 635.51 173.472 5
e 24.4362 134.091 5
e 356.019 125.085 8
e 723.276 12.943 10
e 248.486 342.697 6
e 709.278 232.224 8
e 270.007 364.668 5
e 854.397 225.178 10
e 675.859 178.965 9
e 717.45 86.8651 7
e 639.576 406.635 8
e 664.266 619.069 3
e 53.7042 130.509 14
e 460.938 332.335 10
e 811.953 626.207 5
e 705.638 594.653 3
e 779.643 205.008 7
e 716.284 200.969 7
e 647.251 155.999 6
e 750.646 550.63 8
e 454.722 144.074 10
e 436.63 128.629 10
e 323.758 426.288 8
e 508.839 461.035 8
e 323.339 417.641 8
e 672.282 588.926 8
e 525.38 501.196 7
e 800.323 593.056 9
e 727.069 460.64 8
e 365.934 168.114 3
e 313.827 435.792 8
e 250.746 538.186 7
e 296.442 380.113 10
e 891.346 351.933 10
e 580.333 537.617 5
e 383.582 412.027 8
e 686.917 492.138 6
e 238.151 89.0927 6
e 695.857 70.0633 6
e 293.343 384.071 8
e 676.149 555.326 9
e 749.618 651.602 13
e 736.294 653.21 10
e 703.517 558.515 14
e 667.463 406.92 11
e 631.363 121.278 6
e 385.355 259.782 6
e 847.913 600.147 12
e 487.411 428.643 8
e 805.508 589.265 8
e 660.169 543.434 7
e 807.052 586.003 9
e 376.788 419.339 9
e 432.514 482.587 10
e 733.545 551.466 11
e 528.525 431.594 7
e 351.651 120.737 4
e 432.942 472.868 8
e 219.669 292.885 9
e 449.406 142.753 10
e 289.537 392.368 10
e 331.447 390.692 8
e 523.484 434.926 10
e 683.725 623.4 11
e 771.359 657.157 8
e 315.332 315.14 8
e 995.313 148.035 7
e 815.159 486.866 14
e 788.432 611.123 8
e 715.097 549.94 8
e 731.24 634.335 10
e 756.518 609.406 9
e 750.8 602.902 7
e 684.092 591.211 10
e 270.228 525.615 13
e 178.958 348.346 10
e 289.334 517.951 20
e 253.568 502.631 22
e 268.171 517.499 13
e 48.8812 201.839 13
e 210.805 239.164 12
e 386.548 152.574 10
e 199.062 262.48 12
e 140.837 414.696 14
e 307.451 87.8168 14
e 245.002 472.996 24
e 200.099 356.881 8
e 262.981 535.695 12
e 272.494 367.348 10
e 348.224 182.431 11
e 58.7721 164.845 10
e 341.357 571.107 17
e 293.698 238.179 10
e 128.25 361.62 11
e 233.033 182.059 12
e 246.728 499.907 13
e 255.004 92.008 10
e 253.267 96.3822 13
e 255.229 93.5252 24
e 338.349 136.652 11
e 47.5492 198.648 11
e 220.918 496.903 12
e 242.858 474.853 11
e 68.7983 139.368 13
e 240.881 131.392 11
e 220.79 379.204 12
e 300.73 84.3755 10
e 68.8411 149.374 11
e 184.571 423.209 16
e 175.337 406.224 12
e 67.7402 145.193 11
e 62.5272 149.645 13
e 105.728 289.918 11
e 290.631 298.945 13
e 267.871 205.425 10
e 306.575 81.4897 11
e 384.824 138.421 11
e 129.962 410.382 11
e 332.546 135.45 18
e 338.41 127.07 10
e 358.699 69.8411 11
e 213.406 451.575 9
e 170.692 403.724 15
e 236.248 85.2549 9
e 231.674 181.919 13
e 111.54 240.477 8
e 68.3727 139.093 10
e 331.49 536.988 17
e 261.885 509.331 13
e 256.194 94.6735 12
e 277.609 276.205 20
e 198.782 420.015 11
e 70.2061 139.824 17
e 234.439 143.556 11
e 381.988 138.978 11
e 72.4966 141.64 11
e 327.139 586.473 10
e 138.603 406.815 22
e 236.714 92.2191 13
e 335.135 153.213 10
e 208.317 357.155 13
e 248.517 498.124 10
e 240.382 510.34 11
e 250.281 171.491 11
e 221.945 287.104 12
e 241.739 511.851 11
e 145.57 419.597 10
e 204.078 128.995 11
e 229.522 500.558 20
e 68.2556 150.112 11
e 366.559 95.8974 12
e 173.562 447.401 12
e 335.772 127.632 11
e 138.181 368.166 9
e 243.787 511.781 16
e 66.7274 138.293 25
e 65.5195 137.962 24
e 249.99 515.391 12
e 306.443 81.9654 11
e 69.4166 148.825 11
e 235.813 230.322 12
e 243.454 469.21 13
e 356.393 168.161 12
e 117.077 371.318 21
e 118.052 371.506 21
e 252.382 374.469 10
e 226.385 501.525 14
e 142.309 408.791 8
e 3.15744 137.037 12
e 285.923 287.375 9
e 78.0784 153.123 10
e 749.311 159.163 3
e 436.414 133.357 7
e 320.873 420.778 10
e 779.815 640.45 7
e 705.376 557.764 6
e 244.355 337.78 8
e 467.419 120.06 11
e 813.513 606.866 10
e 455.278 316.05 10
e 670.079 582.762 8
e 719.347 32.3178 8
e 796.336 609.685 7
e 715.826 92.8368 6
e 762.376 282.897 4
e 844.306 190.665 5
e 468.06 325.091 4
e 456.185 144.451 7
e 443.406 309.437 8
e 443.984 180.013 8
e 310.983 365.46 6
e 442.308 309.595 8
e 800.295 584.668 4
e 762.971 580.53 9
e 609.393 507.341 7
e 809.773 595.291 3
e 385.214 152.558 6
e 154.518 323.297 11
e 171.352 405.933 8
e 53.1723 138.7 9
e 210.259 478.767 12
e 117.919 334.357 11
e 224.815 142.03 6
e 235.958 87.1437 13
e 238.215 93.5038 7
e 235.462 83.5281 8
e 71.4455 140.825 10
e 256.891 98.0869 20
e 60.01 286.784 10
e 208.733 298.514 9
e 295.108 88.2363 8
e 80.7362 260.908 7
e 256.567 385.848 11
e 269.321 191.049 8
e 244.698 507.871 10
e 273.585 56.9836 9
e 178.494 433.575 11
e 272.811 552.408 8
e 206.889 314.478 10
e 172.107 439.974 11
e 269.261 520.88 11
e 229.193 473.005 18
e 229.581 294.749 8
e 305.913 82.2415 12
e 314.054 75.0496 11
e 232.227 502.804 17
e 227.615 495.169 13
e 276.716 338.477 17
e 55.6293 143.776 15
e 67.6163 145.537 16
e 255.426 93.3542 9
e 244.232 532.544 12
e 288.239 331.983 9
e 257.533 538.023 11
e 191.683 234.584 13
e 203.184 236.753 16
e 297.474 87.3677 11
e 243.225 440.462 8
e 245.476 598.261 8
e 261.369 86.4881 10
e 278.133 192.995 11
e 178.57 413.685 10
e 302.639 582.382 16
e 263.228 81.6115 10
e 158.676 430.381 9
e 196.117 197.847 9
e 303.819 82.3402 12
e 254.79 98.8764 9
e 262.335 84.6062 10
e 191.334 454.48 17
e 91.9298 250.211 10
e 141.89 304.434 10
e 110.54 310.093 9
e 233.301 183.806 17
e 131.957 359.446 27
e 251.715 512.584 11
e 272.459 57.5281 10
e 259.438 540.52 11
e 129.678 401.782 9
e 251.795 89.897 11
e 114.315 275.919 10
e 1.88676 117.766 11
e 183.373 378.432 20
e 165.961 427.215 9
e 153.97 307.616 8
e 131.811 407.453 12
e 284.135 350.78 12
e 224.614 497.357 11
e 315.762 146.195 8
e 393.35 114.19 11
e 366.544 100.164 8
e 259.244 88.1804 11
e 318.888 124.1 9
e 161.63 430.514 17
e 146.415 413.583 10
e 638.992 169.622 7
e 747.074 138.822 5
e 496.259 332.028 10
e 775.048 515.939 4
e 792.215 605.21 7
e 673.983 525.273 10
e 612.896 632.648 5
e 433.464 429.362 8
e 729.876 12.358 10
e 903.027 292.008 6
e 28.7747 113.125 6
e 725.901 138.978 7
e 739.587 430.767 8
e 387.835 192.729 7
e 708.655 241.174 8
e 677.647 257.063 8
e 766.849 647.929 10
e 676.467 526.837 9
e 649.931 618.42 6
e 304.181 370.018 7
e 745.957 617.8 10
e 358.294 105.671 5
e 590.242 486.145 9
e 474.051 511.138 18
e 513.162 386.607 6
e 807.794 626.319 9
e 702.685 567.04 9
e 662.615 542.55 8
e 742.967 550.321 11
e 669.11 515.538 10
e 652.146 659.087 10
e 373.894 398.651 9
e 751.095 580.596 8
e 680.861 62.183 6
e 320.791 390.68 9
e 725.66 461.612 11
e 312.164 428.648 10
e 34.8266 114.365 7
e 749.378 177.088 10
e 733.829 584.469 10
e 871.823 372.352 5
e 427.252 180.057 4
e 812.217 616.541 8
e 367.247 283.637 5
e 299.646 421.972 5
e 772.646 500.495 4
e 758.221 613.62 7
e 198.672 353.959 11
e 355.606 112.668 11
e 274.641 193.872 8
e 32.4201 167.024 17
e 86.5227 267.109 12
e 333.113 138.208 9
e 92.0712 249.459 12
e 288.888 297.773 12
e 364.715 97.3426 7
e 296.974 581.855 13
e 255.761 233.671 7
e 369.215 91.4945 8
e 252.586 514.657 10
e 280.906 507.22 8
e 179.985 290.082 11
e 327.764 154.002 7
e 235.469 286.433 9
e 268.656 43.8371 9
e 284.651 348.677 11
e 978.062 193.716 8
e 95.5144 248.862 13
e 978.542 207.303 8
e 383.985 152.181 9
e 118.813 329.344 11
e 306.939 80.336 8
e 220.898 267.027 11
e 172.066 423.53 11
e 274.24 191.959 11
e 153.659 318.205 11
e 135.458 380.427 10
e 73.572 143.311 10
e 175.592 445.31 16
e 272.535 554.553 13
e 168.61 402.033 14
e 167.646 401.608 15
e 246.616 167.005 9
e 76.6202 145.97 11
e 133.144 402.966 16
e 97.2629 295.646 9
e 218.251 301.035 10
e 245.639 146.014 10
e 55.7837 151.83 14
e 291.022 49.5215 8
e 245.382 101.326 12
e 301.102 83.5979 9
e 360.119 73.7361 8
e 357.255 159.925 12
e 178.925 271.643 11
e 176.604 345.284 13
e 286.29 526.821 10
e 290.295 573.059 11
e 227.095 293.983 8
e 193.336 249.769 9
e 234.95 91.2994 12
e 275.357 196.414 6
e 349.278 119.657 9
e 357.822 132.656 10
e 67.7378 140.398 12
e 231.272 317.423 12
e 364.497 95.4228 12
e 162.461 403.994 8
e 110.509 400.486 15
e 60.4898 166.253 12
e 48.2229 135.578 11
e 360.842 81.5031 10
e 60.7561 284.642 10
e 179.373 263.849 9
e 258.846 117.18 9
e 278.617 85.8653 8
e 65.9648 148.725 7
e 53.2646 157.505 10
e 227.737 254.439 9
e 363.57 100.298 12
e 279.154 80.9604 8
e 998.041 151.217 9
e 654.361 155.16 6
e 278.627 195.929 6
e 281.023 193.339 6
e 248.859 404.987 8
e 291.245 84.8099 7
e 21.3818 230.441 7
e 241.83 104.936 10
e 381.283 139.89 9
e 244.397 95.9507 8
e 100.34 293.746 9
e 681.131 65.0027 8
e 210.796 374.939 12
e 271.022 366.974 9
e 114.361 277.219 10
e 364.568 98.4189 12
e 181.57 438.689 18
e 52.0803 276.747 8
e 261.922 197.829 12
e 157.488 260.021 12
e 175.228 432.449 12
e 277.14 192.113 7
e 180.937 251.097 12
e 228.198 486.86 15
e 264.643 547.743 15
e 267.331 554.602 16
e 270.639 556.428 17
e 252.991 543.715 9
e 79.0494 258.797 10
e 197.018 421.747 9
e 294.081 565.349 13
e 52.7086 146.921 9
e 35.0508 165.022 9
e 231.864 335.866 11
e 244.067 371.717 11
e 152.031 350.517 8
e 181.537 261.95 10
e 10.4109 137.204 10
e 50.2194 147.152 10
e 217.684 480.286 18
e 362.244 117.909 11
e 78.591 223.589 10
e 142.231 417.492 9
e 278.462 215.567 8
e 246.862 124.595 9
e 61.5158 141.854 8
e 247.182 92.3891 9
e 356.852 131.179 9
e 286.724 108.69 9
e 266.79 41.4704 8
e 63.8182 142.238 8
e 806.695 571.971 11
e 352.308 387.34 9
e 578.637 476.028 10
e 425.536 346.526 7
e 512.93 612.435 8
e 425.048 477.288 11
e 373.775 333.964 9
e 352.538 505.917 10
e 626.174 569.262 9
e 769.3 561.369 4
e 576.155 486.535 10
e 692.716 578.951 6
e 811.949 469.657 7
e 858.813 339.297 12
e 652.787 675.988 15
e 504.335 519.279 8
e 811.495 619.338 12
e 453.999 393.022 16
e 479.201 530.871 8
e 345.676 385.597 10
e 830.6 587.13 12
e 732.642 565.658 8
e 327.298 347.589 11
e 808.41 607.505 8
e 785.543 636.042 5
e 800.741 607.391 10
e 701.977 573.37 8
e 779.082 597.493 11
e 706.027 570.504 9
e 769.344 600.418 12
e 386.132 618.988 15
e 260.295 442.536 14
e 596.786 403.51 9
e 520.702 363.99 9
e 647.447 594.314 9
e 371.036 390.211 17
e 636.064 598.164 9
e 299.532 405.411 14
e 278.588 385.089 16
e 287.776 383.793 12
e 336.103 379.211 13
e 428.642 438.419 14
e 699.261 544.589 16
e 626.051 514.338 7
e 506.93 530.634 9
e 451.46 360.246 10
e 452.051 360.026 8
e 669.19 630.315 13
e 573.472 571.416 10
e 377.941 351.531 12
e 739.311 549.576 10
e 467.446 353.421 15
e 655.523 591.852 8
e 695.495 577.781 12
e 433.86 472.313 12
e 510.337 478.425 7
e 659.756 512.118 7
e 604.596 586.713 11
e 763.96 465.244 11
e 597.202 600.143 9
e 849.177 439.579 23
e 432.53 446.053 11
e 690.66 641.117 17
e 721.493 656.429 10
e 421.861 349.19 7
e 478.937 450.969 11
e 436.127 416.272 14
e 639.085 544.888 11
e 435.068 513.207 14
e 436.169 462.457 9
e 330.105 439.466 8
e 497.751 493.225 8
e 696.283 651.356 9
e 699.53 577.329 8
e 521.876 504.413 8
e 435.072 391.701 9
e 436.246 383.02 11
e 847.482 411.415 7
e 68.677 147.952 17
e 67.4868 147.123 12
e 761.689 588.036 12
e 894.908 232.229 17
e 689.388 568.227 7
e 415.877 471.61 7
e 312.447 402.47 11
e 320.352 425.489 4
e 1044.15 294.14 5
e 242.22 247.421 17
e 391.6 427 9
e 538.198 616.006 9
e 258.472 411.511 9
e 735.032 649.427 9
e 810.159 587.766 9
e 581.705 536.543 8
e 702.914 534.002 7
e 435.578 184.464 4
e 381.707 558.973 9
e 261.561 112.418 13
e 338.093 426.533 10
e 291.567 365.912 9
e 294.762 410.48 12
e 295.999 411.222 9
e 347.318 394.643 11
e 897.092 314.387 9
e 416.758 180.287 8
e 906.166 358.036 4
e 335.293 459.553 10
e 897.951 355.851 14
e 680.767 605.071 22
e 801.259 543.788 9
e 900.076 211.54 5
e 587.157 536.554 6
e 678.455 564.576 6
e 694.48 63.7904 4
e 563.977 516.563 14
e 681.159 642.333 10
e 324.704 420.123 7
e 477.395 320.108 4
e 638.623 338.013 7
e 650.232 619.603 5
e 539.833 455.659 9
e 446.764 365.674 14
e 405.546 420.895 11
e 442.18 291.145 9
e 464.993 111.064 11
e 495.416 477.353 9
e 649.368 532.688 14
e 578.765 498.879 14
e 523.011 559.665 16
e 797.003 311.817 11
e 457.503 319.638 13
e 770.541 273.668 10
e 876.753 374.21 12
e 697.187 659.023 11
e 350.164 372.99 3
e 513.271 323.462 19
e 514.234 319.056 18
e 514.077 321.357 20
e 444.356 306.851 8
e 799.979 631.297 8
e 682.351 681.516 7
e 681.105 593.297 13
e 675.077 653.491 7
e 445.992 308.774 8
e 696.594 663.639 13
e 417.448 618.745 8
e 695.796 599.985 11
e 835.684 595.88 9
e 324.637 416.517 8
e 451.018 144.243 5
e 707.688 597.714 5
e 447.455 563.157 8
e 587.717 474.475 6
e 359.391 299.777 11
e 359.642 301.391 13
e 649.445 704.326 12
e 759.287 463.921 11
e 802.505 599.243 8
e 348.148 433.328 10
e 686.31 494.183 9
e 638.909 406.969 8
e 337.728 248.353 7
e 627.702 462.352 11
e 437.837 391.429 13
e 437.036 391.279 10
e 737.948 632.509 8
e 439.376 442.783 13
e 435.958 399.649 11
e 413.635 157.316 12
e 382.034 395.269 7
e 435.587 106.509 12
e 390.798 385.154 10
e 695.638 562.124 7
e 405.09 543.761 7
e 845.739 552.932 12
e 435.105 380.839 10
e 472.822 441.56 5
e 454.509 316.427 10
e 321.044 209.15 5
e 452.856 320.036 9
e 747.809 558.166 5
e 701.129 565.527 10
e 762.032 580.377 8
e 423.086 454.755 12
e 728.924 641.199 8
e 805.005 594.925 10
e 737.267 561.346 11
e 754.644 539.888 11
e 423.592 399.408 12
e 747.873 552.504 7
e 739.509 653.913 10
e 620.165 693.951 9
e 728.308 461.419 11
e 580.977 627.415 8
e 352.483 424.393 13
e 700.222 618.788 8
e 773.113 600.365 5
e 812.332 599.125 9
e 675.924 504.643 6
e 544.957 457.991 6
e 514.007 499.197 8
e 719.965 584.828 10
e 672.138 537.292 11
e 458.501 376.406 9
e 779.28 613.8 10
e 674.364 566.56 6
e 695.404 595.287 10
e 526.99 499.152 5
e 795.669 618.915 4
e 437.028 125.288 7
e 519.384 198.536 4
e 494.342 470.675 5
e 347.315 424.835 5
e 726.659 593.913 3
e 554.342 473.052 7
e 664.799 515.264 7
e 809.144 632.357 12
e 459.138 165.203 5
e 449.499 152.114 8
e 337.494 276.578 8
e 751.966 606.643 9
e 423.585 344.941 10
e 612.015 391.122 9
e 685.218 635.976 10
e 457.138 323.999 8
e 826.847 601.513 10
e 586.809 364.167 6
e 661.516 577.741 6
e 790.218 608.481 4
e 488.117 152.857 7
e 458.004 318.795 10
e 456.824 183.613 6
e 552.618 578.509 9
e 715.457 600.351 13
e 726.991 633.857 7
e 530.776 195.65 15
e 455.538 316.569 9
e 810.717 637.546 11
e 420.619 497.748 4
e 704.248 496.475 9
e 349.012 435.454 4
e 566.189 494.949 11
e 518.673 497.556 7
e 710.275 603.65 10
e 738.953 657.997 3
e 844.92 598.029 7
e 439.2 311.05 6
e 435.66 381.252 9
e 395.335 511.671 6
e 462.595 457.049 8
e 689.498 556.705 9
e 359.577 382.028 7
e 679.284 553.399 9
e 764.246 559.674 7
e 469.465 120.522 11
e 792.269 606.058 9
e 676.824 695.368 10
e 689.603 682.588 11
e 586.039 616.805 8
e 515.295 199.536 9
e 782.826 574.182 11
e 1080 400.312 16
e 273.637 368.059 7
e 501.24 491.541 9
e 736.877 608.569 9
e 705.666 535.973 8
e 617.177 508.106 10
e 589.481 603.536 10
e 549.897 391.753 8
e 550.87 469.656 8
e 373.96 336.804 11
e 413.376 456.812 11
e 411.834 372.704 10
e 427.514 393.167 13
e 336.489 422.938 9
e 484.666 538.186 9
e 698.975 561.41 16
e 698.243 568.278 11
e 629.359 481.687 10
e 711.269 561.422 17
e 466.314 417.482 19
e 698.812 535.229 16
e 772.216 566.211 12
e 700.408 579.347 17
e 673.549 588.605 11
e 329.066 421.245 13
e 623.429 603.242 14
e 697.889 559.35 12
e 456.209 358.32 9
e 423.762 349.99 13
e 709.718 559.864 13
e 746.215 557.177 11
e 637.522 622.364 10
e 729.047 661.074 13
e 709.826 513.247 15
e 707.411 622.439 14
e 611.475 474.073 16
e 339.712 366.435 14
e 453.499 383.106 19
e 389.998 400.239 16
e 703.167 567.787 16
e 777.192 552.214 12
e 439.778 130.702 14
e 777.008 556.051 10
e 292.91 368.378 11
e 735.317 673.382 10
e 603.1 537.839 15
e 694.616 548.371 14
e 758.521 582.487 10
e 612.524 516.833 11
e 670.447 633.241 12
e 840.56 310.051 16
e 411.413 416.593 17
e 321.741 365.265 17
e 567.802 392.446 15
e 447.233 518.681 18
e 667.238 512.456 14
e 572.968 386.72 17
e 288.102 359.127 12
e 375.615 297.805 15
e 673.505 528.107 16
e 804.574 600.211 12
e 511.571 463.597 11
e 517.762 502.107 16
e 703.306 520.568 10
e 825.512 612.111 7
e 779.949 461.517 11
e 665.134 547.205 8
e 738.577 553.219 4
e 499.687 466.442 8
e 803.751 619.913 11
e 868.99 312.231 20
e 770.917 627.599 11
e 334.43 395.075 7
e 579.728 436.592 11
e 705.525 632.598 6
e 675.111 530.545 13
e 348.265 422.326 11
e 752.124 566.983 11
e 446.534 308.879 8
e 553.64 470.553 12
e 574.262 566.084 10
e 323.745 420.212 15
e 385.952 389.467 11
e 358.008 364.18 9
e 324.247 379.797 11
e 293.254 344.908 10
e 681.379 571.319 10
e 788.13 646.594 11
e 600.366 519.194 10
e 433.423 111.613 10
e 215.937 309.596 7
e 675.899 533.874 8
e 346.563 358.148 19
e 775.796 620.928 8
e 380.859 338.276 10
e 456.009 319.184 10
e 755.641 535.514 10
e 709.349 611.154 11
e 364.46 373.443 7
e 567.935 569.18 10
e 406.847 452.718 10
e 468.266 119.807 14
e 425.655 430.018 10
e 436.949 455.767 7
e 760.071 609.817 11
e 761.732 582.159 14
e 853.476 430.717 9
e 776.388 610.191 10
e 580.953 421.009 6
e 481.84 183.002 7
e 738.029 653.904 11
e 501.324 341.91 5
e 806.334 572.603 8
e 452.512 564.447 10
e 910.166 322.065 9
e 800.753 630.618 7
e 796.947 604.888 5
e 477.309 192.089 5
e 321.724 433.375 9
e 532.75 500.158 9
e 693.706 529.275 11
e 650.86 519.839 10
e 672.914 536.261 10
e 637.399 466.746 9
e 299.984 410.595 8
e 765.76 466.388 11
e 701.195 596.541 9
e 382.439 413.031 10
e 683.389 565.817 5
e 520.218 499.692 8
e 636.729 472.289 7
e 641.4 379.67 12
e 844.828 589.296 14
e 773.581 588.903 9
e 322.842 366.868 6
e 722.935 636.662 10
e 322.124 457.903 7
e 447.054 314.578 11
e 447.958 315.364 10
e 671.706 691.627 11
e 339.744 442.063 4
e 670.03 532.357 10
e 653.437 428.791 10
e 556.76 284.252 7
e 396.595 375.752 11
e 829.533 594.737 11
e 799.23 636.289 9
e 298.183 89.0876 19
e 360.992 604.561 20
e 436.532 440.076 8
e 583.327 459.174 8
e 514.608 462.421 9
e 455.021 316.975 10
e 631.292 478.161 11
e 455.682 317.245 5
e 628.142 610.374 6
e 423.917 399.737 12
e 644.031 375.91 5
e 641.266 592.123 5
e 732.626 624.625 6
e 695.032 611.763 9
e 527.109 635.42 10
e 794.975 580.142 11
e 522.284 438.676 12
e 584.08 557.233 10
e 709.847 589.317 10
e 482.185 391.049 8
e 362.995 420.337 10
e 493.618 421.952 12
e 643.958 405.608 13
e 659.208 642.962 12
e 917.735 413.684 10
e 701.477 521.715 11
e 683.894 619.049 10
e 710.015 660.922 11
e 301.932 405.612 9
e 364.459 399.05 13
e 761.436 579.961 9
e 774.599 623.167 11
e 282.779 232.443 9
e 313.043 351.938 4
e 615.24 432.654 14
e 765.891 463.557 11
e 350.81 473.55 10
e 720.033 404.418 8
e 595.32 672.443 5
e 257.359 403.299 8
e 387.52 399.641 7
e 403.28 455.59 9
e 772.163 623.739 14
e 594.394 469.791 10
e 849.574 445.278 6
e 655.256 528.037 5
e 632.069 326.363 18
e 352.758 394.19 10
e 458.125 321.889 7
e 741.266 660.499 12
e 340.691 283.311 16
e 667.368 660.008 11
e 542.91 476.083 10
e 507.121 452.069 14
e 456.968 318.13 6
e 312.313 425.357 5
e 302.922 334.86 7
e 307.41 356.943 10
e 451.681 221.154 11
e 667.487 419.19 7
e 253.066 107.807 7
e 236.29 240.663 10
e 695.311 58.3294 6
e 381.717 286.945 10
e 728.23 497.317 6
e 460.318 318.727 5
e 504.18 340.979 6
e 450.1 157.245 5
e 440.727 329.073 6
e 665.919 516.043 9
e 807.696 594.406 5
e 806.306 594.093 11
e 721.345 645.212 8
e 797.856 615.464 10
e 647.715 499.307 10
e 470.408 119.971 7
e 737.407 565.762 9
e 333.04 431.424 9
e 402.233 178.368 12
e 632.447 393.774 7
e 580.961 395.933 8
e 667.879 624.341 8
e 465.02 121.373 10
e 451.887 364.619 9
e 710.108 243.842 9
e 715.975 488.964 10
e 753.747 595.269 7
e 736.419 646.515 10
e 749.82 605.619 4
e 685.533 493.406 8
e 319.395 382.155 9
e 304.269 408.567 15
e 515.518 498.318 9
e 471.425 453.459 13
e 457.871 381.2 8
e 641.464 406.655 11
e 573.985 384.925 15
e 438.806 136.897 10
e 487.55 470.663 14
e 275.67 381.856 17
e 94.6813 249.528 9
e 644.576 167.721 6
e 1021.76 350.12 5
e 723.239 92.099 5
e 330.364 410.27 9
e 338.385 245.855 6
e 469.886 516.395 4
e 769.694 571.217 14
e 319.995 441.797 11
e 585.097 509.642 9
e 456.149 317.473 11
e 563.288 269.489 14
e 797.424 584.6 5
e 725.922 635.645 11
e 407.907 157.805 9
e 854.686 362.046 5
e 676.8 226.594 7
e 894.937 215.458 11
e 744.833 609.067 12
e 246.936 545.791 6
e 433.858 467.527 6
e 254.581 326.013 9
e 304.324 384.889 8
e 461.33 320.973 10
e 836.363 593.889 6
e 224.095 277.753 11
e 284.841 346.914 17
e 218.112 353.37 16
e 247.871 370.345 13
e 64.0973 138.55 10
e 240.962 245.546 9
e 113.764 395.802 13
e 95.6983 304.633 15
e 363.348 92.1641 9
e 657.899 163.701 9
e 572.467 378.194 9
e 325.555 422.029 11
e 469.318 325.74 7
e 323.765 170.308 5
e 144.57 303.542 15
e 416.086 379.475 8
e 497.163 325.815 3
e 532.286 469.652 13
e 792.366 606.755 9
e 639.637 482.844 16
e 846.271 307.071 12
e 693.306 577.389 7
e 723.961 10.3943 5
e 801.312 597.506 7
e 758.533 565.319 9
e 817.722 599.67 12
e 399.275 421.414 11
e 658.015 344.169 7
e 654.147 126.617 6
e 453.52 315.548 15
e 448.007 312.174 6
e 697.39 133.178 9
e 299.53 166.225 5
e 659.785 524.496 5
e 555.652 570.497 10
e 442.14 419.621 7
e 739.805 563.899 9
e 494.569 337.948 7
e 440.231 315.541 7
e 728.051 596.573 6
e 827.168 606.004 9
e 690.774 306.037 9
e 450.54 219.691 15
e 569.785 265.784 7
e 765.507 431.917 9
e 767.125 584.172 9
e 445.873 521.057 11
e 438.067 468.805 12
e 438.255 469.621 8
e 713.229 668.046 9
e 716.802 489.212 13
e 232.545 84.8392 8
e 464.813 154.479 3
e 839.618 360.521 5
e 602.654 389.309 10
e 692.463 611.505 7
e 660.59 655.723 9
e 512.624 138.925 4
e 651 156.239 10
e 656.958 153.557 6
e 750.8 153.432 5
e 640.526 247.267 4
e 991.651 157.658 7
e 372.359 236.109 7
e 786.539 343.262 5
e 634.604 394.748 6
e 379.385 339.239 6
e 567.806 480.58 10
e 996.884 341.666 7
e 740.574 618.276 7
e 441.769 488.375 6
e 685.197 578.07 7
e 699.611 548.392 6
e 725.618 7.95563 8
e 709.587 265.074 7
e 778.494 213.66 5
e 699.303 53.3541 6
e 692.416 531.164 11
e 681.697 556.901 11
e 457.483 534.519 5
e 706.838 566.656 5
e 405.557 452.204 8
e 705.396 570.071 7
e 457.355 376.906 12
e 609.027 192.039 5
e 83.1495 231.587 8
e 630.471 596.979 10
e 562.697 479.755 8
e 369.28 423.054 9
e 692.376 595.99 9
e 573.416 483.632 11
e 698.905 573.98 3
e 550.831 329.139 13
e 648.147 689.115 12
e 1.934 122.504 7
e 314.35 175.125 9
e 799.578 603.743 7
e 434.621 108.261 11
e 724.755 460.806 10
e 460.74 376.507 11
e 696.697 641.575 7
e 496.527 459.205 5
e 366.484 227.55 10
e 429.165 422.932 10
e 722.455 638.548 9
e 781.645 640.129 9
e 784.465 622.861 12
e 434.279 119.854 5
e 730.965 641.066 6
e 317.179 338.686 10
e 752.072 611.547 8
e 628.911 564.133 6
e 771 581.518 12
e 779.144 595.94 8
e 510.083 472.479 7
e 496.717 454.715 11
e 344.634 377.547 11
e 458.415 318.013 6
e 457.31 318.997 10
e 726.917 216.843 6
e 427.624 399.269 7
e 285.93 366.816 9
e 646.559 142.553 6
e 990.036 160.434 8
e 433.338 466.75 10
e 674.885 164.09 5
e 668.304 513.015 7
e 485.252 146.019 8
e 422.266 172.521 26
e 420.259 438.799 10
e 298.215 396.137 6
e 601.755 541.455 8
e 298.108 353.635 7
e 511.601 623.248 6
e 777.474 331.308 6
e 294.72 374.364 6
e 529.367 493.446 6
e 569.927 496.935 10
e 745.906 645.545 8
e 701.86 5.17382 8
e 782.331 460.465 8
e 530.443 222.636 5
e 491.492 426.633 9
e 652.186 107.103 6
e 759.058 281.779 9
e 759.614 607.374 6
e 504.071 475.175 14
e 500.709 128.761 4
e 519.591 211.179 10
e 713.861 549.078 10
e 748.501 561.163 7
e 906.707 221.53 8
e 608.576 328.731 9
e 457.823 382.224 10
e 534.121 196.059 5
e 236.889 321.2 6
e 385.116 463.423 8
e 759.701 546.006 5
e 677.737 558.672 4
e 453.556 145.364 11
e 797.821 309.169 5
e 1053.6 281.888 5
e 418.475 62.8828 4
e 686.552 293.869 6
e 841.408 379.762 10
e 1049.89 283.618 13
e 680.216 615.737 5
e 611.662 467.212 10
e 222.008 251.148 7
e 45.7245 136.823 9
e 567.275 414.817 9
e 790.464 591.951 11
e 291.81 346.398 7
e 98.0881 260.743 11
e 250.062 544.151 10
e 716.155 488.43 13
e 593.77 537.195 8
e 687.095 530.457 9
e 788.552 604.786 8
e 682.555 254.226 10
e 445.305 443.737 12
e 444.068 444.051 11
e 301.58 376.695 9
e 304.725 487.706 11
e 743.112 624.756 10
e 590.626 498.24 11
e 268.064 166.51 7
e 403.343 511.528 8
e 659.35 564.027 8
e 592.23 482.421 11
e 260.606 156.542 10
e 811.599 600.366 9
e 786.969 602.545 10
e 543.889 198.529 7
e 774.216 221.784 15
e 773.356 222.769 15
e 696.672 578.655 10
e 584.63 504.499 10
e 847.822 591.513 11
e 914.645 341.227 11
e 337.686 450.221 9
e 645.283 151.792 8
e 820.075 620.538 9
e 49.9844 128.449 7
e 685.348 112.303 6
e 658.485 620.166 10
e 282.658 65.2799 6
e 281.527 528.556 13
e 284.99 529.07 14
e 271.261 362.46 13
e 249.286 163.68 7
e 681.722 178.551 8
e 656.518 161.342 12
e 735.752 224.855 8
e 240.143 177.313 9
e 220.228 225.988 11
e 612.982 201.683 12
e 729.637 7.0916 10
e 702.294 126.932 9
e 1024.7 343.838 7
e 285.124 64.174 15
e 283.854 65.8277 16
e 252.065 180.798 16
e 562.619 558.402 10
e 517.456 467.96 6
e 547.5 378.724 13
e 434.493 464.723 10
e 578.513 399.065 11
e 847.229 422.887 14
e 365.39 416.421 11
e 1024.85 346.14 7
e 287.225 237.096 8
e 802.069 557.462 7
e 392.996 192.412 8
e 703.937 545.832 8
e 727.47 461.027 11
e 659.516 587.006 5
e 704.008 557.779 10
e 458.203 175.763 6
e 801.246 608.432 10
e 494.238 397.686 11
e 434.212 162.387 6
e 232.477 182.757 16
e 730.674 633.611 11
e 790.016 595.469 10
e 298.166 375.949 10
e 514.181 470.172 10
e 679.949 235.31 8
e 511.362 211.867 14
e 897.076 377.527 18
e 898.83 397.189 15
e 805.87 605.934 9
e 217.552 274.495 10
e 816.521 620.853 9
e 268.674 31.9498 6
e 414.511 465.187 10
e 373.782 85.9564 20
e 298.459 588.141 17
e 371.048 413.863 9
e 467.269 175.605 7
e 783.888 574.502 7
e 783.529 574.671 4
e 571.681 484.705 10
e 212.098 238.156 5
e 233.146 92.9106 9
e 300.879 383.127 10
e 751.829 596.23 7
e 584.022 382.694 9
e 674.648 639.517 5
e 573.137 485.14 10
e 741.522 638.164 7
e 581.827 498.739 8
e 675.57 528.304 6
e 534.646 635.82 10
e 804.629 628.098 8
e 804.244 628.815 8
e 362.708 93.6466 10
e 844.278 579.179 13
e 824.499 291.722 6
e 434.226 405.685 9
e 503.123 401.038 7
e 460.815 413.028 8
e 571.109 491.226 4
e 412.861 290.509 9
e 874.297 389.317 6
e 369.609 512.071 8
e 357.956 374.384 10
e 895.006 303.577 6
e 420.604 198.864 9
e 665.222 558.457 10
e 582.232 576.287 8
e 664.181 645.798 7
e 519.682 579.141 4
e 613.236 202.455 5
e 633.019 164.948 14
e 315.65 415.321 6
e 503.652 332.835 6
e 436.958 126.579 3
e 252.568 183.956 10
e 729.783 627.984 9
e 725.959 663.045 12
e 733.146 672.429 10
e 516.072 462.791 9
e 510.52 511.668 8
e 522.376 439.028 10
e 659.877 591.56 10
e 680.996 544.703 11
e 229.13 349.757 8
e 232.426 305.09 11
e 0.945886 136.339 10
e 813.171 610.98 9
e 623.883 513.897 10
e 838.279 595.192 7
e 646.691 591.193 8
e 724.004 639.941 10
e 198.18 280.655 8
e 333.229 283.828 5
e 618.841 616.228 11
e 452.336 157.352 4
e 686.654 635.554 9
e 526.842 497.769 6
e 597.937 500.284 4
e 781.612 587.554 11
e 421.808 500.527 9
e 809.221 593.632 9
e 380.563 606.501 8
e 456.258 186.022 4
e 462.424 320.673 6
e 809.53 623.034 9
e 511.381 140.248 8
e 811.656 613.059 5
e 674.858 66.2483 7
e 780.668 627.854 11
e 733.843 628.03 10
e 783.239 612.891 5
e 407.427 342.269 10
e 113.747 312.632 4
e 219.457 464.917 18
e 766.182 609.174 9
e 464.461 320.593 9
e 265.276 547.291 14
e 269.335 178.77 5
e 773.453 514.509 10
e 742.088 449.105 10
e 774.312 629.173 9
e 705.023 557.457 11
e 770.735 602.592 11
e 745.511 653.719 8
e 565.333 343.922 11
e 224.831 439.828 8
e 805.426 598.775 4
e 778.584 583.914 12
e 803.354 604.699 11
e 827.516 604.98 10
e 654.48 702.528 9
e 529.823 385.663 10
e 369.365 282.176 9
e 416.05 320.86 6
e 231.999 181.653 11
e 231.188 208.806 13
e 201.26 261.304 7
e 167.502 264.147 8
e 109.883 264.488 13
e 231.515 182.9 12
e 121.19 258.154 11
e 232.357 181.669 13
e 264.618 179.699 9
e 281.406 557.781 11
e 682.728 545.784 11
e 774.986 646.586 8
e 755.194 652.273 11
e 333.675 360.357 8
e 321.997 434.139 7
e 772.619 652.838 10
e 503.598 339.025 11
e 246.211 371.62 5
e 496.915 473.926 6
e 533.764 429.086 9
e 632.278 599.149 8
e 540.124 633.074 4
e 528.599 498.329 8
e 536.72 569.303 7
e 690.149 542.947 10
e 759.141 595.4 9
e 722.484 554.116 10
e 805.462 604.826 9
e 681.193 552.75 6
e 738.99 667.237 8
e 431.044 451.355 9
e 697.489 613.747 6
e 716.9 611.304 11
e 522.405 471.023 9
e 433.707 85.8317 11
e 367.677 371.473 9
e 650.624 378.136 11
e 767.109 585.797 9
e 637.728 390.705 8
e 500.185 198.896 4
e 476.56 319.246 8
e 622.829 599.95 8
e 517.615 607.277 7
e 805.125 591.621 10
e 739.735 648.514 10
e 795.907 600.411 10
e 685.269 531.088 6
e 764.444 581.229 8
e 292.6 118.801 6
e 39.8935 167.291 6
e 145.618 298.253 9
e 774.405 637.154 13
e 631.022 451.321 9
e 752.977 578.446 7
e 785.754 610.718 8
e 762.05 596.3 7
e 734.065 644.726 6
e 8.55106 121.264 8
e 754.575 648.624 15
e 818.262 599.068 13
e 624.871 507.869 11
e 452.284 394.564 11
e 385.202 322.853 12
e 418.027 348.433 7
e 943.791 323.697 10
e 903.265 359.044 7
e 244.873 610.389 8
e 653.031 645.775 7
e 766.511 605.72 12
e 787.746 337.338 10
e 527.783 484.245 11
e 830.946 336.475 5
e 673.996 569.37 10
e 681.728 632.154 7
e 817.124 288.694 7
e 286.725 130.409 5
e 931.392 362.962 10
e 686.413 300.128 5
e 714.061 104.145 6
e 223.738 472.499 14
e 640.751 128.072 4
e 726.718 562.972 6
e 728.738 599.51 11
e 857.505 608.223 9
e 239.373 178.037 6
e 904.786 218.752 8
e 735.799 556.874 9
e 813.807 601.729 9
e 569.987 480.078 7
e 279.329 528.59 13
e 322.63 561.687 16
e 679.847 215.919 4
e 840.836 519.246 6
e 445.812 310.96 9
e 791.658 345.568 9
e 393.257 189.237 6
e 319.57 174.809 9
e 711.269 221.577 6
e 642.02 523.116 8
e 642.649 522.774 11
e 780.032 200.297 5
e 505.502 482.934 9
e 845.667 182.558 6
e 709.049 245.919 5
e 664.599 99.8769 9
e 763.195 653.87 12
e 688.948 566.065 8
e 435.502 132.17 4
e 807.821 361.364 4
e 726.481 581.385 10
e 760.358 600.155 9
e 459.576 320.174 10
e 442.14 572.848 10
e 677.828 642.392 9
e 384.972 429.299 11
e 762.659 609.315 9
e 754.375 568.599 10
e 386.216 416.721 12
e 708.041 520.646 8
e 516.509 499.703 10
e 448.477 158.837 6
e 656.51 665.16 8
e 458.067 319.503 5
e 469.188 177.781 10
e 718.401 43.405 8
e 669.284 588.456 10
e 591.801 485.253 8
e 227.779 462.878 17
e 279.51 515.471 15
e 498.596 192.323 6
e 294.792 163.238 10
e 371.965 404.746 10
e 858.766 293.814 3
e 507.746 199.493 6
e 612.176 501.34 8
e 654.109 248.495 6
e 555.531 618.014 9
e 906.994 218.485 13
e 973.751 196.874 4
e 730.449 132.463 4
e 366.998 170.536 7
e 779.391 205.999 5
e 732.026 643.413 8
e 711.677 241.18 6
e 735.666 221.301 7
e 525.138 483.369 3
e 314.549 430.579 8
e 754.449 585.127 9
e 824.772 314.686 6
e 486.189 461.464 6
e 845.77 189.003 4
e 316.638 154.589 7
e 722.114 214.775 5
e 592.029 357.142 9
e 744.754 554.9 10
e 696.209 518.991 8
e 53.65 188.122 13
e 732.605 225.202 6
e 979.918 187.974 7
e 908.801 207.422 7
e 728.639 91.6331 7
e 747.274 344.085 9
e 647.042 165.055 10
e 650.168 155.167 6
e 700.174 128.867 7
e 718.948 69.7545 8
e 649.977 160.647 8
e 878.009 254.778 6
e 783.033 319.678 13
e 828.658 356.73 10
e 122.74 356.362 9
e 385.096 136.026 6
e 137.71 259.077 6
e 636.398 172.678 5
e 332.241 138.55 16
e 54.7571 140.44 6
e 68.7108 139.105 5
e 907.777 220.644 9
e 688.605 114.031 8
e 651.288 155.475 5
e 36.4923 114.534 14
e 655.541 110.246 7
e 676.386 59.3891 11
e 285.967 95.1604 5
e 842.964 317.478 7
e 234.914 82.7403 7
e 250.315 187.961 7
e 648.366 150.889 7
e 34.9088 158.448 10
e 712.008 220.863 9
e 194.679 236.6 10
e 647.653 127.254 7
e 650.272 100.684 9
e 906.373 218.239 14
e 907.223 217.803 15
e 906.747 217.692 7
e 906.113 211.877 6
e 724.203 24.3411 6
e 737.858 97.0635 5
e 776.766 215.43 3
e 271.86 387.203 12
e 209.154 337.854 6
e 248.559 396.476 7
e 991.362 159.831 8
e 633.019 124.895 5
e 661.852 156.749 14
e 647.949 125.843 5
e 709.117 223.338 15
e 708.525 226.377 9
e 646.634 173.613 7
e 726.949 93.6462 11
e 721.821 12.3448 9
e 595.425 156.417 14
e 734.973 115.634 14
e 649.102 123.74 14
e 605.387 158.775 14
e 687.359 172.544 11
e 732.797 115.598 15
e 646.251 152.214 8
e 651.317 123.445 12
e 650.856 124.563 8
e 62.3167 148.702 8
e 54.3525 158.431 12
e 258.281 368.816 11
e 187.904 308.992 10
e 659.355 150.08 5
e 61.3207 136.298 9
e 252.366 347.132 9
e 231.289 353.912 6
e 639.256 212.874 8
e 279.041 380.25 7
e 622.616 136.189 8
e 318.758 134.655 4
e 709.032 197.21 10
e 744.507 297.457 4
e 711.84 91.2393 6
e 332.902 152.707 8
e 707.957 226.846 11
e 32.5661 117.147 12
e 283.292 70.7136 8
e 262.191 360.873 6
e 65.4053 292.638 10
e 862.652 186.276 7
e 649.73 134.243 5
e 35.131 154.673 8
e 712.997 8.92015 9
e 707.036 39.9867 9
e 661.498 161.835 5
e 616.022 173.173 10
e 647.141 159.077 6
e 324.172 129.146 7
e 250.459 433.286 14
e 903.676 219.218 4
e 685.313 317.973 9
e 703.803 326.81 7
e 920.245 341.798 13
e 918.291 340.824 8
e 194.248 195.45 7
e 245.734 536.688 9
e 729.484 85.1676 8
e 599.001 239.924 11
e 638.262 134.164 5
e 708.452 50.1945 5
e 968.414 295.089 11
e 655.059 151.056 10
e 600.493 164.673 10
e 733.946 90.6737 8
e 284.433 245.185 13
e 645.084 153.592 7
e 433.854 103.031 11
e 389.968 426.194 9
e 276.037 341.267 10
e 21.9099 134.232 8
e 524.344 209.695 12
e 442.922 129.998 14
e 288.532 402.929 13
e 681.895 522.017 9
e 272.128 343.185 14
e 269.759 347.16 15
e 65.2332 147.482 17
e 173.254 353.18 14
e 445.012 430.83 12
e 908.7 339.14 10
e 790.676 588.221 8
e 465.28 440.111 7
e 738.35 657.958 12
e 503.944 332.676 15
e 736.733 553.504 7
e 444.085 331.467 9
e 498.958 193.945 10
e 291.474 347.403 13
e 545.299 411.937 11
e 800.346 632.149 12
e 10.7676 142.921 7
e 51.1849 141.038 7
e 634.828 507.398 7
e 453.259 177.88 10
e 466.299 323.627 9
e 800.231 594.118 5
e 687.493 544.341 9
e 521.216 496.734 7
e 738.499 507.041 12
e 548.192 471.55 8
e 647.561 528.596 7
e 553.063 467.584 9
e 711.452 554.388 7
e 492.757 450.927 11
e 375.579 338.935 10
e 586.996 460.259 8
e 773.353 658.745 9
e 550.05 471.363 8
e 457.253 160.199 12
e 474.118 181.687 11
e 667.729 533.587 12
e 658.849 157.633 7
e 276.645 122.023 16
e 276.728 121.403 15
e 276.557 121.866 6
e 655.225 143.897 7
e 280.38 76.5973 13
e 253.15 98.0182 11
e 253.151 96.6941 11
e 286.299 57.5171 10
e 246.752 127.241 11
e 57.5918 142.065 8
e 164.67 340.505 9
e 60.8103 164.574 8
e 218.679 234.913 12
e 449.808 564.825 11
e 230.179 381.482 7
e 266.097 544.213 11
e 258.528 541.627 9
e 53.1268 130.778 28
e 178.538 241.296 7
e 262.76 95.4771 14
e 888.17 366.131 11
e 225.214 316.54 21
e 950.809 278.407 16
e 1058.54 281.576 6
e 221.512 226.251 7
e 611.673 463.665 11
e 437.558 397.001 10
e 286.893 361.156 8
e 489.41 420.27 12
e 461.307 177.279 10
e 32.2702 115.517 7
e 174.654 295.688 10
e 249.858 99.6269 8
e 800.331 635.029 10
e 1023.04 344.476 8
e 807.604 590.407 5
e 965.049 291.712 8
e 207.138 341.928 11
e 921.354 296.284 6
e 249.941 87.8646 7
e 254.971 366.998 7
e 362.556 162.752 10
e 68.1991 138.561 14
e 75.2368 144.327 24
e 194.39 355.521 14
e 76.1226 146.326 12
e 69.247 139.01 12
e 258.139 550.216 16
e 166.069 373.348 15
e 69.7266 139.63 14
e 246.626 167.951 8
e 243.27 404.348 11
e 1.16368 116.851 9
e 332.364 151.128 8
e 267.168 75.0229 17
e 266.179 77.253 16
e 152.572 313.674 13
e 65.3208 137.511 15
e 82.6597 261.778 13
e 232.249 181.088 12
e 721.09 535.166 5
e 224.376 192.92 7
e 338.922 516.062 7
e 720.671 455.097 16
e 169.85 266.461 15
e 168.936 261.353 16
e 111.007 366.565 16
e 780.79 648.987 11
e 903.719 216.996 10
e 713.336 610.863 12
e 715.336 488.612 11
e 491.43 620.857 12
e 294.698 512.775 8
e 1067.04 377.26 7
e 680.401 220.631 3
e 23.3501 118.489 7
e 705.437 57.4854 9
e 248.552 533.157 14
e 176.321 454.905 13
e 284.925 531.777 23
e 216.088 492.079 13
e 224.868 493.775 16
e 233.04 496.399 15
e 850.848 179.137 6
e 614.16 172.575 9
e 655.678 157.67 4
e 679.91 307.878 13
e 673.639 307.082 8
e 695.118 319.668 10
e 749.659 180.934 8
e 694.475 211.66 9
e 972.645 192.792 10
e 751.781 183.451 5
e 705.472 232.797 6
e 823.897 288.446 5
e 683.84 59.4816 11
e 720.001 5.89061 15
e 717.546 62.6068 10
e 656.167 155.491 10
e 697.204 59.0411 14
e 700.538 45.0411 6
e 731.629 22.8359 6
e 675.661 108.551 9
e 644.85 174.349 10
e 679.969 240.745 5
e 612.115 148.701 9
e 726.168 91.8493 7
e 831.804 311.794 10
e 57.2904 146.89 12
e 55.7345 147.492 13
e 639.231 168.907 10
e 743.53 122.96 6
e 64.3052 137.361 4
e 704.009 103.785 9
e 719.718 44.3227 7
e 724.89 213.26 5
e 714.457 9.11354 6
e 712.144 105.814 6
e 657.31 158.404 5
e 770.439 317.347 6
e 728.581 16.7694 7
e 835.498 316.32 5
e 715.99 87.8093 9
e 679.388 238.44 8
e 699.368 47.1918 10
e 765.839 168.127 16
e 991.032 207.433 4
e 640.392 215.485 7
e 730.971 32.2899 10
e 684.853 225.263 8
e 606.086 190.846 8
e 75.6904 144.236 10
e 668.671 102.833 8
e 643.378 129.515 8
e 844.903 310.938 8
e 676.913 213.232 4
e 653.558 156.828 6
e 913.123 391.284 9
e 858.174 186.748 7
e 771.936 180.796 8
e 703.343 29.4867 12
e 763.932 236.41 11
e 656.209 122.164 10
e 684.018 99.5244 6
e 428.769 444.513 7
e 328.349 420.641 10
e 841.824 530.73 11
e 811.033 599.539 9
e 838.905 516.985 7
e 549.812 570.065 10
e 779.581 554.535 7
e 868.825 586.193 11
e 767.116 590.233 10
e 808.751 616.165 6
e 430.974 533.062 11
e 349.24 423.294 11
e 637.39 600.815 8
e 718.642 594.125 9
e 525.987 468.579 8
e 551.048 547.523 12
e 716.036 488.018 6
e 286.551 405.518 9
e 348.127 436.595 11
e 639.103 471.69 7
e 595.459 468.591 12
e 385.95 410.894 8
e 553.039 608.923 8
e 169.37 436.888 6
e 577.518 385.144 12
e 762.655 658.565 13
e 546.145 462.913 10
e 779.68 642.72 8
e 392.242 511.641 14
e 297.372 363.375 20
e 434.276 104.956 7
e 305.093 396.363 15
e 432.412 550.858 9
e 903.234 333.174 15
e 607.698 586.147 10
e 660.35 628.064 5
e 475.189 194.766 5
e 308.388 358.79 15
e 322.95 424.707 9
e 778.397 589.664 9
e 507.261 196.167 15
e 659.824 502.121 7
e 735.687 569.039 8
e 458.871 322.339 9
e 419.104 498.709 9
e 570.841 473.876 6
e 841.074 598.587 8
e 558.845 577.105 10
e 210.589 268.563 8
e 688.665 554.187 9
e 480.994 297.963 7
e 748.371 160.853 6
e 684.435 137.702 6
e 414.944 175.339 8
e 814.475 615.606 16
e 815.396 617.986 12
e 861.404 601.705 6
e 476.997 292.995 11
e 366.172 350.201 8
e 580.969 387.449 8
e 661.555 646.482 7
e 415.862 343.714 10
e 450.502 151.388 6
e 773.148 575.502 6
e 683.597 314.018 8
e 806.016 607.02 3
e 353.56 301.837 8
e 293.997 377.42 8
e 330.606 443.386 9
e 719.552 664.711 6
e 273.364 118.374 9
e 762.141 619.758 6
e 503.235 455.397 6
e 671.673 309.406 6
e 80.2366 233.376 7
e 519.836 135.282 8
e 535.326 448.082 12
e 854.363 600.469 9
e 456.633 316.952 13
e 760.713 589.975 8
e 767.294 591.474 7
e 759.857 576.049 9
e 464.986 459.061 8
e 459.486 413.444 11
e 759.78 590.144 9
e 601.469 652.528 9
e 604.773 534.837 9
e 736.286 623.924 16
e 798.796 634.54 10
e 674.073 535.624 11
e 332.902 360.556 8
e 619.352 424.795 12
e 288.15 349.778 11
e 515.832 335.056 9
e 666.405 591.511 9
e 505.468 464.068 9
e 490.228 473.892 8
e 778.502 588.329 8
e 722.055 66.3154 4
e 739.244 575.01 8
e 580.943 390.646 9
e 582.368 623.844 5
e 432.846 176.92 7
e 490.869 476.991 7
e 714.015 5.34288 7
e 624.108 515.024 10
e 561.909 511.397 8
e 462.725 151.905 6
e 279.312 459.211 11
e 456.027 145.339 10
e 577.797 390.544 10
e 814.403 617.508 13
e 848.105 537.5 15
e 820.141 599.961 8
e 639.747 251.49 9
e 781.491 609.953 9
e 790.415 605.1 9
e 292.007 371.77 7
e 461.14 319.016 13
e 585.738 584.168 10
e 680.453 59.8412 8
e 420.702 494.675 11
e 181.355 415.744 11
e 641.557 198.691 7
e 785.877 553.201 6
e 468.021 475.947 7
e 462.863 180.951 9
e 321.498 130.831 7
e 577.203 391.12 5
e 368.781 157.054 12
e 372.351 159.522 13
e 468.684 325.587 7
e 409.753 180.619 10
e 806.413 590.525 13
e 456.28 317.04 9
e 410.14 473.364 10
e 834.008 570.085 12
e 641.778 595.649 6
e 777.731 214.015 6
e 805.655 615.324 11
e 408.119 469.661 16
e 423.706 403.39 11
e 412.32 439.967 6
e 789.332 647.083 8
e 132.594 413.055 6
e 265.445 109.17 7
e 446.032 312.395 9
e 405.989 432.382 11
e 434.607 161.34 8
e 911.054 317.653 5
e 270.2 48.7773 17
e 270.584 50.2973 16
e 479.471 418.174 9
e 970.821 299.478 5
e 752.587 171.791 7
e 852.741 432.116 5
e 285.47 352.404 20
e 253.144 322.592 9
e 258.948 444.412 5
e 13.0727 144.576 16
e 13.1601 142.754 17
e 635.538 488.382 8
e 678.148 539.349 8
e 715.548 7.24433 10
e 709.961 222.224 7
e 831.363 589.676 7
e 694.932 657.339 10
e 340.568 372.378 9
e 722.22 92.8634 7
e 413.733 391.671 4
e 630.914 119.786 8
e 638.06 115.628 6
e 54.4418 146.099 7
e 226.796 141.299 13
e 291.567 331.033 13
e 217.172 173.125 12
e 286.308 375.24 4
e 322.233 69.9409 12
e 789.714 614.261 8
e 759.964 653.38 6
e 682.6 67.156 10
e 625.436 388.55 8
e 742.803 640.215 11
e 451.562 328.115 8
e 635.895 173.39 5
e 651.222 522.051 7
e 75.7909 145.649 15
e 121.772 296.622 11
e 45.0131 194.631 10
e 504.112 488.292 6
e 712.443 312.257 12
e 727.208 462.284 10
e 699.134 573.68 9
e 445.569 137.748 4
e 705.043 550.427 20
e 462.198 159.343 5
e 464.874 175.853 5
e 386.428 322.184 9
e 462.248 433.456 9
e 547.268 304.728 20
e 442.893 311.964 8
e 632.538 366.394 5
e 136.83 328.829 6
e 295.416 377.983 8
e 675.721 578.691 12
e 839.548 410.793 5
e 635.879 618.076 12
e 493.225 462.529 8
e 690.282 568.415 11
e 690.207 560.175 11
e 448.052 310.96 11
e 600.689 548.59 6
e 510.551 552.486 6
e 840.272 598.77 7
e 405.016 253.223 15
e 540.57 437.66 7
e 620.805 692.395 9
e 439.145 387.227 14
e 440.162 385.604 8
e 457.972 157.665 7
e 346.867 453.835 7
e 480.876 185.047 8
e 316.159 231.654 6
e 783.47 607.955 8
e 725.356 5.64299 5
e 800.833 602.288 7
e 751.168 578.683 7
e 789.001 605.482 9
e 444.362 315.384 6
e 808.808 619.633 7
e 789.796 607.542 8
e 684.955 61.176 6
e 504.836 340.671 10
e 633.596 408.646 9
e 459.265 384.463 9
e 338.912 394.754 10
e 373.355 337.405 8
e 374.175 336.712 10
e 405.47 335.513 13
e 763.238 595.677 7
e 657.878 589.26 8
e 761.453 602.836 9
e 802.17 591.674 7
e 712.793 87.5836 7
e 702.583 53.4622 7
e 647.043 578.44 10
e 535.821 226.108 13
e 722.721 90.5943 29
e 704.191 200.566 7
e 584.637 525.296 7
e 735.623 198.196 7
e 675.968 677.036 11
e 209.823 486.944 8
e 691.296 619.899 8
e 364.127 96.8291 8
e 710.647 206.885 5
e 802.42 586.075 9
e 321.171 127.998 6
e 718.628 517.751 8
e 679.776 533.168 8
e 453.992 318.349 11
e 746.205 585.152 8
e 716.314 91.6438 8
e 795.23 595.415 8
e 813.881 613.236 8
e 301.732 160.507 6
e 211.679 274.058 9
e 575.621 569.178 7
e 779.885 620.271 10
e 798.655 600.689 14
e 838.915 574.359 9
e 674.294 518.187 8
e 498.205 168.513 7
e 683.116 62.341 6
e 728.939 647.863 8
e 737.026 505.493 10
e 299.584 369.33 4
e 681.583 63.8854 8
e 584.175 480.42 9
e 847.77 589.34 11
e 716.831 563.66 10
e 762.337 523.552 6
e 424.391 405.352 10
e 275.29 416.635 11
e 242.731 253.278 11
e 232.964 517.49 15
e 287.112 509.742 7
e 418.29 329.372 6
e 377.094 392.371 9
e 741.093 463.345 9
e 827.339 599.069 9
e 217.962 173.686 7
e 790.035 604.209 6
e 623.077 253.021 7
e 735.146 607.906 9
e 758.564 643.013 12
e 637.541 625.666 7
e 454.051 315.905 11
e 348.15 368.326 10
e 348.757 374.654 12
e 349.9 126.206 5
e 446.672 442.9 10
e 807.39 605.425 5
e 698.518 567.833 6
e 807.298 569.799 10
e 728.271 627.321 11
e 58.9778 163.051 5
e 67.6789 286.45 13
e 399.771 371.016 10
e 455.136 157.27 9
e 635.251 134.64 7
e 685.487 57.0654 6
e 874.338 371.769 6
e 448.32 139.647 6
e 909.012 372.449 5
e 692.232 148.162 9
e 736.418 98.3986 15
e 367.6 416.543 8
e 574.616 384.543 9
e 599.777 501.349 4
e 383.585 406.244 17
e 685.356 65.9582 5
e 368.507 303.312 10
e 597.788 163.365 7
e 757.269 650.219 11
e 293.181 352.376 10
e 577.364 570.185 12
e 435.98 119.917 5
e 454.005 379 9
e 434.611 121.437 9
e 346.879 464.103 15
e 610.128 465.978 5
e 806.753 614.772 6
e 765.681 568.374 9
e 647.915 134.651 7
e 755.277 158.644 4
e 434.928 120.944 7
e 677.131 562.626 11
e 728.548 5.38262 6
e 288.858 376.791 11
e 319.786 433.875 12
e 319.792 436.189 7
e 311.572 383.395 7
e 435.559 162.922 9
e 315.313 230.633 9
e 646.355 152.741 7
e 470.728 491.315 9
e 406.678 608.477 15
e 599.18 668.449 15
e 500.32 504.023 11
e 465.738 322.654 10
e 584.514 474.536 9
e 351.452 376.958 10
e 741.155 507.333 13
e 459.68 318.654 6
e 409.545 440.08 8
e 407.606 189.763 8
e 839.432 575.189 4
e 322.357 135.728 13
e 1032.37 345.412 6
e 655.458 151.458 7
e 689.25 569.191 5
e 214.105 376.385 8
e 442.778 364.648 18
e 518.62 200.395 10
e 488.789 469.621 15
e 647.019 134.915 8
e 985.051 197.187 10
e 599.523 537.212 7
e 300.789 401.068 5
e 625.864 601.061 6
e 753.23 194.133 5
e 754.834 644.763 11
e 731.584 556.771 6
e 375.94 338.909 13
e 651.486 520.557 8
e 216.907 476.018 10
e 807.039 616.962 8
e 674.444 623.504 7
e 810.222 618.39 10
e 808.468 618.782 12
e 5.45084 118.027 7
e 316.032 440.656 16
e 402.892 413.343 4
e 764.898 612.345 10
e 766.837 632.992 5
e 326.481 138.431 9
e 764.324 480.036 10
e 730.965 131.367 6
e 190.352 352.154 11
e 276.23 176.888 7
e 264.931 72.8198 7
e 399.494 401.605 9
e 646.982 164.579 5
e 448.233 310.099 7
e 726.441 88.859 4
e 408.744 283.28 4
e 705.689 389.28 8
e 339.667 156.436 6
e 669.311 548.75 11
e 737.229 674.221 10
e 357.717 103.171 5
e 701.228 54.1631 6
e 29.7839 121.04 5
e 460.987 163.655 3
e 827.78 522.959 19
e 689.756 218.285 8
e 777.557 205.49 6
e 282.081 166.829 9
e 732.422 219.409 6
e 768.114 614.892 7
e 699.046 258.02 8
e 659.028 164.22 7
e 246.561 162.167 8
e 793.748 583.55 10
e 978.747 173.266 10
e 294.485 364.123 8
e 690.283 529.231 5
e 716.521 612.481 8
e 779.486 208.218 8
e 308.996 382.311 10
e 367.692 404.748 9
e 784.54 522.906 13
e 325.368 451.863 9
e 530.462 223.261 6
e 440.108 316.652 9
e 371.036 181.967 7
e 294.372 354.242 11
e 939.954 332.62 6
e 456.941 318.757 8
e 458.493 318.892 9
e 650.886 156.875 5
e 590.824 485.156 7
e 516.153 605.255 10
e 757.82 644.194 7
e 707.968 552.237 12
e 350.836 496.678 6
e 811.6 598.299 8
e 568.404 488.925 8
e 763.814 647.568 11
e 334.528 423.604 9
e 689.816 209.607 8
e 508.075 451.419 6
e 739.707 569.489 13
e 771.503 571.391 11
e 741.771 648.334 12
e 436.241 400.664 7
e 816.331 526.011 8
e 442.389 305.765 15
e 598.216 583.845 7
e 737.662 589.594 8
e 646.362 252.03 7
e 449.888 162.919 12
e 598.079 156.488 12
e 701.957 137.246 16
e 600.549 150.446 17
e 602.45 146.653 14
e 694.874 136.208 16
e 729.205 113.265 16
e 614.814 150.227 18
e 606.514 160.525 12
e 656.704 122.231 8
e 518.001 138.665 14
e 645.881 176.041 11
e 613.014 152.972 10
e 516.711 135.343 15
e 514.153 135.53 19
e 654.347 163.216 15
e 665.887 162.007 12
e 592.256 155.288 11
e 644.996 101.245 13
e 665.968 158.729 9
e 743.005 93.8855 12
e 514.209 139.218 14
e 737.053 113.88 13
e 606.45 146.017 10
e 588.68 395.776 8
e 766.693 187.303 16
e 846.197 298.465 14
e 784.451 338.086 14
e 1041.64 293.793 11
e 837.58 349.962 14
e 1052.43 417.752 9
e 870.974 440.415 12
e 851.105 337.824 10
e 750.465 317.228 10
e 665.614 391.384 14
e 886.741 293.12 10
e 1047.28 308.797 16
e 741.649 321.788 9
e 434.429 322.403 16
e 437.673 326.318 12
e 743.782 318.924 8
e 875.114 296.353 7
e 869.541 440.296 7
e 1048.17 294.671 14
e 791.843 525.944 11
e 785.305 341.851 8
e 678.71 376.312 9
e 801.634 622.831 10
e 716.001 86.721 7
e 395.612 376.295 6
e 371.916 282.696 9
e 399.972 341.642 10
e 256.41 115.883 8
e 330.923 497.693 13
e 700.146 557.387 8
e 308.549 406.185 12
e 652.849 519.377 9
e 725.977 93.01 6
e 700.566 86.0799 9
e 621.562 252.053 9
e 726.731 577.151 7
e 283.241 370.674 8
e 746.524 611.901 5
e 752.999 195.376 7
e 703.772 54.1512 9
e 721.652 91.5007 7
e 660.796 152.059 16
e 659.415 152.078 6
e 687.255 167.965 11
e 290.744 408.909 8
e 803.319 606.743 4
e 661.216 582.506 6
e 599.933 530.447 11
e 387.156 413.737 10
e 572.206 493.676 12
e 797.738 585.586 10
e 689.949 580.627 9
e 601.013 543.837 8
e 294.556 412.608 8
e 699.835 566.531 12
e 669.061 524.707 11
e 338.691 293.84 10
e 533.471 467.883 7
e 753.446 551.741 8
e 696.484 230.04 4
e 205.224 343.864 5
e 683.799 316.412 7
e 878.874 315.951 11
e 879.027 314.805 13
e 876.064 314.204 12
e 868.95 298.929 5
e 1067.02 409.364 12
e 807.461 623.173 13
e 619.616 303.394 7
e 500.4 337.785 7
e 698.833 614.971 8
e 804.214 618.112 7
e 448.439 311.629 8
e 825.837 603.061 6
e 227.316 576.293 17
e 647.373 469.722 10
