c json/large_peaks_CH
p rectangle 4345 1080 720
e 397.225 123.421 18
e 396.751 118.557 21
e 396.416 118.363 16
e 444.625 76.5188 12
e 389.353 234.621 17
e 503.352 307.794 17
e 940.014 392.589 23
e 798.614 526.677 24
e 419.391 621.696 8
e 423.023 462.196 11
e 783.556 527.538 6
e 404.492 582.447 10
e 1045.35 363.93 37
e 450.782 125.902 15
e 299.71 313.41 10
e 529.015 283.129 11
e 456.968 157.793 9
e 391.282 569.823 8
e 384.361 571.509 9
e 365.84 400.879 8
e 375.221 570.372 9
e 442.864 456.55 9
e 852.12 335.522 13
e 894.23 321.886 10
e 576.425 390.646 7
e 918.197 386.19 13
e 453.237 343.188 14
e 403.414 600.272 13
e 313.828 579.028 14
e 201.725 129.863 13
e 205.559 122.694 9
e 58.1088 315.8 12
e 399.991 336.367 14
e 594.652 572.39 11
e 299.907 408.18 12
e 738.716 388.765 11
e 587.453 346.128 9
e 429.115 36.854 14
e 684.407 374.07 13
e 765.694 486.093 8
e 280.671 265.087 11
e 544.162 381.801 9
e 583.456 400.265 6
e 688.168 457.182 12
e 385.967 85.127 12
e 331.179 331.762 10
e 757.136 454.187 5
e 607.571 367.459 9
e 474.061 106.767 15
e 712.222 262.946 13
e 883.541 368.726 9
e 875.375 376.026 5
e 433.83 630.379 12
e 487.904 601.823 12
e 724.688 236.871 11
e 794.234 409.448 9
e 537.374 360.382 14
e 409.164 263.971 12
e 502.802 601.163 23
e 824.206 452.281 12
e 398.608 284.015 12
e 648.191 369.727 7
e 669.653 442.746 10
e 411.303 580.942 6
e 668.303 451.168 12
e 443.032 334.165 13
e 480.741 247.813 10
e 408.112 241.734 10
e 449.688 289.318 8
e 397.826 133.635 13
e 399.838 134.089 8
e 554.687 301.027 12
e 461.763 138.928 12
e 670.508 453.392 12
e 906.703 330.703 9
e 403.022 589.464 11
e 660.05 681.517 17
e 421.548 415.99 6
e 425.483 191.09 11
e 271.675 213.624 14
e 904.211 337.188 11
e 572.473 254.907 18
e 637.664 331.175 13
e 313.663 227.509 12
e 752.492 438.455 10
e 580.375 371.657 11
e 767.526 275.301 8
e 334.355 201.655 8
e 726.423 264.124 11
e 421.36 82.9291 8
e 757.31 427.01 16
e 752.139 289.753 26
e 488.369 420.023 9
e 823.717 205.154 8
e 818.106 305.382 11
e 813.117 526.76 10
e 905.06 432.47 11
e 291.418 221.034 7
e 435.19 574.477 11
e 431.562 578.664 9
e 435.15 608.29 9
e 347.798 273.838 9
e 622.801 707.606 6
e 567.835 288.604 11
e 434.472 335.827 13
e 588.087 276.28 10
e 353.194 262.033 10
e 398.617 573.847 10
e 356.984 568.974 10
e 739.298 554.707 12
e 414.712 199.827 9
e 464.881 588.575 8
e 597.202 460.22 9
e 407.055 246.558 10
e 307.918 191.509 8
e 781.509 513.903 32
e 781.55 514.126 20
e 477.423 315.296 10
e 411.314 261.995 12
e 703.833 453.277 6
e 318.543 309.615 12
e 305.174 300.122 10
e 538.88 367.313 15
e 795.245 523.609 15
e 572.322 342.176 17
e 599.535 345.18 10
e 855.514 328.556 3
e 487.002 295.428 10
e 938.451 392.044 23
e 797.81 526.283 21
e 737.254 261 11
e 471.697 126.579 8
e 517.845 363.624 10
e 832.857 219.789 9
e 565.307 337.845 10
e 493.534 301.62 8
e 383.091 76.8502 11
e 462.593 108.042 9
e 392.159 98.4129 9
e 889.342 366.995 13
e 886.913 367.66 9
e 400 124.736 8
e 470.59 371.203 11
e 465.552 588.973 10
e 647.526 406.494 15
e 566.21 339.504 9
e 377.595 622.313 10
e 756.157 484.612 12
e 508.535 181.757 9
e 426.601 319.538 12
e 733.393 506.883 12
e 484.269 235.895 15
e 677.423 443.694 11
e 734.561 299.931 11
e 384.691 538.178 10
e 580.005 679.002 10
e 291.944 257.788 11
e 429.606 131.678 9
e 353.66 528.57 9
e 300.533 224.663 11
e 486.617 322.518 11
e 420.073 574.09 6
e 294.061 203.327 16
e 278.998 205.216 11
e 337.232 534.551 9
e 454.565 443.281 11
e 468.06 266.407 11
e 346.947 318.561 10
e 582.191 578.816 8
e 456.251 361.15 15
e 697.864 473.14 7
e 428.731 372.289 10
e 428.588 408.664 8
e 694.82 636.58 9
e 798.128 403.465 13
e 233.71 263.69 7
e 701.851 431.816 15
e 271.148 290.843 8
e 704.185 385.943 12
e 325.342 258.741 18
e 393.338 567.088 11
e 503.774 246.742 18
e 693.192 414.72 17
e 726.499 404.458 17
e 306.774 247.617 13
e 364.515 230.385 13
e 972.457 374.025 17
e 503.069 176.531 13
e 418.144 440.477 10
e 554.318 317.367 15
e 693.816 373.858 16
e 467.266 79.1559 36
e 651.037 369.438 18
e 836.101 448.437 16
e 745.642 498.404 15
e 707.548 437.059 17
e 371.431 566.801 16
e 521.126 264.378 18
e 514.156 262.727 14
e 459.959 226.225 14
e 463.517 418.924 13
e 726.555 590.915 10
e 538.189 348.424 10
e 522.671 343.241 9
e 324.148 339.089 9
e 580.906 430.59 28
e 1024.34 425.432 11
e 841.312 433.541 5
e 962.012 190.38 14
e 959.923 144.601 13
e 952.766 367.829 14
e 912.879 387.293 11
e 704.132 267.332 13
e 286.817 268.816 16
e 804.35 421.605 11
e 266.48 265.824 20
e 265.008 264.599 15
e 254.626 295.542 15
e 218.691 237.785 16
e 260.559 282.743 17
e 255.776 252.395 15
e 277.701 286.608 15
e 279.019 287.604 15
e 257.016 254.83 10
e 249.814 243.408 12
e 225.983 250.882 11
e 647.673 297.785 8
e 747.308 266.553 10
e 864.753 332.598 12
e 821.486 242.135 14
e 690.178 431.151 14
e 587.101 377.703 11
e 563.298 338.189 9
e 667.227 64.2751 19
e 667.453 109.704 14
e 605.495 597.784 16
e 411.544 69.3524 12
e 436.267 100.821 18
e 380.168 226.23 18
e 519.768 193.122 15
e 815.916 541.244 11
e 387.55 71.0666 15
e 771.533 331.07 10
e 347.54 256.034 17
e 395.024 357.053 12
e 718.668 312.611 5
e 430.335 104.442 11
e 325.09 391.938 9
e 636.602 466.858 10
e 405.441 244.596 10
e 462.655 593.834 11
e 841.429 221.182 11
e 404.126 320.392 10
e 466.664 302.284 10
e 576.623 558.936 9
e 447.85 362.146 15
e 343.765 250.926 11
e 601.058 462.501 11
e 846.231 380.72 15
e 808.857 386.689 16
e 868.527 438.67 13
e 655.027 603.918 9
e 689.281 542.777 10
e 703.77 528.451 12
e 677.446 358.969 5
e 335.937 136.43 19
e 258.652 153.743 21
e 264.43 160.533 17
e 186.249 167.505 17
e 333.665 77.5876 14
e 242.741 119.35 16
e 212.505 222.874 15
e 207.735 82.667 13
e 178.138 141.899 15
e 192.035 84.7588 18
e 298.89 28.815 14
e 175.751 111.289 17
e 191.537 107.427 16
e 280.06 104.824 18
e 229.625 225.475 21
e 360.386 52.8403 19
e 268.313 74.7143 19
e 263.938 223.365 19
e 256.717 256.853 19
e 386.016 104.722 14
e 250.659 183.31 18
e 179.047 145.436 14
e 170.384 184.399 20
e 256.686 17.4061 18
e 239.916 23.4016 15
e 269.647 205.338 13
e 165.573 186.918 18
e 213.733 72.8802 14
e 256.129 149.488 17
e 262.471 156.751 12
e 263.97 172.417 11
e 204.88 431.208 13
e 266.787 161.114 12
e 287.556 174.21 22
e 211.275 97.7945 13
e 296.739 31.2612 19
e 358.628 56.6591 13
e 255.007 15.7399 17
e 256.624 469.252 9
e 425.732 91.9234 10
e 498.055 234.288 11
e 621.666 587.162 10
e 555.233 263.372 11
e 903.985 332.745 10
e 458.019 376.448 6
e 831.362 236.452 9
e 658.503 433.532 10
e 795.718 420.575 10
e 410.179 136.195 6
e 430.749 335.484 5
e 688.155 442.394 6
e 704.071 537.276 12
e 671.435 450.813 6
e 339.011 291.551 5
e 462.445 428.39 8
e 526.422 210.608 8
e 676.532 301.585 17
e 804.441 366.746 13
e 805.645 366.412 12
e 804.319 367.946 11
e 310.896 217.992 4
e 339.689 192.496 6
e 317.458 30.0734 16
e 255.038 258.218 7
e 481.007 124.042 15
e 797.641 456.983 8
e 844.954 340.824 9
e 365.506 282.567 18
e 840.391 349.968 9
e 421.358 248.421 14
e 362.836 224.373 20
e 423.594 236.576 13
e 424.129 248.641 13
e 330.478 324.271 13
e 471.129 320.391 9
e 870.931 278.4 20
e 891.784 287.226 17
e 864.247 252.351 15
e 820.89 217.844 13
e 492.134 113.022 14
e 360.374 193.148 13
e 358.161 90.0039 12
e 310.744 216.323 12
e 463.295 260.668 8
e 357.898 196.745 11
e 411.762 91.9068 7
e 426.253 347.047 10
e 481.226 383.187 9
e 350.917 560.739 13
e 723.951 445.622 7
e 761.225 393.068 11
e 307.169 295.196 10
e 545.996 304.077 13
e 383.138 80.5396 9
e 369.899 290.069 10
e 694.699 589.213 24
e 566.465 156.906 9
e 298.3 50.4982 15
e 273.06 104.148 9
e 194.786 98.1367 16
e 196.8 101.166 14
e 223.703 198.362 13
e 159.992 248.396 14
e 227.375 201.512 15
e 259.531 254.25 14
e 188.739 167.355 11
e 337.715 140.377 14
e 257.855 50.2766 13
e 258.765 165.095 15
e 222.165 197.477 10
e 203.785 107.793 13
e 275.174 174.495 17
e 273.259 289.711 10
e 230.677 43.6812 9
e 340.504 196.63 7
e 656.03 443.25 11
e 867.863 445.593 12
e 307.399 210.313 10
e 471.156 107.209 10
e 495.923 410.172 5
e 651.063 257.778 6
e 665.494 416.657 11
e 696.203 261.78 14
e 704.862 270.593 18
e 712.718 171.329 13
e 851.197 166.753 17
e 850.294 161.772 16
e 744.633 149.604 7
e 705.24 81.4483 17
e 383.301 199.398 11
e 710.523 187.771 13
e 431.033 51.667 21
e 864.023 163.694 23
e 863.924 163.379 16
e 864.18 164.644 24
e 864.044 164.32 28
e 427.343 123.588 8
e 714.672 186.994 11
e 682.39 444.959 7
e 753.619 277.895 10
e 517.149 419.199 10
e 459.913 155.115 9
e 563.924 344.539 6
e 244.06 133.884 10
e 857.409 285.401 10
e 199.282 124.024 9
e 451.187 614.537 13
e 345.794 271.28 12
e 362.066 217.246 11
e 338.578 234.502 8
e 549.045 293.281 14
e 872.462 347.829 11
e 560.081 291.37 11
e 858.549 326.683 5
e 421.885 598.522 13
e 390.32 43.092 11
e 782.482 324.869 5
e 636.76 287.76 11
e 220.828 256.892 10
e 773.632 272.55 9
e 309.17 511.405 8
e 380.773 255.299 10
e 660.671 430.863 9
e 174.187 110.93 14
e 267.073 10.1551 16
e 605.023 109.184 16
e 276.03 22.235 11
e 390.238 37.5702 12
e 696.635 54.4353 14
e 416.047 593.146 13
e 504.574 312.079 8
e 777.045 340.106 12
e 537.9 234.692 12
e 749.378 277.899 8
e 296.723 58.0467 19
e 433.102 254.365 11
e 723.159 510.844 9
e 355.632 541.577 13
e 379.439 551.258 11
e 327.019 582.184 6
e 456.05 345.629 8
e 539.885 351.885 11
e 530.517 346.914 12
e 596.671 221.793 6
e 801.88 379.874 16
e 662.341 100.913 9
e 525.958 338.612 9
e 799.747 420.644 14
e 171.392 419.851 9
e 980.654 377.562 23
e 533.865 332.525 18
e 779.438 521.471 7
e 537.28 588.983 11
e 531.204 224.83 10
e 753.099 454.855 10
e 568.07 317.563 10
e 784.002 247.862 27
e 291.802 509.855 11
e 289.979 533.314 14
e 320.165 553.006 9
e 254.128 247.489 7
e 326.727 550.56 9
e 315.525 548.314 14
e 369.493 310.354 10
e 611.91 348.916 12
e 725.503 466.021 11
e 423.607 627.532 10
e 742.246 424.59 12
e 793.279 507.246 13
e 464.167 591.275 11
e 897.609 433.576 8
e 424.453 288.989 6
e 477.053 568.111 11
e 440.976 330.829 9
e 1034.06 418.738 10
e 819.24 304.167 21
e 339.848 573.969 12
e 313.029 213.982 9
e 571.805 342.878 13
e 767.306 512.788 8
e 654.951 487.908 14
e 718.247 465.972 12
e 683.85 633.556 12
e 819.664 338.557 13
e 399.51 588.176 9
e 533.852 362.635 15
e 498.91 415.799 12
e 312.097 316.924 18
e 330.134 312.138 12
e 494.696 256.495 10
e 392.303 571.766 9
e 575.625 324.184 12
e 640.685 659.826 7
e 336.996 319.682 9
e 757.196 280.759 15
e 468.487 596.207 7
e 884.15 358.231 6
e 436.437 66.3176 10
e 487.785 272.076 13
e 456.077 152.322 12
e 411.921 344.911 7
e 565.347 258.178 19
e 564.784 269.401 17
e 574.55 361.709 11
e 537.79 372.182 11
e 575.75 406.43 7
e 660.603 461.843 9
e 528.963 228.49 7
e 366.957 59.5047 7
e 349.799 315.709 9
e 601.016 432.91 9
e 416.465 590.593 11
e 542.16 366.164 13
e 300.5 301.349 10
e 677.082 570.674 10
e 571.902 379.847 16
e 459.97 74.665 10
e 758.239 456.624 10
e 450.595 589.349 11
e 569.776 259.091 15
e 879.985 368.174 6
e 483.208 355.187 9
e 402.675 135.845 11
e 366.77 284.231 14
e 520.332 287.693 13
e 538.799 305.926 13
e 443.685 60.0734 39
e 444.823 60.4104 15
e 552.348 318.887 8
e 772.712 275.393 11
e 442.01 375.914 8
e 522.159 420.749 11
e 447.189 369.819 12
e 366 431.394 11
e 360.533 214.129 8
e 426.281 102.157 14
e 428.898 418.876 14
e 575.181 711.904 11
e 498.09 570.311 9
e 367.75 288.157 9
e 652.357 671.386 11
e 417.227 570.292 8
e 324.867 517.434 9
e 464.559 157.274 9
e 277.925 216.391 11
e 567.051 629.684 11
e 538.265 347.164 11
e 818.613 363.233 13
e 891.868 438.928 9
e 589.242 340.146 18
e 767.401 534.278 7
e 399.852 324.094 11
e 302.258 310.215 10
e 295.547 198.574 9
e 455.117 158.053 10
e 381.53 600.471 14
e 868.129 372.351 12
e 410.232 599.434 11
e 403.019 570.531 13
e 326.212 572.492 16
e 403.604 593.846 10
e 381.982 395.523 14
e 642.278 458.555 6
e 762.173 504.095 8
e 313.728 465.967 9
e 643.547 429.251 9
e 625.789 397.585 13
e 383.768 315.405 9
e 763.22 527.641 7
e 871.934 241.837 16
e 730.855 501.138 11
e 874.163 231.066 6
e 459.986 65.9705 27
e 849.616 185.214 13
e 404.79 128.454 10
e 455.935 209.227 9
e 422.292 277.554 11
e 412.184 561.478 10
e 672.342 82.8819 9
e 686.307 261.965 5
e 948.136 383.244 13
e 239.791 222.379 9
e 266.951 172.687 21
e 269.269 133.164 19
e 351.524 57.0857 11
e 351.727 55.498 14
e 353.327 315.068 7
e 443.189 586.44 9
e 350.245 427.42 7
e 441.744 581.372 8
e 247.089 129.934 10
e 241.671 129.08 11
e 207.518 85.98 9
e 233.969 70.7662 9
e 265.781 75.1817 9
e 622.409 399.017 7
e 725.904 446.867 8
e 416.177 607.657 14
e 456 138.193 19
e 461.668 305.975 10
e 957.823 376.341 13
e 957.658 373.871 17
e 740.35 449.767 11
e 673.808 426.077 20
e 405.092 329.313 19
e 675.709 394.61 11
e 399.297 154.634 10
e 0 122.922 16
e 416.765 339.722 14
e 438.067 369.365 12
e 534.154 263.646 9
e 556.748 280.95 11
e 788.989 479.334 6
e 784.038 478.639 11
e 586.832 698.033 20
e 181.078 180.391 15
e 214.915 196.131 15
e 213.381 194.787 17
e 324.895 194.318 16
e 222.867 109.256 15
e 258.671 157.299 18
e 352.958 116.104 14
e 311.236 183.045 19
e 287.957 176.014 9
e 317.668 68.4882 13
e 306.968 178.002 8
e 240.409 115.201 9
e 584.137 336.52 10
e 688.203 19.7546 8
e 915.577 342.326 13
e 437.001 106.181 10
e 458.621 126.818 11
e 758.409 485.456 5
e 489.546 382.033 9
e 326.131 329.63 9
e 340.651 313.935 11
e 338.164 237.655 10
e 449.979 60.2511 34
e 484.281 176.244 10
e 427.079 125.838 10
e 647.527 394.182 8
e 487.301 128.027 7
e 331.506 268.93 7
e 514.066 348.778 12
e 302.208 205.656 8
e 430.844 126.299 12
e 657.28 270.702 5
e 847.171 172.58 13
e 846.553 169.574 13
e 973.379 202.335 15
e 665.56 63.8724 8
e 326.774 592.736 19
e 320.094 331.216 12
e 658.064 438.493 10
e 441.507 373.709 15
e 825.62 550.591 17
e 404.763 563.015 13
e 670.828 665.134 12
e 331.835 344.792 15
e 481.469 243.69 15
e 397.292 111.923 12
e 754.341 483.778 8
e 790.679 531.458 9
e 648.157 387.418 26
e 436.257 426.747 10
e 426.595 421.487 12
e 588.843 629.264 13
e 381.68 555.576 15
e 286.101 318.182 9
e 729.671 443.703 15
e 807.259 212.753 14
e 441.716 263.732 13
e 455.85 107.206 11
e 400.482 145.78 15
e 477.707 312.841 11
e 628.134 439.908 14
e 446.092 77.4065 17
e 437.991 60.4265 15
e 645.319 391.595 13
e 611.327 322.693 12
e 410.013 609.97 12
e 687.91 482.563 13
e 365.023 564.952 12
e 350.813 243.365 17
e 702.06 533.209 10
e 764.824 461.678 12
e 577.2 398.703 9
e 330.707 286.416 11
e 416.16 278.546 10
e 678.317 446.46 15
e 456.879 313.014 10
e 390.873 575.158 11
e 480.009 313.535 13
e 479.172 320.713 12
e 487.856 277.403 11
e 723.275 506.952 16
e 281.4 289.387 25
e 468.439 350.779 12
e 762.881 268.09 12
e 903.6 419.539 10
e 768.239 512.64 13
e 451.488 341.72 15
e 315.195 197.787 11
e 336.211 243.644 7
e 360.353 445.548 12
e 560.154 298.759 11
e 412.063 566.619 14
e 907.053 198.929 11
e 615.776 307.602 18
e 353.87 203.615 10
e 956.099 378.665 12
e 692.889 549.982 12
e 422.045 568.36 15
e 362.435 277.662 11
e 774.737 339.714 12
e 802.921 420.823 15
e 539.139 379.566 11
e 680.194 559.07 12
e 585.147 355.788 11
e 621.946 589.339 10
e 383.468 600.121 11
e 589.199 632.22 8
e 915.82 400.46 18
e 721.949 446.01 11
e 517.522 298.522 18
e 446.957 226.641 9
e 832.623 218.402 14
e 695.549 547.132 11
e 694.159 547.649 18
e 476.865 623.98 9
e 420.499 265.428 10
e 296.569 263.18 11
e 925.459 384.685 10
e 904.511 431.733 11
e 612.503 308.887 12
e 476.214 108.34 11
e 726.56 456.685 7
e 865.149 342.513 11
e 686.78 463.372 8
e 767.743 486.203 12
e 328.012 317.592 12
e 447.33 360.035 14
e 315.255 307.842 6
e 807.044 229.562 9
e 696.767 451.144 15
e 505.056 260.513 14
e 866.122 448.853 11
e 483.787 593.488 12
e 348.748 562.671 7
e 410.159 568.53 12
e 905.605 431.266 11
e 704.146 383.491 14
e 487.162 297.839 19
e 543.845 364.878 14
e 382.638 614.95 15
e 665.977 600.198 11
e 566.838 270.392 19
e 377.467 570.87 13
e 332.282 236.374 10
e 706.028 456.597 20
e 385.427 567.604 10
e 595.025 391.321 14
e 389.494 92.2848 10
e 853.957 337.74 15
e 309.366 202.373 10
e 725.338 436.208 10
e 861.44 449.39 11
e 296.014 195.185 9
e 419.187 204.282 10
e 296.877 294.727 9
e 309.521 301.504 12
e 1033.24 328.05 8
e 269.928 180.978 10
e 861.215 177.242 6
e 922.036 315.539 12
e 659.034 182.017 6
e 787.152 408.102 14
e 272.232 106.137 10
e 731.938 291.758 13
e 477.259 380.471 11
e 342.676 313.275 11
e 419.017 34.3955 11
e 912.526 321.745 10
e 652.827 468.854 14
e 702.426 226.734 16
e 661.447 89.1244 19
e 963.483 176.176 15
e 564.993 164.142 14
e 685.362 53.6225 15
e 669.85 97.5867 14
e 648.167 96.0864 16
e 689.503 82.065 11
e 700.16 69.68 11
e 704.748 81.1894 13
e 967.257 143.589 13
e 676.711 277.081 13
e 717.914 128.179 12
e 703.208 80.7739 12
e 717.019 29.5221 13
e 701.122 47.1965 11
e 756.913 146.777 13
e 664.966 239.06 12
e 618.208 179.779 11
e 716.3 101.528 15
e 668.292 82.1536 5
e 706.701 82.5519 13
e 346.659 112.123 10
e 863.839 433.34 8
e 672.956 135.945 11
e 884.523 185.944 13
e 624.058 178.447 13
e 929.248 211.611 11
e 747.449 146.914 9
e 750.813 164.013 18
e 753.146 162.516 19
e 909.419 429.154 14
e 904.461 399.594 11
e 636.744 655.547 9
e 679.547 361.921 10
e 402.93 572.066 8
e 334.149 489.972 14
e 683.921 82.1582 11
e 688.732 78.0829 12
e 393.45 254.964 8
e 628.041 137.936 7
e 544.193 369.717 9
e 681.526 473.483 9
e 585.9 310.789 13
e 442.922 473.364 8
e 858.991 451.657 12
e 1013.79 411.826 13
e 173.679 182.15 16
e 183.244 169.666 10
e 404.033 222.28 8
e 564.245 255.318 11
e 898.923 402.788 14
e 300.613 244.191 15
e 508.137 292.374 10
e 312.301 231.236 11
e 366.114 533.065 11
e 340.213 572.007 10
e 659.592 433.959 10
e 271.908 373.694 10
e 451.946 582.44 8
e 428.79 597.311 10
e 702.056 381.792 6
e 347.354 524.76 5
e 406.718 434.003 12
e 726.01 252.095 10
e 900.599 406.082 13
e 322.85 582.87 10
e 413.751 575.263 7
e 523.984 361.066 13
e 425.48 384.75 16
e 341.734 223.138 14
e 684.655 447.028 14
e 455.706 592.014 11
e 331.7 101.084 12
e 791.977 461.47 9
e 589.221 630.136 8
e 408.703 568.409 13
e 681.914 446.246 10
e 781.241 295.359 5
e 430.589 562.507 11
e 853.01 313.607 8
e 429.521 617.275 5
e 496.605 312.782 12
e 366.747 457.334 10
e 571.804 375.694 9
e 746.4 441.735 17
e 708.471 378.782 5
e 732.059 454.849 6
e 788.663 515.825 9
e 539.84 415.644 8
e 570.518 260.328 13
e 739.451 439.589 6
e 460.366 107.048 10
e 561.046 346.598 11
e 455.958 272.808 8
e 703.552 534.837 8
e 907.943 422.677 8
e 541.591 355.085 13
e 270.832 215.215 9
e 764.671 426.799 10
e 353.135 557.334 12
e 383.651 563.688 8
e 317.647 590.997 9
e 785.032 254.788 13
e 785.226 256.057 9
e 396.709 128.471 12
e 516.974 185.598 18
e 310.539 207.508 7
e 511.981 272.458 8
e 331.445 257.31 7
e 448.097 60.5019 22
e 727.585 257.085 10
e 954.978 377.249 7
e 299.156 295.156 12
e 691.667 558.105 5
e 678.691 504.667 6
e 446.074 383.63 13
e 431.004 323.937 8
e 411.862 229.282 12
e 364.478 213.413 9
e 333.924 209.07 10
e 531.048 221.688 11
e 415.083 56.8504 9
e 426.283 428.455 10
e 926.024 397.773 15
e 507.24 631.879 10
e 793.334 522.225 8
e 789.351 480.779 9
e 812.712 527.056 9
e 832.616 378.908 10
e 672.802 392.938 10
e 550.758 347.555 10
e 507.726 416.663 10
e 628.214 398.162 9
e 793.2 424.114 9
e 584.876 156.123 14
e 1060.7 406.216 8
e 485.84 356.102 8
e 697.085 544.96 7
e 379.849 536.32 9
e 614.664 294.091 14
e 689.752 459.093 15
e 794.148 517.773 18
e 492.39 292.862 9
e 493.861 290.339 8
e 522.131 421.452 6
e 908.657 197.853 14
e 347.039 292.567 8
e 306.018 83.5665 11
e 584.148 314.469 10
e 443.366 307.098 12
e 613.59 402.192 8
e 557.926 470.168 10
e 579.043 257.28 11
e 364.345 448.301 12
e 449.909 584.379 12
e 331.701 199.016 13
e 663.606 421.433 14
e 647.722 437.512 11
e 399.138 548.148 13
e 937.722 367.551 10
e 393.829 542.612 10
e 440.458 60.0392 50
e 442.484 60.492 47
e 679.999 475.273 9
e 644.661 679.25 9
e 110.031 377.141 15
e 310.628 77.3798 15
e 269.878 253.746 17
e 251.379 250.95 24
e 216.002 219.33 15
e 213.091 120.653 19
e 171.878 182.894 18
e 269.632 230.362 17
e 258.194 223.725 14
e 187.435 156.682 24
e 266.868 230.191 13
e 268.375 228.308 11
e 406.199 37.0496 11
e 240.226 178.327 13
e 375.271 104.865 15
e 313.883 570.207 15
e 349.76 132.716 13
e 237.056 179.285 11
e 342.606 87.5068 9
e 396.663 134.74 8
e 521.299 293.426 10
e 506.571 239.748 9
e 420.668 427.614 11
e 496.48 230.773 8
e 434.053 406.778 14
e 495.493 413.164 11
e 574.273 394.996 12
e 702.518 470.956 7
e 368.95 587.321 9
e 312.334 586.635 4
e 442.953 601.37 13
e 779.398 391.22 11
e 891.538 332.734 9
e 626.448 362.713 11
e 377.445 212.626 10
e 432.103 69.9526 13
e 429.582 123.164 6
e 559.561 374.17 12
e 571.205 446.748 13
e 575.24 449.918 4
e 923.167 206.219 22
e 402.108 55.0383 10
e 388.623 579.157 10
e 690.193 399.176 12
e 740.705 445.932 11
e 611.042 311.719 12
e 300.77 589.049 5
e 484.161 378.086 16
e 487.501 382.735 13
e 906.673 419.608 8
e 463.511 197.15 10
e 370.865 571.85 12
e 375.06 572.523 13
e 407.684 142.073 7
e 481.141 389.933 9
e 384.256 578.587 10
e 486.987 108.746 5
e 559.764 293.37 11
e 588.555 636.134 9
e 715.246 237.1 14
e 388.971 201.205 12
e 413.399 285.354 9
e 498.981 293.512 10
e 338.562 548.981 7
e 386.71 596.861 11
e 321.728 594.699 5
e 284.454 248.517 12
e 555.148 342.486 15
e 351.627 516.37 8
e 406.789 569.075 6
e 818.264 442.665 14
e 508.341 425.471 12
e 364.584 570.986 9
e 716.268 520.951 10
e 687.51 567.752 10
e 462.46 305.098 5
e 391.38 538.274 8
e 704.485 455.292 10
e 336.574 256.41 10
e 338.655 256.734 9
e 657.135 386.359 12
e 618.927 480.663 12
e 626.134 586.287 12
e 523.391 213.168 9
e 393.971 578.791 8
e 599.546 714.134 10
e 421.718 341.83 9
e 459.697 585.891 8
e 412.943 582.374 12
e 669.97 428.587 17
e 407.978 549.655 7
e 770.001 471.039 9
e 750.604 451.984 11
e 544.248 323.306 11
e 906.266 235.469 11
e 639.175 253.491 10
e 720.337 229.817 20
e 718.001 233.691 19
e 331.995 286.033 11
e 331.537 289.223 6
e 673.428 246.499 18
e 744.128 132.131 18
e 555.492 227.732 17
e 835.419 169.411 19
e 480.172 158.774 31
e 665.638 243.111 13
e 617.671 178.587 15
e 842.055 154.703 18
e 1030.08 260.548 13
e 558.489 229.153 14
e 864.753 165.974 19
e 484.837 163.585 15
e 702.996 249.123 21
e 633.861 229.769 17
e 594.878 124.963 22
e 968.858 285.15 16
e 966.173 198.449 13
e 489.63 169.04 16
e 808.696 202.113 14
e 543.198 222.879 17
e 855.474 178.43 18
e 988.033 201.938 13
e 492.78 144.019 15
e 958.455 272.732 14
e 761.234 147.404 14
e 838.823 168.692 13
e 786.609 245.814 18
e 836.546 168.956 15
e 784.484 247.701 11
e 862.454 154.819 13
e 859.951 169.961 12
e 847.065 172.095 11
e 900.448 194.303 27
e 899.618 194.289 29
e 493.258 171.811 15
e 762.24 147.562 11
e 751.207 145.245 13
e 863.68 161.953 32
e 863.245 168.454 11
e 767.553 185.081 12
e 466.997 80.5838 14
e 785.502 242.461 11
e 441.522 32.8713 12
e 430.394 34.9177 14
e 513.338 183.027 11
e 863.245 167.716 14
e 411.677 31.778 11
e 510.934 178.43 12
e 954.958 272.059 13
e 933.797 202.412 12
e 392.607 104.781 13
e 407.666 16.2777 15
e 465.627 84.2707 13
e 857.073 169.728 13
e 862.526 168.796 16
e 785.144 246.642 11
e 821.005 219.135 10
e 859.921 182.659 5
e 590.006 216.423 7
e 786.717 332.485 13
e 248.954 242.904 11
e 305.132 169.902 8
e 169.968 464.122 10
e 466.518 100.224 11
e 235.508 59.6241 8
e 242.085 117.996 16
e 661.678 244.584 11
e 598.051 244.23 19
e 578.541 231.586 20
e 578.933 234.439 21
e 679.727 154.131 17
e 664.995 238.401 16
e 662.196 245.466 17
e 564.54 242.851 33
e 563.491 243.202 18
e 566.775 243.591 43
e 567.453 244.579 26
e 714.022 29.7662 18
e 661.45 79.176 17
e 588.956 220.275 17
e 642.031 178.201 21
e 586.688 233.409 35
e 601.783 231.865 20
e 583.966 142.672 18
e 665.995 103.603 20
e 601.226 232.141 21
e 630.597 256.061 18
e 618.533 238.057 16
e 676.703 170.753 14
e 634.298 170.535 19
e 578.149 232.226 18
e 667.906 110.238 19
e 408.622 35.2698 6
e 270.496 223.133 20
e 361.205 87.9118 17
e 206.622 106.732 18
e 192.576 78.5292 18
e 270.436 287.098 17
e 308.828 72.8825 17
e 352.408 101.33 16
e 351.287 104.598 17
e 183.062 150.2 14
e 187.311 75.2073 21
e 229.195 32.6391 16
e 308.601 75.7168 15
e 284.699 22.8889 17
e 354.341 99.6131 16
e 231.003 67.0241 20
e 335.125 58.0508 20
e 251.116 199.574 19
e 242.188 147.373 37
e 194.589 97.2197 18
e 189.553 163.779 19
e 178.029 131.019 20
e 238.63 137.979 20
e 164.064 145.068 18
e 346.886 75.0427 19
e 250.647 149.513 20
e 309.012 74.4925 18
e 193.051 86.7606 18
e 310.69 93.3482 17
e 342.765 120.729 22
e 195.813 76.8383 21
e 172.041 118.587 22
e 351.303 50.0679 26
e 177.7 108.624 20
e 196.037 88.3246 19
e 347.258 63.1238 27
e 200.524 81.2325 17
e 371.765 71.4371 15
e 201.257 81.7449 18
e 322.964 87.5735 18
e 174.387 178.175 16
e 336.223 199.612 18
e 346.139 71.9443 17
e 379.232 136.058 21
e 230.755 32.9522 21
e 239.839 142.928 21
e 9.10742 220.4 22
e 278.419 41.5681 15
e 254.33 249.194 15
e 260.386 154.537 20
e 184.552 168.938 15
e 359 92.2003 15
e 338.661 128.211 18
e 166.585 143.962 14
e 172.088 120.896 16
e 10.6495 221.898 22
e 259.173 17.5189 16
e 196.686 157.406 21
e 245.595 239.576 14
e 174.889 135.605 18
e 256.455 143.065 15
e 175.826 126.39 20
e 346.758 63.0602 17
e 265.729 230.889 18
e 362.55 84.2945 18
e 281.102 297.325 20
e 278.751 59.6203 17
e 177.03 139.869 16
e 347.43 65.0183 16
e 194.957 155.545 18
e 180.699 99.5493 20
e 269.497 11.7459 18
e 279.682 293.029 19
e 316.364 41.0302 15
e 231.949 62.3095 13
e 315.53 181.697 18
e 240.582 144.6 16
e 222.84 214.028 17
e 249.058 140.711 16
e 175.592 178.478 15
e 380.314 101.903 18
e 345.714 67.1126 30
e 227.366 75.7657 12
e 345.828 68.1527 31
e 226.033 30.2303 15
e 248.673 80.3491 13
e 180.331 109.602 17
e 350.466 53.0022 13
e 183.896 134.449 13
e 419.616 259.414 13
e 319.304 183.715 9
e 796.061 358.803 7
e 396.98 81.0889 9
e 846.485 346.578 11
e 543.861 385.567 10
e 688.597 461.943 11
e 668.271 361.084 12
e 216.175 174.71 8
e 520.472 331.499 11
e 286.27 255.159 10
e 630.197 415.293 11
e 763.838 314.984 11
e 234.742 223.851 10
e 169.619 191.879 12
e 182.444 148.855 15
e 260.205 220.247 16
e 262.193 268.363 14
e 820.055 196.621 6
e 631.927 168.236 11
e 647.861 151.11 17
e 934.23 190.217 15
e 834.349 170.399 19
e 962.378 179.443 20
e 605.744 226.768 13
e 570.14 150.779 18
e 765.665 176.376 15
e 666.862 236.269 13
e 657.138 199.769 17
e 571.298 146.536 15
e 701.606 282.313 14
e 619.783 273.216 14
e 795.21 232.219 13
e 642.644 247.608 19
e 705.282 115.128 17
e 649.54 148.647 17
e 710.74 169.19 24
e 570.534 213.394 17
e 702.13 254.939 17
e 935.676 164.907 17
e 661.938 261.983 18
e 606.769 199.911 17
e 621.929 180.148 18
e 588.023 262.126 20
e 764.847 208.234 18
e 595.982 214.02 17
e 798.268 235.102 17
e 571.881 206.209 18
e 895.853 193.397 24
e 767.68 177.079 19
e 572.696 152.789 19
e 644.7 260.717 15
e 577.128 224.579 15
e 565.149 153.268 22
e 768.245 191.42 15
e 642.496 253.566 14
e 510.841 128.976 16
e 720.539 207.637 18
e 628.262 231.071 17
e 591.504 235.913 16
e 947.948 254.469 18
e 639.271 230.132 16
e 596.727 233.353 20
e 565.516 152.337 21
e 590.407 225.428 34
e 570.801 145.133 17
e 849.237 165.987 25
e 799.774 241.43 14
e 658.064 267.734 15
e 482.847 101.045 16
e 831.066 173.237 25
e 829.978 173.241 27
e 654.553 252.138 15
e 756.835 151.765 12
e 596.758 204.208 14
e 808.794 205.86 15
e 666.049 158.755 11
e 653.02 251.291 11
e 487.738 147.777 13
e 758.256 159.561 12
e 467.988 98.2738 15
e 626.018 173.592 10
e 597.326 141.704 14
e 764.249 240.513 13
e 672.263 148.958 13
e 633.337 230.418 16
e 786.652 244.368 15
e 744.882 242.853 13
e 968.568 171.471 15
e 864.8 167.753 23
e 861.358 168.869 25
e 863.451 168.493 22
e 620.123 261.873 9
e 771.747 245.842 16
e 765.188 243.269 11
e 488.452 109.708 15
e 567.874 153.118 12
e 787.03 239.785 16
e 764.492 200.221 12
e 759.4 163.111 26
e 762.443 167.084 22
e 764.592 169.347 14
e 592.001 243.166 11
e 465.957 82.9023 13
e 714.47 194.196 13
e 959.122 183.701 14
e 594.337 167.931 13
e 949.135 155.282 14
e 571.058 228.053 17
e 600.83 126.139 13
e 570.684 250.861 13
e 807.995 200.411 11
e 678.595 260.599 14
e 757.369 158.784 14
e 678.645 181.891 12
e 771.451 147.954 11
e 765.424 202.613 12
e 650.546 252.456 14
e 647.233 251.838 15
e 763.401 195.893 11
e 765.546 169.939 14
e 688.723 272.397 12
e 722.21 211.964 14
e 573.35 253.382 14
e 635.44 217.798 11
e 614.333 145.873 12
e 570.63 159.19 11
e 749.863 146.037 12
e 618.304 110.281 12
e 557.549 241.613 10
e 763.309 198.026 14
e 974.437 286.911 14
e 627.568 175.093 13
e 949.225 157.951 14
e 702.291 207.685 14
e 630.06 165.072 16
e 491.371 97.1297 14
e 458.828 62.8846 29
e 665.583 240.14 12
e 710.139 8.47808 10
e 688.13 280.561 12
e 754.421 146.548 14
e 600.395 201.213 12
e 949.136 150.202 13
e 699.814 193.497 10
e 583.414 258.663 14
e 620.886 112.87 11
e 499.012 128.203 14
e 574.199 231.249 34
e 575.05 230.919 17
e 585.089 236.726 14
e 761.819 165.105 15
e 758.924 159.83 14
e 644.674 219.787 11
e 587.083 239.036 12
e 489.282 145.948 10
e 570.556 223.735 13
e 570.688 199.228 13
e 959.035 280.263 10
e 764.396 230.265 12
e 617.342 108.402 12
e 847.88 177.131 14
e 635.924 168.33 14
e 755.058 225.014 14
e 630.708 165.788 14
e 587.492 231.409 17
e 660.423 194.18 15
e 712.165 235.682 15
e 608.227 154.667 15
e 639.042 164.377 13
e 691.336 282.102 11
e 510.9 176.981 13
e 494.55 141.546 16
e 970.039 217.989 13
e 643.665 257.598 13
e 463.775 70.7005 17
e 606.088 273.082 14
e 841.019 169.198 13
e 570.34 192.369 13
e 575.11 229.508 16
e 755.099 146.254 12
e 594.261 213.464 14
e 703.204 258.291 16
e 956.067 268.964 13
e 936.65 164.546 22
e 628.616 222.44 10
e 630.967 229.359 16
e 632.519 218.551 18
e 757.585 153.433 16
e 756.344 146.215 15
e 465.055 88.5634 29
e 570.203 187.42 27
e 714.438 195.749 13
e 759.126 225.96 12
e 636.361 209.762 12
e 664.835 245.09 12
e 710.495 235.916 13
e 972.475 166.007 16
e 836.223 169.277 13
e 837.353 169.301 25
e 624.052 177.043 12
e 992.055 263.331 12
e 644.268 147.545 6
e 609.38 127.584 6
e 846.26 201.635 14
e 868.642 188.129 15
e 762.184 227.529 15
e 843.001 169.036 13
e 918.469 288.586 6
e 772.457 280.824 28
e 843.411 328.184 11
e 857.367 280.611 12
e 789.792 413.738 5
e 821.606 418.274 7
e 896.827 279.804 12
e 702.641 297.983 13
e 712.968 273.063 14
e 950.166 290.075 12
e 1013.68 308.943 13
e 815.066 266.472 17
e 718.507 203.576 13
e 732.063 167.712 25
e 732.639 169.497 12
e 760.2 226.034 11
e 730.449 166.239 25
e 729.888 164.677 13
e 713.393 179.834 16
e 749.588 150.197 12
e 733.149 175.081 16
e 734.777 202.66 14
e 870.264 230.317 20
e 972.046 366.17 22
e 751.364 237.424 19
e 738.441 192.914 15
e 754.016 234.012 16
e 741.736 210.234 17
e 719.166 235.784 12
e 756.978 154.884 14
e 731.101 199.921 15
e 730.432 231.775 12
e 714.552 159.651 15
e 735.614 177.731 13
e 734.16 197.247 12
e 744.328 206.788 12
e 735.472 210.404 15
e 738.168 194.606 16
e 855.143 211.251 12
e 943.773 332.101 11
e 854.955 182.748 11
e 827.55 197.206 13
e 1027.43 264.52 11
e 986.321 310.425 13
e 933.111 233.326 12
e 1043.56 255.639 63
e 924.457 248.522 18
e 871.505 201.047 16
e 899.202 232.887 21
e 925.416 306.601 12
e 712.033 302.648 11
e 717.259 188.929 13
e 693.383 293.704 14
e 904.863 234.467 11
e 1025.9 334.18 11
e 864.317 224.566 18
e 865.309 222.567 19
e 963.73 330.622 15
e 736.966 217.833 13
e 864.871 248.559 11
e 919.407 196.022 9
e 998.338 331.049 9
e 914.162 289.38 11
e 915.217 296.718 11
e 754.607 240.109 10
e 690.387 292.882 8
e 643.205 283.355 11
e 871.915 238.578 12
e 1010.5 306.449 14
e 710.68 272.766 12
e 912.184 291.377 13
e 865.801 276.142 13
e 1005.02 400.448 14
e 651.209 292.833 13
e 926.891 312.502 19
e 926.904 313.149 10
e 936.149 269.758 8
e 680.674 353.564 10
e 1034.74 263.068 11
e 672.409 284.772 11
e 1015.52 276.269 12
e 841.912 211.434 9
e 775.93 293.599 7
e 1017.37 393.006 13
e 936.073 234.214 14
e 908.697 212.965 13
e 928.726 209.751 10
e 893.547 190.268 13
e 871.464 249.991 17
e 822.707 287.981 10
e 704.925 321.013 12
e 683.886 346.119 14
e 967.367 306.459 9
e 705.819 281.133 9
e 1006.24 310.28 10
e 996.673 376.387 9
e 779 293.912 15
e 630.64 270.604 11
e 620.741 288.463 12
e 878.33 249.719 12
e 977.805 330.292 11
e 839.46 231.574 11
e 898.423 227.181 10
e 870.301 248.099 12
e 704.055 292.785 9
e 684.213 302.193 15
e 1029.2 304.232 11
e 924.521 200.072 10
e 839.87 260.344 11
e 865.272 286.929 15
e 1005.83 373.764 10
e 1003.11 370.503 9
e 765.37 326.869 11
e 722.855 320.85 10
e 816.579 262.137 13
e 1031.76 319.991 12
e 732.609 293.398 14
e 904.422 193.863 9
e 754.802 394.715 10
e 1016.27 260.056 15
e 709.692 273.896 13
e 912.143 199.737 12
e 819.34 325.764 13
e 839.328 234.352 12
e 641.171 271.686 8
e 934.451 314.706 11
e 757.595 400.33 11
e 680.046 301.325 11
e 1014.63 339.387 19
e 1013.92 340.384 18
e 1016.89 337.76 19
e 899.63 228.829 12
e 866.351 274.323 12
e 935.817 235.165 13
e 1034.14 355.173 24
e 1044.59 366.052 11
e 872.463 284.496 10
e 1010.99 401.155 8
e 907.982 197.988 9
e 901.028 229.748 12
e 638.422 272.362 13
e 1030.77 330.26 8
e 767.477 332.902 9
e 893.459 306.886 13
e 627.068 275.331 12
e 859.39 218.203 11
e 868.95 286.992 10
e 958.338 291.159 15
e 927.684 309.443 12
e 938.618 240.393 13
e 932.823 239.633 10
e 884.578 300.71 12
e 913.783 206.386 12
e 831.911 204.045 14
e 1024.25 267.086 12
e 911.065 294.375 15
e 789.212 247.818 7
e 876.253 229.4 13
e 1028.16 321.03 11
e 989.024 321.021 18
e 733.36 331.468 12
e 889.265 303.233 17
e 831.432 239.666 10
e 1002.28 334.352 9
e 903.751 286.394 10
e 719.716 225.584 10
e 837.437 208.705 8
e 866.258 253.166 11
e 734.799 214.082 14
e 653.636 297.684 11
e 643.997 320.97 15
e 963.674 217.199 13
e 634.75 285.329 11
e 768.893 187.973 11
e 927.354 199.945 19
e 926.272 199.887 9
e 634.317 322.355 8
e 1005.66 273.169 15
e 896.805 256.305 11
e 890.549 260.254 6
e 1003.03 312.214 11
e 972.556 326.57 8
e 700.535 283.795 7
e 859.627 238.637 8
e 811.413 286.805 9
e 628.472 317.583 8
e 916.081 302.077 12
e 633.987 293.538 10
e 791.535 249.259 11
e 653.353 295.883 15
e 937.661 278.424 13
e 945.372 345.769 11
e 970.23 296.44 10
e 904.393 307.066 12
e 1004.19 270.19 13
e 675.413 307.671 10
e 920.854 243.561 10
e 1024.92 417.905 13
e 832.818 205.287 12
e 1038.28 401.225 10
e 844.616 319.111 10
e 751.396 232.091 10
e 1004.49 388.266 11
e 1027.7 405.396 11
e 841.41 322.712 9
e 892.79 212.251 11
e 912.326 208.575 15
e 999.91 272.897 11
e 967.168 372.411 7
e 595.197 159.001 12
e 730.928 242.012 11
e 851.646 286.384 10
e 910.544 217.316 10
e 1050.83 274.1 13
e 993.222 366.453 12
e 942.506 226.409 9
e 999.465 328.647 10
e 764.189 336.431 10
e 694.551 295.161 10
e 678.044 301.455 8
e 927.487 269.991 11
e 903.225 233.386 9
e 871.819 228.682 7
e 676.613 287.85 9
e 862.285 220.607 13
e 823.782 272.748 13
e 912.024 221.426 10
e 1005.24 267.276 16
e 1016.49 332.591 11
e 842.329 209.029 9
e 969.644 330.552 9
e 857.293 211.512 11
e 662.397 334.866 12
e 849.559 202.594 9
e 1017.94 343.606 12
e 952.769 354.486 10
e 881.636 193.441 7
e 1002.38 338.629 13
e 1047.37 372.523 7
e 982.43 317.218 17
e 648.778 316.571 13
e 925.417 240.115 12
e 869.78 224.472 10
e 941.379 219.242 10
e 1033.27 270.474 7
e 905.483 289.001 9
e 703.107 250.073 7
e 969.24 372.574 12
e 868.301 259.994 12
e 881.906 191.755 8
e 878.776 242.405 12
e 878.615 241.049 11
e 754.737 293.713 7
e 884.669 250.945 10
e 922.384 291.518 16
e 925.026 315.654 14
e 858.275 216.033 15
e 706.032 308.704 8
e 691.475 292.108 10
e 841.964 180.842 9
e 897.699 193.902 15
e 679.675 345.802 16
e 677.145 343.428 18
e 951.971 350.119 9
e 719.856 195.801 12
e 624.552 318.678 8
e 971.082 336.721 13
e 646.966 285.522 15
e 687.624 292.271 14
e 860.095 280.338 13
e 687.816 354.469 10
e 929.91 303.61 10
e 903.619 301.49 9
e 843.831 213.491 14
e 830.84 251.852 12
e 1001.63 314.48 9
e 961.681 364.918 10
e 944.596 350.157 9
e 766.739 328.294 8
e 874.041 192.867 9
e 991.137 379.376 13
e 866.171 281.842 7
e 900.414 314.076 9
e 836.587 198.818 8
e 1008.65 282.983 8
e 868.766 283.928 20
e 733.207 214.503 11
e 631.81 271.505 10
e 1002.81 396.22 14
e 999.543 383.993 13
e 887.195 289.539 10
e 818.469 331.837 9
e 764.565 211.679 9
e 1005.01 288.028 9
e 864.761 285.475 11
e 862.354 260.988 9
e 816.057 282.397 11
e 1024.66 340.455 15
e 627.609 271.493 11
e 857.205 290.089 11
e 849.447 331.407 10
e 859.972 246.656 11
e 701.578 305.666 8
e 748.562 163.227 9
e 1029.25 330.661 13
e 669.693 284.678 15
e 891.186 304.933 14
e 977.804 359.782 12
e 1048.75 267.364 13
e 885.423 252.466 13
e 892.075 211.049 13
e 714.641 272.828 14
e 854.007 266.06 8
e 994.021 362.39 11
e 886.581 206.432 11
e 1005.81 389.213 13
e 1052.94 286.69 15
e 939.681 236.272 16
e 1000.32 369.601 14
e 913.343 226.514 13
e 676.164 302.888 13
e 668.473 359.639 13
e 747.528 245.99 12
e 625.296 292.363 11
e 702.518 301.672 9
e 653.635 331.506 14
e 860.535 184.223 10
e 675.011 300.093 15
e 945.169 264.024 15
e 861.737 190.222 12
e 820.156 269.781 10
e 932.399 178.549 12
e 946.402 206.491 11
e 862.995 242.648 13
e 930.461 203 12
e 843.091 196.641 7
e 863.403 257.735 12
e 826.1 247.218 11
e 847.398 179.435 19
e 847.519 179.834 20
e 964.064 371.169 8
e 861.422 191.871 13
e 912.508 214.033 9
e 626.199 274.546 9
e 633.007 272.674 8
e 903.128 282.3 11
e 877.702 266.046 8
e 782.947 300.481 11
e 878.445 252.589 9
e 913.879 201.218 11
e 916.591 285.572 11
e 858.626 235.707 14
e 855.818 184.586 10
e 617.669 289.427 9
e 860.139 186.482 9
e 645.852 328.403 8
e 727.519 289.511 7
e 937.042 274.086 12
e 836.703 265.977 9
e 931.882 206.692 9
e 1024.06 379.873 9
e 918.196 195.304 11
e 835.069 257.392 13
e 1014.52 310.845 10
e 895.556 279.931 9
e 935.658 225.755 7
e 927.091 231.118 10
e 881.888 237.415 10
e 1042.56 368.152 9
e 866.403 205.568 8
e 923.179 359.705 10
e 395.164 122.936 10
e 735.552 132.955 10
e 562.948 167.763 13
e 228.394 134.062 25
e 367.076 91.7421 15
e 330.036 58.3796 14
e 258.333 156.355 16
e 269.319 104.604 15
e 551.934 226.766 19
e 323.338 103.511 14
e 377.461 52.3557 11
e 248.539 199.247 11
e 659.927 78.795 18
e 577.454 153.924 6
e 608.248 127.946 9
e 618.303 258.415 9
e 425.576 142.601 6
e 865.504 436.254 6
e 425.867 381.04 7
e 310.224 333.185 6
e 560.152 332.857 10
e 658.916 436.745 15
e 676.721 414.643 12
e 619.424 537.549 12
e 641.058 389.525 12
e 548.794 339.623 11
e 343.053 292.834 7
e 344.548 294.125 14
e 300.972 286.692 9
e 216.883 108.702 14
e 109.329 370.71 14
e 222.281 18.4499 16
e 230.56 63.775 20
e 177.707 190.44 14
e 227.018 54.4611 14
e 345.065 82.6759 22
e 238.318 135.055 22
e 285.425 55.6497 12
e 195.972 107.231 10
e 272.218 148.548 12
e 250.763 142.955 13
e 290.681 192.991 12
e 299.47 89.1315 15
e 284.976 166.436 15
e 335.218 50.2033 17
e 236.469 29.4179 15
e 237.035 60.2982 25
e 235.267 479.778 15
e 350.695 53.5466 15
e 414.249 230.346 10
e 410.614 29.3913 12
e 639.192 252.241 6
e 616.44 298.686 11
e 178.883 127.271 13
e 279.214 295.666 9
e 175.568 137.117 27
e 175.416 124.517 17
e 173.603 122.321 17
e 647.667 253.883 13
e 428.989 32.3424 12
e 842.714 339.608 30
e 842.03 339.656 33
e 841.036 339.76 18
e 839.717 345.485 20
e 839.973 333.597 16
e 993.285 403.546 12
e 716.22 240.135 15
e 1009.38 410.447 9
e 332.268 95.862 21
e 201.032 81.4527 13
e 343.168 312.278 6
e 475.982 260.644 5
e 365.811 68.7114 5
e 386.011 216.697 5
e 346.135 68.9808 5
e 364.992 71.1784 5
e 347.031 78.1004 5
e 423.487 209.461 5
e 348.359 52.5315 5
e 401.221 136.049 5
e 403.835 135.089 5
e 409.369 146.913 5
e 409.215 136.125 5
e 698.836 432.041 6
e 867.226 436.938 6
e 864.805 434.424 6
e 621.777 211.576 11
e 553.097 242.424 10
e 865.02 252.647 33
e 842.508 322.619 7
e 890.394 321.952 7
e 844.376 319.747 7
e 674.312 418.253 7
e 373.819 459.718 7
e 339.474 598.161 7
e 730.525 645.855 9
e 605.039 720 9
e 685.415 401.243 8
e 378.878 125.111 9
e 578.746 160.571 9
e 478.578 323.952 11
e 472.082 227.348 9
e 274.478 181.798 9
e 462.674 65.8945 11
e 535.566 202.677 25
e 539.17 299.099 9
e 575.554 557.108 9
e 748.444 388.868 4
e 404.413 238.378 13
e 604.628 562.243 9
e 685.254 365.487 11
e 679.8 443.645 11
e 445.656 141.95 9
e 363.051 281.45 5
e 605.086 599.496 15
e 593.323 354.945 15
e 415.164 71.5571 11
e 1007.47 446.557 13
e 330.337 214.263 12
e 769.322 330.582 9
e 520.321 421.587 9
e 417.838 594.089 5
e 435.762 101.448 17
e 708.576 462.094 20
e 693.673 446.199 20
e 434.308 438.107 15
e 396.279 355.803 11
e 390.429 469.513 15
e 439.188 302.934 12
e 573.961 376.015 8
e 589.235 402.149 14
e 642.887 333.702 12
e 502.726 251.852 15
e 501.17 253.719 11
e 501.263 255.916 11
e 523.897 211.527 14
e 815.579 539.492 10
e 380.604 75.3804 14
e 335.857 567.045 17
e 667.186 465.877 7
e 625.292 462.401 12
e 358.038 558.865 16
e 355.945 314.552 10
e 702.217 380.356 13
e 331.515 320.295 12
e 473.021 366.182 12
e 537.194 363.663 11
e 726.463 462.761 10
e 989.59 390.592 22
e 981.86 379.422 24
e 984.279 378.746 25
e 486.187 279.138 10
e 331.247 488.072 13
e 371.021 570.556 13
e 551.988 232.144 12
e 638.973 299.816 4
e 246.791 613.676 18
e 458.051 378.064 11
e 428.763 40.4273 13
e 456.921 80.0564 10
e 726.643 612.326 6
e 321.862 29.561 18
e 391.26 193.421 5
e 376.979 298.133 6
e 310.642 201.152 9
e 324.042 278.531 9
e 592.295 409.493 16
e 249.209 245.02 20
e 375.815 556.105 11
e 757.669 505.982 13
e 437.374 58.8366 19
e 441.698 212.224 8
e 472.752 354.372 12
e 420.465 31.2356 16
e 322.933 311.545 4
e 759.291 458.757 12
e 445.428 430.361 4
e 752.448 482.65 19
e 784.279 517.263 9
e 791.914 521.05 11
e 427.354 101.255 19
e 427.366 101.201 9
e 413.218 553.46 4
e 842.236 451.422 8
e 750.446 449.405 19
e 685.691 486.336 12
e 320.27 220.583 13
e 368.928 578.183 9
e 370.093 569.436 8
e 341.306 320.599 16
e 459.101 265.873 6
e 692.782 444.973 12
e 478.557 284.308 11
e 454.266 431.787 13
e 404.041 336.173 13
e 664.79 391.936 11
e 311.316 308.748 5
e 663.216 382.203 17
e 399.819 222.361 8
e 351.798 263.216 11
e 444.975 287.803 11
e 484.941 353.953 7
e 438.12 104.731 7
e 416.094 146.995 8
e 533.718 314.929 11
e 364.389 279.959 13
e 476.482 155.836 10
e 220.631 245.777 10
e 323.036 247.38 9
e 812.042 310.536 13
e 813.183 300.521 12
e 1080 390.374 11
e 1025.92 392.091 7
e 417.267 240.348 8
e 298.899 201.341 8
e 472.895 111.382 10
e 684.121 446.954 12
e 564 262.499 12
e 708.677 373.32 11
e 701.361 373.868 11
e 706.534 371.058 10
e 792.988 272.168 7
e 698.637 320.771 5
e 794.435 516.576 8
e 630.476 319.276 6
e 795.714 270.853 3
e 514.48 414.633 7
e 275.171 324.805 10
e 545.938 320.988 12
e 519.404 349.468 11
e 398.259 592.057 9
e 675.674 310.831 11
e 874.146 242.833 7
e 907.103 238.03 21
e 862.913 214.616 14
e 699.249 292.036 14
e 982.896 351.311 13
e 687.609 340.972 12
e 871.027 240.642 13
e 590.695 141.033 8
e 750.777 455.664 9
e 1034.8 321.279 12
e 914.007 278.162 22
e 911.711 279.735 10
e 326.701 271.29 10
e 803.607 409.01 9
e 985.869 297.76 14
e 914.413 247.416 19
e 1009.71 299.978 17
e 1030.68 422.833 15
e 924.693 215.518 9
e 991.481 297.374 12
e 995.255 291.077 14
e 966.275 324.292 13
e 898.356 223.544 10
e 613.755 619.304 8
e 835.769 219.346 6
e 871.994 308.836 8
e 285.605 24.2715 13
e 701.253 192.593 15
e 722.811 109.625 19
e 715.584 175.971 21
e 589.822 223.119 7
e 718.797 189.039 6
e 655.46 67.6374 18
e 700.896 34.2894 13
e 710.231 131.941 17
e 588.935 142.506 17
e 714.18 130.126 14
e 641.407 224.138 18
e 668.292 100.002 13
e 666.07 231.553 13
e 655.061 69.8712 11
e 665.884 232.475 9
e 728.689 162.488 6
e 852.059 212.572 13
e 704.247 187.006 14
e 746.362 228.227 14
e 841.857 296.275 13
e 1014.55 315.922 13
e 1008.76 320.976 10
e 850.639 221.631 12
e 1011.29 344.06 11
e 1020.28 300.939 10
e 1015.46 318.99 9
e 535.65 237.245 14
e 284.403 526.407 5
e 111.739 302.147 7
e 410.256 242.628 10
e 410.588 289.296 14
e 616.303 466.118 13
e 345.218 568.689 10
e 312.091 590.942 14
e 369.776 584.452 8
e 256.288 24.5534 14
e 324.616 70.3819 12
e 307.849 95.564 12
e 241.728 220.294 16
e 286.977 509.617 6
e 852.461 167.333 14
e 487.394 99.3345 17
e 879.176 185.423 14
e 870.193 185.109 25
e 869.819 185.907 28
e 629.71 190.862 14
e 641.34 119.232 13
e 641.404 119.475 12
e 967.193 219.945 14
e 666.363 78.9517 11
e 743.961 126.605 16
e 665.857 99.3831 12
e 721.527 107.655 15
e 704.025 79.548 14
e 867.807 168.426 13
e 696.194 49.9794 16
e 961.176 285.032 11
e 716.48 105.734 11
e 685.252 53.2147 19
e 685.817 30.1648 17
e 946.841 159.965 12
e 697.084 38.5645 14
e 697.234 85.7077 16
e 664.149 53.3176 15
e 565.401 178.212 10
e 679.687 22.3246 14
e 663.441 88.9681 10
e 664.653 67.1343 16
e 651.595 98.547 14
e 704.903 81.0449 10
e 875.276 189.224 13
e 453.764 61.2487 10
e 663.354 58.3471 13
e 738.342 124.171 16
e 664.575 84.9181 11
e 663.46 83.2841 12
e 616.516 146.766 12
e 613.979 106.492 15
e 485.943 152.557 11
e 657.957 76.2834 10
e 665.811 92.2076 17
e 702.482 36.5286 14
e 714.973 104.52 15
e 942.756 162.709 11
e 744.881 129.701 17
e 657.433 102.399 16
e 813.835 195.504 17
e 616.902 106.261 14
e 1019.54 264.893 13
e 672.052 85.3248 13
e 758.689 135.787 20
e 716.557 89.2027 11
e 649.805 96.5123 13
e 945.958 248.078 14
e 1009.1 262.518 15
e 650.51 95.3722 13
e 946.225 145.304 13
e 512.814 179.875 16
e 748.747 138.404 16
e 952.61 140.719 13
e 718.259 76.7177 14
e 946.371 235.836 11
e 694.747 64.8375 9
e 834.941 156.231 11
e 699.538 72.3807 12
e 713.593 15.5964 13
e 660.098 63.0986 14
e 678.152 88.0648 11
e 763.289 214.836 12
e 700.555 100.79 9
e 759.116 217.412 15
e 676.875 39.3523 15
e 729.977 117.491 12
e 305.898 554.804 12
e 261.161 520.444 11
e 838.277 378.378 8
e 284.886 528.815 8
e 235.006 501.894 17
e 295.351 510.743 21
e 308.794 26.6673 9
e 270.501 152.803 14
e 272.751 155.862 13
e 283.538 27.8393 18
e 313.939 88.7258 16
e 215.446 98.456 16
e 310.756 25.2835 16
e 328.871 88.3855 17
e 223.251 89.6262 17
e 155.768 246.265 15
e 301.218 145.586 11
e 236.023 203.392 9
e 281.557 22.2338 11
e 190.462 246.246 11
e 260.087 574.609 10
e 57.4856 279.224 11
e 256.188 479.973 10
e 20.9224 245.354 9
e 185.77 107.881 12
e 269.819 563.196 13
e 198.024 106.689 9
e 22.5034 232.421 9
e 306.675 118.843 10
e 276.644 65.0146 17
e 229.862 613.868 11
e 251.382 83.9357 11
e 323.755 543.094 12
e 177.931 436.97 11
e 178.593 243.339 13
e 307.732 188.455 10
e 18.9414 243.793 10
e 326.829 35.7696 11
e 338.46 137.186 10
e 264.237 11.9993 9
e 336.884 181.919 12
e 233.905 31.5305 14
e 284.586 165.811 27
e 301.96 523.958 10
e 288.151 96.8399 10
e 338.916 133.503 12
e 173.969 189.412 10
e 253.317 13.6214 13
e 297.552 91.0203 9
e 376.927 74.3487 11
e 329.753 70.8611 10
e 232.695 33.1533 11
e 342.55 53.2627 11
e 265.96 286.301 13
e 178.028 250.113 11
e 308.282 119.925 11
e 269.484 67.966 12
e 264.977 83.5352 9
e 129.768 409.171 11
e 342.557 194.7 11
e 321.011 59.1903 21
e 253.825 293.497 10
e 303.633 30.7071 10
e 237.113 28.6124 15
e 344.643 558.561 6
e 999.58 275.858 7
e 355.585 557.925 15
e 826.214 453.037 12
e 989.763 389.312 20
e 891.17 437.777 14
e 587.249 306.49 20
e 690.994 414.018 18
e 366.754 233.16 14
e 798.243 526.52 23
e 554.655 314.878 16
e 782.436 249.338 19
e 650.253 367.572 19
e 828.102 373.342 10
e 466.924 93.2591 11
e 489.415 294.047 10
e 726.442 403.41 17
e 522.696 192.447 27
e 437.082 82.4878 13
e 725.393 455.829 14
e 593.414 320.204 11
e 824.872 454.573 12
e 860.778 380.362 11
e 551.469 243.016 20
e 444.908 92.3168 10
e 362.075 232.47 10
e 505.397 313.668 10
e 504.313 418.401 12
e 309.024 294.5 10
e 751.926 496.625 10
e 342.237 50.192 17
e 330.109 569.991 7
e 255.93 162.55 18
e 1016.25 297.628 9
e 835.661 214.601 12
e 483.288 184.848 8
e 683.985 432.543 18
e 663.42 430.021 13
e 482.663 381.501 11
e 324.707 253.18 10
e 423.525 468.876 10
e 398.171 81.8136 10
e 403.114 328.323 5
e 211.459 125.495 11
e 644.686 146.001 8
e 336.49 278.002 9
e 332.374 98.3957 14
e 513.254 366.026 13
e 594.722 312.102 14
e 377.105 300.478 9
e 378.94 144.687 9
e 876.554 351.357 13
e 834.363 231.553 10
e 830.236 446.75 10
e 808.067 454.798 12
e 388.697 202.922 9
e 719.784 410.661 12
e 449.143 134.026 12
e 730.034 491.926 9
e 869.922 373.845 14
e 519.961 417.995 8
e 378.454 52.9605 10
e 357.96 312.517 10
e 454.249 261.648 14
e 698.658 66.8714 8
e 750.797 143.22 13
e 706.282 104.222 17
e 703.919 104.345 19
e 707.567 85.4355 7
e 700.441 186.474 6
e 793.886 525.992 7
e 569.22 181.4 14
e 855.291 330.903 8
e 731.773 242.539 30
e 329.593 260.139 13
e 792.761 483.121 11
e 288.736 275.497 11
e 626.047 396.889 13
e 569.824 225.455 9
e 410.224 150.193 16
e 336.96 422.996 10
e 312.591 270.743 9
e 855.467 328.457 4
e 1032.9 424.904 7
e 213.18 205.563 9
e 836.515 349.052 8
e 385.651 204.464 10
e 750.15 441.158 9
e 455.069 146.765 8
e 905.351 403.353 11
e 612.486 156.384 10
e 657.545 195.442 13
e 677.991 148.583 6
e 644.465 159.341 15
e 477.105 156.771 18
e 348.701 211.112 12
e 362.945 409.417 11
e 438.24 370.54 18
e 765.187 511.706 10
e 875.655 442.643 9
e 516.159 254.234 11
e 326.378 575.143 11
e 708.526 237.496 6
e 588.278 631.099 9
e 710.551 250.821 10
e 391.828 123.46 16
e 369.055 462.144 10
e 357.779 209.993 12
e 361.704 210.302 12
e 546.189 607.963 17
e 670.424 391.068 11
e 323.839 336.523 10
e 241.864 127.091 10
e 321.474 276.342 11
e 336.095 246.642 6
e 427.229 31.2373 12
e 451.959 254.308 9
e 444.122 305.525 11
e 1028.89 306.402 11
e 728.194 254.192 10
e 340.329 309.633 13
e 437.519 216.651 12
e 391.381 579.559 8
e 422.651 282.07 10
e 649.852 133.574 11
e 359.374 582.977 16
e 417.652 34.7876 18
e 420.585 33.3333 17
e 357.611 264.698 10
e 354.917 572.593 10
e 400.261 613.109 11
e 715.411 535.635 20
e 637.515 620.038 8
e 954.68 352.661 15
e 431.258 570.618 10
e 574.136 563.66 9
e 567.346 618.727 10
e 250.328 76.5854 10
e 444.64 582.426 13
e 485.494 186.042 8
e 224.814 200.183 9
e 275.613 247.007 13
e 258.051 99.2531 10
e 14.8185 239.699 13
e 288.23 190.53 11
e 172.11 116.995 14
e 243.046 246.021 19
e 241.51 245.018 26
e 244.18 246.296 24
e 251.632 261.381 10
e 306.34 103.543 15
e 357.299 118.695 15
e 347.152 198.383 12
e 216.976 229.268 11
e 170.431 182.96 21
e 283.411 535.502 13
e 262.741 102.916 12
e 215.316 273.749 12
e 323.603 256.026 9
e 428.46 99.6227 10
e 839.397 321.284 10
e 726.45 460.458 9
e 417.023 88.2175 13
e 661.136 446.195 15
e 748.541 483.101 10
e 396.129 575.985 10
e 417.672 325.353 7
e 913.398 318.334 8
e 893.37 325.895 12
e 363.606 201.865 11
e 507.3 360.689 12
e 17.5178 236.425 13
e 271.944 274.768 8
e 171.805 117.846 8
e 252.598 260.295 6
e 376.427 137.165 9
e 300.164 180.577 9
e 94.6667 344.662 9
e 296.449 179.919 10
e 156.195 402.417 9
e 226.057 471.681 9
e 271.902 230.823 8
e 282.711 48.0119 9
e 309.558 67.4588 11
e 186.2 179.261 12
e 643.358 252.487 7
e 216.935 235.02 7
e 305.326 78.2244 10
e 257.681 150.707 9
e 281.505 529.044 11
e 307.472 99.4191 13
e 135.579 406.865 17
e 225.78 262.346 11
e 212.232 238.48 9
e 215.289 221.461 12
e 143.808 441.272 12
e 377.262 84.7381 11
e 214.598 105.475 9
e 178.124 176.863 9
e 272.695 575.371 7
e 250.27 239.806 13
e 286.573 106.735 6
e 210.184 237.003 8
e 296.117 95.996 9
e 204.11 120.848 8
e 240.815 123.697 10
e 253.33 253.728 12
e 203.797 227.142 8
e 106.621 367.332 9
e 312.724 76.7864 10
e 255.078 557.411 12
e 342.983 552.752 12
e 245.382 61.0797 12
e 273.664 149.12 9
e 111.731 374.018 12
e 235.816 478.247 12
e 238.359 24.4681 13
e 236.303 180.847 14
e 248.083 81.2588 10
e 171.131 199.825 7
e 266.747 222.192 10
e 378.709 131.471 9
e 264.418 221.255 9
e 317.541 180.821 8
e 566.353 391.826 10
e 490.239 274.969 13
e 373.543 552.849 25
e 532.892 359.403 9
e 687.214 481.34 10
e 767.781 506.823 8
e 736.892 509.352 15
e 334.456 207.456 12
e 306.077 222.403 11
e 409.62 569.331 9
e 642.003 430.689 17
e 569.227 375.126 14
e 275.283 284.09 9
e 447.354 278.374 10
e 495.201 632.235 8
e 769.455 244.624 10
e 614.913 592.761 10
e 404.748 279.586 12
e 468.001 77.7244 23
e 468.137 77.5615 25
e 354.678 314.387 9
e 893.042 255.812 16
e 918.65 244.745 9
e 991.451 393.938 19
e 714.808 312.618 5
e 346.618 249.74 13
e 401.454 599.227 20
e 331.359 574.727 9
e 355.419 263.636 12
e 434.616 117.825 10
e 260.432 240.926 10
e 460.458 118.776 10
e 690.965 481.121 12
e 687.581 453.64 11
e 746.336 385.579 28
e 313.974 225.661 10
e 22.8698 242.101 14
e 271.798 60.7854 11
e 345.012 47.9624 9
e 270.053 227.773 14
e 256.009 52.6225 10
e 252.586 30.7628 9
e 181.323 173.275 9
e 256.81 201.143 9
e 913.722 200.664 9
e 256.246 132.558 7
e 324.829 55.8297 13
e 334 42.0206 9
e 310.233 70.1518 8
e 316.975 53.9493 11
e 277.304 139.53 9
e 328.066 74.9457 11
e 221.59 190.244 10
e 212.816 97.2978 10
e 880.94 267.162 11
e 278.724 306.456 8
e 257.985 201.408 7
e 269.165 195.567 10
e 893.984 195.467 10
e 314.325 181.208 8
e 341.5 67.326 18
e 869.864 204.31 11
e 670.614 101.287 10
e 188.004 172.447 10
e 256.213 162.64 14
e 295.934 571.922 14
e 215.833 107.643 10
e 207.124 123.85 13
e 190.099 144.582 12
e 268.281 326.694 8
e 173.151 415.213 15
e 288.261 171.812 7
e 7.37698 217.067 8
e 260.476 220.175 11
e 245.984 24.9194 8
e 249.922 254.792 7
e 254.2 95.3375 11
e 256.172 323.656 10
e 760.208 216.042 8
e 242.405 219.524 11
e 338.172 132.131 13
e 348.286 140.195 9
e 183.592 177.971 8
e 172.795 115.387 9
e 265.489 309.128 8
e 12.9749 218.841 13
e 203.166 111.235 30
e 624.754 216.549 6
e 301.872 577.786 7
e 341.367 48.579 9
e 284.537 45.0351 7
e 385.365 86.8059 19
e 261.765 159.688 9
e 214.513 73.8487 10
e 250.516 125.328 10
e 317.472 402.194 10
e 725.192 546.536 12
e 696.352 528.462 10
e 265.9 314.997 10
e 380.66 551.616 15
e 595.223 348.289 8
e 776.036 537.29 8
e 386.018 329.957 12
e 795.594 516.925 14
e 795.697 517.125 13
e 796.04 517.371 12
e 796.434 517.694 11
e 797.059 518.206 12
e 797.548 518.721 13
e 797.927 519.081 12
e 798.432 519.449 11
e 455.125 252.477 9
e 956.566 377.581 6
e 948.028 379.961 19
e 519.449 422.646 11
e 573.45 404.529 11
e 484.639 238.172 18
e 483.95 281.788 19
e 351.76 205.471 18
e 522.192 194.089 17
e 425.682 114.724 17
e 454.13 232.437 19
e 891.704 437.069 12
e 426.328 309.208 13
e 410.851 42.7975 14
e 962.533 370.459 16
e 778.203 519.008 11
e 394.805 233.318 15
e 495.566 305.208 14
e 543.947 366.35 14
e 622.735 444.008 12
e 395.458 39.1246 16
e 477.283 257.917 15
e 556.464 275.931 15
e 532.413 218.184 17
e 444.82 83.2354 13
e 702.486 361.269 14
e 880.737 443.291 14
e 734.455 256.584 12
e 420.198 89.6173 7
e 933.713 392.788 11
e 370.335 428.275 17
e 329.299 568.382 10
e 460.436 90.7413 8
e 874.221 444.641 12
e 813.587 536.599 5
e 297.635 300.46 9
e 817.737 589.814 10
e 398.375 577.283 3
e 347.126 561.764 9
e 783.009 515.279 7
e 500.542 396.339 6
e 431.824 207.967 9
e 893.574 405.358 15
e 430.488 44.2713 10
e 361.425 192.81 12
e 832.848 232.312 10
e 834.891 215.191 9
e 533.112 273.966 11
e 482.557 356.696 6
e 595.109 505.586 13
e 686.507 561.496 12
e 418.363 366.299 11
e 457.111 60.0749 9
e 553.827 344.33 9
e 579.172 397.309 11
e 455.09 119.456 8
e 452.644 116.739 8
e 462.559 72.8949 28
e 902.56 342.212 8
e 899.905 344.672 10
e 605.51 352.285 9
e 419.396 608.224 12
e 922.679 209.448 10
e 789.575 478.37 16
e 438.469 579.886 8
e 427.668 502.637 7
e 490.008 114.848 10
e 604.195 630.214 6
e 397.611 122.426 17
e 396.847 125.888 14
e 397.176 116.106 15
e 296.08 197.092 15
e 783.053 246.977 17
e 455.278 121.206 13
e 692.781 430.778 14
e 386.052 233.121 14
e 400.617 591.686 9
e 367.008 584.074 6
e 1002.54 392.913 14
e 368.364 157.479 7
e 715.26 82.5259 11
e 747.77 153.673 9
e 768.985 180.97 12
e 876.03 243.351 6
e 592.755 241.411 9
e 1003.77 294.313 8
e 503.801 127.619 8
e 902.488 232.813 7
e 892.688 198.325 15
e 888.108 187.022 12
e 831.299 172.405 12
e 893.89 277.069 11
e 424.223 569.313 11
e 317.504 205.191 9
e 379.594 473.526 9
e 730.141 225.057 8
e 946.736 217.5 7
e 735.934 189.63 15
e 677.921 427.8 15
e 941.918 381.705 15
e 361.879 558.515 15
e 685.55 545.307 10
e 804.258 524.218 6
e 531.138 581.623 6
e 445.431 372.531 11
e 910.872 329.621 7
e 367.916 455.673 6
e 587.588 480.524 14
e 574.798 256.208 12
e 299.555 241.066 11
e 297.466 190.68 14
e 498.837 394.83 14
e 775.685 437.927 12
e 780.497 524.944 11
e 541.547 355.98 14
e 472.846 147.882 11
e 441.725 422.712 9
e 328.972 593.897 12
e 576.631 584.013 12
e 519.24 648.103 7
e 296.905 210.547 13
e 268.488 219.114 11
e 590.906 631.077 8
e 413.366 354.931 12
e 429.061 322.118 9
e 722.25 247.882 12
e 506.291 357.966 9
e 436.356 431.215 10
e 435.281 451.502 10
e 451.334 586.309 33
e 875.111 437.638 11
e 780.71 482.372 7
e 401.503 550.464 17
e 393.312 569.861 12
e 410.299 553.813 11
e 692.777 539.613 9
e 535.579 381.791 9
e 692.817 484.462 8
e 625.525 460.023 13
e 682.36 403.763 10
e 875.405 381.043 12
e 664.25 405.847 13
e 641.899 389.998 13
e 781.896 525.821 12
e 661.395 430.614 10
e 481.148 350.295 11
e 724.042 465.348 12
e 627.434 402.293 9
e 524 371.089 12
e 437.533 401.039 5
e 410.83 265.634 11
e 668.529 456.864 13
e 664.014 400.199 7
e 785.345 527.341 9
e 727.655 441.168 13
e 453.345 372.608 8
e 452.733 371.689 7
e 614.5 414.799 11
e 281.459 263.973 6
e 799.943 473.282 5
e 409.987 396.205 9
e 593.653 643.393 6
e 394.05 128.484 13
e 777.113 555.631 15
e 622.068 400.921 9
e 793.444 522.683 9
e 294.377 265.238 10
e 378.786 569.718 16
e 413.615 260.054 9
e 446.001 424.056 12
e 643.4 465.155 6
e 403.84 567.292 14
e 406.634 568.286 12
e 651.707 607.809 6
e 284.933 251.6 19
e 538.73 359.11 9
e 744.101 440.819 4
e 508.821 275.822 9
e 421.046 385.574 12
e 375.084 247.699 6
e 815.45 230.362 9
e 498.655 628.403 13
e 325.874 269.96 9
e 301.968 241.304 8
e 851.281 451.052 10
e 386.741 579.748 9
e 324.465 570.051 9
e 296.685 240.255 8
e 424.678 562.901 8
e 406.929 573.334 10
e 353.288 539.749 7
e 476.835 413.304 16
e 380.978 189.807 7
e 319.362 281.259 9
e 576.748 309.201 14
e 328.685 471.989 5
e 746.143 285.069 4
e 556.069 569.351 7
e 588.549 645.941 15
e 413.143 356.155 6
e 383.187 308.767 14
e 322.972 310.165 8
e 475.489 588.713 10
e 425.966 580.512 12
e 339.371 319.888 5
e 402.713 567.45 14
e 518.839 209.093 10
e 621.846 588.311 9
e 323.061 258.706 8
e 520.391 205.263 11
e 305.227 205.379 11
e 308.944 295.758 10
e 383.604 586.116 10
e 545.313 247.019 8
e 607.425 693.793 9
e 412.649 57.532 9
e 476.369 162.785 7
e 451.18 210.034 8
e 533.274 208.975 32
e 360.525 272.758 9
e 700.208 375.588 7
e 541.747 368.093 9
e 504.05 310.877 11
e 408.644 572.843 11
e 544.179 274.403 8
e 421.893 99.2892 11
e 410.356 197.002 10
e 434.314 349.847 7
e 505.641 397.424 7
e 993.121 400.279 11
e 575.802 563.603 10
e 359.71 556.368 10
e 805.252 574.571 10
e 738.45 274.468 8
e 424.944 102.54 11
e 622.586 614.596 15
e 570.565 390.905 10
e 346.551 566.482 6
e 417.33 277.017 10
e 341.191 599.877 15
e 351.274 292.391 6
e 445.762 197.664 9
e 398.846 218.089 10
e 789.895 418.008 8
e 848.192 382.044 8
e 597.655 636.779 16
e 619.383 450.579 11
e 516.51 345.043 11
e 588.647 482.803 9
e 355.719 567.608 12
e 315.295 512.652 11
e 577.47 304.48 11
e 738.926 448.372 11
e 274.442 272.411 8
e 801.94 522.054 7
e 768.924 441.267 11
e 757.607 531.14 7
e 871.089 439.217 13
e 601.693 364.576 14
e 627.897 366.222 10
e 646.964 371.732 10
e 781.307 306.094 10
e 427.972 458.149 10
e 731.93 331.154 13
e 367.666 565.916 10
e 507.522 188.476 9
e 387.574 57.9776 5
e 486.307 343.446 8
e 703.008 309.572 6
e 770.401 485.92 10
e 390.897 567.499 11
e 756.093 524.56 16
e 510.457 261.727 17
e 726.455 402.209 17
e 972.925 372.558 17
e 374.448 616.475 13
e 930.52 397.727 10
e 554.298 312.07 15
e 692.241 366.406 16
e 410.127 574.831 14
e 651.142 366.519 17
e 837.57 449.214 16
e 475.804 261.436 19
e 516.998 263.747 18
e 328.029 257.765 18
e 306.63 246.25 13
e 368.379 235.687 13
e 435.23 436.836 16
e 684.251 454.558 11
e 530.194 588.984 9
e 493.151 172.152 9
e 516.13 281.202 16
e 511.661 276.172 12
e 722.463 450.764 11
e 740.707 438.519 8
e 395.364 189.136 9
e 474.225 584.439 10
e 540.871 342.697 11
e 476.394 326.315 10
e 732.359 269.755 11
e 623.771 412.857 6
e 543.07 352.926 10
e 340.609 243.641 9
e 505.35 172.783 10
e 456.99 386.54 17
e 397.17 560.239 14
e 509.905 245.972 12
e 519.316 358.854 11
e 576.589 402.524 10
e 360.339 311.409 10
e 545.519 574.597 11
e 438.188 341.939 9
e 660.597 608.474 10
e 991.896 396.725 19
e 487.988 380.194 16
e 480.59 361.121 13
e 831.019 375.512 12
e 203.437 120.269 10
e 299.317 583.791 16
e 264.092 279.062 15
e 121.317 396.531 13
e 268.127 149.175 11
e 182.377 170.953 8
e 16.4615 232.571 9
e 713.346 382.382 9
e 519.928 350.108 5
e 419.407 578.968 3
e 532.854 419.953 9
e 560.051 586.879 8
e 571.329 376.837 11
e 575.159 375.191 10
e 898.934 409.281 13
e 420.913 578.32 12
e 682.584 552.615 9
e 467.883 571.398 8
e 559.61 280.892 12
e 774.388 411.071 12
e 541.437 356.546 8
e 503.19 291.942 20
e 515.513 363.813 5
e 319.374 311.854 4
e 415.537 441.544 11
e 589.486 629.615 15
e 411.223 618.568 6
e 476.822 370.965 14
e 808.972 391.807 21
e 306.155 197.004 17
e 313.399 307.254 6
e 469.83 368.339 8
e 623.041 445.115 11
e 594.838 718.25 5
e 621.979 398.164 10
e 623.585 585.713 10
e 304.376 583.986 11
e 697.964 542.561 13
e 336.246 313.971 6
e 366.473 563.622 11
e 732.726 433.472 12
e 430.466 373.023 8
e 765.381 325.032 11
e 344.997 406.665 12
e 610.494 155.017 4
e 712.747 248.921 10
e 847.22 352.915 10
e 474.683 567.833 7
e 793.075 514.955 13
e 396.783 120.397 11
e 317.457 509.559 13
e 439.915 187.104 10
e 473.764 315.248 12
e 545.738 280.43 16
e 660.715 429.353 16
e 809.122 570.854 7
e 319.738 253.577 8
e 545.998 349.081 9
e 542.291 302.113 22
e 558.113 314.583 13
e 511.163 293.048 8
e 357.647 435.564 10
e 413.867 562.337 10
e 653.104 335.399 7
e 334.761 320.357 10
e 815.8 429.311 11
e 327.343 398.289 6
e 347.77 269.292 9
e 733.658 268.027 14
e 815.104 588.944 4
e 449.072 339.609 9
e 268.117 222.538 8
e 274.72 223.085 8
e 546.847 392.904 6
e 421.151 464.372 12
e 437.875 301.441 8
e 698.928 451.398 10
e 431.512 444.002 4
e 741.386 491.628 6
e 723.712 464.88 9
e 767.916 433.671 4
e 745.397 426.21 10
e 745.738 426.302 11
e 436.091 116.478 5
e 796.811 233.541 15
e 486.716 627.737 5
e 434.313 98.1106 6
e 404.255 61.1021 5
e 419.703 110.286 5
e 480.727 121.673 11
e 301.266 343.769 11
e 762.262 252.891 11
e 854.891 327.398 14
e 853.278 326.24 10
e 343.668 313.678 6
e 454.081 579.937 5
e 675.898 469.539 9
e 740.439 443.136 14
e 732.637 438.156 10
e 425.663 587.502 19
e 307.527 206.899 9
e 722.553 514.144 10
e 345.335 248.179 5
e 283.579 187.273 11
e 329.478 343.889 11
e 418.61 248.613 12
e 415.975 588.742 13
e 376.432 339.462 11
e 682.113 358.281 9
e 477.521 254.18 12
e 446.566 65.1158 13
e 885.025 351.371 11
e 895.897 376.259 10
e 489.653 385.14 15
e 443.691 430.443 15
e 438.099 204.568 10
e 638.097 658.09 5
e 1028.47 429.079 12
e 637.755 390.226 7
e 538.354 381.628 15
e 537.896 383.737 16
e 617.738 396.078 14
e 502.875 259.532 10
e 486.99 597.043 18
e 654.683 484.815 11
e 944.879 386.828 12
e 943.43 387.402 15
e 890.522 438.068 12
e 355.598 212.388 12
e 591.405 467.982 16
e 438.32 239.576 9
e 482.889 241.934 18
e 521.842 193.368 17
e 372.611 208.795 19
e 538.074 291.647 18
e 510.207 203.604 16
e 431.429 48.3386 18
e 474.186 263.252 20
e 502.562 307.676 17
e 601.044 636.104 18
e 369.068 481.435 19
e 669.666 470.238 14
e 469.663 308.136 10
e 479.978 180.464 13
e 224.391 246.829 12
e 657.102 364.86 16
e 633.992 357.563 17
e 550.25 340.681 17
e 285.981 271.925 10
e 751.792 447.369 14
e 543.505 365.768 14
e 636.462 373.98 13
e 584.552 349.94 14
e 527.52 259.286 15
e 535.51 353.381 14
e 636.478 434.335 13
e 644.114 358.611 12
e 623.608 439.958 12
e 561.371 261.497 16
e 570.228 257.545 15
e 401.698 104.098 12
e 533.115 349.172 12
e 415.71 97.4954 11
e 752.95 460.563 13
e 478.233 256.129 15
e 459.196 218.945 14
e 557.358 279.871 15
e 792.191 477.09 14
e 656.726 351.782 12
e 517.65 278.305 18
e 719.881 397.923 13
e 676.406 403.176 16
e 512.125 243.086 17
e 428.883 114.437 15
e 561.687 282.583 16
e 432.749 383.688 10
e 238.256 206.322 8
e 251.773 245.519 11
e 290.241 191.951 11
e 174.153 469.346 10
e 235.111 148.762 15
e 841.048 379.969 13
e 368.116 561.039 9
e 682.919 414.644 7
e 445.328 203.042 10
e 1040.91 342.727 25
e 490.067 317.643 11
e 460.044 135.468 14
e 503.851 283.02 12
e 889.645 313.415 6
e 306.007 113.649 13
e 546.212 602.442 6
e 428.438 38.5127 11
e 313.015 514.194 12
e 1015.27 417.797 11
e 438.229 212.008 14
e 547.391 350.375 9
e 482.223 178.745 11
e 546.823 322.775 14
e 835.524 213.094 10
e 704.413 246.161 8
e 519.515 219.7 8
e 407.48 457.676 11
e 566.461 341.356 7
e 723.319 494.988 11
e 174.012 97.4079 11
e 274.798 579.607 12
e 177.713 190.113 14
e 226.728 52.9373 14
e 22.6248 239.874 11
e 347.378 80.0261 22
e 239.681 134.216 22
e 177.713 128.297 13
e 260.861 16.2341 17
e 217.887 221.568 20
e 296.644 59.51 11
e 162.405 437.463 15
e 201.665 82.7087 12
e 251.732 148.046 13
e 349.487 559.14 10
e 233.102 46.3337 9
e 245.888 10.3958 13
e 367.048 72.3686 14
e 256.866 126.305 11
e 236.109 46.6028 12
e 49.4055 270.905 11
e 367.268 80.515 13
e 292.924 38.8209 26
e 250.52 130.826 14
e 248.624 126.689 15
e 277.911 63.0813 10
e 292.662 32.2116 16
e 334.674 38.4124 19
e 522.255 187.894 12
e 432.707 599.22 14
e 179.199 192.032 8
e 404.96 609.586 7
e 416.972 95.6011 10
e 853.878 314.411 11
e 925.953 353.128 8
e 800.996 453.907 6
e 811.811 558.028 10
e 376.042 250.504 14
e 178.414 108.832 17
e 578.239 144.371 17
e 519.224 286.823 10
e 742.944 443.977 10
e 745.741 441.903 8
e 433.941 614.375 5
e 504.816 572.708 18
e 396.675 33.8967 15
e 593.781 459.181 6
e 522.203 340.3 9
e 379.067 297.6 9
e 320.198 573.132 11
e 457.381 165.44 8
e 564.066 288.418 11
e 433.213 216.243 15
e 831.194 203.047 13
e 338.256 203.953 13
e 682.325 377.597 14
e 895.334 308.693 15
e 834.957 442.33 9
e 486.217 389.074 12
e 867.765 384.759 9
e 664.263 384.927 7
e 750.181 483.043 15
e 734.124 384.373 13
e 679.135 358.781 13
e 792.537 479.767 11
e 610.791 268.023 7
e 334.026 519.433 9
e 596.585 383.409 8
e 489.393 361.759 13
e 298.138 281.767 10
e 892.949 426.771 10
e 331.413 271.482 8
e 778.284 519.325 3
e 887.694 309.68 8
e 397.949 147.993 10
e 551.678 321.538 10
e 392.963 134.502 9
e 561.751 394.002 10
e 305.773 226.427 10
e 231.288 312.124 7
e 492.225 177.51 9
e 504.907 343.907 5
e 799.621 452.432 14
e 905.175 325.974 12
e 481.394 282.813 10
e 521.147 255.177 14
e 298.439 589.353 7
e 572.264 252.898 9
e 380.227 513.314 8
e 906.819 195.707 8
e 605.278 281.855 9
e 711.944 239.486 10
e 686.539 377.725 10
e 432.862 106.06 8
e 323.372 317.456 8
e 678.19 377.214 15
e 587.2 311.718 20
e 478.172 309.38 10
e 413.699 329.749 13
e 405.072 38.1977 21
e 301.347 187.99 10
e 601.66 608.26 8
e 770.605 288.999 21
e 729.034 404.806 9
e 379.578 568.713 10
e 656.017 612.762 8
e 380.143 408.883 11
e 522.796 190.505 32
e 522.982 190.004 29
e 522.696 190.857 29
e 326.181 272.937 10
e 460.948 222.762 9
e 428.824 427.836 13
e 326.266 275.765 9
e 449.431 585.14 9
e 374.742 568.491 13
e 733.118 600.417 9
e 707.596 540.053 11
e 386.27 271.455 9
e 798.449 466.461 8
e 381.288 553.371 9
e 389.46 221.425 13
e 463.1 309.532 10
e 379.848 555.625 8
e 483.233 318.426 6
e 437.042 627.637 8
e 299.843 293.151 6
e 793.802 430.375 6
e 906.892 413.048 18
e 704.741 265.053 10
e 363.935 105.649 15
e 669.321 445.277 9
e 328.993 319.689 9
e 725.556 417.108 10
e 582.395 398.489 11
e 515.885 202.771 8
e 322.25 254.083 8
e 977 374.827 10
e 778.086 488.032 10
e 458.664 128.752 11
e 850.173 334.09 16
e 786.737 479.096 8
e 636.352 391.315 11
e 792.146 427.973 13
e 400.317 601.194 11
e 347.698 261.435 10
e 455.443 69.1918 10
e 333.803 243.056 4
e 515.634 300.296 14
e 316.179 308.995 10
e 480.366 115.592 8
e 378.825 514.767 10
e 605.855 685.963 10
e 351.088 426.743 11
e 311.568 270.11 10
e 558.977 285.781 10
e 455.665 142.634 8
e 391.21 571.601 9
e 689.199 146.046 6
e 426.043 123.945 9
e 373.785 462.377 13
e 834.111 376.007 11
e 564.666 561.9 9
e 312.904 209.928 8
e 420.524 570.321 12
e 563.654 337.397 17
e 476.526 179.3 8
e 473.926 244.702 9
e 618.745 256.521 6
e 372.305 453.601 8
e 724.239 451 10
e 426.103 118.229 11
e 790.978 520.689 15
e 749.499 407.099 11
e 812.192 545.738 14
e 788.943 519.367 12
e 888.554 211.941 12
e 644.148 580.04 9
e 479.996 118.74 11
e 557.923 272.079 10
e 396.729 132.255 13
e 387.949 45.0136 9
e 276.479 215.919 11
e 436.343 350.453 14
e 713.059 256.949 13
e 634.183 443.179 14
e 870.296 345.863 10
e 815.695 356.523 11
e 815.348 345.181 7
e 732.25 456.011 5
e 765.027 433.097 17
e 843.059 381.319 8
e 436.279 421.132 8
e 401.994 235.798 12
e 761.074 485.429 8
e 647.199 341.507 10
e 718.881 276.01 9
e 19.6379 229.7 18
e 964.429 143.348 10
e 371.508 293.172 12
e 327.428 265.674 11
e 378.526 126.886 9
e 704.665 470.742 11
e 470.258 620.312 9
e 792.172 522.274 13
e 793.007 522.647 8
e 335.893 553.598 15
e 922.091 201.975 8
e 655.726 429.22 9
e 901.569 194.114 31
e 559.567 241.424 8
e 718.131 177.391 6
e 836.027 227.638 10
e 754.096 412.05 11
e 755.981 412.724 8
e 207.707 96.9713 11
e 475.566 178.73 9
e 219.861 241.44 12
e 304.377 201.248 8
e 447.688 190.421 10
e 286.993 294.565 11
e 746.354 486.832 11
e 727.967 495.732 12
e 927.829 340.917 16
e 405.393 321.298 11
e 318.427 230.805 11
e 667.174 439.464 14
e 339.004 210.781 12
e 418.857 70.0084 8
e 441.618 459.71 11
e 989.82 388.661 10
e 785.265 518.427 8
e 1017.99 423.188 10
e 369.182 310.065 11
e 511.283 183.1 10
e 578.208 320.67 11
e 351.775 226.209 6
e 738.705 460.635 9
e 641.476 425.295 10
e 740.921 394.636 10
e 617.825 416.009 13
e 488.152 349.939 12
e 494.999 250.957 17
e 489.741 258.083 14
e 430.098 46.2887 10
e 764.948 192.402 16
e 737.595 196.993 14
e 760.299 384.34 14
e 711.966 357.975 3
e 578.199 386.52 5
e 479.777 245.247 18
e 658.499 441.578 9
e 590.088 260.046 6
e 849.822 185.306 6
e 759.076 441.53 14
e 401.787 125.883 14
e 404.005 126.085 13
e 402.583 125.621 15
e 842.517 170.808 14
e 1035.45 325.024 11
e 928.181 383.914 13
e 390.044 210.715 13
e 325.03 74.4747 23
e 366.946 218.138 10
e 806.242 384.894 18
e 612.046 325.911 9
e 413.068 31.2135 9
e 431.966 79.2343 8
e 719.203 490.729 11
e 351.784 55.9775 11
e 459.562 308.721 8
e 1004.02 448.178 12
e 430.914 430.467 11
e 688.454 481.321 9
e 657.704 445.465 10
e 728.824 261.937 10
e 725.086 285.704 13
e 831.996 447.587 7
e 744.895 408.094 11
e 852.01 395.858 7
e 442.129 431.98 6
e 360.437 436.724 6
e 499.875 279.979 14
e 642.508 494.861 5
e 565.197 559.514 9
e 320.835 278.518 10
e 506.586 265.526 10
e 408.968 559.266 9
e 507.57 345.181 7
e 424.876 564.697 8
e 396.802 161.237 11
e 397.752 156.848 14
e 748.878 445.953 11
e 352.228 260.478 9
e 735.964 140.028 12
e 729.921 581.191 9
e 424.419 32.7922 17
e 613.155 450.445 10
e 395.255 286.327 9
e 578.214 374.738 20
e 381.824 158.063 7
e 407.514 224.95 12
e 425.97 270.763 11
e 373.97 256.884 9
e 811.743 448.746 7
e 735.526 127.971 11
e 513.267 598.442 8
e 752.56 250.304 8
e 391.265 193.419 22
e 407.847 616.546 6
e 460.976 272.875 5
e 363.857 578.823 11
e 654.997 608.885 9
e 559.268 300.344 8
e 482.247 219.211 9
e 443.092 88.9154 7
e 472.645 585.027 9
e 359.222 596.434 7
e 502.928 201.965 9
e 895.058 413.235 7
e 401.216 573.153 9
e 448.624 247.311 20
e 407.054 598.979 5
e 587.843 701.745 7
e 371.151 454.543 17
e 411.83 563.275 12
e 302.121 289.976 10
e 423.597 105.13 11
e 691.503 471.152 14
e 436.046 439.735 13
e 352.567 556.124 10
e 366.444 567.625 9
e 391.318 572.991 12
e 395.343 251.758 10
e 270.629 176.203 20
e 203.274 109.424 26
e 380.451 87.6292 5
e 593.893 624.776 11
e 693.391 546.051 11
e 763.973 337.049 11
e 424.451 126.089 11
e 428.322 38.573 12
e 407.89 613.951 7
e 428.007 38.5788 12
e 316.99 177.497 4
e 902.457 194.289 26
e 903.061 194.252 25
e 349.925 255.79 12
e 417.781 274.58 11
e 888.556 439.649 10
e 369.062 290.62 9
e 658.158 430.454 9
e 549.398 321.035 11
e 413.173 560.002 11
e 461.952 102.732 11
e 392.744 191.122 11
e 403.125 142.6 15
e 402.496 278.444 9
e 970.271 373.718 17
e 486.811 599.381 10
e 464.465 236.342 11
e 816.127 355.202 16
e 535.664 412.026 11
e 795.845 402.188 11
e 396.101 578.169 11
e 437.059 572.48 10
e 971.306 212.396 6
e 763.447 205.692 15
e 712.942 27.0351 12
e 498.55 299.051 6
e 426.131 95.7497 3
e 393.24 234.632 11
e 396.632 232.8 10
e 399.333 117.229 10
e 428.953 129.349 10
e 381.213 607.525 9
e 468.31 347.279 11
e 488.753 623.242 6
e 337.104 522.547 13
e 669.982 451.735 8
e 618.227 400.908 6
e 403.726 576.964 14
e 403.522 576.39 10
e 545.547 299.058 12
e 359.261 569.415 8
e 618.606 402.784 9
e 381.655 111.547 17
e 517.62 265.155 10
e 290.495 106.074 13
e 178.817 109.32 27
e 703.208 80.7735 19
e 347.875 406.204 9
e 168.186 188.278 13
e 179.826 109.447 14
e 220.742 116.658 16
e 169.427 186.161 12
e 252.673 275.404 15
e 254.937 272.199 14
e 181.166 109.749 20
e 271.792 288.515 16
e 67.2585 312.06 15
e 207.472 132.677 15
e 210.356 137.153 17
e 346.239 70.3112 15
e 275.56 262.59 15
e 278.128 264.044 12
e 346.232 75.8369 14
e 291.058 118.467 14
e 222.424 247.179 11
e 215.692 224.148 13
e 218.999 224.187 16
e 261.832 261.656 18
e 210.462 96.6677 17
e 230.233 226.001 14
e 270.313 254.597 16
e 258.103 147.142 19
e 252.041 276.922 12
e 263.305 263.064 17
e 187.642 113.135 15
e 184.073 109.624 13
e 365.713 50.6058 14
e 211.421 98.7012 13
e 349.35 59.3964 18
e 241.477 145.405 10
e 349.991 60.6002 19
e 204.81 121.952 10
e 246.392 138.398 10
e 367.354 73.9744 12
e 828.85 176.091 12
e 696.09 446.708 10
e 383.864 574.928 8
e 365.135 203.483 10
e 281.521 47.7188 16
e 415.032 572.929 12
e 568.551 296.186 13
e 559.944 297.109 10
e 590.572 625.597 12
e 641.071 657.714 10
e 722.356 278.133 8
e 696.471 318.514 6
e 816.638 290.088 24
e 813.767 283.794 22
e 993.202 381.064 11
e 901.9 231.607 11
e 877.428 299.643 15
e 857.335 379.298 7
e 753.388 457.553 7
e 629.646 314.679 9
e 777.079 279.283 12
e 1013.07 268.048 23
e 186.884 168.194 21
e 239.039 145.019 22
e 263.008 46.932 12
e 305.555 172.874 6
e 222.687 460.924 12
e 135.76 414.89 13
e 140.284 414.733 14
e 134.305 413.746 17
e 36.4453 252.978 17
e 158.315 401.79 16
e 155.873 398.861 10
e 335.617 184.277 8
e 842.818 421.09 9
e 615.943 103.813 5
e 179.614 131.85 16
e 235.074 143.615 16
e 216.023 74.7303 12
e 178.253 116.775 15
e 661.008 260.197 14
e 623.731 313.89 8
e 590.851 143.019 6
e 586.233 229.931 15
e 822.957 267.349 10
e 916.011 196.789 14
e 860.349 240.158 14
e 848.599 232.538 14
e 714.49 367.34 15
e 738.495 373.479 11
e 753.133 301.315 24
e 827.628 270.751 13
e 806.683 315.471 15
e 357.528 94.9385 19
e 258.331 220.899 8
e 858.122 282.371 8
e 633.973 198.66 18
e 630.299 117.992 16
e 525.605 194.968 19
e 729.017 129.152 15
e 934.356 176.545 27
e 537.798 218.045 11
e 553.242 226.606 11
e 975.608 210.557 12
e 568.591 215.939 14
e 935.782 175.853 35
e 568.847 219.776 14
e 283.078 21.129 15
e 176.476 138.834 9
e 182.975 110.02 17
e 361.327 116.522 17
e 272.553 258.041 12
e 947.932 199.413 15
e 961.392 214.155 12
e 876.095 246.086 13
e 873.523 246.293 11
e 877.183 244.216 15
e 869.156 243.025 8
e 216.628 232.138 6
e 205.849 248.933 8
e 287.807 38.6911 16
e 295.758 40.7511 22
e 290.774 38.98 18
e 288.458 53.5709 22
e 286.144 48.759 17
e 282.94 290.525 9
e 716.273 86.7908 21
e 180.891 131.116 20
e 698.347 0 16
e 679.26 0.550039 19
e 860.815 169.367 12
e 257.067 147.88 16
e 347.262 64.0014 17
e 667.066 370.364 8
e 465.414 86.208 20
e 666.727 108.13 7
e 682.505 137.015 15
e 648.003 134.768 7
e 738.168 220.992 17
e 783.567 247.357 12
e 801.091 243.584 10
e 661.325 180.852 16
e 688.341 161.658 16
e 870.054 174.442 15
e 943.198 162.613 20
e 937.47 164.187 16
e 487.611 165.687 18
e 763.558 237.053 31
e 763.512 234.196 28
e 763.481 235.093 25
e 870.549 178.192 16
e 697.671 104.522 15
e 422.517 33.0635 16
e 675.436 137.38 16
e 701.291 34.8795 16
e 967.834 200.965 16
e 868.766 173.378 13
e 667.205 178.48 14
e 697.772 225.277 19
e 805.901 215.178 24
e 806.243 217.515 18
e 738.241 224.637 14
e 643.621 156.034 12
e 706.307 186.708 15
e 683.397 142.069 18
e 684.411 109.073 16
e 580.933 232.078 12
e 434.587 54.5724 13
e 674.816 275.278 14
e 659.105 248.721 18
e 695.872 233.741 19
e 739.329 201.856 14
e 583.821 142.426 16
e 702.724 252.809 14
e 715.084 84.3429 15
e 633.42 235.544 12
e 736.116 123.773 12
e 583.098 155.873 16
e 808.556 233.162 20
e 858.951 172.342 16
e 859.099 174.921 14
e 818.183 221.219 16
e 675.394 284.776 15
e 622.581 182.115 15
e 703.123 187.905 14
e 704.425 207.786 15
e 760.513 215.184 13
e 638.243 154.143 14
e 745.893 137.536 16
e 465.359 84.697 18
e 502.578 170.232 19
e 587.638 227.61 16
e 730.911 126.667 18
e 647.876 138.207 16
e 828.88 172.116 19
e 809.351 203.527 18
e 720.395 107.499 19
e 702.989 38.9907 21
e 483.091 161.163 16
e 639.865 231.476 16
e 844.994 166.339 31
e 845.872 166.557 28
e 808.859 206.985 16
e 665.125 271.187 17
e 683.035 146.51 14
e 711.683 83.746 15
e 734.098 234.235 14
e 718.055 106.291 16
e 495.367 120.798 15
e 993.379 278.305 18
e 485.899 103.473 14
e 641.958 163.093 15
e 636.17 229.171 15
e 578.991 158.664 13
e 701.202 39.9454 17
e 807.195 224.223 20
e 718.901 219.462 13
e 735.693 211.421 19
e 735.27 185.745 14
e 768.195 189.057 19
e 860.195 188.254 14
e 861.384 189.5 14
e 862.518 194.567 16
e 807.49 198.997 13
e 822.034 195.468 13
e 713.562 184.355 11
e 684.944 144.55 22
e 684.005 144.398 24
e 492.605 111.03 14
e 736.349 184.781 11
e 713.57 85.7177 16
e 726.571 110.629 10
e 496.942 115.103 12
e 1034.17 317.738 13
e 697.448 52.0069 15
e 670.421 98.4747 13
e 898.915 193.71 12
e 983.165 203.01 34
e 718.364 223.68 10
e 727.577 113.069 13
e 586.48 141.172 19
e 679.092 41.8894 11
e 712.709 83.9118 10
e 705.999 102.127 13
e 495.914 118.024 14
e 673.71 173.773 10
e 736.538 145.089 11
e 974.775 204.173 13
e 478.525 100.152 9
e 749.808 139.712 12
e 691.046 230.593 15
e 959.452 282.378 13
e 700.406 41.2017 13
e 701.399 174.591 12
e 709.949 110.628 13
e 430.934 50.7098 13
e 882.465 357.576 12
e 253.254 451.865 14
e 700.311 540.114 12
e 891.593 424.609 11
e 567.571 247.354 14
e 913.239 312.568 12
e 449.717 354.867 13
e 880.371 351.377 14
e 285.692 292.068 13
e 325.579 255.263 13
e 626.406 621.349 7
e 690.282 472.944 12
e 435.583 113.71 7
e 772.191 486.356 11
e 656.014 437.999 17
e 503.187 396.447 16
e 422.248 449.085 14
e 365.109 581.964 10
e 291.555 292.341 11
e 582.474 579.255 11
e 665.048 406.17 11
e 325.909 319.791 12
e 519.52 216.509 10
e 323.849 267.833 9
e 589.017 390.526 5
e 871.129 236.494 11
e 425.383 436.327 14
e 353.718 599.222 11
e 636.048 323.347 13
e 648.648 410.569 13
e 702.59 539.704 9
e 273.18 324.336 11
e 404.372 561.428 9
e 890.141 311.523 13
e 526.86 419.906 10
e 660.111 465.72 10
e 794.218 472.119 13
e 334.2 320.435 18
e 660.992 691.31 9
e 635.042 403.212 12
e 446.497 157.075 15
e 397.341 256.936 12
e 589.92 702.983 9
e 482.864 293.158 12
e 481.469 186.367 11
e 436.498 630.644 11
e 792.384 517.025 13
e 366.71 557.294 12
e 303.16 288.166 11
e 891.616 313.643 21
e 464.678 612.326 15
e 429.74 613.012 12
e 621.536 608.511 8
e 615.525 681.354 9
e 351.878 542.671 8
e 886.883 268.493 13
e 406.601 355.182 8
e 408.649 355.738 10
e 372.659 564.513 10
e 524.548 361.913 11
e 660.388 431.181 13
e 295.452 201.424 11
e 503.775 309.65 15
e 523.259 279.762 19
e 551.559 341.078 16
e 306.654 293.032 9
e 389.857 542.735 14
e 312.828 582.831 19
e 793.097 544.521 13
e 507.04 202.216 14
e 321.129 318.463 12
e 505.71 343.223 12
e 818.034 223.622 12
e 816.223 220.617 10
e 834.472 354.695 18
e 683.62 568.252 11
e 630.105 353.203 16
e 752.154 448.875 13
e 567.803 321.958 15
e 583.083 347.738 13
e 535.858 354.138 13
e 634.954 433.09 12
e 374.798 217.081 15
e 670.67 457.491 16
e 564.272 259.112 15
e 570.935 256.756 14
e 401.008 102.842 11
e 730.519 440.285 10
e 540.945 401.527 9
e 535.963 351.705 11
e 416.824 97.3913 10
e 753.271 459.295 12
e 697.56 451.336 10
e 475.65 387.309 14
e 791.605 477.429 13
e 656.401 350.563 11
e 423.348 106.082 14
e 719.995 399.049 12
e 625.278 336.722 12
e 563.236 280.727 15
e 664.939 468.792 11
e 478.936 180.725 14
e 897.856 311.209 12
e 883.737 412.563 12
e 387.984 593.717 12
e 880.359 379.321 12
e 475.397 584.125 10
e 316.852 238.159 12
e 346.324 264.913 15
e 508.355 291.033 11
e 509.218 343.598 10
e 553.563 238.337 10
e 416.591 267.045 11
e 536.644 239.471 12
e 540.706 238.182 12
e 361.089 559.699 9
e 308.072 292.837 8
e 645.935 143.831 6
e 505.994 587.267 11
e 933.759 381.31 8
e 307.119 294.268 9
e 706.143 544.115 12
e 351.108 267.057 10
e 347.31 312.216 10
e 864.414 295.113 13
e 218.67 197.062 15
e 242.872 239.588 15
e 196.585 120.709 15
e 378.061 555.537 11
e 685.25 557.389 11
e 344.97 319.266 11
e 364.21 566.837 15
e 391.054 582.347 13
e 517.729 420.416 15
e 288.127 99.2574 9
e 726.792 410.543 11
e 891.866 197.816 21
e 952.237 366.302 12
e 563.122 475.274 13
e 789.672 446.852 12
e 857.123 292.932 8
e 660.85 368.453 11
e 689.333 389.536 11
e 358.015 530.633 7
e 178.103 185.256 23
e 339.347 575.526 10
e 713.521 392.906 14
e 622.623 413.924 15
e 658.708 465.069 12
e 333.288 260.706 12
e 979.441 376.672 13
e 571.093 383.393 12
e 605.217 464.015 12
e 696.149 98.7006 12
e 206.52 123.389 11
e 710.463 84.8211 8
e 410.518 32.7403 6
e 860.48 264.079 10
e 636.593 320.042 8
e 894.857 376.829 7
e 646.094 131.402 7
e 216.675 233.473 13
e 262.811 200.469 12
e 759.51 162.155 16
e 932.221 371.75 10
e 672.34 97.7233 7
e 767.172 184.248 23
e 497.754 125.282 14
e 619.915 260.242 8
e 713.022 110.697 7
e 760.077 306.781 12
e 622.611 302.883 6
e 1040.91 337.031 10
e 726.984 132.852 8
e 861.062 179.222 8
e 739.654 439.154 11
e 330.262 370.676 12
e 417.042 251.11 9
e 1020.32 426.056 14
e 1018.51 424.973 11
e 421.534 357.715 13
e 587.631 524.614 13
e 324.631 319.012 7
e 554.533 428.981 12
e 495.585 627.621 10
e 380.259 599.814 10
e 304.582 510.355 11
e 735.08 382.132 14
e 595.611 619.591 9
e 659.955 472.129 11
e 880.145 307.794 11
e 904.85 354.678 11
e 366.707 560.321 10
e 791.661 523.5 12
e 458.1 134.052 8
e 412.825 75.4692 11
e 684.81 416.69 10
e 908.521 334.091 11
e 450.831 359.985 5
e 750.209 591.899 4
e 419.48 606.782 12
e 481.98 184.414 11
e 514.344 304.167 12
e 706.783 459.256 13
e 460.73 377.451 13
e 906.899 396.598 7
e 488.264 393.762 11
e 493.222 286.674 12
e 373.567 601.206 8
e 639.147 656.391 5
e 476.813 377.695 10
e 579.541 387.472 11
e 696.852 466.197 15
e 752.966 272.117 10
e 621.701 366.382 9
e 425.973 292.617 14
e 299.625 286.011 10
e 301.56 282.607 9
e 516.734 276.191 12
e 695.282 426.507 11
e 587.459 343.033 12
e 481.455 294.227 6
e 328.205 284.779 6
e 637.087 452.485 9
e 3.86334 144.966 20
e 412.414 337.737 5
e 336.263 595.974 8
e 361.206 584.011 10
e 335.297 572.589 9
e 371.411 307.248 8
e 411.025 326.278 13
e 416.817 558.731 10
e 457.827 193.09 5
e 306.497 202.475 9
e 418.725 367.139 12
e 561.773 408.717 12
e 400.059 250.697 9
e 369.366 241.601 11
e 808.327 234.659 17
e 427.053 391.718 8
e 426.962 571.016 4
e 474.199 544.661 12
e 393.112 342.849 12
e 568.009 568.729 10
e 377.955 586.856 11
e 370.521 577.56 10
e 436.751 424.868 13
e 676.069 503.631 9
e 332.719 580.886 7
e 401.599 399.932 12
e 631.798 692.817 4
e 646.778 692.13 14
e 682.976 469.08 18
e 674.158 440.743 14
e 632.676 438.734 14
e 443.86 352.591 14
e 627.012 615.507 10
e 693.904 472.553 9
e 852.947 352.581 12
e 469.394 352.375 13
e 481.954 572.287 11
e 397.82 124.326 12
e 899.9 347.644 11
e 428.421 261.616 7
e 661.919 413.707 10
e 770.708 293.088 11
e 590.634 372.52 11
e 324.928 254.818 10
e 380.257 154.351 11
e 333.19 598.042 10
e 399.241 107.356 11
e 510.139 613.493 11
e 424.627 435.378 7
e 533.782 232.498 10
e 263.847 159.16 7
e 716.726 261.184 14
e 724.87 259.462 11
e 382.113 471.402 10
e 621.893 331.571 7
e 763.777 485.755 5
e 568.81 391.386 6
e 470.888 350.101 16
e 653.229 331.724 8
e 267.405 286.474 7
e 283.633 274.774 13
e 354.286 312.12 9
e 728.104 238.976 10
e 753.145 451.92 11
e 431.31 212.322 13
e 404.29 38.7932 31
e 399.665 40.0859 34
e 401.813 39.214 18
e 430.505 236.455 9
e 800.477 452.993 12
e 730.249 290.504 11
e 732.18 435.342 10
e 373.555 579.726 5
e 521.027 274.358 13
e 732.249 296.492 14
e 466.914 397.96 12
e 876.492 238.275 17
e 920.52 289.014 11
e 918.27 290.947 13
e 786.259 361.526 12
e 857.299 297.771 13
e 789.688 361.404 11
e 650.388 314.429 5
e 181.928 444.323 17
e 398.044 146.31 8
e 379.273 151.588 10
e 529.341 346.481 9
e 277.341 48.1855 17
e 432.01 337.537 7
e 608.47 719.004 3
e 798.532 527.574 15
e 799.21 527.889 13
e 799.806 527.145 8
e 468.722 130.766 10
e 350.034 254.205 10
e 769.086 279.262 9
e 822.139 210.284 8
e 868.603 378.465 13
e 912.606 320.574 11
e 687.802 466.293 10
e 541.977 366.599 10
e 441.468 402.853 4
e 543.372 236.287 10
e 491.454 170.633 18
e 405.576 240.281 15
e 635.608 403.725 10
e 739.978 505.476 12
e 423.531 429.023 23
e 324.16 280.607 12
e 411.55 337.532 9
e 391.944 335.826 6
e 501.693 498.189 9
e 393.688 595.293 5
e 522.359 645.118 9
e 416.676 596.846 12
e 633.517 370.504 6
e 532.98 217.135 23
e 456.3 190.306 11
e 730.251 287.556 12
e 856.637 236.334 16
e 857.42 219.497 11
e 470.351 375.918 11
e 320.815 589.501 11
e 344.313 600.356 9
e 496.708 414.266 11
e 559.69 267.633 8
e 418.358 43.5399 7
e 329.073 204.739 11
e 830.038 543.643 11
e 547.059 244.353 8
e 446.712 336.932 11
e 387.724 403.773 10
e 182.795 180.827 8
e 346.283 76.707 17
e 379.866 88.3764 15
e 870.718 370.123 14
e 587.276 370.001 12
e 552.687 355.038 10
e 326.456 158.11 17
e 424.67 468.988 5
e 391.878 104.5 7
e 423.448 438.965 13
e 384.733 548.565 7
e 990.692 380.512 13
e 387.889 248.346 5
e 409.077 226.91 8
e 425.78 267.139 4
e 338.813 321.299 9
e 324.445 322.291 9
e 412.709 320.388 4
e 419.416 300.77 10
e 409.657 571 10
e 420.183 395.598 17
e 621.037 588.757 7
e 446.07 353.249 13
e 450.33 302.407 4
e 507.148 314.896 10
e 685.54 482.602 14
e 687.718 356.428 13
e 672.026 429.033 9
e 424.215 204.57 11
e 427.559 272.702 10
e 659.941 442.72 4
e 375.761 565.191 10
e 714.19 478.207 12
e 785.387 297.432 13
e 479.381 214.231 11
e 319.922 513.572 13
e 501.743 632.077 9
e 222.126 192.916 8
e 575.348 304.589 14
e 727.231 408.546 10
e 612.12 557.555 8
e 414.274 576.343 8
e 399.363 556.421 12
e 699.575 496.99 15
e 922.391 199.429 20
e 920.165 198.44 28
e 920.936 198.78 27
e 919.652 198.025 22
e 337.915 189.091 8
e 377.274 148.738 10
e 414.616 563.889 11
e 206.693 90.2589 10
e 439.494 219.256 11
e 448.165 384.711 11
e 453.314 390.947 7
e 345.231 122.854 14
e 338.015 126.732 16
e 318.712 28.2451 25
e 288.55 65.6483 13
e 294.576 68.0101 21
e 336.645 44.8018 14
e 339.102 45.502 14
e 310.553 21.9495 13
e 319.84 28.4825 16
e 189.085 154.115 14
e 292.809 87.7561 14
e 297.021 94.0516 15
e 330.838 38.0273 15
e 304.445 108.455 16
e 297.711 54.5097 13
e 322.189 30.4299 15
e 270.769 17.956 8
e 280.835 41.8253 8
e 471.814 392.815 14
e 459.527 56.2164 6
e 706.005 82.0869 12
e 571.22 211.914 8
e 370.898 595.47 10
e 664.858 189.118 5
e 376.104 374.657 15
e 456.127 593.384 4
e 538.785 353.593 17
e 372.408 559.942 9
e 702.651 37.3526 10
e 347.306 420.666 8
e 438.426 208.383 19
e 379.911 577.975 8
e 444.614 405.815 13
e 386.782 216.82 8
e 350.176 522.978 16
e 527.196 337.58 13
e 366.105 581.025 9
e 477.795 111.767 9
e 429.99 112.101 22
e 394.365 346.086 7
e 405.31 593.615 7
e 670.546 538.252 7
e 452.939 413.432 7
e 304.368 228.591 12
e 389.702 575.72 11
e 591.799 504.995 8
e 474.171 321.747 9
e 688.165 484.311 7
e 783.509 252.192 21
e 229.781 207.861 9
e 614.65 127.31 4
e 242.976 14.9062 24
e 442.732 333.541 13
e 464.895 86.8977 15
e 912.729 314.909 14
e 410.961 147.302 13
e 671.393 540.949 8
e 285.917 97.579 7
e 867.744 376.295 13
e 520.039 364.513 9
e 253.32 161.313 21
e 199.917 111.276 13
e 396.017 587.135 11
e 539.401 387.18 8
e 507.118 359.995 10
e 296.736 187.093 11
e 295.089 189.947 10
e 843.865 331.915 14
e 270.99 208.463 15
e 478.341 354.136 10
e 476.912 351.335 10
e 481.467 351.275 9
e 388.68 583.741 11
e 337.988 259.932 9
e 327.153 36.1944 15
e 750.358 145.145 25
e 842.103 168.938 18
e 840.7 167.999 20
e 800.25 452.703 11
e 330.231 261.847 9
e 493.85 358.357 10
e 494.487 285.396 11
e 409.251 565.586 11
e 375.544 532.475 9
e 636.534 461.99 10
e 871.265 341.52 20
e 872.2 342.464 19
e 320.48 591.492 7
e 735.436 269.922 14
e 346.597 219.925 13
e 344.636 214.022 12
e 279.913 262.536 7
e 796.471 469.649 6
e 400.398 151.281 13
e 786.186 517.887 7
e 787.833 529.521 14
e 383.223 218.281 6
e 876.798 331.12 10
e 442.138 409.728 8
e 739.763 211.834 12
e 840.767 353.032 8
e 482.585 361.337 12
e 526.829 279.262 10
e 652.075 395.812 11
e 437.82 195.66 9
e 487.507 421.855 9
e 319.425 314.201 13
e 427.318 84.4305 8
e 771.027 276.788 17
e 458.063 344.242 15
e 541.824 381.234 12
e 544.062 355.723 14
e 740.268 458.059 19
e 661.47 67.3669 5
e 304.203 202.766 8
e 458.345 93.1788 14
e 670.978 546.057 6
e 371.479 463.057 6
e 434.632 78.3126 11
e 458.107 231.579 11
e 378.503 572.765 11
e 330.922 248.784 12
e 338.176 243.28 11
e 181.943 189.724 7
e 96.1167 351.618 20
e 230.219 39.1809 40
e 325.157 82.2062 25
e 229.835 55.2415 17
e 279.742 24.6361 18
e 202.389 83.1856 15
e 224.085 59.5398 16
e 299.504 179.832 17
e 293.402 39.9454 21
e 346.025 69.332 18
e 237.916 63.8294 21
e 222.492 22.5403 24
e 227.902 31.7898 19
e 222.601 25.1415 20
e 223.109 20.3915 20
e 231.636 36.1574 20
e 179.912 175.486 19
e 285.314 53.0817 19
e 298.951 54.78 22
e 234.452 62.6911 15
e 236.489 63.5257 18
e 226.557 46.8579 22
e 225.116 27.5936 15
e 224.667 58.4375 21
e 249.822 10.3362 14
e 846.744 171.632 13
e 864.417 167.99 15
e 486.897 261.472 11
e 432.155 350.142 3
e 575.287 530.988 12
e 391.548 259.613 10
e 524.938 643.385 11
e 707.31 242.026 21
e 600.588 566.742 9
e 623.527 439.184 12
e 432.907 65.1388 9
e 388.418 114.897 10
e 448.654 357.945 4
e 470.431 588.036 8
e 347.395 290.623 16
e 346.641 289.202 9
e 401.177 268.207 8
e 483.622 240.688 4
e 476.738 244.877 4
e 558.784 283.69 4
e 350.282 212 4
e 565.622 288.587 4
e 566.728 288.835 4
e 346.33 205.607 4
e 569.211 218.357 4
e 569.113 219.21 4
e 569.07 221.257 4
e 568.626 220.411 4
e 476.149 350.672 5
e 418.748 341.776 5
e 289.031 294.115 4
e 393.288 568.942 5
e 295.064 60.4355 12
