c json/middle_hotels_CH
p rectangle 1828 1080 720
e 597.913 452.4 22
e 424.256 218.989 9
e 333.882 490.084 7
e 613.018 585.385 10
e 789.728 373.137 12
e 800.404 599.061 5
e 740.843 483.684 10
e 291.255 98.8805 10
e 179.073 426.094 9
e 26.0574 141.853 29
e 348.955 426.504 21
e 340.576 420.3 21
e 348.912 426.456 14
e 556.19 616.913 19
e 376.74 657.461 24
e 525.947 535.323 14
e 546.268 355.997 17
e 26.2846 143.962 2
e 381.571 660.17 9
e 587.564 473.058 13
e 532.62 602.779 12
e 286.44 570.987 23
e 611.118 585.25 8
e 674.441 126.99 25
e 613.128 585.502 19
e 388.885 343.274 10
e 960.257 289.57 11
e 960.397 289.548 7
e 688.511 516.569 8
e 668.228 121.009 7
e 335.844 511.943 12
e 612.357 589.335 22
e 613.336 586.423 11
e 857.466 429.402 9
e 633.196 404.597 8
e 821.022 590.926 9
e 366.645 521.952 20
e 389.251 350.601 21
e 412.443 411.414 15
e 785.752 601.44 17
e 635.251 710.662 19
e 598.74 458.989 21
e 611.861 293.809 11
e 606.877 510.711 8
e 416.892 68.4373 9
e 726.482 5.35695 9
e 424.226 323.816 25
e 631.706 705.005 15
e 635.43 711.447 3
e 654.896 109.433 17
e 610.443 589.902 12
e 640.011 450.274 14
e 648.179 446.104 9
e 533.7 395.415 8
e 343.796 235.808 11
e 873.383 425.238 8
e 380.056 658.735 11
e 460.174 292.931 12
e 613.205 585.66 10
e 622.427 615.01 11
e 618.827 608.182 13
e 832.443 326.234 11
e 407.03 586.404 13
e 656.963 634.847 8
e 946.975 247.138 7
e 796.745 268.782 9
e 440.695 136.866 11
e 454.813 323.144 6
e 555.778 461.192 15
e 444.782 317.185 18
e 890.649 358.894 18
e 346.215 425.588 8
e 714.419 323.872 19
e 389.454 204.667 18
e 408.79 144.237 9
e 292.333 97.8389 9
e 767.778 695.994 8
e 767.809 695.927 8
e 598.348 445.309 12
e 451.054 173.435 9
e 146.858 259.975 18
e 689.402 52.2335 14
e 657.9 151.112 13
e 712.765 67.4988 11
e 675.711 128.333 14
e 676.818 128.86 15
e 708.185 65.2272 12
e 371.7 520.33 11
e 964.409 293.751 10
e 717.327 65.3657 16
e 822.433 366.544 15
e 372.378 249.261 13
e 400.464 249.952 15
e 445.182 322.695 17
e 832.449 326.452 8
e 678.335 715.385 18
e 291.268 98.8491 7
e 892.422 359.49 33
e 861.307 346.493 12
e 1043.77 365.538 3
e 418.053 70.7922 17
e 152.285 268.304 5
e 817.584 656.286 14
e 433.435 328.633 24
e 750.132 356.899 6
e 676.432 125.733 16
e 425.086 88.1271 12
e 539.215 330.968 8
e 273.445 484.918 9
e 860.3 232.865 8
e 931.152 370.148 18
e 793.74 623.166 4
e 1079.14 300.761 19
e 25.748 133.097 15
e 609.235 587.201 8
e 690.874 51.6924 15
e 554.643 626.144 11
e 477.341 184.706 7
e 166.891 425.592 7
e 474.679 204.774 7
e 24.6243 139.057 13
e 751.932 660.663 12
e 609.225 586.75 8
e 553.608 462.618 17
e 626.231 302.558 15
e 417.743 70.7162 9
e 555.41 460.704 9
e 625.588 303.484 19
e 214.108 325.606 14
e 531.033 627.26 8
e 537.002 237.499 5
e 625.919 302.329 13
e 565.842 264.515 9
e 668.435 120.853 6
e 924.259 234.972 13
e 375.065 339.712 10
e 805.625 469.086 12
e 801.796 602.563 11
e 381.99 659.033 19
e 793.901 379.102 10
e 129.098 260.268 15
e 146.427 259.586 22
e 652.568 608.32 10
e 614.952 584.116 23
e 444.58 320.99 9
e 444.586 321.667 25
e 707.556 37.8471 19
e 803.95 271.87 7
e 419.293 72.2178 21
e 938.925 397.216 22
e 890.994 357.196 19
e 18.38 146.14 28
e 983.679 185.611 6
e 856.751 191.6 12
e 330.4 258.418 8
e 441.595 138.816 5
e 612.684 584.964 8
e 761.562 487.311 7
e 644.334 354.288 10
e 445.034 321.425 6
e 1073.48 392.285 9
e 614.103 581.486 23
e 986.031 214.622 30
e 457.489 287.209 9
e 25.3581 136.97 27
e 569.155 426.568 10
e 574.055 428.944 10
e 887.727 210.325 6
e 930.133 245.859 8
e 340.444 518.4 18
e 612.056 586.948 12
e 609.34 584.758 10
e 931.864 247.541 17
e 924.347 353.488 19
e 908.271 299.374 18
e 894.971 214.315 10
e 930.478 369.685 14
e 265.599 72.7042 9
e 444.807 322.367 8
e 598.856 591.201 10
e 388.176 350.259 9
e 578.671 373.173 12
e 377.405 657.345 9
e 618.81 589.289 24
e 611.573 585.891 22
e 615.012 581.246 20
e 613.324 586.853 19
e 634.826 710.828 19
e 615.538 591.514 22
e 612.994 590.163 16
e 577.747 373.185 11
e 443.806 182.027 11
e 579.344 597.01 15
e 299.141 249.871 7
e 419.034 72.7429 12
e 410.24 333.752 21
e 930.978 366.811 7
e 690.227 50.3823 7
e 635.788 710.557 7
e 800.99 599.008 6
e 341.693 241.548 9
e 351.864 224.045 12
e 417.976 71.5958 4
e 940.639 391.099 19
e 1057.73 420.61 9
e 457.237 289.137 10
e 526.741 337.555 15
e 611.273 582.741 30
e 604.932 592.469 16
e 912.153 225.47 7
e 511.579 496.036 25
e 756.028 489.432 17
e 369.374 381.247 22
e 476.646 434.347 22
e 623.601 494.964 12
e 643.047 435.499 32
e 818.498 602.249 46
e 983.92 186.015 8
e 455.008 323.441 13
e 557.489 446.869 16
e 626.121 542.554 17
e 563.377 445.323 22
e 534.038 556.131 16
e 455.704 323.334 8
e 618.59 555.77 8
e 740.273 479.64 12
e 601.442 535.217 19
e 612.109 587.154 12
e 531.975 398.895 12
e 524.9 538.268 9
e 818.367 661.192 35
e 854.814 623.694 22
e 434.344 666.058 20
e 824.944 375.273 18
e 849.304 440.138 19
e 832.663 346.887 33
e 266.339 408.736 21
e 389.559 350.627 18
e 418.804 72.0535 13
e 697.705 688.279 19
e 535.147 655.936 18
e 793.036 485.426 11
e 689.842 696.676 6
e 613.425 586.196 8
e 343.496 422.885 5
e 275.084 367.009 7
e 300.791 208.572 8
e 438.04 320.578 28
e 927.644 251.7 11
e 29.2022 138.806 7
e 618.968 611.098 19
e 613.06 585.72 8
e 372.583 231.238 12
e 676.413 465.095 11
e 657.915 599.237 14
e 238.16 193.263 25
e 384.096 480.731 11
e 647.788 605.364 16
e 446.471 323.494 18
e 667.032 126.274 6
e 530.686 628.597 10
e 366.716 521.909 10
e 366.578 520.906 12
e 517.638 320.292 9
e 689.869 695.165 8
e 946.127 248.684 8
e 428.867 476.806 20
e 855.583 385.419 20
e 216.943 212.703 9
e 671.482 457.508 17
e 196.466 236.451 13
e 608.843 438.923 7
e 597.594 661.513 15
e 653.376 106.853 16
e 668.213 121.022 19
e 686.742 223.012 19
e 628.732 191.157 18
e 668.157 121.042 26
e 646.728 260.964 19
e 668.116 121.079 18
e 709.896 271.931 27
e 676.494 128.176 9
e 584.282 432.842 16
e 789.754 372.619 12
e 863.805 569.549 3
e 653.472 310.776 11
e 690.367 696.097 9
e 381.369 658.836 15
e 278.99 517.612 25
e 467.558 654.948 43
e 251.551 353.968 26
e 388.55 207.162 42
e 861.515 327.327 22
e 731.108 524.307 25
e 731.135 524.006 28
e 682.824 130.142 29
e 676.89 128.398 30
e 601.219 585.8 22
e 605.947 591.489 23
e 555.231 461.061 11
e 70.1736 315.733 19
e 692.081 118.185 26
e 637.707 397.016 6
e 145.049 259.978 6
e 326.853 290.861 5
e 988.687 172.823 7
e 431.196 179.81 9
e 909.981 226.236 9
e 382.715 659.608 12
e 21.629 130.468 20
e 556.897 460.737 12
e 379.401 654.52 18
e 817.966 607.994 12
e 913.846 414.996 20
e 341.005 239.629 20
e 906.579 301.163 23
e 528.341 345.708 15
e 668.806 584.262 9
e 1043.16 365.199 10
e 26.3876 144.01 13
e 938.733 265.52 11
e 690.635 591.434 18
e 749.228 311.191 10
e 381.669 659.102 20
e 892.017 359.54 13
e 45.4043 143.993 22
e 12.0828 156.642 16
e 856.633 358.775 8
e 669.895 320.389 36
e 860.872 346.639 18
e 865.95 313.41 16
e 665.688 393.239 15
e 443.032 322.372 17
e 690.208 131.478 14
e 462.652 104.053 7
e 615.472 585.917 10
e 416.871 68.2221 12
e 600.586 589.684 12
e 829.648 290.291 9
e 803.945 271.98 9
e 768.776 339.081 11
e 679.792 529.109 25
e 556.5 437.021 7
e 871.097 288.618 6
e 419.743 72.2151 7
e 291.063 99.4019 6
e 540.662 619.657 29
e 774.404 356.615 15
e 1007 356.489 16
e 774.878 356.32 14
e 1052.16 372.374 12
e 758.512 321.405 18
e 757.68 321.4 14
e 1052.35 372.481 14
e 715.883 67.3439 17
e 674.777 127.284 22
e 388.568 114.224 25
e 887.275 356.499 18
e 356.8 105.356 16
e 1058.41 382.593 13
e 819.913 323.119 14
e 819.851 592.977 17
e 807.882 345.652 18
e 525.24 200.161 14
e 390.234 183.155 32
e 766.354 334.374 6
e 30.0855 138.452 3
e 419.946 71.8728 10
e 460.726 291.949 28
e 332.295 516.555 7
e 379.634 528.328 17
e 748.803 494.074 17
e 490.013 299.01 19
e 398.797 340.486 19
e 407.261 332.484 16
e 671.843 123.326 15
e 371.449 248.836 18
e 419.055 70.7143 19
e 846.845 443.263 9
e 430.794 657.189 19
e 818.184 661.866 17
e 612.28 615.723 23
e 200.627 377.949 14
e 720.939 37.3174 10
e 513.907 214.666 4
e 711.838 66.7205 13
e 213.359 226.613 11
e 599.568 439.822 22
e 1028.22 360.717 8
e 722.053 81.7325 25
e 660.485 513.667 21
e 856.965 192.019 13
e 880.99 380.322 15
e 613.21 585.832 23
e 685.738 160.096 16
e 696.318 51.6316 29
e 619.095 272.809 23
e 614.111 582.267 5
e 605.372 587.472 7
e 457.962 576.582 9
e 709.247 262.896 13
e 926.49 363.686 8
e 540.181 402.176 12
e 827.602 615.903 14
e 455.094 323.27 14
e 457.383 288.102 8
e 114.934 310.529 10
e 346.836 422.636 6
e 606.552 591.855 25
e 348.858 426.542 17
e 127.905 273.124 7
e 1057.59 420.162 10
e 595.354 430.654 13
e 1057.71 420.463 6
e 435.467 319.738 29
e 838.967 569.481 10
e 718.4 195.721 9
e 418.663 69.6073 6
e 21.7943 142.772 14
e 11.5015 148.79 17
e 272.863 366.755 11
e 480.398 499.06 31
e 594.537 608.082 21
e 432.305 567.707 16
e 724.801 419.717 22
e 597.567 447.959 11
e 945.634 260.065 14
e 1032.08 364.43 11
e 732.414 0.375787 23
e 417.091 67.7168 17
e 747.257 556.833 15
e 379.765 655.874 9
e 610.672 584.245 9
e 637.984 587.697 16
e 725.867 126.289 8
e 653.323 106.914 9
e 611.087 588.644 7
e 229.384 94.4044 11
e 930.359 251.257 7
e 478.331 488.551 6
e 393.397 643.567 8
e 453.556 270.33 11
e 738.965 354.029 7
e 934.633 256.062 6
e 737.466 491.781 10
e 382.406 660.191 11
e 540.173 402.444 8
e 657.782 536.48 5
e 344.147 422.923 9
e 379.707 653.544 8
e 380.008 658.103 6
e 604.697 587.769 23
e 546.722 602.514 12
e 1007.76 356.881 13
e 1051.33 333.718 5
e 418.355 70.6592 16
e 426.315 98.019 21
e 417.063 68.2646 16
e 446.891 319.95 16
e 372.389 520.587 10
e 344.984 425.159 10
e 402.067 644.222 23
e 613.097 585.25 16
e 554.904 462.236 11
e 633.172 405.543 4
e 428.167 525.44 11
e 437.771 443.205 11
e 556.2 463.427 11
e 443.632 319.45 9
e 592.596 511.794 5
e 20.1809 115.607 7
e 778.017 485.426 9
e 721.857 47.3879 19
e 719.293 63.4934 18
e 381.582 659.426 7
e 1078.7 297.828 4
e 446.941 323.875 31
e 556.891 627.007 33
e 613.263 586.96 9
e 613.176 586.781 11
e 236.962 105.023 18
e 160.083 467.114 10
e 379.149 658.009 14
e 288.834 98.4803 13
e 274.264 193.757 11
e 161.251 468.503 18
e 288.951 590.331 12
e 229.285 94.0249 11
e 177.102 462.131 8
e 197.042 236.703 14
e 195.426 132.296 26
e 291.921 98.8599 11
e 102.882 409.248 11
e 389.026 112.618 14
e 26.5807 138.804 11
e 613.55 588.016 13
e 614.215 589.915 22
e 342.043 234.367 9
e 418.812 69.1545 9
e 30.6346 230.266 16
e 261.398 413.453 15
e 388.62 114.196 8
e 103.17 325.292 15
e 260.361 212.442 15
e 25.832 136.693 9
e 988.862 172.217 8
e 381.643 157.781 11
e 417.575 70.3524 14
e 418.415 71.1995 15
e 25.2581 142.472 22
e 353.072 180.47 24
e 238.113 193.863 15
e 287.449 93.5872 11
e 237.682 158.162 9
e 120.716 336.93 11
e 130.487 405.502 23
e 272.761 195.94 10
e 291.94 98.5247 18
e 290.178 101.983 18
e 31.9131 137.232 10
e 272.025 83.0961 28
e 388.977 204.646 10
e 158.421 252.806 10
e 388.541 114.042 8
e 929.817 246.434 10
e 1075.12 426.28 17
e 393.345 285.276 14
e 347.648 423.208 8
e 358.575 400.974 21
e 786.259 683.484 17
e 883.949 592.134 20
e 404.102 445.164 18
e 385.544 517.322 17
e 479.061 457.925 26
e 695.302 550.32 23
e 685.863 697.456 19
e 417.855 452.866 18
e 464.2 366.754 11
e 674.701 686.622 18
e 462.875 334.514 9
e 31.2728 168.905 17
e 861.346 337.013 9
e 247.401 404.038 7
e 789.641 373.473 10
e 417.34 70.2575 6
e 739.018 354.367 6
e 259.264 159.866 12
e 295.783 515.231 9
e 856.371 192.161 10
e 431.255 127.6 11
e 213.37 226.58 11
e 341.174 420.531 10
e 112.247 254.974 20
e 157.801 272.836 10
e 931.91 251.303 9
e 313.003 156.606 16
e 419.44 72.0971 12
e 228.774 93.8555 19
e 89.5644 252.337 16
e 26.0646 136.141 21
e 290.02 99.8966 20
e 714.237 76.1928 12
e 755.93 200.267 10
e 882.716 315.601 10
e 53.4961 211.334 13
e 144.763 259.491 6
e 217.737 439.099 25
e 287.83 93.5177 8
e 195.642 436.989 8
e 626.415 302.694 14
e 520.815 618.275 16
e 933.03 398.633 20
e 582.743 453.788 16
e 492.174 423.101 19
e 415.063 627.942 22
e 342.469 411.701 4
e 416.921 68.0212 6
e 612.009 591.477 17
e 625.306 302.693 8
e 768.963 693.102 23
e 355 625.726 23
e 384.72 630.084 16
e 443.19 485.977 13
e 684.968 393.546 16
e 702.841 401.454 12
e 959.634 290.487 6
e 290.69 99.3396 10
e 306.337 253.494 6
e 756.224 488.701 12
e 928.762 245.399 29
e 467.603 654.524 17
e 616.928 604.733 20
e 522.491 327.54 12
e 395.585 448.724 9
e 504.937 218.422 8
e 417.14 68.7016 7
e 539.765 240.085 5
e 679.924 529.363 25
e 418.57 69.3236 14
e 395.836 672.244 28
e 257.331 465.47 14
e 388.757 114.421 29
e 342.857 427.448 11
e 638.598 216.794 9
e 921.896 379.759 9
e 606.629 591.81 22
e 556.395 464.056 23
e 19.1187 151.377 35
e 382.643 652.071 11
e 25.5322 141.709 10
e 453.945 560.805 13
e 18.6649 133.919 16
e 675.788 126.393 12
e 320.874 582.044 14
e 606.416 591.792 29
e 128.029 270.092 11
e 608.2 517.067 13
e 553.315 451.394 4
e 607.191 639.496 9
e 236.832 145.789 24
e 86.4186 249.81 29
e 354.151 74.3867 27
e 239.265 633.897 34
e 333.991 94.5815 17
e 216.892 213.18 24
e 286.553 43.4899 22
e 224.76 528.473 16
e 309.28 183.86 18
e 324.244 150.284 16
e 216.879 213.146 14
e 216.718 212.858 14
e 353.067 72.773 15
e 227.748 182.902 14
e 321.132 581.574 14
e 255.68 188.364 27
e 118.861 362.147 14
e 280.437 60.451 29
e 215.454 225.106 19
e 310.683 75.4536 22
e 248.932 174.047 14
e 263.274 74.6669 17
e 251.25 97.8241 15
e 223.502 542.776 15
e 154.991 254.612 18
e 194.608 481.438 22
e 251.365 97.475 26
e 181.654 405.223 19
e 19.5734 126.498 20
e 278.143 137.787 27
e 239.75 139.71 16
e 219.864 439.693 15
e 360.344 93.4903 16
e 264.283 428.823 17
e 239.517 629.903 21
e 253.931 101.789 18
e 193.774 481.664 25
e 273.109 582.277 22
e 193.99 482.428 23
e 201.285 429.464 21
e 234.553 522.16 20
e 217.24 439.637 19
e 312.733 114.403 16
e 319.235 64.1397 19
e 214.009 500.286 25
e 235.623 84.802 24
e 359.942 94.3772 14
e 218.711 438.639 21
e 25.5339 141.753 13
e 25.8793 142.043 25
e 216.991 222.701 28
e 267.692 241.096 20
e 158.292 252.547 27
e 129.598 331.82 28
e 49.6236 206.54 11
e 16.4257 147.936 14
e 264.745 415.412 13
e 25.9948 142.055 14
e 228.464 447.331 22
e 359.901 94.7212 19
e 25.7269 142.015 18
e 23.5122 138.557 16
e 115.417 294.322 14
e 307.501 130.995 20
e 172.36 248.02 13
e 258.443 350.922 23
e 357.008 650.139 12
e 356.186 105.804 16
e 360.007 93.7746 23
e 356.71 105.374 21
e 255.983 239.943 12
e 207.874 192.183 13
e 355.914 105.954 11
e 359.964 94.1086 16
e 25.7634 141.886 14
e 82.1586 272.454 26
e 283.846 526.678 14
e 25.8446 142.18 14
e 27.4376 138.836 21
e 49.7364 206.847 18
e 240.614 111.246 14
e 362.789 171.45 15
e 25.5178 141.664 14
e 49.1855 207.57 17
e 144.931 257.803 14
e 16.5727 148.148 9
e 382.617 659.486 8
e 300.603 249.29 11
e 559.657 256.281 8
e 445.111 320.843 9
e 421.717 269.76 21
e 933.737 256.358 21
e 378.859 658.233 7
e 612.459 641.832 34
e 853.675 383.334 28
e 676.209 541.144 26
e 766.424 691.548 38
e 290.787 521.401 29
e 816.398 322.628 23
e 357.649 604.012 24
e 261.259 444.473 23
e 757.274 609.434 22
e 523.797 449.207 37
e 947.257 247.654 20
e 625.72 302.314 15
e 555.11 462.293 23
e 25.6987 141.353 14
e 25.8 141.514 13
e 376.532 131.621 16
e 144.191 254.506 13
e 162.469 447.369 20
e 249.357 297.016 18
e 613.389 586.894 18
e 477.181 182.106 13
e 215.243 326.518 18
e 381.671 659.889 17
e 273.208 582.744 14
e 26.2238 142.21 17
e 145.053 259.916 19
e 120.014 340.968 20
e 554.596 462.058 18
e 367.194 243.981 15
e 253.9 101.844 17
e 291.647 98.8758 17
e 556.02 463.732 16
e 255.147 283.405 24
e 389.463 206.082 26
e 273.437 582.876 20
e 263.072 428.407 15
e 291.329 99.2179 16
e 112.878 255.644 15
e 13.6264 146.832 19
e 113.827 374.478 15
e 376.797 518.713 23
e 366.435 520.954 17
e 690.949 514.162 16
e 607.853 591.938 23
e 628.206 597.532 13
e 713.394 65.3068 12
e 400.409 249.656 14
e 466.71 553.078 14
e 940.799 390.581 12
e 831.863 641.493 15
e 314.213 223.078 14
e 410.486 635.724 17
e 368.475 599.23 19
e 871.924 615.953 18
e 712.709 64.0583 19
e 600.855 182.204 12
e 421.055 270.467 14
e 929.185 364.905 14
e 795.399 379.949 11
e 388.458 205.249 14
e 145.116 258.486 14
e 941.204 391.682 13
e 816.781 604.572 12
e 734.359 616.716 9
e 720.236 396.386 11
e 214.972 226.352 13
e 935.773 257.124 18
e 612.247 586.854 15
e 807.908 519.484 16
e 667.857 125.687 13
e 593.116 287.035 16
e 418.196 71.2566 18
e 938.537 264.758 14
e 195.001 132.279 16
e 488.09 374.733 16
e 767.741 691.639 21
e 716.83 198.763 14
e 505.832 508.394 12
e 381.182 665.105 13
e 925.378 364.339 12
e 471.029 332.35 12
e 886.437 356.274 13
e 545.028 524.331 21
e 371.386 247.699 17
e 929.842 250.793 15
e 929.851 250.815 14
e 1004.51 150.82 14
e 606.77 510.255 17
e 663.615 490.594 16
e 663.446 490.936 15
e 585.206 463.839 17
e 25.2633 140.915 16
e 940.324 395.595 11
e 213.325 226.918 14
e 680.016 528.857 11
e 377.91 656.81 19
e 887.878 357.025 17
e 417.955 70.711 19
e 433.585 620.817 11
e 669.231 319.941 12
e 929.654 250.066 16
e 393.851 284.46 13
e 910.891 225.761 15
e 592.43 431.433 15
e 265.953 417.301 13
e 891.842 358.401 12
e 564.263 460.255 13
e 414.229 312.686 24
e 815.079 278.356 14
e 892.23 317.798 15
e 613.067 585.944 14
e 389.186 350.676 13
e 929.957 250.608 18
e 626.547 542.004 12
e 293.267 487.322 23
e 668.174 121.082 21
e 623.648 495.193 12
e 767.099 695.586 17
e 612.189 584.387 25
e 418.67 72.0262 14
e 712.513 63.9651 15
e 255.238 283.468 19
e 929.131 245.987 14
e 215.265 326.382 16
e 389.545 206.062 13
e 598.842 518.006 12
e 460.022 175.809 15
e 753.583 488.863 16
e 892.277 317.93 12
e 940.704 390.858 13
e 648.171 607.587 11
e 613.453 587.938 11
e 676.759 127.733 22
e 408.897 552.505 11
e 1067.52 426.824 15
e 378.434 657.73 12
e 890.51 356.777 19
e 726.24 4.31349 29
e 593.947 459.169 18
e 597.298 457.996 16
e 564.139 460.644 15
e 415.812 652.688 18
e 364.237 247.753 27
e 197.295 384.843 24
e 29.2484 231.214 28
e 511.819 510.878 25
e 838.826 506.287 24
e 514.445 136.757 31
e 632.282 423.165 24
e 456.207 268.881 28
e 657.26 437.536 30
e 794.292 675.83 25
e 396.179 342.252 28
e 761.094 499.429 25
e 411.213 648.419 23
e 924.003 430.646 24
e 493.62 136.618 21
e 923.261 407.852 24
e 729.757 476.056 24
e 381.492 622.109 23
e 636.806 482.02 26
e 733.86 677.474 29
e 261.211 444.672 22
e 959.644 290.459 23
e 533.405 445.478 23
e 545.778 392.919 26
e 508.163 504.443 21
e 632.326 422.723 21
e 392.99 345.285 27
e 824.569 299.796 27
e 514.27 136.703 25
e 741.374 480.495 24
e 448.747 598.497 28
e 831.596 557.798 27
e 690.486 696.378 22
e 680.44 128.85 14
e 831.092 332.901 11
e 495.516 659.485 14
e 357.893 604.2 20
e 896.929 365.302 11
e 618.176 616.379 18
e 724.22 411.113 11
e 637.283 607.203 13
e 890.154 362.311 16
e 911.641 224.75 13
e 654.166 109.297 15
e 182.499 244.68 15
e 495.659 438.955 10
e 832.466 327.665 32
e 992.965 327.786 21
e 929.339 247.624 19
e 675.74 126.66 16
e 942.456 271.734 25
e 667.6 125.854 17
e 930.107 368.962 13
e 583.218 453.665 17
e 341.264 456.24 14
e 389.027 206.869 13
e 948.5 245.259 11
e 937.979 264.659 22
e 457.302 576.431 11
e 525.3 200.423 14
e 613.461 599.781 18
e 720.903 528.385 12
e 928.682 245.899 11
e 800.999 599.019 13
e 605.808 584.313 13
e 419.163 71.6298 14
e 712.413 63.3628 11
e 946.471 247.877 13
e 845.047 626.579 12
e 464.286 112.413 12
e 721.544 17.237 13
e 256.191 425.258 16
e 830.553 363.593 16
e 794.74 377.059 14
e 719.731 13.638 12
e 815.517 604.867 14
e 935.454 249.797 13
e 217.695 221.811 12
e 793.524 590.992 16
e 669.07 359.034 18
e 705.732 534.327 12
e 876.76 260.965 16
e 374.154 469.383 13
e 659.153 634.112 10
e 389.58 205.662 30
e 623.241 494.435 15
e 891.243 359.216 17
e 551.436 609.698 11
e 23.0185 144.151 17
e 783.936 632.159 13
e 146.9 259.738 26
e 1066.5 426.842 11
e 930.631 251.247 14
e 426.066 528.249 16
e 577.019 514.436 24
e 727.497 127.126 15
e 692.527 130.883 16
e 668.642 122.486 21
e 689.019 329.632 14
e 195.558 132.462 14
e 359.916 539 26
e 354.622 279.728 23
e 603.789 603.461 15
e 612.993 585.937 22
e 525.09 377.944 18
e 658.116 634.416 11
e 380.149 657.943 12
e 545.972 392.019 24
e 490.643 593.829 19
e 752.044 546.827 16
e 282.665 433.082 10
e 347.371 426.607 17
e 712.39 63.0994 26
e 328.738 149.992 15
e 615.565 584.354 15
e 457.391 286.916 12
e 887.501 356.385 10
e 890.291 357.621 15
e 890.341 357.747 20
e 536.229 330.157 18
e 847.884 442.396 15
e 891.565 363.339 15
e 699.279 656.364 20
e 613.042 585.778 14
e 761.865 436.633 11
e 929.905 250.839 12
e 891.053 359.147 18
e 373.604 250.407 10
e 607.093 502.542 14
e 885.979 356.499 11
e 880.621 432.779 13
e 892.279 318.403 15
e 562.935 275.318 23
e 389.217 205.93 15
e 714.992 340.833 12
e 609.172 588.322 13
e 418.385 71.782 21
e 444.264 323.694 12
e 461.948 103.739 21
e 673.451 119.619 21
e 674.204 126.676 16
e 580.309 604.591 16
e 676.471 127.665 20
e 809.492 439.678 11
e 314.397 222.627 16
e 456.233 160.375 13
e 703.672 547.524 21
e 413.108 230.882 16
e 721.873 14.6843 17
e 726.019 65.3002 20
e 675.979 128.101 20
e 681.433 130.433 19
e 676.113 127.282 22
e 591.054 709.004 23
e 258.805 459.487 16
e 675.688 127.205 18
e 654.784 130.263 21
e 418.937 71.6821 16
e 816.699 606.394 11
e 712.625 64.5991 13
e 487.681 374.328 11
e 642.352 230.567 11
e 589.708 477.904 14
e 829.253 291.525 11
e 830.527 461.859 17
e 555.585 459.099 9
e 628.721 262.371 11
e 311.851 400.08 13
e 719.144 63.48 13
e 673.998 126.826 16
e 915.122 213.275 9
e 718.582 698.419 14
e 726.458 6.01423 21
e 712.083 65.0935 14
e 555.364 462.882 12
e 676.126 125.648 15
e 559.592 463.696 12
e 379.715 653.485 11
e 389.455 206.224 12
e 886.274 356.576 13
e 402.249 250.83 14
e 422.524 576.195 11
e 564.412 356.793 17
e 579.41 374.094 15
e 929.151 366.273 10
e 418.53 71.0432 11
e 489.411 298.756 11
e 724.172 411.152 17
e 1067.02 426.949 9
e 440.289 135.686 10
e 555.738 627.265 13
e 380.31 669.379 24
e 938.205 265.105 12
e 330 258.641 11
e 440.888 136.65 14
e 555.327 462.33 15
e 236.43 144.717 18
e 674.504 126.484 17
e 711.013 44.7425 14
e 297.559 507.115 18
e 925.925 363.286 16
e 712.541 64.637 18
e 862.964 321.587 13
e 373.196 249.827 13
e 890.746 358.086 15
e 902.611 221.643 17
e 1067.44 426.966 12
e 374.245 251.103 10
e 612.486 595.027 14
e 555.715 460.983 22
e 731.97 4.34681 16
e 711.192 62.3333 14
e 663.789 120.088 16
e 860.522 338.588 13
e 719.699 65.9892 13
e 192.061 480.708 10
e 714.114 67.811 10
e 493.12 562.904 14
e 239.738 410.88 23
e 854.35 384.153 10
e 909.588 226.844 19
e 1079.24 300.786 22
e 928.465 246.286 12
e 912.341 226.235 11
e 281.739 384.292 13
e 668.819 120.514 25
e 674.169 126.422 14
e 668.131 124.232 17
e 419.888 72.1783 12
e 26.0176 141.832 14
e 689.505 126.971 17
e 760.485 156.306 16
e 275.229 297.845 13
e 929.917 250.808 17
e 696.854 71.6404 16
e 940.796 390.503 17
e 547.781 576.62 12
e 992.816 328.424 17
e 462.035 103.887 15
e 379.327 655.843 25
e 490.35 300.648 11
e 699.54 656.902 17
e 417.17 68.0999 11
e 711.219 65.2266 11
e 344.555 422.697 10
e 665.465 126.079 15
e 711.587 60.7141 21
e 235.121 540.207 23
e 412.929 312.852 31
e 623.823 433.585 14
e 419.217 70.8013 17
e 890.659 358.516 14
e 433.802 328.674 14
e 418.344 70.1261 17
e 612.084 583.362 17
e 393.802 645.374 16
e 378.907 656.852 11
e 522.62 592.738 15
e 405.585 563.517 14
e 283.287 128.495 22
e 209.444 239.441 12
e 733.066 0 19
e 756.653 609.563 13
e 871.743 597.336 17
e 663.5 491.41 12
e 554.891 460.744 13
e 891.244 358.718 11
e 447.365 322.232 11
e 462.887 104.916 13
e 571.477 603.06 26
e 930.471 251.454 10
e 731.254 1.65722 22
e 890.053 362.119 15
e 919.4 236.212 11
e 418.299 70.1696 12
e 417.208 68.8919 13
e 457.624 577.045 12
e 613.227 584.203 14
e 892.166 358.576 12
e 940.593 392.327 12
e 672.981 125.608 10
e 441.053 137.51 11
e 888.295 356.832 16
e 437.126 130.371 16
e 314.693 220.886 15
e 924.112 359.167 14
e 388.559 205.189 16
e 666.107 493.153 30
e 418.266 70.198 13
e 400.905 251.925 17
e 613.204 586.247 15
e 491.298 197.347 13
e 907.502 300.948 12
e 638.764 376.089 12
e 988.648 173.144 19
e 919.588 236.37 12
e 653.162 130.083 21
e 662.963 133.134 14
e 893.591 429.337 12
e 488.948 348.516 11
e 520.137 601.846 13
e 854.872 386.25 9
e 526.931 521.527 25
e 270.203 469.083 34
e 537.332 585.846 26
e 490.44 582.714 17
e 48.8637 207.028 27
e 20.083 134.392 25
e 279.594 140.704 24
e 633.19 405.448 19
e 73.8433 236.506 21
e 311.948 258.228 8
e 890.196 357.427 10
e 1060.39 423.824 6
e 615.438 600.111 25
e 611.596 616.063 35
e 553.476 452.604 35
e 537.234 485.911 41
e 556.561 463.711 9
e 830.815 561.205 12
e 671.359 583.026 12
e 353.904 538.572 21
e 357.421 399.355 22
e 655.955 442.775 14
e 652.869 637.112 13
e 417.18 67.3185 8
e 213.822 225.454 8
e 379.508 653.334 9
e 610.213 585.719 8
e 613.247 584.152 8
e 858.056 448.944 8
e 760.427 436.307 11
e 529.566 344.913 16
e 526.069 338.548 11
e 628.047 598 32
e 444.614 322.688 14
e 793.89 377.911 20
e 445.835 323.159 19
e 529.261 567.067 7
e 849.224 441.354 19
e 367.87 521.293 2
e 602.602 589.276 16
e 578.899 373.727 24
e 873.431 372.77 12
e 606.846 309.964 13
e 429.471 326.667 14
e 742.732 580.196 16
e 406.394 312.336 19
e 614.413 559.734 19
e 617.131 601.539 19
e 578.361 664.938 38
e 610.457 595.623 17
e 700.599 80.6258 21
e 1042.43 364.867 9
e 440.932 136.752 11
e 366.379 348.7 11
e 564.478 275.361 12
e 559.356 257.059 7
e 531.333 510.364 33
e 607.498 587.7 8
e 714.99 340.828 6
e 579.546 453.215 9
e 349.863 176.645 29
e 121.43 376.505 23
e 213.24 227.474 28
e 259.455 38.8863 12
e 537.088 237.984 9
e 937.566 264.043 20
e 215.119 225.263 22
e 767.606 695.762 16
e 440.514 135.701 8
e 611.63 583.514 13
e 545.559 356.493 9
e 540.63 240.145 6
e 742.092 457.527 10
e 56.2929 221.822 6
e 832.365 274.038 8
e 787.521 481.503 6
e 699.174 655.568 26
e 446.049 376.467 18
e 711.66 452.502 15
e 449.275 325.957 17
e 409.405 406.59 19
e 373.272 652.11 14
e 713.781 635.095 13
e 594.006 607.637 16
e 614.144 631.526 13
e 831.897 558.061 37
e 477.761 347.782 7
e 626.38 302.737 20
e 906.346 409.782 18
e 491.76 493.996 19
e 845.06 607.825 17
e 767.557 666.267 20
e 736.641 621.622 20
e 632.746 409.398 16
e 448.768 314.403 18
e 625.44 302.208 16
e 703.282 451.172 17
e 612.368 641.347 22
e 513.079 349.604 21
e 716.814 581.894 17
e 899.071 373.675 18
e 609.852 589.434 12
e 577.17 489.889 18
e 894.517 215.504 21
e 670.76 126.046 11
e 675.675 128.256 13
e 818.184 608.069 5
e 379.988 653.006 4
e 512.123 495.966 30
e 861.439 411.561 13
e 639.475 373.519 18
e 389.865 349.661 9
e 26.2088 139.508 13
e 854.545 384.331 33
e 608.123 580.307 40
e 879.921 598.351 5
e 983.864 186.878 7
e 666.747 122.671 24
e 623.078 615.368 8
e 1057.8 420.867 7
e 433.78 67.7926 7
e 312.866 485.983 7
e 555.397 461.513 5
e 610.638 584.334 9
e 721.965 63.7532 20
e 417.791 69.3891 13
e 1041.81 363.837 5
e 143.774 319.855 13
e 729.591 702.285 20
e 812.233 467.969 21
e 559.779 450.48 6
e 584.892 699.817 9
e 526.692 335.056 21
e 124.534 256.836 9
e 610.296 582.131 16
e 290.647 99.1894 19
e 418.598 70.8744 9
e 924.122 244.137 6
e 681.456 131.086 28
e 847.413 442.564 17
e 305.818 253.157 8
e 744.123 700.151 13
e 625.107 558.244 13
e 1029.9 363.507 9
e 946.624 247.669 12
e 262.868 74.7226 12
e 427.988 418.734 9
e 389.301 351.282 8
e 389.148 351.264 5
e 664.684 128.792 5
e 816.643 604.375 24
e 816.736 604.321 8
e 379.307 660.684 10
e 418.596 593.337 11
e 669.091 119.936 15
e 27.2333 142.605 24
e 579.169 374.468 9
e 502.789 203.427 8
e 609.58 587.676 17
e 380.082 658.026 15
e 612.319 589.733 22
e 464.183 112.343 4
e 645.358 529.975 6
e 512.975 215.128 10
e 8.39738 225.185 7
e 787.489 512.942 16
e 382.057 660.803 25
e 618.508 610.985 28
e 0 138.885 23
e 691.526 330.578 13
e 131.213 270.418 24
e 929.711 367.65 7
e 569.341 485.288 9
e 273.074 582.428 10
e 470.867 284.064 8
e 271.677 359.452 9
e 281.494 384.631 9
e 929.634 368.565 18
e 378.917 656.295 19
e 673.179 128.417 11
e 444.316 320.303 10
e 116.255 312.179 19
e 929.582 367.073 9
e 598.657 593.527 10
e 385.656 656.249 16
e 870.862 288.781 13
e 870.831 288.793 6
e 717.941 88.4049 18
e 1043.86 365.485 6
e 930.107 251.013 13
e 991.943 327.475 22
e 959.706 290.492 11
e 1051.61 333.618 11
e 634.692 711.555 8
e 544.612 247.104 19
e 223.533 603.046 10
e 983.763 184.978 12
e 722.57 418.918 7
e 612.549 601.562 22
e 711.801 64.0044 24
e 418.104 71.4035 11
e 578.541 600.867 5
e 766.738 695.675 10
e 1043.1 364.336 6
e 430.569 566.01 24
e 1041.73 364.171 7
e 249.116 174.858 19
e 614.98 584.172 8
e 613.337 586.684 11
e 849.367 383.763 28
e 815.376 604.028 17
e 293.932 492.387 22
e 611.4 586.37 10
e 545.849 480.672 11
e 801.382 488.419 11
e 705.199 95.358 9
e 419.43 71.804 26
e 608.497 586.851 30
e 609.297 587.072 14
e 193.826 482.448 11
e 232.072 447.224 12
e 418.639 70.1921 12
e 954.112 284.249 25
e 909.871 226.594 12
e 945.333 249.776 15
e 907.808 300.266 10
e 942.519 271.478 13
e 993.361 326.959 13
e 1058.29 420.527 15
e 952.849 280.518 12
e 931.38 247.817 12
e 1080 301.1 11
e 993.308 327.647 24
e 1057.7 420.786 13
e 1058.04 420.085 14
e 236.47 145.614 38
e 400.328 250.153 18
e 457.582 287.128 14
e 419.463 70.968 20
e 442.347 321.812 12
e 934.427 257.308 15
e 250.483 173.481 26
e 244.121 512.216 18
e 293.288 102.262 18
e 419.933 71.2381 5
e 983.749 185.815 8
e 238.469 193.401 18
e 613.134 587.207 13
e 618.659 296.467 7
e 674.86 127.033 17
e 686.368 328.184 14
e 686.289 327.071 13
e 775.544 356.05 6
e 417.277 69.3151 13
e 666.277 121.463 30
e 689.741 72.2428 18
e 663.282 119.996 11
e 740.131 353.475 19
e 609.563 590.251 24
e 930.737 247.093 11
e 787.698 365.606 13
e 447.238 323.786 14
e 553.916 461.649 21
e 419.002 70.1938 9
e 461.206 291.372 7
e 850.038 241.54 7
e 636.049 532.834 15
e 501.928 504.361 28
e 640.456 121.682 10
e 253.949 102.299 18
e 613.37 583.986 10
e 234.847 540.009 15
e 890.999 358.368 12
e 573.235 441.153 19
e 1058.1 420.43 11
e 317.847 211.405 20
e 625.586 302.202 25
e 409.676 334.288 16
e 519.347 576.283 11
e 890.32 357.401 8
e 841.658 506.105 11
e 628.21 440.011 10
e 552.323 628.105 10
e 486.265 349.047 13
e 610.538 581.586 10
e 592.644 430.027 25
e 655.386 132.342 25
e 214.274 225.187 8
e 856.919 627.709 29
e 613.715 584.287 3
e 400.68 251.529 11
e 555.063 626.078 15
e 539.125 240.239 11
e 702.824 548.154 13
e 428.717 523.386 13
e 663.828 590.405 8
e 783.927 484.294 31
e 423.734 213.424 10
e 548.916 396.255 9
e 29.9512 189.184 31
e 418.023 71.7323 22
e 962.529 231.044 11
e 946.638 247.542 7
e 447.312 323.857 9
e 689.697 66.7662 13
e 1058.23 420.639 9
e 762.84 544.99 20
e 625.996 303.27 9
e 338.827 250.543 11
e 805.86 466.363 22
e 388.312 226.033 22
e 858.748 348.523 17
e 490.224 177.643 20
e 827.655 443.324 23
e 597.587 285.847 20
e 373.599 231.99 23
e 417.219 68.5463 13
e 431.412 177.44 8
e 394.715 306.867 15
e 903.64 392.044 17
e 373.185 231.142 18
e 621.314 474.547 22
e 365.038 323.7 27
e 922.457 431.315 23
e 651.077 453.368 20
e 493.194 312.378 18
e 862.064 340.517 22
e 728.606 556.9 22
e 762.918 408.052 11
e 860.394 232.834 8
e 812.843 324.689 28
e 387.404 465.254 10
e 1042.82 364.828 11
e 674.806 128.125 9
e 1043.42 365.159 7
e 401.963 345.185 7
e 578.766 373.375 17
e 390.792 348.973 13
e 509.347 507.36 15
e 344.652 421.901 15
e 472.592 332.538 18
e 418.64 69.9882 17
e 346.751 422.749 12
e 1040.42 363.872 8
e 704.847 56.994 11
e 689.644 66.9749 10
e 870.369 288.018 9
e 259.122 424.123 7
e 614.876 642.402 25
e 490.976 593.099 24
e 629.218 262.767 31
e 461.657 293.06 13
e 442.549 321.962 8
e 217.945 438.179 11
e 229.848 94.3959 12
e 429.95 323.013 6
e 710.777 44.4967 20
e 598.22 446.118 6
e 491.186 596.877 7
e 380.262 659.133 8
e 613.343 586.488 7
e 446.94 319.581 10
e 890.411 357.253 11
e 367.312 522.355 8
e 419.003 69.9968 8
e 48.5629 208.003 9
e 554.524 462.555 20
e 379.955 658.799 12
e 766.145 693.589 12
e 348.495 443.168 18
e 332.146 418.605 12
e 405.281 562.723 16
e 525.408 338.394 4
e 625.839 303.529 5
e 930.378 250.808 22
e 930.63 250.749 16
e 360.901 495.847 10
e 418.339 71.256 24
e 638.385 720 9
e 608.443 582.327 31
e 553.141 462.347 14
e 841.922 625.386 14
e 665.286 245.105 10
e 706.01 547.458 12
e 842.293 625.777 16
e 890.225 357.348 15
e 658.517 133.248 16
e 663.356 148.061 22
e 624.969 599.35 34
e 555.577 459.251 13
e 717.765 27.521 3
e 953.8 279.521 18
e 25.3325 137.218 5
e 143.995 254.485 5
e 233.884 84.8862 21
e 244.391 251.134 21
e 259.504 37.6072 20
e 196.227 499.716 29
e 255.294 283.527 19
e 119.189 258.486 20
e 51.1619 229.29 25
e 249.024 258.755 17
e 125.602 398.85 16
e 37.6724 188.356 17
e 275.124 374.014 19
e 352.007 180.216 18
e 8.45671 150.012 27
e 217.798 439.071 10
e 139.132 434.493 13
e 556.841 627.097 18
e 418.434 70.9551 7
e 193.01 480.982 6
e 1043.08 365.01 6
e 196.851 237.562 11
e 1060.41 423.248 13
e 481.464 296.998 11
e 669.764 119.685 9
e 457.883 575.621 4
e 717.607 64.8721 13
e 26.2809 142.286 18
e 711.325 64.9305 16
e 667.759 121.651 16
e 508.032 569.11 20
e 890.95 359.315 18
e 890.181 358.321 20
e 887.641 356.316 16
e 1041.18 362.749 6
e 217.299 439.68 15
e 374.762 180.358 7
e 634.797 711.788 13
e 577.186 514.245 6
e 341.201 424.625 8
e 712.459 64.7055 9
e 504.326 508.836 7
e 396.792 397.956 9
e 381.543 658.536 21
e 549.853 617.944 16
e 554.641 462.398 16
e 381.542 660.36 10
e 464.835 111.699 23
e 620.525 610.927 29
e 381.005 650.442 22
e 667.884 121.479 12
e 642.116 230.421 20
e 513.631 590.794 12
e 418.23 70.0178 12
e 144.305 254.554 10
e 421.245 211.594 6
e 855.395 384.906 22
e 419.049 70.0964 8
e 342.987 417.204 16
e 466.881 552.633 6
e 817.82 605.334 12
e 795.078 674.751 12
e 714.376 323.694 16
e 983.616 186.88 9
e 1040.05 363.437 6
e 811.261 520.957 25
e 425.406 217.95 14
e 238.843 192.768 20
e 627.362 303.255 12
e 753.332 369.511 6
e 525.482 338.563 12
e 305.933 253.408 10
e 443.891 319.931 7
e 272.106 365.608 5
e 219.679 440.899 12
e 252.823 100.597 14
e 419.555 71.0644 10
e 805.226 515.225 9
e 420.261 73.0996 10
e 626.026 302.842 21
e 808.1 519.553 10
e 202.042 141.393 15
e 628.935 262.531 17
e 345.234 424.392 7
e 935.461 255.514 26
e 386.878 655.828 4
e 617.77 557.973 17
e 479.926 185.704 4
e 610.834 582.384 33
e 946.765 247.152 6
e 627.507 182.305 19
e 668.225 121.035 16
e 717.403 198.641 22
e 673.922 127.683 19
e 719.781 27.0604 16
e 756.072 149.926 28
e 618.937 272.827 20
e 726.929 127.997 18
e 605.781 230.581 14
e 711.142 44.8306 15
e 977.252 204.231 37
e 704.124 33.8916 28
e 672.462 126.818 27
e 642.331 229.925 14
e 974.963 218.127 23
e 629.523 262.646 13
e 668.319 126.639 14
e 716.102 44.6313 16
e 695.201 51.8334 16
e 676.211 243.482 13
e 668.013 121.204 15
e 686.127 229.116 15
e 722.558 132.858 14
e 716.696 71.3818 19
e 663.193 120.58 18
e 668.126 121.104 15
e 627.401 182.225 16
e 722.116 14.2788 21
e 660.369 248.53 13
e 698.62 70.4936 16
e 418.478 69.2478 14
e 418.276 69.792 11
e 476.795 184.625 6
e 395.147 534.512 8
e 704.546 34.05 11
e 357.65 409.461 13
e 339.21 421.008 6
e 144.215 257.589 17
e 405.716 312.323 10
e 341.874 422.08 4
e 418.152 69.3078 6
e 526.311 338.311 13
e 449.44 154.029 9
e 199.082 240.945 5
e 296.39 495.539 27
e 604.878 592.594 26
e 609.481 588.502 33
e 462.771 103.757 18
e 378.684 651.377 17
e 156.656 420.968 14
e 237.466 193.377 13
e 457.445 288.273 13
e 853.987 384.077 11
e 618.932 296.889 25
e 624.004 316 23
e 417.709 69.4275 29
e 458.109 288.229 6
e 658.77 449.92 12
e 356.86 416.733 19
e 458.519 309.897 15
e 799.548 475.951 13
e 317.376 496.215 29
e 856.071 447.468 11
e 547.497 455.251 19
e 896.376 210.445 8
e 915.575 344.636 10
e 758.653 351.393 17
e 601.024 182.303 30
e 661.023 398.826 9
e 448.628 151.09 8
e 928.283 245.194 6
e 731.668 547.653 20
e 351.607 414.676 15
e 478.215 535.164 21
e 425.741 526.455 20
e 574.696 598.278 18
e 813.472 646.48 21
e 303.551 461.518 17
e 172.327 449.758 16
e 532.315 623.6 19
e 734.398 33.5498 21
e 726.016 168.935 17
e 729.924 156.4 12
e 613.603 583.917 20
e 47.183 211.101 11
e 861.646 324.827 13
e 344.026 533.985 28
e 848.85 609.263 22
e 422.324 271.495 25
e 448.733 617.329 30
e 598.066 169.087 13
e 287.861 92.5735 15
e 270.205 347.288 34
e 555.775 464.973 17
e 171.3 472.487 10
e 287.63 93.4836 7
e 276.254 582.915 13
e 471.766 331.948 10
e 293.039 118.867 17
e 72.6592 239.051 14
e 346.191 232.712 5
e 397.847 245.388 37
e 398.09 245.468 11
e 398.391 245.905 12
e 609.261 575.877 22
e 604.214 509.299 18
e 467.523 552.76 23
e 858.487 346.527 35
e 687.54 698.676 29
e 1073.5 290.297 25
e 931.966 247.732 24
e 820.821 606.222 25
e 366.768 521.576 24
e 624.748 433.987 25
e 1040.29 363.603 20
e 816.396 660.706 25
e 652.843 523.167 26
e 944.316 248.387 25
e 353.842 621.171 25
e 553.877 465.981 21
e 672.861 126.165 22
e 238.696 543.462 25
e 770.727 691.968 26
e 619.029 296.666 24
e 300.873 248.101 32
e 576.439 373.653 24
e 928.956 368.397 32
e 344.306 421.571 19
e 531.442 545.543 29
e 879.054 439.377 17
e 356.981 105.341 25
e 326.89 272.028 10
e 341.468 416.164 9
e 700.159 653.702 20
e 532.071 202.659 22
e 418.052 71.5797 12
e 444.739 321.595 15
e 710.766 70.5209 23
e 702.276 45.2725 16
e 234.303 83.9227 21
e 344.967 422.612 25
e 27.0854 143.984 13
e 446.548 319.862 10
e 599.951 446.111 15
e 170.824 420.595 12
e 1042.61 363.006 20
e 433.607 85.2407 15
e 671.975 719.065 13
e 546.812 475.615 23
e 655.881 632.879 9
e 663.361 136.465 15
e 26.2595 143.905 18
e 613.12 585.583 29
e 359.887 93.7124 15
e 481.353 301.25 20
e 253.749 585.035 20
e 205.26 148.972 25
e 375.152 130.32 12
e 23.1833 151.984 40
e 752.811 359.921 24
e 713.447 228.522 10
e 1042.82 365.167 11
e 706.137 235.184 21
e 769.17 339.092 14
e 228.136 117.466 17
e 606.681 601.895 21
e 528.572 624.698 19
e 411.311 597.096 25
e 295.866 495.406 19
e 414.096 307.384 17
e 380.258 650.333 14
e 654.925 149.346 18
e 446.693 320.604 8
e 446.216 321.866 27
e 558.664 459.22 11
e 636.624 710.312 20
e 789.324 370.946 17
e 626.345 303.926 18
e 659.112 634.145 17
e 305.92 315.607 6
e 176.353 452.974 26
e 216.745 223.054 28
e 27.0284 143.957 27
e 323.311 585.025 29
e 226.437 501.425 19
e 428.091 420.166 18
e 443.946 322.552 8
e 755.496 203.56 16
e 724.729 419.143 9
e 536.723 640.318 22
