c json/small_viewpoint_AT
p rectangle 1090 1080 720
e 781.047 286.117 9
e 610.909 404.621 13
e 677.422 528.506 10
e 819.35 394.183 15
e 709.853 479.785 13
e 807.569 397.349 17
e 589.499 480.996 12
e 502.325 392.355 12
e 715.862 443.85 11
e 650.808 446.303 18
e 180.086 88.269 6
e 807.261 444.927 13
e 389.924 185.56 26
e 151.123 312.947 13
e 1014.93 429.663 13
e 461.623 56.9204 11
e 321.285 284.777 12
e 672.243 45.5846 9
e 792.234 171.604 21
e 956.405 442.028 12
e 684.327 361.546 14
e 793.439 491.685 26
e 467.521 486.965 12
e 685.805 359.973 13
e 839.149 572.17 12
e 892.506 358.55 16
e 918.572 438.663 22
e 151.594 180.613 8
e 261.508 205.242 12
e 532.467 313.509 10
e 892.921 264.362 15
e 378.186 338.331 11
e 297.913 167.403 17
e 467.112 320.043 14
e 131.534 193.78 12
e 945.941 441.57 9
e 844.172 172.843 14
e 241.672 256.112 24
e 764.454 508.295 16
e 585.05 312.415 14
e 148.339 313.789 25
e 663.082 425.885 16
e 915.558 339.835 9
e 754.843 518.731 11
e 1020.25 389.233 16
e 1047.51 647.361 14
e 985.514 207.039 28
e 812.94 116.566 13
e 857.61 554.912 16
e 496.872 394.889 16
e 555.425 201.086 28
e 901.176 369.969 9
e 501.958 368.595 13
e 592.457 313.025 14
e 385.868 217.593 16
e 385.692 217.833 15
e 244.051 259.762 16
e 97.9554 236.854 22
e 800.478 456.249 10
e 965.096 562.869 9
e 1032.52 635.274 13
e 50.3215 217.859 8
e 76.8847 244.89 17
e 755.092 631.295 16
e 562.989 384.328 45
e 680.139 31.0367 12
e 533.308 353.119 18
e 797.492 567.084 10
e 932.45 390.088 15
e 1035.4 368.758 17
e 357.582 318.466 20
e 449.386 300.583 16
e 731.484 436.348 13
e 735.636 523.518 9
e 484.632 446.1 22
e 13.1406 230.268 13
e 891.346 356.111 19
e 563.931 374.375 34
e 148.681 313.505 13
e 59.0485 144.033 10
e 876.03 508.691 15
e 22.8296 254.957 19
e 604.982 585.746 16
e 454.812 102.424 14
e 395.682 156.651 14
e 89.1619 196.392 7
e 954.11 444.27 10
e 407.296 184.172 17
e 866.269 442.126 13
e 858.123 682.193 9
e 979.64 500.291 12
e 712.722 354.816 11
e 894.203 372.714 9
e 976.264 312.934 22
e 905.386 530.173 16
e 927.876 515.959 16
e 80.7394 228.786 10
e 527.935 75.2795 13
e 539.212 308.76 19
e 582.305 285.919 17
e 611.826 401.576 20
e 605.867 412.53 13
e 609.652 395.82 17
e 607.862 444.315 14
e 626.2 337.302 10
e 218.783 144.775 12
e 776.816 510.791 10
e 515.729 423.888 14
e 599.56 586.637 17
e 958.725 445.459 14
e 563.65 354.309 14
e 913.555 378.184 15
e 901.915 647.593 11
e 410.551 316.39 12
e 650.913 27.0251 22
e 655.311 449.787 13
e 413.927 86.9646 15
e 971.896 517.625 39
e 915.967 152.795 7
e 576.236 209.798 19
e 991.176 359.72 16
e 1020.56 583.669 10
e 468.102 182.302 13
e 410.593 351.979 15
e 837.539 232.95 14
e 505.393 195.771 28
e 555.48 48.5079 9
e 627.805 32.4147 10
e 846.484 557.566 10
e 781.081 425.528 10
e 1008.35 345.079 22
e 9.89069 249.419 14
e 208.428 144.954 26
e 3.79071 222.658 12
e 787.693 718.503 13
e 156.207 224.492 8
e 668.957 46.2587 8
e 1.54232 212.642 13
e 168.132 290.991 13
e 195.533 187.577 22
e 195.53 187.417 22
e 195.194 187.382 22
e 169.3 189.645 18
e 793.341 717.948 16
e 994.816 301.493 15
e 861.072 258.394 15
e 861.668 260.787 11
e 696.126 526.226 14
e 907.688 339.823 13
e 583.174 354.622 18
e 589.288 88.0755 13
e 849.016 183.548 15
e 802.307 454.969 16
e 525.031 405.435 10
e 675.708 405.838 11
e 803.139 613.769 11
e 943.539 389.02 14
e 941.034 385.383 18
e 914.38 682.084 14
e 617.421 567.798 14
e 697.189 451.556 28
e 941.584 385.876 18
e 573.551 385.207 14
e 467.079 319.962 28
e 788.073 720 15
e 261.678 234.354 11
e 240.102 231.088 22
e 372.259 208.854 13
e 842.771 67.2379 13
e 857.782 557.887 16
e 978.807 499.97 34
e 0 217.857 13
e 500.171 382.309 13
e 608.695 35.588 20
e 895.645 366.98 15
e 681 44.9858 21
e 575.81 349.831 18
e 860.842 57.5316 26
e 1007.49 474.845 23
e 1006.42 475.26 23
e 1011.05 469.034 13
e 898.757 340.705 10
e 138.949 143.769 15
e 891.384 365.622 15
e 1061.66 620.256 20
e 260.606 231.759 12
e 909.613 342.668 18
e 994.307 403.576 15
e 918.799 89.784 14
e 560.878 366.768 13
e 674.827 85.937 18
e 816.349 137.686 14
e 582.562 285.365 7
e 762.021 212.793 8
e 901.265 373.356 9
e 447.162 297.074 8
e 960.41 466.395 12
e 917.283 266.517 12
e 945.2 441.724 10
e 628.416 313.145 11
e 952.757 445.438 9
e 77.6004 228.205 6
e 923.437 333.24 4
e 855.508 89.0028 15
e 864.596 340.962 11
e 736.953 520.882 18
e 975.736 629.894 16
e 858.747 387.304 18
e 372.233 210.577 15
e 752.554 593.185 18
e 128.419 124.634 6
e 843.442 146.532 16
e 556.871 363.264 34
e 642.947 40.992 12
e 224.346 250.297 13
e 384.896 204.947 11
e 784.465 122.753 22
e 682.212 9.14603 7
e 604.982 32.3002 12
e 732.023 527.585 14
e 127.612 121.864 12
e 910.054 477.044 13
e 845.53 292.46 16
e 590.056 189.651 29
e 238.29 230.711 16
e 622.645 315.227 13
e 563.617 353.875 14
e 604.804 286.117 21
e 564.889 366.897 17
e 910.327 356.742 22
e 952.73 445.456 17
e 532.012 313.953 15
e 738.073 534.67 13
e 511.088 292.528 11
e 861.71 445.353 16
e 923.846 363.964 15
e 947.365 355.444 17
e 939.364 404.564 16
e 730.773 527.673 13
e 618.802 563.086 17
e 907.821 387.682 11
e 677.351 528.869 15
e 642.021 562.836 12
e 765.762 644.548 14
e 677.504 528.718 7
e 296.065 285.79 14
e 108.466 227.056 7
e 656.369 348.779 19
e 372.292 208.239 13
e 830.608 377.195 14
e 590.664 308.494 13
e 549.794 369.245 13
e 747.71 380.763 10
e 369.42 273.15 28
e 880.976 594.192 11
e 654.456 50.201 14
e 857.778 576.131 12
e 588.692 527.019 18
e 559.249 592.894 14
e 1001.02 361.402 16
e 542.245 240.076 13
e 55.0519 173.387 10
e 728.222 79.9562 12
e 497.288 401.241 9
e 1036.56 362.35 7
e 920.883 632.5 13
e 583.165 391.312 14
e 583.453 391.104 15
e 763.638 353.785 13
e 468.842 488.41 12
e 762.961 352.144 12
e 650.229 27.585 12
e 492.391 396.841 12
e 9.46709 241.013 13
e 604.924 458.083 25
e 1080 354.098 22
e 507.873 382.62 7
e 705.802 349.767 14
e 941.284 405.041 23
e 502.441 434.186 19
e 910.608 113.393 11
e 835.332 162.182 12
e 658.525 7.94528 13
e 662.781 534.083 12
e 897.259 289.784 5
e 611.088 360.984 16
e 907.98 365.292 12
e 579.141 271.423 10
e 222.756 175.528 12
e 602.167 245.127 17
e 371.994 210.711 13
e 589.951 382.66 19
e 905.699 343.899 30
e 0.0924158 223.106 10
e 830.17 297.004 14
e 833.135 267.264 8
e 480.595 361.796 35
e 564.915 156.921 9
e 838.648 549.274 10
e 372.206 210.664 12
e 988.84 243.032 48
e 865.199 557.338 8
e 880.83 333.802 8
e 860.143 49.896 6
e 860.525 49.1879 6
e 860.44 49.084 6
e 860.416 48.2294 6
e 859.986 49.7985 6
e 859.903 50.0681 6
e 860.593 51.1974 6
e 998.625 360.574 11
e 758.21 502.744 20
e 259.472 236.073 10
e 901.051 336.364 12
e 622.422 549.067 17
e 907.901 315.763 10
e 600.59 584.779 12
e 686.681 36.0682 12
e 873.228 338.516 13
e 611.95 314.144 14
e 916.868 393.333 12
e 203.443 235.772 13
e 174.153 151.022 14
e 865.419 396.864 11
e 672.772 144.938 17
e 852.102 318.812 11
e 414.154 218.319 8
e 540.274 534.235 12
e 179.806 170.863 23
e 7.30031 228.18 21
e 828.592 643.896 21
e 566.678 405.424 15
e 961.154 445.326 20
e 630.423 59.0272 11
e 682.778 23.008 8
e 368.215 311.298 13
e 799.366 538.775 14
e 787.244 717.573 8
e 871.739 541.267 22
e 565.669 605.484 11
e 613.569 563.849 17
e 849.56 65.2888 16
e 767.256 497.452 13
e 329.155 190.312 27
e 328.908 189.659 63
e 1070.34 469.604 17
e 765.813 430.182 24
e 580.024 603.094 25
e 596.664 584.77 19
e 689.264 499.985 25
e 610.957 587.642 26
e 598.777 581.835 24
e 610.092 574.806 22
e 737.216 570.578 24
e 982.467 626.44 23
e 637.275 562.459 24
e 577.815 600.48 24
e 585.863 594.453 33
e 755.135 515.238 26
e 587.06 593.463 36
e 606.166 571.067 35
e 600.963 577.609 28
e 200.625 272.044 16
e 784.068 126.97 16
e 506.935 451.442 55
e 967.217 503.598 25
e 529.497 30.481 24
e 970.405 491.508 16
e 528.619 27.1181 25
e 410.586 284.673 19
e 948.736 437.853 27
e 965.458 341.336 14
e 566.32 607.964 14
e 797.423 258.42 15
e 508.175 230.296 13
e 825.238 432.389 9
e 83.1964 244.548 13
e 587.36 87.0202 13
e 688.131 93.6308 18
e 611.437 364.176 14
e 289.681 235.349 17
e 877.326 385.755 9
e 939.364 404.56 32
e 13.0386 243.104 18
e 352.109 221.782 15
e 509.87 382.446 14
e 1014.48 663.376 18
e 570.821 381.893 9
e 0.64399 218.176 17
e 577.704 390.5 12
e 656.432 48.3685 17
e 697.057 450.24 6
e 930.435 387.355 15
e 943.179 389.14 14
e 553.734 275.527 27
e 749.18 636.901 10
e 795.848 498.576 17
e 923.377 363.051 4
e 658.15 0 14
e 732.091 524.532 13
e 510.97 366.736 14
e 621.469 582.317 13
e 263.083 235.029 18
e 498.784 382.151 16
e 521.992 134.447 14
e 554.565 48.3155 20
e 899.34 71.7889 7
e 383.565 270.459 11
e 493.36 397.39 16
e 257.074 233.497 13
e 484.739 446.252 9
e 542.648 402.701 22
e 542.912 401.197 22
e 533.532 406.928 17
e 632.446 645.505 11
e 456.237 335.049 16
e 833.605 209.037 21
e 396.669 214.888 18
e 967.458 565.261 10
e 918.731 438.656 15
e 883.752 203.724 10
e 554.487 155.561 10
e 972.812 378.866 10
e 631.982 408.674 13
e 861.858 458.538 11
e 612.671 400.159 17
e 476.795 62.1231 8
e 297.767 253.272 5
e 858.742 682.638 14
e 962.508 481.164 13
e 4.2116 189.081 11
e 913.281 465.119 12
e 809.24 327.618 26
e 1019.88 369.352 13
e 664.603 517.163 20
e 646.147 204.782 11
e 1006.68 474.532 47
e 822.919 395.781 11
e 905.933 338.485 10
e 305.975 259.136 9
e 986.92 265.206 16
e 544.14 370.098 17
e 881.917 591.136 13
e 1002.01 335.759 13
e 992.779 338.629 21
e 152.48 164.517 13
e 946.379 351.153 12
e 624.756 336.743 12
e 573.216 88.8102 12
e 559.957 152.77 10
e 519.986 432.074 12
e 995.752 497.263 8
e 373.751 319.645 12
e 618.852 563.857 20
e 881.595 142.877 16
e 663.37 571.488 20
e 55.6166 248.559 9
e 631.497 636.066 12
e 827.524 611.55 17
e 839.607 444.492 13
e 768.776 255.529 11
e 762.586 586.298 17
e 967.878 572.903 7
e 578.913 479.844 12
e 629.981 322.977 12
e 263.442 221.471 11
e 828.656 643.754 16
e 43.6826 175.604 21
e 974.727 515.914 32
e 193.426 244.889 5
e 1077.2 454.261 22
e 621.613 612.629 9
e 539.598 532.956 12
e 373.477 309.747 18
e 220.838 191.293 13
e 45.1534 259.405 8
e 820.445 293.637 9
e 615.686 666.729 19
e 228.204 258.149 10
e 2.96163 247.655 9
e 592.065 301.751 12
e 992.298 565.643 24
e 630.699 38.5887 21
e 871.992 549.516 10
e 917.39 265.575 18
e 747.982 428.576 14
e 897.97 212.079 6
e 554.721 232.562 19
e 592.029 434.131 18
e 895.136 537.107 12
e 675.289 36.2712 12
e 720.838 307.865 25
e 797.098 258.318 9
e 904.689 627.285 11
e 385.915 217.546 13
e 899.563 350.567 15
e 960.164 448.744 13
e 395.246 258.969 12
e 689.531 362.302 11
e 617.75 567.495 20
e 913.962 403.745 17
e 927.742 390.375 13
e 646.526 433.345 12
e 882.579 170.489 13
e 672.291 492.538 11
e 751.286 512.704 10
e 958.366 469.74 17
e 794.579 418.952 10
e 469.499 162.451 24
e 246.616 231.895 15
e 849.001 556.492 15
e 239.597 230.235 11
e 449.107 78.5124 14
e 689.214 331.942 14
e 246.156 264.611 13
e 239.448 260.126 21
e 244.091 260.332 20
e 239.311 260.16 22
e 22.3044 262.576 12
e 1028.79 557.024 14
e 958.58 443.681 14
e 845.653 444.258 10
e 946.257 441.791 9
e 946.102 390.278 11
e 740.263 532.364 34
e 678.263 45.4536 15
e 618.889 23.5482 16
e 508.701 367.973 18
e 836.178 184.652 11
e 316.914 269.256 11
e 856.526 558.712 6
e 882.792 582.208 12
e 942.354 438.221 16
e 823.483 397.242 11
e 877.259 326.362 14
e 71.7448 189.68 11
e 679.824 24.6326 12
e 372.085 300.909 11
e 851.57 345.67 13
e 306.464 294.98 22
e 576.544 348.75 13
e 881.6 370.848 23
e 871.78 548.909 10
e 514.272 78.1098 27
e 645.078 306.237 13
e 584.199 87.4694 26
e 836.488 181.297 14
e 708.596 332.551 15
e 372.278 210.479 11
e 829.554 229.059 11
e 872.352 696.131 11
e 563.286 384.73 14
e 907.035 354.074 18
e 959.343 442.936 19
e 960.611 455.655 16
e 657.139 403.376 11
e 43.9376 274.374 11
e 450.021 318.529 16
e 964.702 463.256 12
e 966.055 463.672 13
e 577.978 336.865 14
e 595.284 590.928 27
e 582.188 358.586 11
e 580.06 305.977 9
e 372.304 210.453 10
e 48.732 184.585 9
e 247.827 259.01 18
e 241.319 257.137 30
e 244.139 261.281 22
e 909.299 153.426 20
e 187.326 229.328 11
e 452.484 331.718 21
e 127.521 122.232 8
e 482.194 499.402 17
e 713.841 41.2324 15
e 880.079 325.971 23
e 909.037 354.295 9
e 543.009 37.1969 9
e 441.599 310.136 12
e 1020.25 395.114 11
e 890.205 359.304 18
e 522.092 442.6 16
e 655.284 450.03 6
e 496.393 433.234 29
e 198.764 169.272 24
e 722.412 592.14 11
e 497.51 382.393 15
e 829.949 379.806 16
e 704.948 115.57 8
e 561.165 314.414 9
e 680.416 14.6996 3
e 1.42692 219.521 14
e 485.877 166.788 15
e 593.094 324.369 14
e 650.345 56.2995 12
e 579.591 287.616 15
e 611.036 400.6 9
e 10.6632 244.86 8
e 655.176 48.2799 14
e 123.245 253.815 12
e 717.003 574.115 8
e 643.906 550.322 13
e 610.764 187.489 9
e 140.035 195.765 31
e 584.488 254.466 10
e 39.3611 251.945 12
e 338.164 269.937 11
e 554.643 155.224 14
e 761.519 587.864 9
e 880.891 431.049 9
e 840.903 225.696 15
e 406.426 344.896 10
e 477.143 272.855 14
e 775.952 512.297 9
e 464.136 188.063 9
e 230.983 235.918 15
e 523.295 232.59 15
e 586.838 574.61 25
e 612.126 409.445 12
e 632.481 635.559 16
e 265.27 274.08 13
e 463.351 316.064 18
e 638.241 132.207 8
e 50.7381 265.774 15
e 794.937 673.502 13
e 543.39 397.347 15
e 860.134 570.654 13
e 910.262 589.455 12
e 146.897 168.559 9
e 504.873 384.617 12
e 498.707 381.962 13
e 521.443 220.077 11
e 861.554 398.903 12
e 954.469 429.446 12
e 855.096 575.021 18
e 775.792 519.836 36
e 975.485 520.795 25
e 939.845 657.3 13
e 881.073 440.936 15
e 604.592 258.413 25
e 902.726 477.941 15
e 786.642 520.263 20
e 756.418 563.185 10
e 947.387 396.132 16
e 588.447 442.942 17
e 876.471 612.127 14
e 761.051 506.095 11
e 701.482 323.796 17
e 1061.15 480.194 13
e 651.641 336.214 20
e 514.619 90.3963 9
e 582.54 20.9953 13
e 917.161 429.506 13
e 872.674 546.884 14
e 557.582 146.599 11
e 965.777 277.775 8
e 666.288 538.183 11
e 751.241 433.061 16
e 619.592 124.997 13
e 792.9 309.363 17
e 785.967 304.395 17
e 612.043 284.779 14
e 510.019 200.994 11
e 873.184 701.356 19
e 901.802 370.12 11
e 934.785 330.244 16
e 794.748 554.35 17
e 980.532 250.267 21
e 148.481 300.09 15
e 927.579 384.681 13
e 787.29 132.87 9
e 634.512 508.373 12
e 606.597 313.083 13
e 860.78 51.1273 22
e 583.418 102.186 9
e 673.807 535.378 12
e 525.329 70.6018 18
e 680.028 13.0857 4
e 643.443 550.794 18
e 496.429 363.854 19
e 560.906 305.933 17
e 544.839 57.8376 4
e 569.241 248.164 15
e 913.019 148.814 21
e 758.027 503.134 10
e 586.05 309.635 14
e 844.281 335.131 17
e 921.708 230.294 10
e 684.335 360.817 16
e 587.286 213.374 13
e 446.216 205.13 14
e 526.741 23.4972 50
e 364.47 197.907 14
e 247.445 255.734 22
e 247.405 259.262 19
e 10.5505 221.691 14
e 673.37 552.076 11
e 761.382 503.126 11
e 706.779 349.574 23
e 847.623 208.05 20
e 345.191 263.205 22
e 839.936 246.809 21
e 944.447 418.762 30
e 194.862 171.169 10
e 927.362 415.991 10
e 716.648 318.048 15
e 904.175 337.725 13
e 610.989 36.5979 12
e 582.431 449.061 8
e 760.019 266.896 21
e 301.31 169.236 14
e 21.7229 291.938 12
e 8.07372 228.984 10
e 54.1882 183.513 10
e 8.96799 235.598 5
e 221.655 139.312 10
e 384.71 204.589 11
e 194.435 270.038 14
e 455.249 93.495 13
e 916.038 429.159 9
e 608.43 340.448 15
e 389.447 274.095 12
e 521.809 269.084 18
e 618.75 23.5005 16
e 618.746 23.355 15
e 186.626 151.45 9
e 154.807 184.793 12
e 490.876 414.271 18
e 786.057 268.426 14
e 836.826 177.173 13
e 891.116 414.387 21
e 858.429 680.174 11
e 739.725 535.092 11
e 813.349 227.586 11
e 675.96 344.589 17
e 59.3382 154.246 14
e 791.031 499.413 12
e 668.657 38.2744 12
e 306.66 249.764 26
e 918.377 609.147 22
e 387.295 127.228 15
e 858.099 553.992 16
e 500.5 382.985 18
e 542.815 36.7749 13
e 1038.5 441.278 25
e 704.474 518.254 22
e 386.447 292.354 10
e 529.713 281.309 27
e 400.933 281.519 20
e 883.206 386.465 21
e 674.683 47.4423 15
e 976.741 497.151 23
e 359.364 214.681 9
e 203.83 235.88 14
e 200.849 158.65 29
e 500.349 382.021 13
e 613.569 563.839 31
e 222.058 183.474 11
e 974.777 294.801 14
e 221.1 143.401 10
e 22.7989 255.001 13
e 1012.02 427.695 7
e 583.864 390.467 13
e 552.466 156.382 10
e 900.201 573.837 12
e 956.366 442.478 14
e 562.881 144.655 16
e 50.0136 267.204 8
e 559.903 146.751 23
e 231.903 166.989 15
e 688.992 424.861 5
e 618.659 23.9413 15
e 433.611 149.315 52
e 851.799 616.107 6
e 792.778 254.422 15
e 906.388 658.635 26
e 878.293 173.935 10
e 618.226 556.304 15
e 904.005 338.727 9
e 905.098 330.072 8
e 901.338 330.26 22
e 770.494 305.712 12
e 829.435 379.078 14
e 172.074 210.204 12
e 610.549 363.656 15
e 884.978 348.984 11
e 488.434 233.415 13
e 923.005 405.785 17
e 601.623 132.911 13
e 729.288 114.074 13
e 775.66 510.944 15
e 194.449 283.154 11
e 846.585 415.165 4
e 204.485 265.732 23
e 913.456 119.308 14
e 432 261.501 19
e 50.4 218.428 8
e 169.086 191.693 4
e 755.609 236.152 13
e 566.084 116.656 7
e 650.398 605.996 11
e 614.174 665.918 15
e 601.476 34.1983 16
e 870.79 469.726 11
e 376.922 284.651 12
e 625.06 340.67 14
e 878.064 278.891 11
e 562.543 116.478 29
e 260.991 221.808 13
e 624.061 573.309 42
e 554.552 155.265 22
e 437.96 161.801 32
e 507.339 228.516 16
e 467.842 93.5619 16
e 599.383 587.482 25
e 619.322 564.931 13
e 519.601 317 3
e 463.525 102.719 8
e 729.516 197.552 27
e 306.585 249.949 22
e 395.628 217.267 22
e 703.099 440.595 12
e 826.336 509.581 14
e 873.218 545.983 10
e 972.329 516.534 7
e 411.791 351.456 14
e 390.541 339.332 17
e 321.338 190.024 31
e 322.799 192.721 31
e 172.161 289.471 21
e 607.793 333.998 22
e 40.6345 249.437 11
e 732.969 560.715 18
e 794.79 588.985 9
e 448.59 322.446 25
e 1003.6 404.039 14
e 621.518 611.94 13
e 964.295 464.938 12
e 906.682 338.947 13
e 226.197 245.609 11
e 811.054 489.838 10
e 320.879 264.059 13
e 510.05 256.632 27
e 1076.38 470.314 16
e 311.471 265.055 12
e 1047.61 347.435 39
e 508.416 313.416 21
e 946.581 281.274 26
e 965.591 370.391 21
e 948.944 391.284 19
e 554.52 379.935 23
e 559.055 588.788 21
e 508.396 410.069 22
e 508.354 429.833 19
e 669.504 319.621 18
e 148.84 312.511 38
e 124.625 216.166 19
e 866.245 171.077 21
e 467.139 486.158 19
e 791.353 307.874 21
e 515.784 423.907 20
e 575.902 387.163 29
e 615.426 665.595 23
e 508.237 426.149 28
e 466.534 184.499 23
e 641.82 134.074 22
e 563.937 304.19 19
e 593.905 386.5 29
e 596.441 445.414 27
e 250.859 224.966 33
e 913.773 338.259 16
e 512.842 186.434 25
e 633.869 385.187 13
e 588.618 525.984 15
e 587.072 527.407 20
e 671.507 324.056 17
e 491.566 419.917 23
e 80.3985 249.198 14
e 501.697 430.896 25
e 482.476 422.048 21
e 502.992 349.785 27
e 827.88 300.958 24
e 238.749 254.055 25
e 789.208 494.721 33
e 605.699 392.798 22
e 395.395 218.657 26
e 157.402 309.753 19
e 857.31 559.051 40
e 646.46 306.174 16
e 556.087 580.629 26
e 127.587 255.662 24
e 971.055 163.709 23
e 906.087 346.159 28
e 906.607 341.835 41
e 510.779 365.339 19
e 147.28 311.754 5
e 548.609 159.686 12
e 556.838 279.246 20
e 630.939 35.8872 17
e 938.304 521.428 27
e 198.238 134.864 5
e 179.795 174.518 18
e 883.608 385.488 16
e 1006.95 474.363 30
e 253.704 225.128 15
e 167.007 158.682 14
e 875.478 126.43 10
e 372.357 210.134 11
e 372.196 208.442 11
e 161.888 296.714 42
e 499.717 382.789 19
e 979.782 244.822 22
e 930.501 535.896 13
e 59.1686 176.699 16
e 26.5981 282.407 26
e 239.998 251.227 4
e 191.094 128.775 19
e 599.315 334.427 33
e 979.454 603.115 23
e 662.234 314.586 25
e 553.565 420.004 26
e 656.338 450.615 34
e 1041.18 388.874 21
e 892.614 573.716 24
e 676.241 560.927 27
e 953.962 266.777 21
e 881.83 568.858 14
e 149.67 168.22 24
e 800.352 515.595 37
e 582.011 491.227 25
e 1052.9 372.667 30
e 550.761 396.197 23
e 928.412 392.606 23
e 568.124 466.709 23
e 812.719 64.8071 20
e 735.551 522.61 41
e 1038.4 370.802 13
e 655.708 455.657 17
e 913.247 378.535 14
e 834.704 161.677 14
e 800.565 499.448 24
e 40.153 183.999 29
e 36.9646 187.934 31
e 949.152 436.915 37
e 484.323 446.162 30
e 522.481 229.049 46
e 7.79594 245.707 21
e 839.319 178.354 32
e 951.383 353.349 25
e 557.271 587.478 22
e 665.278 400.645 31
e 380.667 332.058 27
e 33.2872 313.317 22
e 532.569 334.708 23
e 0.518283 219.05 27
e 842.174 531.525 29
e 694.878 136.933 22
e 563.041 306.511 24
e 304.396 279.807 29
e 230.377 154.782 43
e 230.321 154.885 43
e 494.747 296.988 22
e 785.356 468.459 31
e 591.752 589.608 23
e 718.036 37.0649 25
e 648.298 225.413 29
e 485.948 454.822 25
e 555.431 454.9 25
e 327.186 265.27 26
e 568.11 440.668 24
e 559.145 99.2927 22
e 230.224 155.153 31
e 61.5708 169.229 27
e 584.26 525.455 24
e 618.254 556.28 30
e 923.309 594.382 26
e 25.1564 308.331 23
e 812.048 61.0556 26
e 492.852 420.049 63
e 600.301 329.006 14
e 601.733 392.534 27
e 611.006 471.438 17
e 906.914 402.647 29
e 609.487 385.753 29
e 595.677 386.327 24
e 595.056 385.823 26
e 468.378 485.417 14
e 97.9587 187.919 36
e 716.629 532.001 32
e 247.683 193.689 30
e 260.48 192.268 30
e 192.602 129.637 36
e 582.628 493.372 29
e 893.568 199.542 23
e 260.419 193.317 33
e 506.304 182.627 32
e 559.95 94.2455 29
e 605.991 331.074 29
e 466.357 102.52 26
e 167.716 210.24 29
e 801.768 463.721 20
e 801.761 461.92 20
e 801.412 460.108 20
e 626.227 42.8774 18
e 795.065 258.963 28
e 668.331 352.154 17
e 72.031 190.024 27
e 594.991 35.659 16
e 675.953 589.574 20
e 390.604 153.944 29
e 945.024 338.449 24
e 852.592 582.569 15
e 129.561 112.348 29
e 801.692 496.067 25
e 610.715 335.473 22
e 368.933 311.995 22
e 645.224 45.0586 22
e 978.53 532.804 13
e 662.787 46.6006 13
e 668.199 46.0122 13
e 753.062 518.814 27
e 977.946 533.471 25
e 978.046 533.097 14
e 539.95 307.582 20
e 374.528 319.891 8
e 567.99 462.712 26
e 543.127 381.486 20
e 476.282 263.525 23
e 496.895 437.62 46
e 587.207 212.319 27
e 650.376 606.326 8
e 577.392 390.573 14
e 918.341 95.3606 20
e 414.479 225.097 14
e 810.582 595.543 11
e 535.082 323.027 10
e 568.001 375.054 13
e 873.068 76.18 34
e 872.827 76.7855 23
e 459.77 339.261 20
e 457.33 336.267 12
e 260.947 239.156 11
e 677.841 530.137 32
e 238.904 259.109 15
e 227.458 253.802 13
e 538.729 177.29 10
e 634.157 18.8035 10
e 913.288 313.143 8
e 674.489 357.611 8
e 820.825 200.2 10
e 945.696 340.977 9
e 606.497 578.232 10
e 503.254 207.29 12
e 900.773 362.561 16
e 612.697 601.866 14
e 586.643 575.193 19
e 467.446 485.219 17
e 656.488 458.176 16
e 17.2442 229.706 10
e 88.8361 256.404 8
e 296.901 162.004 16
e 790.879 255.947 19
e 630.817 372.317 11
e 936.72 455.061 11
e 385.963 217.537 20
e 751.282 346.309 15
e 541.251 174.048 24
e 835.663 516.196 13
e 979.686 500.405 9
e 242.061 263.267 11
e 313.317 279.504 10
e 263.704 176.477 10
e 902.038 425.625 13
e 155.494 300.968 6
e 79.3695 214.24 22
e 550.57 369.283 12
e 61.8408 176.689 11
e 224.808 251.578 11
e 841.318 444.146 4
e 592.071 303.023 9
e 556.944 146.417 12
e 631.401 338.039 12
e 900.201 339.137 18
e 557.333 146.689 12
e 554.562 154.745 14
e 557.65 146.593 12
e 554.536 154.353 14
e 291.827 259.232 25
e 600.106 383.481 11
e 932.934 443.91 13
