c json/small_post_office_box.CH
p rectangle 1077 1080 720
e 35.0171 139.697 9
e 220.21 450.311 4
e 204.717 258.618 30
e 653.378 689.272 13
e 545.19 658.724 14
e 692.199 584.26 4
e 883.415 578.708 6
e 566.302 601.801 16
e 844.911 458.088 9
e 245.478 318.044 29
e 145.097 256.125 7
e 205.569 229.324 5
e 846.147 417.101 11
e 725.243 1.77072 25
e 734.305 8.253 32
e 726.224 44.1019 27
e 726.733 80.3677 15
e 732.258 126.942 22
e 737.428 133.321 24
e 725.799 11.8153 31
e 725.442 106.314 21
e 634.581 253.04 22
e 671.45 119.662 15
e 323.153 449.643 3
e 354.549 414.624 20
e 50.4155 129.769 6
e 27.0585 133.397 20
e 395.363 331.722 18
e 694.282 673.788 16
e 815.374 585.08 27
e 138.035 394.777 13
e 552.497 458.297 7
e 807.665 262.097 8
e 559.546 456.745 4
e 385.201 636.624 6
e 575.876 585.553 31
e 242.734 168.008 32
e 1053.4 360.172 10
e 628.481 415.904 19
e 382.534 173.544 14
e 386.873 636.627 11
e 505.131 496.124 17
e 598.624 597.378 20
e 586.231 586.098 14
e 723.409 491.222 14
e 481.466 499.743 18
e 532.414 621.412 18
e 672.267 588.99 22
e 383.062 641.84 22
e 662.725 657.053 24
e 562.219 446.587 23
e 424.783 174.616 15
e 496.693 534.874 22
e 659.447 493.405 23
e 459.625 542.476 19
e 461.24 317.591 22
e 412.176 528.931 20
e 536.338 464.658 21
e 1080 289.423 19
e 414.285 555.665 21
e 451.967 575.179 24
e 612.289 492.928 19
e 558.351 656.488 20
e 287.555 387.425 18
e 614.125 424.799 17
e 698.421 496.219 19
e 670.335 505.131 21
e 663.1 503.326 16
e 651.251 650.62 22
e 737.888 606.624 28
e 866.298 548.011 27
e 790.07 470.157 27
e 755.145 640.226 26
e 729.453 653.47 30
e 630.36 582.587 27
e 639.695 593.842 27
e 631.018 581.001 43
e 621.901 585.531 35
e 622.778 589.27 26
e 606.407 573.86 36
e 628.6 562.201 34
e 619.261 584.805 34
e 625.34 579.265 41
e 618.286 581.252 35
e 607.782 578.588 33
e 604.558 572.67 37
e 605.116 568.728 38
e 609.758 584.943 36
e 617.128 574.696 44
e 612.553 553.612 35
e 610.268 569.426 35
e 616.506 565.508 33
e 615.891 556.969 38
e 615.054 575.311 36
e 613.436 566.871 35
e 621.017 561.838 35
e 619.643 571.703 37
e 621.385 564.219 38
e 615.773 571.777 44
e 615.333 564.546 31
e 617.54 568.005 33
e 619.074 565.826 39
e 616.457 569.173 34
e 836.278 445.712 23
e 575.669 412.866 21
e 568.154 419.612 25
e 591.466 480.808 24
e 598.437 496.128 22
e 609.3 494.555 27
e 611.852 490.784 21
e 523.382 510.4 26
e 581.749 471.992 20
e 561.769 449.793 15
e 564.727 603.024 39
e 549.712 614.676 15
e 379.611 621.084 23
e 384.094 301.827 19
e 393.997 368.424 29
e 366.958 342.831 25
e 385.375 361.054 22
e 436.909 381.892 23
e 395.229 383.867 27
e 396.466 400.529 22
e 398.021 392.57 33
e 365.055 435.897 35
e 322.094 465.199 26
e 301.176 435.492 24
e 272.021 400.579 22
e 311.445 444.756 23
e 319.87 440.677 26
e 331.571 452.915 30
e 343.521 452.309 29
e 315.531 466.166 22
e 257.973 433.163 24
e 267.649 444.12 22
e 270.034 430.12 19
e 279.201 426.416 29
e 289.247 411.042 32
e 291.01 418.583 23
e 306.796 410.54 26
e 326.206 410.973 30
e 290.397 372.466 25
e 304.501 374.462 28
e 319.27 378.187 26
e 317.624 388.701 24
e 319.588 387.105 23
e 335.751 400.36 37
e 338.256 385.739 29
e 363.742 376.099 22
e 365.59 388.426 20
e 358.222 394.688 24
e 383.985 370.295 25
e 375.95 390.619 23
e 379.85 381.088 26
e 344.812 399.454 22
e 346.161 402.748 25
e 358.133 383.836 26
e 353.375 401.591 22
e 380.639 402.144 20
e 372.834 402.449 29
e 361.67 402.65 29
e 366.306 402.984 25
e 361.212 411.753 31
e 371.372 412.572 24
e 364.616 418.512 29
e 361.318 418.45 23
e 335.938 443.476 25
e 352.493 435.649 31
e 335.812 416.16 30
e 338.472 408.521 33
e 339.516 406.331 32
e 348.688 410.906 33
e 353.713 408.743 32
e 353.266 406.535 34
e 358.666 407.828 42
e 353.593 411.368 37
e 354.171 413.542 35
e 359.015 405.301 38
e 348.564 406.677 33
e 354.443 408.43 29
e 292.401 453.132 26
e 305.612 471.549 20
e 302.083 475.191 21
e 317.056 470.354 25
e 307.294 361.918 26
e 29.5187 131.091 15
e 758.554 526.606 10
e 377.277 411.552 22
e 41.8478 161.841 11
e 301.052 471.246 23
e 658.336 632.808 11
e 613.7 575.006 40
e 331.247 145.436 13
e 295.994 88.6826 16
e 31.2331 122.766 18
e 162.013 256.229 20
e 203.09 468.185 22
e 311.966 141.852 16
e 257.644 167.71 16
e 340.737 136.824 12
e 138.792 277.346 16
e 178.643 257.212 16
e 243.403 485.415 20
e 18.9693 142.784 23
e 21.6559 144.3 17
e 190.638 392.004 16
e 175.028 333.353 18
e 124.548 284.654 17
e 205.72 231.835 16
e 140.07 320.15 18
e 212.593 123.504 18
e 34.7686 126.342 21
e 173.101 314.366 16
e 155.039 294.335 17
e 284.673 133.502 17
e 306.573 136.729 14
e 182.548 353.981 13
e 265.076 88.5247 12
e 34.0923 136.672 14
e 189.407 389.15 24
e 288.368 120.962 13
e 154.94 251.197 13
e 99.9696 243.184 13
e 262.499 97.0075 29
e 252.766 447.181 14
e 148.313 274.697 14
e 334.658 142.532 14
e 218.612 230.091 12
e 257.844 249.147 18
e 121.864 246.152 5
e 829.502 293.109 23
e 437.66 163.676 22
e 669.193 516.209 19
e 650.124 589.374 24
e 596.836 614.827 21
e 769.751 656.786 25
e 612.103 696.092 21
e 575.172 621.575 38
e 604.979 709.4 23
e 396.067 448.917 21
e 515.653 541.383 20
e 763.072 594.774 23
e 620.669 691.02 22
e 560.909 447.746 27
e 662.346 580.419 18
e 673.69 666.173 23
e 620.17 534.246 20
e 566.164 616.36 21
e 433.916 166.949 20
e 636.356 677.458 29
e 623.012 642.549 20
e 600.53 545.782 22
e 490.407 182.286 18
e 769.602 645.078 16
e 743.293 641.554 37
e 636.689 610.316 33
e 640.152 562.985 24
e 609.715 580.932 41
e 611.081 575.266 29
e 604.625 576.253 32
e 629.502 578.985 35
e 618.559 577.794 37
e 602.408 582.896 42
e 606.663 565.807 32
e 609.532 563.028 41
e 612.248 562.006 35
e 622.372 568.528 33
e 613.25 575.096 44
e 621.408 566.321 34
e 614.322 568.968 38
e 625.902 503.969 24
e 530.513 572.844 31
e 578.706 632.323 27
e 450.369 458.188 24
e 394.541 408.671 27
e 308.83 451.397 25
e 299.225 450.458 27
e 295.538 405.91 24
e 299.104 388.622 26
e 330.314 391.74 28
e 331.387 396.607 36
e 341.568 390.935 22
e 375.935 368.578 26
e 344.648 394.466 36
e 341.564 381.071 25
e 349.173 400.782 33
e 364.246 412.03 39
e 331.882 431.795 25
e 344.91 428.12 29
e 309.404 428.558 25
e 330.26 417.564 32
e 350.566 404.968 32
e 334.809 407.43 30
e 345.515 406.241 40
e 313.602 473.715 25
e 779.004 603.076 11
e 715.908 56.2407 17
e 684.361 123.993 16
e 720.42 63.6188 15
e 675.489 121.034 13
e 665.388 239.474 17
e 722.128 66.5913 16
e 712.763 53.7951 12
e 897.801 207.297 12
e 718.93 64.1964 26
e 732.006 123.126 15
e 706.975 41.4408 12
e 739.498 137.161 12
e 886.777 231.748 16
e 674.666 309.496 37
e 483.697 635.335 12
e 597.756 462.939 14
e 670.279 548.278 12
e 751.854 538.408 18
e 637.943 552.223 12
e 472.914 535.494 13
e 792.02 622.66 17
e 661.309 501.024 13
e 823.2 600.269 15
e 470.108 564.312 12
e 672.186 609.812 20
e 673.941 616.797 22
e 600.119 678.395 15
e 601.808 554.223 13
e 834.106 441.244 10
e 643.251 581.808 11
e 559.447 553.25 17
e 463.32 637.123 13
e 612.134 465.027 13
e 538.861 623.857 13
e 522.252 591.435 13
e 761.504 591.594 10
e 660.483 559.001 10
e 641.919 688.974 15
e 450.063 311.41 14
e 595.346 582.641 21
e 561.06 245.303 13
e 650.777 526.385 12
e 657.782 612.036 10
e 836.787 338.789 11
e 445.134 598.619 13
e 657.637 707.925 13
e 623.103 538.828 12
e 661.449 517.852 11
e 836.464 616.136 13
e 296.917 350.338 14
e 932.321 241.748 20
e 728.84 600.839 12
e 704.932 493.468 12
e 847.852 473.879 12
e 525.21 557.639 9
e 533.314 478.707 12
e 740.107 487.367 13
e 644.474 435.635 11
e 747.109 593.665 21
e 594.607 577.238 14
e 639.952 458.162 11
e 1059.65 407.849 12
e 307.147 238.887 11
e 625.384 644.89 15
e 546.028 491.296 15
e 578.776 565.729 18
e 402.104 646.535 11
e 654.686 506.02 27
e 388 612.639 17
e 301.978 341.488 16
e 684.495 693.232 11
e 617.533 657.187 9
e 350.276 408.899 13
e 864.469 339.077 11
e 538.549 577.91 17
e 657.691 506.356 23
e 514.605 486.578 21
e 709.038 52.6348 22
e 822.724 590.709 11
e 759.289 588.935 14
e 676.037 443.158 14
e 560.424 444.309 14
e 497.987 561.119 18
e 598.858 581.029 20
e 395.686 442.844 13
e 644.071 595.129 16
e 654.494 566.627 13
e 744.771 465.283 12
e 560.608 586.709 19
e 648.596 625.488 15
e 728.84 606.829 16
e 747.271 463.454 11
e 598.43 518.922 19
e 793.728 583.73 15
e 517.357 639.222 11
e 531.484 327.031 14
e 649.526 554.96 9
e 566.443 623.252 12
e 464.163 279.071 18
e 368.926 510.011 15
e 857.324 315.686 9
e 791.804 356.303 9
e 554.475 440.881 11
e 674.315 598.876 14
e 735.141 507.729 14
e 587.587 640.035 16
e 582.391 538.738 28
e 451.085 311.127 15
e 779.557 344.517 10
e 400.463 333.546 14
e 629.671 524.765 20
e 631.503 525.581 11
e 563.715 495.535 14
e 642.741 695.863 16
e 772.845 669.596 18
e 342.459 346.943 12
e 647.177 698.919 15
e 651.843 639.979 13
e 847.753 506.124 9
e 607.265 691.532 16
e 414.13 321.459 11
e 886.267 421.431 13
e 447.768 131.154 13
e 339.874 500.221 15
e 651.52 565.563 15
e 405.069 340.255 13
e 666.153 613.202 15
e 751.187 570.598 17
e 420.013 616.104 17
e 642.197 567.065 15
e 799.261 363.407 19
e 379.135 477.164 23
e 606.92 686.579 22
e 595.151 531.225 31
e 844.208 464.628 32
e 677.473 551.771 72
e 670.76 618.957 45
e 388.055 645.785 26
e 825.724 615.832 12
e 643.235 687.426 16
e 785.488 353.946 11
e 698.524 670.668 12
e 710.071 518.038 15
e 749.673 679.375 15
e 630.645 617.595 12
e 569.395 613.029 16
e 642.089 559.754 15
e 548.487 643.884 15
e 661.076 693.221 16
e 473.654 560.151 13
e 392.131 611.078 22
e 584.568 579.991 21
e 933.405 357.574 15
e 619.701 616.289 37
e 922.236 228.094 18
e 884.004 597.495 10
e 375.257 575.355 15
e 717.498 493.231 13
e 645.286 689.552 35
e 503.753 573.632 13
e 639.447 586.628 18
e 633.553 426.917 12
e 495.668 336.962 11
e 375.903 580.283 16
e 384.088 643.141 34
e 826.397 358.131 12
e 394.874 635.411 15
e 536.948 592.547 16
e 383.255 630.989 16
e 531.252 192.732 9
e 532.701 505.852 17
e 668.557 679.605 15
e 394.158 613.046 14
e 802.241 632.973 13
e 792.014 657.451 11
e 388.76 604.002 21
e 379.833 240.435 14
e 676.589 565.411 7
e 634.932 534.596 20
e 646.289 572.185 23
e 693.58 553.711 20
e 597.518 608.538 19
e 613.867 500.597 14
e 856.838 376.643 6
e 498.229 583.535 19
e 382.563 624.366 20
e 463.92 558.865 6
e 592.999 554.195 14
e 544.652 570.894 4
e 739.063 601.145 29
e 643.45 621.271 8
e 28.2394 128.367 13
e 308.932 200.829 20
e 47.5181 119.563 17
e 462.001 558.916 14
e 233.412 324.63 33
e 154.653 343.83 18
e 71.9591 225.076 26
e 144.254 251.855 40
e 363.949 100.645 24
e 217.299 423.301 27
e 234.619 431.222 43
e 57.5466 282.632 31
e 0 120.72 27
e 14.576 144.039 36
e 168.476 244.875 26
e 161.467 246.717 26
e 150.621 248.576 36
e 150.955 250.664 41
e 147.496 252.968 39
e 159.612 252.495 40
e 162.629 293.373 15
e 46.8716 131.759 32
e 27.4284 143.373 15
e 609.408 482.754 15
e 758.156 337.602 17
e 55.4845 199.901 16
e 391.299 623.097 15
e 569.191 530.309 7
e 119.194 245.459 13
e 733.246 2.6118 27
e 202.812 466.775 7
e 305.961 476.277 15
e 393.502 335.146 9
e 382.194 641.043 12
e 721.344 61.559 16
e 717.651 60.9257 8
e 117.685 392.874 14
e 196.448 461.648 13
e 434.492 508.99 12
e 209.699 226.144 16
e 123.029 362.129 23
e 305.209 477.233 50
e 155.031 249.885 8
e 705.11 57.6921 8
e 692.975 125.158 20
e 943.131 379.27 8
e 389.437 340.408 5
e 382.811 638.935 10
e 771.34 674.352 10
e 559.607 447.088 14
e 796.518 571.947 9
e 796.544 574.048 9
e 413.188 364.529 13
e 858.891 594.403 6
e 662.358 615.315 25
e 561.492 447.077 9
e 591.504 504.762 9
e 388.812 631.044 12
e 279.608 336.758 14
e 122.64 249.726 15
e 32.0638 127.954 21
e 36.6403 135.583 20
e 391.866 633.375 7
e 400.876 275.796 13
e 701.142 635.061 18
e 702.612 638.317 19
e 703.909 636.278 10
e 622.589 590.182 21
e 296.77 480.844 16
e 58.8215 209.458 20
e 387.678 634.591 11
e 226.331 425.696 6
e 483.765 176.018 19
e 398.148 345.803 26
e 719.86 601.172 18
e 588.447 547.25 18
e 678.652 547.253 8
e 132.573 253.811 16
e 343.089 408.387 13
e 357.349 431.334 24
e 709.625 123.287 8
e 361.908 173.809 15
e 280.922 382.312 19
e 734.947 0 19
e 203.125 468.519 10
e 223.13 223.934 6
e 833.004 325.111 5
e 201.953 269.146 43
e 35.5972 141.745 15
e 311.596 474.353 9
e 588.008 576.881 6
e 707.165 64.4551 7
e 310.331 482.716 18
e 308.768 485.007 23
e 304.348 480.428 35
e 302.768 477.972 29
e 64.6631 247.93 29
e 229.881 426.619 11
e 551.711 592.189 16
e 561.043 604.654 7
e 561.316 606.55 7
e 387.901 632.803 7
e 803.322 464.611 18
e 383.384 636.833 12
e 685.295 59.0626 15
e 164.262 245.151 26
e 412.939 301.522 16
e 747.312 562.325 15
e 836.984 496.255 10
e 843.34 519.165 13
e 798.577 561.772 17
e 838.607 563.044 9
e 581.212 544.603 18
e 595.169 539.536 13
e 655.529 619.355 29
e 650.372 604.881 13
e 637.041 684.06 29
e 613.713 643.826 12
e 926.426 234.724 14
e 940.812 256.063 12
e 874.934 278.132 13
e 867.87 303.494 17
e 869.906 222.691 8
e 753.129 300.119 9
e 772.861 327.745 13
e 810.909 350.999 11
e 885.932 366.11 14
e 845.353 370.82 13
e 723.803 60.4283 15
e 720.934 84.1011 14
e 718.359 72.2427 11
e 713.661 43.5662 11
e 716.053 41.9429 11
e 695.749 217.489 13
e 691.382 214.549 14
e 713.664 253.592 12
e 661.187 126.9 15
e 728.183 127.976 18
e 735.518 129.984 15
e 642.294 383.99 17
e 589.031 418.482 11
e 690.373 221.192 12
e 604.225 501.402 4
e 571.466 463.834 13
e 569.569 459.139 11
e 570.039 559.336 20
e 570.438 559.404 15
e 548.931 582.466 17
e 552.443 584.503 14
e 544.963 607.64 15
e 555.659 597.455 19
e 538.006 600.793 14
e 371.059 491.211 4
e 522.314 205.555 10
e 409.52 429.865 26
e 403.28 434.144 19
e 395.19 450.452 13
e 245.132 506.555 17
e 149.828 394.688 13
e 206.529 407.387 15
e 209.586 415.505 17
e 207.521 227.555 19
e 252.056 336.369 12
e 277.125 326.958 13
e 204.291 291.851 9
e 241.733 287.569 12
e 219.295 252.956 24
e 205 270.488 20
e 80.4524 305.026 12
e 101.812 327.589 15
e 93.4637 320.932 13
e 3.391 112.143 12
e 51.7263 227.921 11
e 30.6036 143.087 18
e 441.579 622.971 7
e 397.194 343.312 15
e 599.211 679.061 23
e 204.982 409.34 4
e 461.269 317.454 23
e 215.606 174.467 13
e 805.249 581.433 22
e 138.591 311.274 29
e 718.158 72.694 7
e 688.216 682.299 15
e 660.09 557.4 7
e 703.844 66.968 15
e 697.33 71.0642 11
e 574.57 593.701 14
e 482.972 548.203 13
e 417.57 536.352 14
e 366.927 446.578 15
e 482.669 509.105 17
e 611.507 494.114 7
e 604.058 676.282 22
e 678.624 121.081 19
e 647.19 720 21
e 245.419 139.433 11
e 550.984 447.031 11
e 26.4754 129.384 7
e 589.82 478.63 17
e 482.34 260.273 21
e 605.826 651.197 26
e 436.84 405.133 10
e 597.622 687.655 13
e 298.991 398.487 16
e 486.269 600.497 6
e 387.43 387.185 45
e 385.41 457.051 20
e 771.814 674.129 13
e 298.208 94.5988 6
e 60.876 134.907 11
e 645.062 712.156 18
e 387.519 636.287 30
e 555.284 447.822 36
e 474.339 636.023 23
e 423.183 518.341 19
e 421.899 516.721 16
e 808.422 499.556 11
e 611.737 492.853 33
e 356.385 423.794 31
e 358.187 383.855 46
e 358.309 383.917 37
e 310.059 381.272 44
e 309.205 379.817 42
e 312.107 380.487 33
e 356.451 421.352 41
e 380.657 402.187 34
e 381.082 402.325 26
e 331.967 419.607 43
e 330.271 417.497 57
e 330.994 419.38 47
e 326.357 418.494 45
e 330.461 417.378 42
e 394.515 408.676 47
e 325.852 429.659 42
e 355.543 399.381 40
e 354.433 401.09 33
e 354.204 402.254 36
e 350.331 401.674 44
e 353.848 401.36 39
e 354.532 403.182 30
e 353.378 401.623 38
e 354.703 402.907 36
e 351.888 402.594 35
e 350.691 398.16 43
e 354.974 401.904 40
e 355.564 400.812 33
e 363.737 434.146 48
e 365.157 435.821 64
e 364.376 436.218 43
e 366.197 435.037 51
e 367.27 435.643 47
e 334.763 423.946 37
e 292.391 453.149 46
e 363.713 376.125 38
e 362.998 378.084 56
e 362.983 376.576 32
e 364.323 375.617 32
e 326.23 449.999 32
e 602.591 501.103 37
e 295.949 351.38 31
e 307.279 361.929 46
e 349.206 400.812 59
e 351.671 400.717 62
e 347.162 398.854 54
e 544.864 621.997 31
e 324.422 438.326 40
e 335.914 442.089 36
e 335.049 445.122 34
e 335.924 443.446 44
e 336.014 443.58 37
e 335.284 442.131 35
e 337.587 443.809 31
e 304.493 374.575 50
e 344.317 394.263 55
e 345.127 394.837 62
e 344.649 394.489 65
e 343.16 395.177 53
e 344.864 394.162 57
e 345.118 395.904 57
e 343.914 451.168 52
e 362.355 411.964 39
e 364.787 414.348 41
e 360.668 415.336 34
e 361.461 408.765 47
e 366.074 412.865 43
e 367.05 411.864 36
e 361.168 411.768 54
e 364.22 412.069 62
e 362.812 413.351 45
e 364.166 413.426 37
e 361.768 410.393 43
e 361.593 412.652 35
e 362.752 411.451 45
e 363.094 410.119 40
e 361.431 413.679 40
e 363.636 411.195 35
e 362.546 409.957 42
e 365.344 413.041 32
e 362.451 412.516 52
e 360.471 411.46 39
e 339.847 426.721 39
e 333.349 392.389 51
e 312.47 358.012 23
e 336.397 400.956 45
e 334.314 400.535 52
e 335.796 400.358 72
e 335.759 400.374 68
e 338.85 386.145 48
e 338.253 385.769 52
e 317.656 388.675 42
e 350.697 436.586 42
e 352.535 435.664 56
e 352.191 435.671 45
e 352.678 437.677 41
e 350.02 435.714 48
e 356.132 435.623 43
e 353.255 435.464 41
e 363.658 401.222 39
e 361.669 402.674 52
e 362.104 402.219 40
e 361.986 404.25 38
e 360.003 402.035 41
e 361.405 434.018 50
e 332.26 431.578 31
e 334.539 433.621 32
e 331.084 431.34 27
e 332.256 431.441 34
e 367.918 439.34 40
e 319.192 454.397 36
e 320.383 455.496 30
e 346.727 401.511 42
e 348.022 402.325 41
e 346.137 402.727 48
e 346.125 402.735 44
e 344.992 401.675 36
e 345.059 404.195 37
e 343.703 401.4 41
e 347.213 401.332 39
e 348.817 402.501 51
e 438.268 163.566 16
e 345.271 400.767 41
e 344.867 399.469 42
e 344.792 399.497 38
e 342.739 399.036 30
e 341.335 394.835 37
e 345.644 400.366 35
e 342.853 398.117 36
e 344.554 400.85 48
e 344.271 398.623 43
e 344.71 400.052 32
e 358.835 419.644 39
e 361.414 418.264 41
e 358.476 416.58 41
e 359.571 418.656 46
e 361.291 418.49 40
e 359.268 417.558 35
e 359.934 421.767 42
e 360.361 420.448 33
e 362.635 420.389 36
e 359.729 419.699 37
e 358.733 418.245 24
e 361.995 420.367 36
e 359.282 424.497 41
e 592.179 488.343 31
e 591.023 494.84 39
e 335.328 416.07 41
e 333.757 416.96 40
e 346.444 419.022 56
e 364.896 404.021 48
e 366.315 402.948 44
e 364.406 403.265 35
e 367.819 401.601 35
e 368.354 403.828 35
e 364.866 406.477 38
e 365.026 405.16 31
e 363.598 402.818 40
e 366.643 403.732 45
e 341.271 391.299 31
e 340.111 390.096 33
e 346.111 388.525 46
e 341.539 390.939 37
e 329.292 410.31 39
e 326.198 411 54
e 325.312 411.496 42
e 319.59 387.133 40
e 320.364 387.2 33
e 357.734 390.063 60
e 290.426 372.471 44
e 289.794 370.57 36
e 290.393 370.951 36
e 292.427 373.819 38
e 290.11 372.791 36
e 291.232 371.782 42
e 599.447 496.06 31
e 596.329 497.339 30
e 596.27 495.059 43
e 346.969 418.722 51
e 350.241 417.957 53
e 366.823 421.682 39
e 365.493 418.716 32
e 364.582 418.539 47
e 364.585 417.019 51
e 363.528 420.025 39
e 364.072 418.002 37
e 365.816 416.857 39
e 365.049 420.408 40
e 364.957 422.379 33
e 363.312 418.422 35
e 365.226 417.721 29
e 363.263 419.501 40
e 364.804 418.858 32
e 377.293 411.575 34
e 348.211 407.628 33
e 349.378 402.811 32
e 359.644 411.664 26
e 337.703 404.815 35
e 360.689 405.496 39
e 355.034 414.774 36
e 336.8 405.77 37
e 355.351 413.158 42
e 345.573 406.041 49
e 354.068 418.982 33
e 353.255 405.709 34
e 355.589 413.821 30
e 352.211 413.277 25
e 359.119 411.083 37
e 349.819 405.065 30
e 341 407.385 37
e 357.883 415.062 56
e 343.812 409.055 38
e 353.377 418.096 39
e 348.334 404.307 43
e 338.577 407.976 40
e 349.319 409.162 35
e 356.749 414.083 43
e 358.523 404.857 35
e 353.762 411.975 37
e 324.069 408.319 23
e 355.458 406.881 33
e 348.833 404.875 34
e 354.615 410.474 35
e 349.132 407.296 36
e 339.819 407.439 32
e 346.788 405.862 39
e 356.334 407.92 38
e 343.997 407.257 33
e 360.316 413.35 30
e 351.62 403.616 34
e 358.311 409.984 36
e 354.078 410.386 30
e 352.62 412.608 28
e 334.016 409.082 30
e 355.974 410.77 32
e 351.807 416.832 37
e 352.746 410.311 35
e 344.759 408.013 45
e 358.686 407.807 56
e 353.561 411.368 49
e 349.954 405.761 48
e 354.143 413.531 49
e 339.473 406.366 46
e 359.003 405.348 52
e 348.523 406.663 47
e 350.52 404.946 46
e 334.822 407.459 44
e 356.633 403.984 39
e 355.972 411.805 38
e 339.774 408.096 35
e 348.244 409.239 28
e 349.958 412.409 35
e 347.745 408.884 32
e 356.461 407.093 30
e 358.549 406.069 30
e 354.159 412.487 31
e 346.895 404.904 30
e 349.758 407.318 34
e 349.257 406.762 27
e 349.348 411.461 32
e 354.622 411.826 29
e 361.041 407.27 30
e 347.727 407.321 35
e 358.123 403.728 32
e 351.889 412.297 34
e 347.795 412.619 34
e 358.084 411.349 30
e 355.15 410.09 32
e 349.471 408.347 32
e 356.642 409.166 33
e 351.039 403.634 33
e 346.219 407.435 32
e 353.084 410.495 62
e 354.084 409.83 30
e 359.007 406.828 35
e 355.143 411.751 34
e 349.264 407.757 34
e 361.658 405.229 33
e 358.176 406.541 34
e 353.348 412.415 33
e 355.929 408.043 27
e 344.671 404.946 34
e 349.028 412.656 34
e 352.603 417.516 44
e 337.645 406.525 30
e 325.397 406.259 39
e 349.895 409.557 42
e 328.841 404.123 43
e 340.006 406.646 36
e 347.944 405.411 60
e 341.22 408.224 46
e 336.989 402.79 34
e 338.295 410.024 32
e 344.806 409.104 32
e 347.832 413.099 36
e 358.736 407.856 36
e 347.628 410.721 33
e 351 417.528 30
e 349.703 410.637 39
e 358.358 407.955 35
e 345.849 408.102 34
e 346.602 410.321 32
e 349.433 410.125 32
e 350.088 413.319 33
e 350.777 411.981 36
e 357.711 405.358 29
e 343.839 408.018 34
e 358.005 407.197 28
e 347.67 407.966 34
e 352.607 406.106 39
e 359.38 404.578 32
e 350.278 412.964 36
e 352.37 411.842 26
e 352.191 406.546 30
e 348.395 410.053 31
e 351.219 415.485 47
e 359.876 408.079 46
e 355.161 406.146 43
e 355.093 410.912 44
e 356.944 408.496 45
e 354.233 410.952 39
e 355.976 410.195 45
e 355.496 407.512 41
e 345.111 404.972 48
e 357.375 410.475 44
e 351.098 417.992 49
e 342.624 407.009 53
e 347.192 404.555 46
e 353.483 414.098 43
e 356.78 404.585 33
e 356.435 415.318 38
e 358.743 403.083 40
e 340.597 406.109 35
e 350.106 413.811 29
e 328.749 407.025 23
e 337.429 407.345 34
e 349.638 412.009 36
e 354.256 412.802 35
e 352.978 405.067 31
e 356.248 408.685 34
e 356.655 415.79 35
e 356.71 416.122 42
e 354.705 413.634 38
e 350.886 403.581 39
e 361.738 405.954 29
e 352.853 409.772 35
e 353.373 413.465 33
e 365.546 388.406 34
e 366.626 389.441 31
e 365.557 388.36 35
e 290.815 418.937 28
e 154.808 346.027 17
e 261.609 384.653 48
e 264.634 385.954 41
e 217.339 423.331 49
e 234.596 431.224 69
e 159.602 252.475 46
e 237.346 433.905 52
e 207.342 250.878 18
e 149.482 256.913 17
e 18.9867 142.808 35
e 51.2957 220.033 16
e 385.07 637.011 17
e 627.886 689.148 16
e 632.574 688.468 14
e 882.459 580.298 14
e 592.033 574.217 14
e 138.722 311.165 34
e 743.656 478.949 12
e 321.041 438.712 12
e 274.446 395.811 12
